7.781521174852933575e-04 -6.193222561251886076e-03
-2.914333352561773033e-03 -8.214441809268781605e-03
-4.488280433180957124e-04 -9.466351941356908675e-03
3.661583297825611334e-03 -9.669297136499551554e-03
5.194742696800454598e-03 -1.380239114832889150e-02
3.113149060775922440e-03 -1.605527212609094909e-02
2.615366307766210131e-03 -1.787328732098760961e-02
6.881582258094689521e-03 -1.757880425205112646e-02
8.703303562710335700e-03 -1.976861681566065981e-02
1.335605408623329222e-02 -2.339925145563885242e-02
1.609564351788691020e-02 -2.589190844388952056e-02
1.978423664055068212e-02 -2.679937830361481949e-02
2.019105315646293683e-02 -3.121517876154687732e-02
1.654261550956293708e-02 -3.326267937599899915e-02
1.357289102364583541e-02 -3.171645498951381620e-02
1.210420535471519975e-02 -3.063521885225503616e-02
9.958966027733280602e-03 -3.304440289231180827e-02
6.013292340769035328e-03 -3.491394014623033781e-02
3.757130732627988676e-03 -3.647177228841620711e-02
9.494824118995517231e-03 -3.559283892901074497e-02
1.293092699267650580e-02 -4.406536692036234354e-02
1.573236351448458262e-02 -4.680443155440221908e-02
1.812922061527333026e-02 -4.986952323102254725e-02
1.726571812509630072e-02 -5.358453209446153304e-02
1.716043281878854368e-02 -5.625801370661987627e-02
1.355596254143681158e-02 -5.833193006184721890e-02
1.034360513743823144e-02 -5.611698945367857988e-02
7.107879493702827858e-03 -5.246740807474183088e-02
3.507223355906278692e-03 -5.150041513914555003e-02
1.215716701909741416e-03 -5.291742756745624471e-02
-1.031521451075988064e-03 -5.451035711726326394e-02
-2.339911513777921323e-03 -5.775710581265929705e-02
-2.619960619705872292e-03 -6.182144420206431290e-02
-6.783870762643050278e-03 -6.323137281777395369e-02
-8.511404280525269872e-03 -6.298217340487634319e-02
-9.540664551557838380e-03 -6.588756812492860271e-02
-1.360740951885566416e-02 -6.768461668633322936e-02
-1.716780501268973247e-02 -6.978492182196519011e-02
-1.729181053016736608e-02 -7.134070398519935796e-02
-1.410564757321345307e-02 -6.901633557692453402e-02
-1.048291898759183549e-02 -7.003396543507336980e-02
-1.017954166964131837e-02 -7.444752593647503691e-02
-9.064647055169227155e-03 -8.313785768704086421e-02
-9.925604853199035058e-03 -8.716097296646292680e-02
-1.048847366912405467e-02 -8.994930575737367096e-02
-1.463483218328818537e-02 -9.142961748340679151e-02
-1.841570558376932551e-02 -9.067627499165333005e-02
-1.975158650129449009e-02 -9.273262296344318700e-02
-2.059046375580358967e-02 -9.684371028379872015e-02
-2.069785090438735001e-02 -1.020058351772344524e-01
-2.036141749879858201e-02 -1.064391872639395692e-01
-2.350350567223482776e-02 -1.087899444526190251e-01
-2.717241462356452877e-02 -1.078494454656260815e-01
-2.860727756634013144e-02 -1.052256997631635382e-01
-3.083693713018221400e-02 -1.068891198372634299e-01
-3.541961425064650559e-02 -1.099100886069561966e-01
-4.622424348171520758e-02 -1.113966073672268409e-01
-4.811357232093720765e-02 -1.074839897679008560e-01
-5.117267851946067508e-02 -1.091590915023419872e-01
-5.450421276222044975e-02 -1.160097682543511088e-01
-5.487314451177801450e-02 -1.191235945786661143e-01
-5.706074632499840565e-02 -1.209541238287720477e-01
-5.684366605253909216e-02 -1.249124108892193247e-01
-5.994170640282827506e-02 -1.272894494443340130e-01
-6.105973605359611700e-02 -1.293939948147279362e-01
-6.305320932872660045e-02 -1.318119004967512609e-01
-6.518780705334906167e-02 -1.338536056106852390e-01
-6.529309235965682912e-02 -1.365270872228435961e-01
-6.743882428982374277e-02 -1.385248869836661623e-01
-6.358963231945818917e-02 -1.416744091028528107e-01
-6.211651766992045548e-02 -1.475435083905258793e-01
-6.003286534338178604e-02 -1.427272064807552920e-01
-5.202760870954888095e-02 -1.408208039712913473e-01
-4.422793200644400263e-02 -1.401820274558088775e-01
-3.941929431012693857e-02 -1.410796655034533831e-01
-3.784398065130049893e-02 -1.433313251572173874e-01
-3.598753037361487883e-02 -1.472990092755698532e-01
-3.661477210716661268e-02 -1.494956003002968492e-01
-3.204953396744782135e-02 -1.512868232767651255e-01
-2.845392847055873073e-02 -1.609166176962565364e-01
-2.452807768504975880e-02 -1.614278176273428456e-01
-2.093177069012831445e-02 -1.623397251792376705e-01
-1.417122275610690520e-02 -1.588282986941724761e-01
-5.440774325757958586e-03 -1.582458083918107106e-01
-4.206793531829655305e-03 -1.600687559920724312e-01
-1.411828489751522928e-03 -1.606580486444683098e-01
5.237076755491492730e-04 -1.644936427866077744e-01
4.359301817688635006e-03 -1.625581066213071246e-01
6.637463515751595641e-03 -1.610883808943947004e-01
6.329742904850928741e-03 -1.567694246850938888e-01
1.257177308756744771e-02 -1.539866797841812074e-01
1.832833500506542146e-02 -1.544125511214818891e-01
2.829674873017467424e-02 -1.530235642889042069e-01
3.096152171511648912e-02 -1.530936982668496260e-01
3.376232602534141869e-02 -1.505386963512013454e-01
3.763561407797993280e-02 -1.511379919285817941e-01
4.289605808479794030e-02 -1.482461751580435583e-01
5.308898079405877796e-02 -1.444344387873719715e-01
5.545805686589487526e-02 -1.413516967795716006e-01
6.944111622247521598e-02 -1.387773884545696890e-01
7.174799071522627858e-02 -1.374220586050616255e-01
7.581481613612289783e-02 -1.356248756693169688e-01
8.194233493177006944e-02 -1.328335354050821093e-01
8.590029240624047491e-02 -1.299693681507940179e-01
9.160114103164143651e-02 -1.296141817237398408e-01
9.384868119436663714e-02 -1.354011438828450486e-01
9.660558824717577209e-02 -1.328946112911220945e-01
1.023104769240538031e-01 -1.345307531451605254e-01
1.047854742536952349e-01 -1.364537197046068462e-01
1.096811777440308139e-01 -1.340088960887839409e-01
1.138053483007048367e-01 -1.324406392821879663e-01
1.164999048386015368e-01 -1.362073257420281236e-01
1.160092133780217111e-01 -1.409231847074178534e-01
1.137023388852706623e-01 -1.422785145569259446e-01
1.115169478224393856e-01 -1.441178517525221470e-01
1.134809373085837736e-01 -1.454956398549377417e-01
1.164575292850194010e-01 -1.426720364860852019e-01
1.193377264642468821e-01 -1.402841356507473491e-01
1.168488529152663796e-01 -1.375975847478910774e-01
1.173600528463526887e-01 -1.336717339623821055e-01
1.210484588530752192e-01 -1.319695324122583113e-01
1.193147095893930254e-01 -1.297576393051280697e-01
1.176759892188747741e-01 -1.256511547515671012e-01
1.185284730131723752e-01 -1.219295486930269540e-01
1.192047920477393302e-01 -1.181024679664671173e-01
1.169712780542176700e-01 -1.178867529821852334e-01
1.138510321134970360e-01 -1.107472498790428583e-01
1.108919104339587264e-01 -1.064109804043677776e-01
1.115249132278291616e-01 -1.009578746285152151e-01
1.194382710331458874e-01 -9.723188709691107934e-02
1.226341913342668954e-01 -9.830046670892494953e-02
1.230626461596954352e-01 -9.527457736947717026e-02
1.201498963175876844e-01 -9.112305992215928574e-02
1.196244939229295645e-01 -7.993698114640931940e-02
1.259212485872188425e-01 -7.685048121815933608e-02
1.260705736209780103e-01 -7.416594585405535123e-02
1.313228074536894607e-01 -7.180005171019128440e-02
1.340514176013110903e-01 -7.197576552435509811e-02
1.309954846191972444e-01 -7.001146844095641752e-02
1.275968193062184952e-01 -6.861960604592738655e-02
1.256678803360189722e-01 -6.477299320790851078e-02
1.225461390359684904e-01 -5.595026823965659757e-02
1.198721940267664376e-01 -5.532135151066259332e-02
1.174229570058609035e-01 -5.044536724772731573e-02
1.125471633363711588e-01 -4.592609683895484268e-02
1.125960616171407663e-01 -4.172327084565377597e-02
1.184270985597636189e-01 -3.950211946333320040e-02
1.200610991596785804e-01 -3.859622004671825479e-02
1.178229823993623832e-01 -3.590290743740898877e-02
1.140111503977377788e-01 -3.498891859041064478e-02
1.085874333957851517e-01 -3.510624373331098363e-02
1.066848832059902469e-01 -3.121555611177441805e-02
1.023568983733354198e-01 -3.137585171800311851e-02
9.802935992064976123e-02 -1.789827002817103926e-02
9.845750776469079646e-02 -1.457318963219987086e-02
9.564046217909197289e-02 -1.389592493887052346e-02
9.438894220786747669e-02 -9.692140835330207913e-03
9.851215901008347764e-02 -7.076513769392341058e-03
9.861382015441477744e-02 -5.208346159432456803e-03
9.655161677568047107e-02 -8.564141939553016113e-05
9.370143689461528369e-02 7.236350423186978416e-04
9.234610704510717860e-02 3.030509535069755671e-03
9.008103293914394849e-02 6.315706380598412086e-03
9.219253060943642664e-02 1.191542737084426255e-02
8.783826441034638111e-02 1.171108394146849578e-02
8.707551246180450510e-02 1.083683529660011031e-02
8.607538523074187431e-02 7.368190927188445101e-03
8.574035005938622500e-02 3.336865473659800241e-03
8.367099481333528654e-02 2.041037589577039419e-03
8.332810980672862577e-02 -6.920803623466311892e-04
8.103660315273207571e-02 -2.109092790657325113e-03
8.334449940206309360e-02 -4.111452219106213023e-03
8.536858862501653378e-02 -6.250471444506940435e-03
8.703322566733326382e-02 -1.448482681453597438e-02
8.550267174520888303e-02 -2.016321344711504912e-02
8.437498930260585450e-02 -2.372005053532391314e-02
7.899268103243367589e-02 -2.336866020883322445e-02
7.506181097476273545e-02 -2.231613251048131588e-02
7.005217997571458466e-02 -1.823259969128973590e-02
6.787275389640132217e-02 -1.476685164131839693e-02
6.278925584931815962e-02 -1.165595458249941464e-02
6.301371737852030919e-02 -4.649767751216130930e-03
6.591587374167851010e-02 -2.162841122999143838e-03
5.673878602967801638e-02 -5.139683245849923678e-03
5.453120700935664561e-02 -6.891075360883278968e-03
5.407609372397291503e-02 -9.586936402254182116e-03
4.768183783227566974e-02 -1.422245186823095121e-02
4.267323443973242147e-02 -1.364629800279864615e-02
3.831931401801051684e-02 -1.657239865076494054e-02
3.247069250055890227e-02 -1.645029043649719538e-02
2.745375265526472236e-02 -1.643731386252114332e-02
2.391711556203110489e-02 -1.330297035613722638e-02
1.928865633241798674e-02 -9.769115702582776770e-03
1.736631455731961829e-02 -5.911484168684463802e-03
1.587897293942663532e-02 -3.637743971399765019e-03
1.333098784829455340e-02 -6.007686878303341443e-03
9.345735346504598431e-03 -5.595547796162389682e-03
4.912383259799485077e-03 -5.931981201751155078e-03
2.568223266221182372e-03 -2.778874332435496419e-03
