-4.675795275930203984e-03 -5.267028924818900268e-03
-9.142991935296426731e-03 -1.004662413171349307e-02
-1.162867884992366957e-02 -1.019444953124540310e-02
-1.361278876143269187e-02 -1.078747404783553070e-02
-1.346495476889958930e-02 -1.327330545394185546e-02
-1.402733251891845508e-02 -1.580137360916456651e-02
-1.636523874988475222e-02 -1.843474358009493386e-02
-1.970637123282702186e-02 -2.017771961340946232e-02
-2.467778118495127931e-02 -2.047337256072358225e-02
-2.839515919753805850e-02 -2.188230798714081021e-02
-3.073304824250197229e-02 -2.451596694102934140e-02
-3.741662188477272444e-02 -2.598240187079304056e-02
-4.735951403476077598e-02 -2.657371206192187321e-02
-5.379095437621643494e-02 -3.028226153882973906e-02
-5.846674965214664066e-02 -3.554929046364863759e-02
-5.946739292335496974e-02 -3.869735283384719005e-02
-5.931957611682425052e-02 -4.118289525699535270e-02
-6.130234122907727429e-02 -4.379543476220053994e-02
-6.364024746004358357e-02 -4.642880473313091422e-02
-6.611892423656190454e-02 -4.669511529375938719e-02
-6.882023884272941983e-02 -4.721218038132749678e-02
-7.583392316362354280e-02 -5.511286826003493344e-02
-8.220072440989682760e-02 -6.190583707463375579e-02
-8.468644744739385610e-02 -6.205366462241596048e-02
-8.647474258791001955e-02 -6.394180653225460531e-02
-8.603125779631309866e-02 -7.139901176761541401e-02
-8.651492111519462624e-02 -7.724817630326344386e-02
-8.885277403728877865e-02 -7.988183310890167865e-02
-8.906008116346894599e-02 -8.238849498073319566e-02
-8.642652413343880624e-02 -8.472649883905730706e-02
-8.501759300352217108e-02 -8.844380460590454962e-02
-8.472194220445836144e-02 -9.341517843515903530e-02
-8.307054313834273673e-02 -9.521766157674008135e-02
-8.058482010084573599e-02 -9.506983402895786972e-02
-7.799350626468289083e-02 -9.669751777612070609e-02
-7.535994923465279272e-02 -9.903552163444483136e-02
-7.473866997404401968e-02 -1.014929069409321594e-01
-7.459083598151090844e-02 -1.039787383470384824e-01
-6.981131302035585573e-02 -1.084459393029053031e-01
-6.454421614629800297e-02 -1.131216580365953656e-01
-6.205849310880098835e-02 -1.129738304888131678e-01
-5.955869473534902009e-02 -1.130626799837653323e-01
-5.692517382818867294e-02 -1.154006859903397575e-01
-5.473692858032668668e-02 -1.182402010507934420e-01
-5.444127778126287009e-02 -1.232115748800479138e-01
-5.347764124751197556e-02 -1.274306808319828899e-01
-5.084410140348424173e-02 -1.297683957073488548e-01
-5.010443031263612373e-02 -1.322190301805665491e-01
-5.244233654360241220e-02 -1.348524001514969373e-01
-5.317418819727302154e-02 -1.445177104193884343e-01
-5.213940180754846054e-02 -1.619176633132581866e-01
-5.019102432911540929e-02 -1.707107462897506367e-01
-4.755750342195506908e-02 -1.730487522963250480e-01
-4.823823687934350457e-02 -1.755835691365670859e-01
-5.057612592430741488e-02 -1.782172280904556205e-01
-5.102012903008933120e-02 -1.807382564294505167e-01
-5.087231222355861893e-02 -1.832237988525987071e-01
-4.859387912623936573e-02 -1.855829221596061451e-01
-4.596033928221163883e-02 -1.879206370349721100e-01
-4.555334291388715012e-02 -1.927667770181107076e-01
-4.514634654556266141e-02 -1.976129170012493330e-01
-4.251280670153493452e-02 -1.999506318766152702e-01
-3.990040739130822772e-02 -2.019334778276090370e-01
-3.741468435381121310e-02 -2.017856502798268392e-01
-3.489376438342559755e-02 -2.022296598303596482e-01
-3.226020735339548556e-02 -2.045676636886837596e-01
-3.030741990362358085e-02 -2.094404865355002088e-01
-2.971611830549594421e-02 -2.193832341940091801e-01
-2.824957715537322958e-02 -2.260667652686592644e-01
-2.561602012534311065e-02 -2.284047691269833757e-01
-2.305990322206888724e-02 -2.294406157758311915e-01
-2.057418018457187261e-02 -2.292927882280489937e-01
-1.636666421518202449e-02 -2.321311180184778555e-01
-1.109960346399395045e-02 -2.368068389004182317e-01
-7.819199482212791166e-03 -2.380371258428840286e-01
-5.333476444715775679e-03 -2.378892982951018309e-01
-2.728087272597979913e-03 -2.397536590849990157e-01
-9.456636543763265786e-05 -2.420916650915734547e-01
2.271490537438592468e-03 -2.399316492061118189e-01
4.609379582402502347e-03 -2.372979902522232842e-01
7.242936612432616071e-03 -2.396359941105473956e-01
9.639727167986431033e-03 -2.419877886183689208e-01
9.787561160519535342e-03 -2.444736200244752578e-01
1.040884042112830837e-02 -2.469310053309625719e-01
1.304239745115842383e-02 -2.492690091892866833e-01
1.496574273863656747e-02 -2.516492497967272035e-01
1.511355954516728495e-02 -2.541347922198753384e-01
1.620831844585650383e-02 -2.565643093926600615e-01
1.884185828988423073e-02 -2.589020242680259432e-01
2.377236984739718867e-02 -2.599155661981656373e-01
3.122950283701845381e-02 -2.594720857030692884e-01
3.576139190043919891e-02 -2.577771966685735161e-01
3.809924482253333744e-02 -2.551435398629353091e-01
4.063424012887392051e-02 -2.558242264562025081e-01
4.326779715890403943e-02 -2.581622303145266195e-01
4.768260306847165592e-02 -2.584936092501657900e-01
5.265401302059591337e-02 -2.581979563028516944e-01
5.536811147233455799e-02 -2.558983401041107775e-01
5.770601770330085339e-02 -2.532649701331803893e-01
6.018469447981918824e-02 -2.529986595725519094e-01
6.277471682559819521e-02 -2.526071151658075831e-01
6.745047597865862221e-02 -2.473400883892389879e-01
7.183449492667649816e-02 -2.431593700968871508e-01
7.446803477070422506e-02 -2.454970849722530879e-01
7.814447826580994683e-02 -2.453973465715399427e-01
8.515812646383429108e-02 -2.374966608410828128e-01
9.149105839047257105e-02 -2.321310809338258951e-01
9.646250446546658641e-02 -2.318354258382614719e-01
1.013072020219913938e-01 -2.294091015404216838e-01
1.059829972979215995e-01 -2.241420726156027610e-01
1.108136556413611973e-01 -2.214790691267782829e-01
1.157850655934854617e-01 -2.211834161794641873e-01
1.205734807430577649e-01 -2.178100925794784204e-01
1.252492398961181919e-01 -2.125430658029098252e-01
1.283607054744350107e-01 -2.109326502666468151e-01
1.308464285119320114e-01 -2.107848227188646173e-01
1.312002248313892949e-01 -2.087444772645243862e-01
1.310523908388561698e-01 -2.062586458584180493e-01
1.352687628737935244e-01 -2.012564532412446650e-01
1.399445581497237301e-01 -1.959894243164257421e-01
1.424302450643509521e-01 -1.958415989168938443e-01
1.446651796002888790e-01 -1.954711718105825169e-01
1.445173456077557539e-01 -1.929853404044761800e-01
1.448430273781728950e-01 -1.904716387164168967e-01
1.471808803002670196e-01 -1.878379819107786897e-01
1.496032196100957334e-01 -1.866249653274630049e-01
1.522367955769932391e-01 -1.889626780545786700e-01
1.528638296081968329e-01 -1.895193182200050619e-01
1.502302536412993550e-01 -1.871816054928894246e-01
1.499640811273990348e-01 -1.847028117547605819e-01
1.523019340494932150e-01 -1.820691549491223193e-01
1.561447690901653917e-01 -1.807716605710733004e-01
1.611161429194198635e-01 -1.804760097720094769e-01
1.643319439288884187e-01 -1.786218752285340383e-01
1.666697968509825711e-01 -1.759882184228957758e-01
1.670011800831223692e-01 -1.715734847590677237e-01
1.667055292840585456e-01 -1.666021109298132519e-01
1.706710595085646209e-01 -1.613770319194028635e-01
1.753468547844947989e-01 -1.561100029945839407e-01
1.750063778107960599e-01 -1.463898527463537991e-01
1.743178421022325009e-01 -1.368090138284447921e-01
1.716842661353349675e-01 -1.344713011013291271e-01
1.693847114410821364e-01 -1.317570177387410169e-01
1.690890606420183129e-01 -1.267856439094865728e-01
1.682367696775280697e-01 -1.224413041114356948e-01
1.656032487703677225e-01 -1.201032981048612697e-01
1.636996974665696214e-01 -1.160589915473445172e-01
1.632562298609750717e-01 -1.086020752949418688e-01
1.596168102893291973e-01 -1.013349343564796529e-01
1.517161925081109974e-01 -9.432120961621516531e-02
1.476442621858704840e-01 -8.577331775166788241e-02
1.470529434017404380e-01 -7.583028111020073680e-02
1.451974089992718875e-01 -7.059525839157587690e-02
1.425638330323743541e-01 -6.825754566446022575e-02
1.416002326214932383e-01 -6.403843756427493594e-02
1.413045818224294148e-01 -5.906706373502045720e-02
1.391163365745674285e-01 -5.622754867456676575e-02
1.364828156674070814e-01 -5.388954266799235449e-02
1.360982495724024632e-01 -5.141807987729975216e-02
1.359504155798693381e-01 -4.893224847119343607e-02
1.334647286652420883e-01 -4.908007387072534089e-02
1.309648941689203483e-01 -4.899122652402347622e-02
1.283313732617600289e-01 -4.665322051744905801e-02
1.261431280138980426e-01 -4.381370545699537350e-02
1.258474772148342191e-01 -3.884233162774089476e-02
1.241314029306664485e-01 -3.395543129671917820e-02
1.188643421794783744e-01 -2.927971041477881245e-02
1.154911140586001445e-01 -2.449107208323697896e-02
1.151954632595363209e-01 -1.951969825398249328e-02
1.112783960048051857e-01 -1.357583182542962397e-02
1.033777782235869996e-01 -6.562107085165140748e-03
9.857135995803609219e-02 -3.640782345987068382e-03
9.608567304340884241e-02 -3.788607745518978408e-03
9.350140546822469090e-02 -2.279407011202411182e-03
9.086784843819457891e-02 5.859684712170341810e-05
8.645304252862695549e-02 3.899757827609084786e-04
8.148163257650269109e-02 9.432283544679115686e-05
7.851410933356513244e-02 2.056049337757221394e-03
7.588056948953740555e-02 4.393764213123175014e-03
7.352858792261615650e-02 1.997071284927178642e-03
7.118365261667354560e-02 -5.181046561150855732e-04
6.869792957917653098e-02 -6.659322038972937362e-04
6.623336426148294931e-02 -1.168917659009842576e-03
6.389545803051664696e-02 -3.802287629940213388e-03
6.033869785603410835e-02 -5.914503351290943158e-03
5.288156486641284321e-02 -6.357983846387268642e-03
4.703226013578631903e-02 -5.874401366246465896e-03
4.439873922862596495e-02 -3.536395359672052895e-03
4.182854698939678095e-02 -2.263871668089859675e-03
3.934282395189976633e-02 -2.411699215872067838e-03
3.677966078764687008e-02 -1.257369554177980350e-03
3.414612094361913625e-02 1.080345321187973703e-03
3.169563096188050128e-02 3.406828233410500438e-04
2.935772473091420587e-02 -2.292687147589319522e-03
2.691424488728447889e-02 -3.150834806532808782e-03
2.442852184978746427e-02 -3.298662354315016945e-03
2.182313267766966547e-02 -1.434301564417809604e-03
1.918961177050932179e-02 9.037044421566041560e-04
9.942856027118278026e-03 5.913080428785333223e-04
