2.617510327798492752e-03 -6.508023638715660156e-03
2.591158768491751661e-03 -8.978787174254484332e-03
2.884275590528998477e-03 -1.090116047146128322e-02
3.104944488608648873e-03 -1.279251625430642518e-02
2.973047233110556829e-03 -1.410572543485213992e-02
4.504624032405613390e-03 -1.492989947993671532e-02
6.249609785473174937e-03 -1.926852936405918509e-02
5.943123714486792455e-03 -2.119189567586722556e-02
6.308625064087334394e-03 -2.314512886237177214e-02
6.456862320268884174e-03 -2.500573526664827059e-02
6.243003031510545482e-03 -2.671183748503731803e-02
6.908928261790286442e-03 -2.896423340182679995e-02
5.612059081928026834e-03 -3.200615173115092110e-02
6.277984312207767793e-03 -3.425854764794040302e-02
5.137810086834167060e-03 -3.813740131124849359e-02
4.668519756717137183e-03 -4.144647184189465677e-02
4.817907652563840383e-03 -4.390661774280047586e-02
3.396448275845439201e-03 -4.663853468574845340e-02
1.227054521252249905e-03 -4.751105926047938938e-02
-9.374300205689018242e-03 -7.217680557921644924e-02
-1.133407674976189168e-02 -7.998577267485904030e-02
-1.355380894724395394e-02 -8.699906093899018034e-02
-1.603122635108020916e-02 -9.441612801139068201e-02
-1.557194757958646654e-02 -9.675163660110557007e-02
-1.686876964511391935e-02 -9.979344441970058877e-02
-1.599624507038299379e-02 -1.019628381742937739e-01
-1.687988472906755064e-02 -1.048383735327031857e-01
-1.629371448138736828e-02 -1.086829625020528794e-01
-1.464476031520849618e-02 -1.114401274789772328e-01
-1.307044484158844701e-02 -1.129672430626160878e-01
-1.150119854367432325e-02 -1.173164905813715575e-01
-1.344645519913291280e-02 -1.218792575646286402e-01
-1.558368079969929022e-02 -1.232788737120313061e-01
-1.732080053244998766e-02 -1.231374623472305668e-01
-1.842625972887935656e-02 -1.235221024261655004e-01
-1.950917539131366563e-02 -1.248576975156423657e-01
-2.138881001419546193e-02 -1.258537558762339026e-01
-2.051634883585883029e-02 -1.280229920057631976e-01
-2.160657155693509676e-02 -1.309817976621618918e-01
-2.010745562158876981e-02 -1.364993747956073922e-01
-1.920066635289943355e-02 -1.403951130232543587e-01
-1.912591714961152378e-02 -1.416252095308746795e-01
-1.769769527790662766e-02 -1.424908610998900094e-01
-1.682517070317569516e-02 -1.446602548544831945e-01
-1.801870123750728969e-02 -1.476604275240835373e-01
-1.766271399720939841e-02 -1.500375712627930735e-01
-1.765930919254874581e-02 -1.518363002634101899e-01
-1.772833602978618819e-02 -1.536042798854586333e-01
-1.673238817992376420e-02 -1.554838673940056315e-01
-1.521142901526170883e-02 -1.561323019839367665e-01
-2.996465347394464563e-03 -1.865028687978579625e-01
-1.194718480708242738e-03 -1.935189086763052513e-01
-9.016016586710073064e-04 -1.954412819735120432e-01
-6.809327605913415146e-04 -1.973326377563572043e-01
-8.128300160894352941e-04 -1.986458469369029034e-01
6.771587485457562739e-04 -1.993666189400625233e-01
1.549683323276695827e-03 -2.015360126946557362e-01
1.118559941099367145e-03 -2.031494881308167078e-01
1.484061290699919275e-03 -2.051027213173212682e-01
4.113837342117198682e-03 -2.071653553396636538e-01
7.871458498894989136e-03 -2.097943676900073107e-01
9.595161868361753651e-03 -2.137816291745520125e-01
1.111601052229469963e-02 -2.144300166501483529e-01
1.599729810258931212e-02 -2.262681096928578772e-01
1.702987532213472502e-02 -2.310732782927812368e-01
1.751775981793071701e-02 -2.321372128509450461e-01
1.911335767515158143e-02 -2.340156968341616794e-01
2.051644202360920419e-02 -2.379518090604090808e-01
1.986800743367806918e-02 -2.394727682250711309e-01
2.066808408445141090e-02 -2.416111444653026852e-01
2.038179315379496856e-02 -2.432864973051230839e-01
2.060246205187462112e-02 -2.451778530879682449e-01
2.089557887391188182e-02 -2.471002263851750091e-01
2.053684001929783134e-02 -2.487445617106337770e-01
2.140936459402877079e-02 -2.509139554652269344e-01
2.076093000409763578e-02 -2.524349146298889845e-01
2.205004179033211165e-02 -2.562367649249137069e-01
2.231340224840196521e-02 -2.588311727570422605e-01
2.231680705306261780e-02 -2.606299017576593213e-01
2.375350290513411969e-02 -2.604721503921751391e-01
2.694443236782284937e-02 -2.531881946113321846e-01
2.911382612241605536e-02 -2.523156700366012695e-01
2.997947769143136793e-02 -2.508874481648963317e-01
3.308805818226831508e-02 -2.492171011043876061e-01
3.680916048009220259e-02 -2.489205794776896963e-01
4.084125717889348223e-02 -2.490990705471592681e-01
4.687437863217076839e-02 -2.467926017346729617e-01
4.839522728610371610e-02 -2.474409892102692743e-01
4.971344224596107447e-02 -2.447505969055868424e-01
4.946076281891854248e-02 -2.423320861536756854e-01
5.142279352798690556e-02 -2.357223085620208658e-01
5.517189547410332462e-02 -2.283338943282574307e-01
5.712386751021359538e-02 -2.273688063676927440e-01
5.777230210014473039e-02 -2.258478472030306938e-01
5.986915370211071119e-02 -2.249445261353962833e-01
6.154450654193112380e-02 -2.252308170660527464e-01
6.045807556410705969e-02 -2.247676360405777007e-01
5.824269595559213031e-02 -2.231384266797429572e-01
5.765988339823777814e-02 -2.210926772217394753e-01
5.830831798816891315e-02 -2.195717180570774252e-01
5.743579341343798411e-02 -2.174023243024842122e-01
5.884433387619306122e-02 -2.132955889111241565e-01
5.904525796892861472e-02 -2.102144001085299585e-01
5.882458907084896216e-02 -2.083230443256848530e-01
5.911088000150539062e-02 -2.066476914858644265e-01
5.837257024366235281e-02 -2.043644356797772177e-01
6.031782689912093542e-02 -1.998016686965201349e-01
6.245505249968731631e-02 -1.984020525491174414e-01
6.706870248948872126e-02 -1.889857664362906975e-01
7.115860231488474463e-02 -1.814002198530438870e-01
7.307856382203210821e-02 -1.799079769234131765e-01
7.445854567481975661e-02 -1.770727050528750346e-01
7.662778180434905162e-02 -1.762002438745384203e-01
7.800776365713671390e-02 -1.733649720040003062e-01
7.992772516428410523e-02 -1.718727290743695957e-01
8.130044707276458393e-02 -1.706605572600242149e-01
8.245590488782611471e-02 -1.693557586634507894e-01
8.487101083507664345e-02 -1.673043502357911549e-01
8.876152414599379481e-02 -1.581788162692770172e-01
9.101276942311813112e-02 -1.569133515423679348e-01
9.548153984706381214e-02 -1.474352985366108315e-01
1.001839614794467759e-01 -1.412235773871749200e-01
1.033637758581818777e-01 -1.389845507193345764e-01
1.048267127588310144e-01 -1.363559887039767493e-01
1.069961065134241995e-01 -1.354834641292458064e-01
1.082929285789516610e-01 -1.324416563106508016e-01
1.102960498733592531e-01 -1.311559493290769818e-01
1.148885732205837118e-01 -1.324291714496138583e-01
1.192945818529578400e-01 -1.335373351460245606e-01
1.211018319482763256e-01 -1.325104168961352691e-01
1.218226039514359732e-01 -1.310204281315000552e-01
1.239919977060291584e-01 -1.301479035567691400e-01
1.265250255838188953e-01 -1.248087069820641298e-01
1.268079117098146746e-01 -1.213346251416266147e-01
1.275859422759136053e-01 -1.173013778031601895e-01
1.300583539004382116e-01 -1.127066002909402065e-01
1.326005089489390998e-01 -1.121642088465210768e-01
1.386841245861291094e-01 -1.147578529775759720e-01
1.398502000358236297e-01 -1.136287938361559974e-01
1.378627021553607002e-01 -1.122679507127027493e-01
1.359572134224927842e-01 -1.105141040406770608e-01
1.348685282796732166e-01 -1.088517335112142576e-01
1.334403064079683066e-01 -1.079860819421989415e-01
1.325677818332373914e-01 -1.058166881876057563e-01
1.310777930686021497e-01 -1.050959161844461226e-01
1.293861002280983219e-01 -1.016358096689674723e-01
1.277692199872766388e-01 -9.940595728617304672e-02
1.261628939846936859e-01 -9.735168673346815404e-02
1.249973159843198039e-01 -9.326007730673206708e-02
1.262941380498472654e-01 -9.021826948813706226e-02
1.254216134751163225e-01 -8.804887573354387709e-02
1.263052531338008933e-01 -8.517334037513446532e-02
1.262591567691500327e-01 -8.267155932523397033e-02
1.260384878710703871e-01 -8.078020354238883705e-02
1.263247788017268503e-01 -7.910485070256843831e-02
1.254214577340924397e-01 -7.700799910060245057e-02
1.239004985694303895e-01 -7.635956451067131556e-02
1.206918122146400790e-01 -6.882924146278648903e-02
1.185145524397300115e-01 -6.550454751819569099e-02
1.164714440853135552e-01 -6.206583389704694448e-02
1.155281359576703359e-01 -5.524456169235839736e-02
1.174474913888079869e-01 -4.793200018721319872e-02
1.068011087683608806e-01 -4.339309940069970006e-02
1.049977609270236895e-01 -4.099807808305002549e-02
1.036621658375468241e-01 -3.991516242061571296e-02
1.024808539124991980e-01 -3.847005598457190617e-02
1.008852560552783301e-01 -3.659157200135525895e-02
9.796808554787427015e-02 -3.560464081147484555e-02
9.579869179328108497e-02 -3.647716538620577459e-02
9.424698325005038957e-02 -3.590116243817274844e-02
9.223198317061553908e-02 -3.641154335362899175e-02
8.956408728559336896e-02 -3.604439391504265372e-02
8.685466676230564620e-02 -3.557400005959527461e-02
8.336034266720339370e-02 -3.553923791631623252e-02
7.423491921141835148e-02 -3.164877171973386888e-02
7.336239463668742244e-02 -2.947937796514067677e-02
7.196503265428025320e-02 -2.854134186856206040e-02
7.004265935707344737e-02 -2.883445869059930722e-02
6.554402394247128838e-02 -2.794355908760759455e-02
5.954230694214719677e-02 -2.495686429364544004e-02
5.827684221523813518e-02 -2.270561901652111414e-02
4.915130824872398357e-02 -1.881510570560394197e-02
4.709989982106433520e-02 -1.639999975835342363e-02
4.579510122449092363e-02 -1.524454194329190500e-02
4.458292941014554978e-02 -1.387182003481139334e-02
4.309068648051483930e-02 -1.195185852766400721e-02
4.025541460997671822e-02 -1.057187667487635013e-02
3.938295343164008311e-02 -8.402640545347069001e-03
3.104347367660561380e-02 -4.676035018890892583e-03
2.781300748889385319e-02 -2.015012139584329825e-03
2.660083567454848280e-02 -6.422902311038174031e-04
2.529603707797506776e-02 5.131675839577004745e-04
2.423832233518234333e-02 2.247875526648993819e-03
2.206892858058915469e-02 1.375350951918062614e-03
2.051722003735845234e-02 1.951353899951092236e-03
1.850221995792360880e-02 1.440972984494853261e-03
1.322704444114440776e-02 2.919690924152549150e-03
6.040223772520510181e-03 3.929505472284751909e-03
6.484345899311292618e-04 1.520959164662059708e-03
