3.253096591544997799e-04 -2.891558079943911536e-03
6.506193183089995597e-04 -5.783116159887823071e-03
-1.915629102480411600e-03 -8.999983898986232272e-03
-4.481877523269822000e-03 -1.221685163808464147e-02
-4.156567864115322600e-03 -1.510840971802855301e-02
-3.831258204960823199e-03 -1.799996779797246454e-02
-6.722816284904733000e-03 -1.832527745712696221e-02
-9.614374364848644536e-03 -1.865058711628146335e-02
-1.474687120642746534e-02 -2.508432259447827828e-02
-1.987936804800628787e-02 -3.151805807267509668e-02
-1.955405838885179021e-02 -3.440961615261901169e-02
-1.922874872969728907e-02 -3.730117423256292669e-02
-2.436124557127610987e-02 -4.373490971075973816e-02
-2.949374241285493067e-02 -5.016864518895655656e-02
-2.884312309454593881e-02 -5.595176134884437963e-02
-2.819250377623693654e-02 -6.173487750873220964e-02
-2.947562798663164174e-02 -6.334331137828141944e-02
-3.075875219702634694e-02 -6.495174524783060843e-02
-3.043344253787184928e-02 -6.784330332777453731e-02
-3.010813287871733773e-02 -7.073486140771843844e-02
-3.909000235148028801e-02 -8.199389849456287238e-02
-4.807187182424321747e-02 -9.325293558140730632e-02
-5.096342990418713942e-02 -9.357824524056181092e-02
-5.385498798413104055e-02 -9.390355489971630165e-02
-5.642123640492045095e-02 -9.712042263881470738e-02
-5.898748482570986135e-02 -1.003372903779131131e-01
-6.187904290565377635e-02 -1.006626000370676177e-01
-6.477060098559768442e-02 -1.009879096962221223e-01
-6.444529132644319369e-02 -1.038794677761660235e-01
-6.411998166728870296e-02 -1.067710258561099385e-01
-6.668623008807809949e-02 -1.099878935952083442e-01
-6.925247850886752377e-02 -1.132047613343067638e-01
-7.214403658881142489e-02 -1.135300709934612406e-01
-7.503559466875533990e-02 -1.138553806526157730e-01
-7.760184308954475030e-02 -1.170722483917141649e-01
-8.016809151033416070e-02 -1.202891161308125845e-01
-7.984278185117965609e-02 -1.231806742107564717e-01
-7.951747219202515149e-02 -1.260722322907003867e-01
-8.208372061281457577e-02 -1.292891000297987925e-01
-8.464996903360398617e-02 -1.325059677688972259e-01
-8.432465937444948156e-02 -1.353975258488411271e-01
-8.399934971529497696e-02 -1.382890839287850282e-01
-8.528247392568967522e-02 -1.398975177983342311e-01
-8.656559813608438736e-02 -1.415059516678834617e-01
-8.591497881777539203e-02 -1.472890678277712639e-01
-8.526435949946638282e-02 -1.530721839876590940e-01
-8.654748370986108108e-02 -1.546806178572082968e-01
-8.783060792025580710e-02 -1.562890517267574997e-01
-8.622217405070660423e-02 -1.575721759371522257e-01
-8.461374018115740137e-02 -1.588553001475469240e-01
-8.396312086284839216e-02 -1.646384163074347540e-01
-8.331250154453939682e-02 -1.704215324673225562e-01
-8.009563380544099109e-02 -1.729877808881119805e-01
-7.687876606634258536e-02 -1.755540293089013770e-01
-7.590283708887907155e-02 -1.842287035487331359e-01
-7.492690811141555773e-02 -1.929033777885648393e-01
-7.331847424186636875e-02 -1.941865019989595653e-01
-7.171004037231715200e-02 -1.954696262093542636e-01
-7.138473071316266128e-02 -1.983611842892981925e-01
-7.105942105400817055e-02 -2.012527423692421213e-01
-5.980038396716372967e-02 -2.102346118420050647e-01
-4.854134688031929573e-02 -2.192164813147680080e-01
-4.821603722116478419e-02 -2.221080393947118814e-01
-4.789072756201027264e-02 -2.249995974746558380e-01
-4.499916948206637846e-02 -2.246742878155013057e-01
-4.210761140212247039e-02 -2.243489781563468288e-01
-3.889074366302405772e-02 -2.269152265771362531e-01
-3.567387592392565199e-02 -2.294814749979256496e-01
-3.278231784398173004e-02 -2.291561653387711728e-01
-2.989075976403781851e-02 -2.288308556796166404e-01
-2.828232589448860870e-02 -2.301139798900113387e-01
-2.667389202493939890e-02 -2.313971041004060647e-01
-2.378233394499550124e-02 -2.310717944412515601e-01
-2.089077586505160358e-02 -2.307464847820970555e-01
-1.767390812595318397e-02 -2.333127332028864798e-01
-1.445704038685476263e-02 -2.358789816236759040e-01
-1.156548230691085283e-02 -2.355536719645214272e-01
-8.673924226966941292e-03 -2.352283623053668948e-01
-7.065490357417741896e-03 -2.365114865157615931e-01
-5.457056487868521683e-03 -2.377946107261563191e-01
-4.173932277473823421e-03 -2.361861768566071162e-01
-2.890808067079125160e-03 -2.345777429870579134e-01
2.892308092808697478e-03 -2.339271236687489042e-01
8.675424252696514044e-03 -2.332765043504399227e-01
9.958548463091240061e-03 -2.316680704808907199e-01
1.124167267348593832e-02 -2.300596366113415170e-01
2.280790499326157753e-02 -2.287583979747235263e-01
3.437413731303721326e-02 -2.274571593381055357e-01
3.598257118258643694e-02 -2.287402835485002617e-01
3.759100505213563287e-02 -2.300234077588949599e-01
3.887412926253034501e-02 -2.284149738893457293e-01
4.015725347292504327e-02 -2.268065400197965265e-01
4.304881155286894440e-02 -2.264812303606420218e-01
4.594036963281288716e-02 -2.261559207014875450e-01
4.722349384320758542e-02 -2.245474868319383421e-01
4.850661805360228368e-02 -2.229390529623891393e-01
5.139817613354619869e-02 -2.226137433032346347e-01
5.428973421349009287e-02 -2.222884336440801301e-01
5.942223105506891367e-02 -2.158546981658833186e-01
6.455472789664773448e-02 -2.094209626876864794e-01
6.744628597659164948e-02 -2.090956530285320025e-01
7.033784405653557836e-02 -2.087703433693774979e-01
7.162096826693027662e-02 -2.071619094998282951e-01
7.290409247732498876e-02 -2.055534756302790922e-01
7.579565055726888989e-02 -2.052281659711245876e-01
7.868720863721279102e-02 -2.049028563119700830e-01
8.253658126839689968e-02 -2.000775547033224744e-01
8.638595389958102222e-02 -1.952522530946748658e-01
8.927751197952495110e-02 -1.949269434355203612e-01
9.216907005946886611e-02 -1.946016337763658566e-01
9.601844269065297477e-02 -1.897763321677182480e-01
9.986781532183709731e-02 -1.849510305590706394e-01
1.027593734017809984e-01 -1.846257208999161348e-01
1.056509314817248996e-01 -1.843004112407616302e-01
1.053256218225704088e-01 -1.814088531608177290e-01
1.050003121634159181e-01 -1.785172950808738279e-01
1.078918702433598192e-01 -1.781919854217193233e-01
1.107834283233037204e-01 -1.778666757625648187e-01
1.159159251648825412e-01 -1.714329402843680072e-01
1.210484220064613620e-01 -1.649992048061711680e-01
1.207231123473068712e-01 -1.621076467262272669e-01
1.203978026881523805e-01 -1.592160886462833658e-01
1.255302995297312152e-01 -1.527823531680865543e-01
1.306627963713100360e-01 -1.463486176898897428e-01
1.300121770530010268e-01 -1.405655015300018851e-01
1.293615577346920176e-01 -1.347823853701140828e-01
1.306446819450867436e-01 -1.331739515005648800e-01
1.319278061554814419e-01 -1.315655176310156771e-01
1.316024964963269372e-01 -1.286739595510717482e-01
1.312771868371724326e-01 -1.257824014711278471e-01
1.325603110475671309e-01 -1.241739676015786442e-01
1.338434352579618292e-01 -1.225655337320294413e-01
1.318915773030348293e-01 -1.052161852523659652e-01
1.299397193481078572e-01 -8.786683677270250292e-02
1.283312854785586266e-01 -8.658371256230779078e-02
1.267228516090094237e-01 -8.530058835191307864e-02
1.260722322907004145e-01 -7.951747219202524863e-02
1.254216129723914330e-01 -7.373435603213743250e-02
1.267047371827861590e-01 -7.212592216258822964e-02
1.279878613931808573e-01 -7.051748829303902677e-02
1.276625517340263249e-01 -6.762593021309511176e-02
1.273372420748718481e-01 -6.473437213315119676e-02
1.286203662852665464e-01 -6.312593826360199389e-02
1.299034904956612446e-01 -6.151750439405279103e-02
1.292528711773522632e-01 -5.573438823416498183e-02
1.286022518590432540e-01 -4.995127207427714489e-02
1.298853760694379522e-01 -4.834283820472794202e-02
1.311685002798326782e-01 -4.673440433517873915e-02
1.279516325407342447e-01 -4.416815591438931488e-02
1.247347648016358529e-01 -4.160190749359991141e-02
1.244094551424813483e-01 -3.871034941365600335e-02
1.240841454833268437e-01 -3.581879133371208834e-02
1.224757116137776408e-01 -3.453566712331738314e-02
1.208672777442284380e-01 -3.325254291292267794e-02
1.202166584259194287e-01 -2.746942675303485140e-02
1.195660391076104334e-01 -2.168631059314703180e-02
1.179576052380612305e-01 -2.040318638275232313e-02
1.163491713685120277e-01 -1.912006217235762140e-02
1.160238617093575231e-01 -1.622850409241369946e-02
1.156985520502030185e-01 -1.333694601246978619e-02
1.124816843111046127e-01 -1.077069759168037405e-02
1.092648165720062070e-01 -8.204449170890961915e-03
1.089395069128517024e-01 -5.312891090947057318e-03
1.086141972536972117e-01 -2.421333011003137543e-03
1.053973295145988059e-01 1.449154097862748907e-04
1.021804617755003863e-01 2.711163830575687161e-03
1.018551521163458817e-01 5.602721910519607371e-03
1.015298424571913771e-01 8.494279990463513702e-03
9.863828437724747600e-02 8.168970331309019506e-03
9.574672629730356099e-02 7.843660672154520105e-03
9.252985855820515526e-02 1.040990909294393224e-02
8.931299081910674953e-02 1.297615751373334438e-02
8.898768115995224492e-02 1.586771559367726459e-02
8.866237150079774032e-02 1.875927367362116571e-02
8.577081342085382532e-02 1.843396401446667845e-02
8.287925534090992419e-02 1.810865435531217385e-02
7.644551986271309885e-02 2.324115119689100159e-02
7.001178438451627351e-02 2.837364803846983280e-02
6.712022630457235850e-02 2.804833837931532819e-02
6.422866822462845737e-02 2.772302872016083053e-02
6.101180048553004470e-02 3.028927714095024440e-02
5.779493274643163203e-02 3.285552556173965827e-02
4.622870042665598589e-02 3.155428692512166761e-02
3.466246810688033975e-02 3.025304828850367694e-02
3.337934389648563455e-02 2.864461441895447408e-02
3.209621968609092935e-02 2.703618054940527121e-02
2.920466160614702128e-02 2.671087089025077355e-02
2.631310352620310627e-02 2.638556123109626894e-02
2.374685510541369934e-02 2.316869349199786321e-02
2.118060668462428547e-02 1.995182575289945054e-02
1.828904860468037741e-02 1.962651609374495634e-02
1.539749052473646587e-02 1.930120643459045521e-02
1.411436631434176067e-02 1.769277256504125234e-02
1.283124210394705547e-02 1.608433869549204948e-02
1.315655176310155314e-02 1.319278061554813447e-02
1.348186142225605601e-02 1.030122253560422467e-02
1.059030334231214274e-02 9.975912876449725269e-03
7.698745262368232936e-03 9.650603217295227604e-03
3.849372631184116468e-03 4.825301608647613802e-03
