-1.382222666106054871e-03 -3.438705229812087129e-03
-2.764445332212109741e-03 -6.877410459624174258e-03
-4.867605515565187439e-03 -8.626051377951558102e-03
-7.278069463524257897e-03 -9.654292659804573906e-03
-9.274899658842303274e-03 -1.165219861666792409e-02
-1.065712232494835966e-02 -1.509090384648001208e-02
-1.239510912552129786e-02 -1.838674616282510998e-02
-1.721603702143944051e-02 -2.044322872653114159e-02
-2.203696491735758142e-02 -2.249971129023717320e-02
-2.520338263653961255e-02 -2.843526290681026511e-02
-2.796782796875172186e-02 -3.531267336643443416e-02
-3.107320997561770909e-02 -3.801292059191792305e-02
-3.451205947949768926e-02 -3.663035971002009950e-02
-3.752515620903387056e-02 -3.624587362964146187e-02
-3.890737887513992521e-02 -3.968457885945354119e-02
-4.028960154124597987e-02 -4.312328408926563439e-02
-4.260556597473701135e-02 -4.437305671472931146e-02
-4.501602992269607834e-02 -4.540129799658232379e-02
-4.680022497577206175e-02 -4.789814438334332597e-02
-4.818244764187810947e-02 -5.133684961315541223e-02
-4.988380454615715109e-02 -5.402742151156782885e-02
-5.229426849411621808e-02 -5.505566279342084118e-02
-5.466516827358299663e-02 -5.609980729663217175e-02
-5.363692699172998429e-02 -5.851027124459123874e-02
-5.260868570987696502e-02 -6.092073519255031960e-02
-5.329824243443394977e-02 -6.406396713132339604e-02
-5.468046510054001136e-02 -6.750267236113548230e-02
-5.648815199285408400e-02 -6.994397922101193432e-02
-5.889861594081315793e-02 -7.097222050286494666e-02
-6.091392069370893392e-02 -7.215930005657721080e-02
-5.988567941185591464e-02 -7.456976400453628473e-02
-5.885743813000290231e-02 -7.698022795249534478e-02
-5.979642900099174652e-02 -8.022986201633741654e-02
-6.117865166709780811e-02 -8.366856724614950280e-02
-6.131404181683636906e-02 -8.657540612468458963e-02
-6.028580053498334979e-02 -8.898587007264366355e-02
-6.008579028921162690e-02 -9.237206118173374447e-02
-6.285023562142375009e-02 -9.924947164135791700e-02
-6.561468095363584552e-02 -1.061268821009821034e-01
-6.394613190309231254e-02 -1.111132923527702321e-01
-6.188964933938628094e-02 -1.159342202486883661e-01
-6.196738853286178766e-02 -1.198974160369109671e-01
-6.334961119896784232e-02 -1.233361212667230533e-01
-6.318026892031983199e-02 -1.261129692100891320e-01
-5.974156369050773879e-02 -1.274951918761951797e-01
-5.635832585054626614e-02 -1.289010754894352184e-01
-5.533008456869324687e-02 -1.313115394373942924e-01
-5.430184328684023454e-02 -1.337220033853533663e-01
-5.501913370632252609e-02 -1.368770657976934313e-01
-5.640135637242857380e-02 -1.403157710275055314e-01
-5.573331490881275330e-02 -1.428798868577675907e-01
-5.229460967900066010e-02 -1.442621095238736384e-01
-4.851053792766218259e-02 -1.472983234828733612e-01
-4.234109023654408083e-02 -1.617611071706278048e-01
-3.617164254542598600e-02 -1.762238908583822206e-01
-3.226218465058467572e-02 -1.798614241785724543e-01
-2.882331031287670153e-02 -1.812435747076445725e-01
-2.611540233247947387e-02 -1.844442295177833036e-01
-2.405891976877344227e-02 -1.892651574137014236e-01
-2.168473582752092343e-02 -1.932953565666672702e-01
-1.824603059770883370e-02 -1.946775792327733179e-01
-1.480732536789674397e-02 -1.960598018988793656e-01
-1.361270675031990215e-02 -1.983996933582622135e-01
-1.258446546846688635e-02 -2.008101573062212875e-01
-1.003239293678509850e-02 -2.025705944413013493e-01
-6.593687706973009634e-03 -2.039528171074073970e-01
-4.761845703869710573e-03 -2.060204858700594999e-01
-6.144068369975782574e-03 -2.094591910998715723e-01
-7.004462947854880883e-03 -2.129699206758166041e-01
6.750357971393449417e-03 -2.184988113402408227e-01
2.050534799853768672e-02 -2.240276298676310840e-01
2.591497035917599348e-02 -2.247330118396146659e-01
2.832543430713506741e-02 -2.237047705577616674e-01
3.118502342843613301e-02 -2.237293950356948613e-01
3.462372865824821927e-02 -2.251116177018009368e-01
3.792061247932430879e-02 -2.261613742445951203e-01
4.033107642728338271e-02 -2.251331329627420941e-01
4.274154037524244970e-02 -2.241048916808890956e-01
4.890022171786004290e-02 -2.262588802056122728e-01
5.577763217748422236e-02 -2.290233255378243682e-01
5.949515677119104895e-02 -2.315966225315022886e-01
6.052339805304406822e-02 -2.340070864794613348e-01
6.246711936971761914e-02 -2.353394443349965670e-01
6.728804726563576699e-02 -2.332829617712905423e-01
7.210914426944979583e-02 -2.312264070705505603e-01
7.368901867012143947e-02 -2.278672900845639671e-01
7.507124133622750106e-02 -2.244285848547518947e-01
7.777717857522556399e-02 -2.240930095144479106e-01
8.121588380503765026e-02 -2.254752321805539583e-01
8.382342372657004825e-02 -2.272120083685000291e-01
8.485166500842307447e-02 -2.296224723164591308e-01
8.589602817354548281e-02 -2.317638169477817256e-01
8.727825083965153052e-02 -2.283251117179696532e-01
8.866064261365347310e-02 -2.248863343511236235e-01
9.157938410278949892e-02 -2.250496273036833861e-01
9.501808933260158518e-02 -2.264318499697894338e-01
9.737619510770212372e-02 -2.282750282828044652e-01
9.840443638955513606e-02 -2.306854922307635392e-01
9.963922560734235490e-02 -2.325821044781824498e-01
1.020496895553014288e-01 -2.315538631963294236e-01
1.044601535032605027e-01 -2.305256219144764251e-01
1.106700603800414850e-01 -2.327233194925171500e-01
1.175474708396656714e-01 -2.354877648247292454e-01
1.213931599012102458e-01 -2.348299023121428464e-01
1.227753825673163074e-01 -2.313911970823307462e-01
1.256366859252025792e-01 -2.280419208315818125e-01
1.328682468769756819e-01 -2.249571248489888320e-01
1.400996387208529037e-01 -2.218724010034297811e-01
1.417508837327334514e-01 -2.184500589018169292e-01
1.431331063988395269e-01 -2.150113536720048291e-01
1.458625603109036939e-01 -2.147309075057597105e-01
1.493012655407157663e-01 -2.161131301718657860e-01
1.520072027797138570e-01 -2.157775548315618297e-01
1.533894254458199047e-01 -2.123388496017497573e-01
1.548308004797609161e-01 -2.090388128465641704e-01
1.572412644277199900e-01 -2.080105715647111442e-01
1.596517283756790639e-01 -2.069823302828581457e-01
1.612821024385561464e-01 -2.041253562148938605e-01
1.626644942125580751e-01 -2.006865788480478585e-01
1.656276670408810825e-01 -1.978834927844305702e-01
1.704485949367992303e-01 -1.958270102207245456e-01
1.749387272288732975e-01 -1.929945884936596079e-01
1.777031725610853929e-01 -1.861171780340354076e-01
1.804676178932975161e-01 -1.792397675744112351e-01
1.838133250202134694e-01 -1.794827704618456865e-01
1.872520302500255418e-01 -1.808649931279517065e-01
1.895325032628155937e-01 -1.795320194177121298e-01
1.909147259289216692e-01 -1.760933141879000297e-01
1.916597500433292744e-01 -1.729264213019929830e-01
1.906315087614762482e-01 -1.705159573540339091e-01
1.896032674796232220e-01 -1.681054934060748351e-01
1.935715090067394728e-01 -1.580617716584336585e-01
1.977181770050576437e-01 -1.477456559689974136e-01
1.977293632040037219e-01 -1.410928860699759702e-01
1.956728806402976972e-01 -1.362719581740578223e-01
1.948813173807299182e-01 -1.319596176151918709e-01
1.962635400468359659e-01 -1.285209123853797986e-01
1.974793853772181806e-01 -1.251527796441439244e-01
1.964511440953651822e-01 -1.227423156961848644e-01
1.954229028135121560e-01 -1.203318517482257904e-01
1.925383641585184935e-01 -1.187132360218817184e-01
1.890996589287063934e-01 -1.173310133557756707e-01
1.858277625215425388e-01 -1.131924507593280588e-01
1.827430386759834879e-01 -1.059610589154508231e-01
1.804284634233183082e-01 -9.938335044252044614e-02
1.818106860894243559e-01 -9.594464521270835988e-02
1.831929087555304037e-01 -9.250593998289627362e-02
1.803636683824914599e-01 -9.086373544645219569e-02
1.769249631526793598e-01 -8.948151278034614797e-02
1.762569216890635393e-01 -8.691739695008407485e-02
1.776391443551695870e-01 -8.347869172027198859e-02
1.780727919571798989e-01 -7.965869706130813965e-02
1.760163093934738465e-01 -7.483776916539000568e-02
1.739598268297678219e-01 -7.001684126947187170e-02
1.705529280426723582e-01 -6.855549026638121934e-02
1.671142228128602858e-01 -6.717326760027517163e-02
1.646126936605013524e-01 -6.345883322663020687e-02
1.625562110967953278e-01 -5.863790533071205902e-02
1.586711648548739528e-01 -5.459699518284195918e-02
1.517935852873538716e-01 -5.183262198766377948e-02
1.453869216558611455e-01 -4.909683016405882311e-02
1.443586803740081193e-01 -4.668636621609974224e-02
1.433302948180872061e-01 -4.427556405234890635e-02
1.377303848419542398e-01 -4.158859553458379987e-02
1.308529743823300395e-01 -3.882415020237169057e-02
1.267991295794311246e-01 -3.623041733270323389e-02
1.257708882975780984e-01 -3.381995338474415302e-02
1.242994152206078617e-01 -3.159856060275510747e-02
1.208605408828998945e-01 -3.021641007368299978e-02
1.174218356530878082e-01 -2.883418740757694512e-02
1.161165956377735176e-01 -2.654188392121990120e-02
1.150883543559204913e-01 -2.413141997326083074e-02
1.126470474960440532e-01 -2.232373308094676503e-02
1.092083422662319669e-01 -2.094151041484069997e-02
1.064623029779689367e-01 -1.926381445769564937e-02
1.054340616961159244e-01 -1.685335050973657198e-02
1.044058204142629120e-01 -1.444288656177750325e-02
9.759570781805633477e-02 -1.168251397735671493e-02
9.071812825053626739e-02 -8.918140782178545639e-03
8.787465517560678896e-02 -6.397739842131829925e-03
8.684641389375377662e-02 -3.987275894172761202e-03
8.487607252391986268e-02 -1.978687362321669436e-03
8.143736729410777642e-02 -5.964646962156094695e-04
7.822036251580222199e-02 8.803296213924263454e-04
7.719212123394920966e-02 3.290793569351495394e-03
7.616387995209619732e-02 5.701257517310568020e-03
7.322387390725192124e-02 7.296212296520636874e-03
6.978502440337194801e-02 8.678773178418463033e-03
6.685459671473682752e-02 8.869461610111751410e-03
6.444413276677773972e-02 7.841220328258732136e-03
6.116073094180624059e-02 7.553936249919779994e-03
5.428332048218206807e-02 1.031838158213189451e-02
4.740591002255788861e-02 1.308282691434400555e-02
3.372772045460114415e-02 7.837711742297630291e-03
1.926476765895083348e-02 1.668191914145592415e-03
1.139103459093632371e-02 1.243686796828871133e-05
7.952329361124235718e-03 1.394659534074344778e-03
4.820927895918142650e-03 2.056482563706031608e-03
2.410463947959071325e-03 1.028241281853015804e-03
