-3.494409265213597039e-04 -2.948260998749118421e-03
-6.989361736284228823e-04 -5.896453065907219203e-03
-2.245188964450046693e-03 -9.092163194504598520e-03
-7.191719935847795155e-03 -1.299020842458115804e-02
-1.213825090724553885e-02 -1.688825365465771236e-02
-1.469170960277089814e-02 -2.029183518972337355e-02
-1.504175630260609804e-02 -2.324046182156710300e-02
-1.539119722912746062e-02 -2.618872282031622228e-02
-1.675523805541707240e-02 -2.784947956204517419e-02
-1.840408171254965738e-02 -2.914882797207069692e-02
-1.999952823393578993e-02 -3.051593613606616920e-02
-2.034896916045714904e-02 -3.346419713481529196e-02
-2.069846440756421130e-02 -3.641238920197339274e-02
-2.143950243642143982e-02 -3.886372236107916295e-02
-2.308834609355402134e-02 -4.016307077110468221e-02
-2.473718975068660286e-02 -4.146241918113020147e-02
-2.624506397647721756e-02 -4.865548817861280184e-02
-2.764348777646220140e-02 -6.044882887511287411e-02
-2.904130580313334098e-02 -7.224180393851832582e-02
-3.064580246003006589e-02 -7.541011209551910788e-02
-3.229464611716263700e-02 -7.670946050554462714e-02
-3.386555860243137261e-02 -7.838675084411428351e-02
-3.456449477605980092e-02 -8.428320391002150358e-02
-3.526337662910251219e-02 -9.017972590751972828e-02
-3.628761368528227865e-02 -9.450180954811802925e-02
-3.793645734241486017e-02 -9.580115795814356239e-02
-3.958530099954744169e-02 -9.710050636816906777e-02
-4.045095045200828437e-02 -9.939371045748128519e-02
-4.080039137852964348e-02 -1.023419714562304045e-01
-4.114988662563670574e-02 -1.052901635233885053e-01
-4.007657951356206200e-02 -1.071172476332192813e-01
-3.877723110353654273e-02 -1.087660912903518629e-01
-3.768131442960823141e-02 -1.105753582480719227e-01
-3.803075535612959746e-02 -1.135236192468210420e-01
-3.838025060323665277e-02 -1.164718113139791289e-01
-3.922808290358678618e-02 -1.187876249651450139e-01
-4.087692656071935382e-02 -1.200869733751705193e-01
-4.252577021785194922e-02 -1.213863217851960524e-01
-4.356297769581378432e-02 -1.256454380815673344e-01
-4.426191386944221262e-02 -1.315418911474745545e-01
-4.496140149579876816e-02 -1.374387787780673720e-01
-4.385336975480699784e-02 -1.394948260014489960e-01
-4.255396702419576849e-02 -1.411437385901725960e-01
-4.158310810294409826e-02 -1.434907983491565953e-01
-4.228198995598680954e-02 -1.493873203466548338e-01
-4.298092612961524478e-02 -1.552837734125620539e-01
-4.283151233607652292e-02 -1.593766596401084146e-01
-4.153210960546530051e-02 -1.610255722288320146e-01
-4.023276119543977430e-02 -1.626744158859645961e-01
-4.006273365205516995e-02 -1.652133169508528399e-01
-4.041217457857652906e-02 -1.681615779496019869e-01
-4.076166982568357050e-02 -1.711097700167600599e-01
-3.955270534248701148e-02 -1.728299512139265526e-01
-3.825330261187578906e-02 -1.744788638026501526e-01
-3.729254617692697588e-02 -1.763945301767578799e-01
-3.764198710344832804e-02 -1.793427911755069715e-01
-3.799203380328353141e-02 -1.822914178073506974e-01
-3.333694724167130669e-02 -1.900101671192742370e-01
-2.294188835853863337e-02 -2.032012610342899817e-01
-1.254682947540596526e-02 -2.163923549493056986e-01
-7.558266002863309532e-03 -2.202600643434488026e-01
-4.610019615119512540e-03 -2.206096285221468556e-01
-1.661827547961421082e-03 -2.209591237692539456e-01
-3.398152554965510924e-04 -2.225902192058668017e-01
9.595874751146823240e-04 -2.242391317945904294e-01
2.665356545777904443e-03 -2.255677012784156887e-01
5.613602933521705772e-03 -2.259172654571137973e-01
8.561849321265503632e-03 -2.262668296358118503e-01
1.067459050529457817e-02 -2.272746903816442177e-01
1.197399323590579538e-02 -2.289236029703678177e-01
1.327334164593131811e-02 -2.305724466275003992e-01
2.036085609417509490e-02 -2.317609090047558218e-01
2.920609238954895853e-02 -2.328090980445734204e-01
3.785354471328712667e-02 -2.337934707495795961e-01
3.950238837041970819e-02 -2.324941223395540768e-01
4.115123202755228971e-02 -2.311947739295285575e-01
4.317385563491002443e-02 -2.303697437972927475e-01
4.612210202265382142e-02 -2.307193079759908005e-01
4.907034841039763923e-02 -2.310688721546889091e-01
5.221039158215931564e-02 -2.298026295185897905e-01
5.550807889642447868e-02 -2.272039326985387520e-01
5.880576621068965559e-02 -2.246052358784877134e-01
6.420381329176280683e-02 -2.246718479567096360e-01
7.010030606725041469e-02 -2.253709763141057976e-01
7.568216891637598309e-02 -2.261347938186551998e-01
7.698157164698722632e-02 -2.277837064073787998e-01
7.828097437759844179e-02 -2.294326189961023998e-01
7.969522373341199339e-02 -2.301122075355037377e-01
8.134406739054457491e-02 -2.288128591254782185e-01
8.299291104767715643e-02 -2.275135107154526992e-01
8.540713175737076057e-02 -2.271854084228602244e-01
8.835537814511457144e-02 -2.275349726015583052e-01
9.130362453285836843e-02 -2.278845367802563859e-01
9.314879103359419155e-02 -2.268331832595713859e-01
9.479763469072675919e-02 -2.255338348495458667e-01
9.630410409273069960e-02 -2.240538167394641456e-01
9.665354501925206565e-02 -2.211055557407150263e-01
9.700298594577343170e-02 -2.181572947419659070e-01
9.831362963631659624e-02 -2.164287782462669951e-01
1.012618760240604071e-01 -2.167783424249650759e-01
1.042101224118042041e-01 -2.171279066036631566e-01
1.055207661023473686e-01 -2.153993901079642448e-01
1.058702070288687208e-01 -2.124511291092151255e-01
1.062196479553900869e-01 -2.095028681104660062e-01
1.088830915122909193e-01 -2.094910239574606647e-01
1.118313379000347163e-01 -2.098405881361587455e-01
1.148324637567079837e-01 -2.097456652560217572e-01
1.181301510709731467e-01 -2.071469684359707186e-01
1.214278383852383236e-01 -2.045482716159196801e-01
1.236580801167169175e-01 -2.005938762201928960e-01
1.243570162903453319e-01 -1.946974231542856759e-01
1.250559524639737741e-01 -1.888009700883784558e-01
1.274992312857100019e-01 -1.851180482732170951e-01
1.307969185999751649e-01 -1.825193514531660566e-01
1.340946059142403279e-01 -1.799206546331150181e-01
1.346461260899978751e-01 -1.769962867514895677e-01
1.349955670165192412e-01 -1.740480257527404762e-01
1.350290255298175479e-01 -1.713487703188557865e-01
1.337296771197920009e-01 -1.696999266617232049e-01
1.324302743891807854e-01 -1.680510140729996049e-01
1.318764900675978291e-01 -1.658146389608989579e-01
1.322259309941191674e-01 -1.628663779621498109e-01
1.325753719206405334e-01 -1.599181169634007194e-01
1.308246500764276288e-01 -1.567209533656947762e-01
1.282258989357908940e-01 -1.534231971198385946e-01
1.256271477951541593e-01 -1.501254408739824131e-01
1.269158550675813235e-01 -1.385649377786006831e-01
1.283136730942524839e-01 -1.267719627151952244e-01
1.297699319830724063e-01 -1.174227959227024665e-01
1.314187756402049878e-01 -1.161234475126769472e-01
1.330676192973375693e-01 -1.148240991026514279e-01
1.340762487782408696e-01 -1.127111990803008196e-01
1.344256897047622634e-01 -1.097629380815517142e-01
1.347751306312836017e-01 -1.068146770828025810e-01
1.385878860141991076e-01 -1.031510562402065123e-01
1.435349684383250002e-01 -9.925257644544432933e-02
1.484540974381261536e-01 -9.541277508144285768e-02
1.514022895052842543e-01 -9.576227032854993382e-02
1.543505358930280513e-01 -9.611183450724800070e-02
1.582982359678349049e-01 -9.494146104114722928e-02
1.648936105963652310e-01 -8.974406740104515223e-02
1.714889852248955571e-01 -8.454667376094307518e-02
1.747475812948991181e-01 -8.055076836116641104e-02
1.750976279947343006e-01 -7.760214172932267118e-02
1.754470689212556667e-01 -7.465388073057356577e-02
1.768289268996559860e-01 -7.301573355069826410e-02
1.784777705567885675e-01 -7.171638514067274484e-02
1.800746782062071505e-01 -7.016509842214815884e-02
1.807735600592498826e-01 -6.426857642464992026e-02
1.814724962328783109e-01 -5.837212335874270713e-02
1.815418554005556184e-01 -5.381385863046322937e-02
1.802425069905300992e-01 -5.216501497333064091e-02
1.789431042599188837e-01 -5.051610238460705476e-02
1.789945749377415130e-01 -4.472705941061136392e-02
1.800429520378913073e-01 -3.588234534595503844e-02
1.810913291380410739e-01 -2.703763128129868520e-02
1.780066223613823440e-01 -2.145004846700970455e-02
1.741084684901343937e-01 -1.650337963242993686e-02
1.706177500784835654e-01 -1.174817994107126007e-02
1.709672453255906277e-01 -8.799987873913138470e-03
1.713166862521119937e-01 -5.851726875164028722e-03
1.704915328676994413e-01 -3.829088656800983415e-03
1.675433408005413127e-01 -3.479593409693915087e-03
1.645950944127975435e-01 -3.130029230995829120e-03
1.618622183668152748e-01 -9.631660271373855466e-04
1.592634672261785400e-01 2.334590218718804022e-03
1.566646617649560813e-01 5.632415396165997568e-03
1.537597100266558658e-01 6.345613205770400667e-03
1.508109665067696170e-01 6.694673888191843801e-03
1.480888157375623848e-01 7.222409587997103211e-03
1.467894673275368655e-01 8.871253245129679527e-03
1.454900645969256501e-01 1.052016583385328129e-02
1.388508043307306872e-01 1.220835746079318961e-02
1.241091295804549188e-01 1.395560592641592774e-02
1.093680062829072985e-01 1.570328895672430322e-02
1.034651886319003095e-01 1.738598072948949885e-02
1.021658402218747902e-01 1.903482438662208384e-02
1.008664374912635608e-01 2.068373697534568387e-02
9.534755659737029210e-02 2.146064815385390068e-02
8.945111814246839432e-02 2.215970757965904370e-02
8.431136106127137819e-02 2.250316175902757412e-02
8.266196595141064862e-02 2.120337878431642967e-02
8.101312229427808098e-02 1.990403037429091734e-02
7.491759818394888581e-02 1.978717134241545286e-02
6.312466695355936630e-02 2.118535912561675394e-02
5.133123859102740882e-02 2.258304341254141479e-02
4.662542980039437179e-02 2.209677801583877221e-02
4.497658614326179027e-02 2.079742960581325295e-02
4.332774248612920875e-02 1.949808119578773369e-02
4.043289323413185032e-02 1.977988562051585797e-02
3.748470116697374954e-02 2.012938086762292370e-02
3.482125761007291709e-02 2.011753671461757181e-02
3.317241395294033557e-02 1.881818830459205255e-02
3.152301884307961294e-02 1.751840532988090463e-02
2.925117238851464296e-02 1.700963333723220713e-02
2.630298032135654218e-02 1.735912858433926939e-02
2.335473393361273478e-02 1.770869276303735015e-02
1.648898802405396324e-02 1.299391866494081782e-02
8.244218285662912801e-03 6.496742050127595446e-03
