-4.355038842229270145e-03 -3.967373917351268466e-03
-8.620919513077054258e-03 -7.775204461677520835e-03
-1.070155237751829573e-02 -7.678255655337287190e-03
-1.263417722885168751e-02 -7.915349408575618126e-03
-1.282806323923364571e-02 -1.207636613879074262e-02
-1.325532148249253424e-02 -1.598146111822633733e-02
-1.543290315327400936e-02 -1.796514517632734342e-02
-1.757993909803151275e-02 -1.929596052976562462e-02
-1.956362315613251884e-02 -1.711837885898414777e-02
-2.076935931351583942e-02 -1.579478655334758466e-02
-1.878579975474851255e-02 -1.797236242297980610e-02
-1.829351995559189495e-02 -2.057104511718119144e-02
-2.264868329715484518e-02 -2.453841323338320363e-02
-2.635273442779416386e-02 -2.681879109418328772e-02
-2.833635623622833555e-02 -2.464121232397644204e-02
-2.907537113245481364e-02 -2.382996151723365194e-02
-2.709174932402064542e-02 -2.600754028744050109e-02
-2.734529615366990130e-02 -2.881676769220259046e-02
-3.170039724556601712e-02 -3.278413870897923382e-02
-4.005898878935720830e-02 -3.492948330169833721e-02
-5.462316984177853496e-02 -3.425085325961520905e-02
-6.384407139908011841e-02 -3.472053732454099401e-02
-6.602159082019476433e-02 -3.670422428321663127e-02
-6.815355225323929678e-02 -3.770884558126701841e-02
-7.023412286801369864e-02 -3.761189967550140900e-02
-7.236411927443596459e-02 -3.857568809267976351e-02
-7.454170094521742063e-02 -4.055937215078076613e-02
-7.780827040727691934e-02 -4.134742767920960432e-02
-8.196947388649256094e-02 -4.115353296710375780e-02
-8.624472796005054620e-02 -4.340729515512446735e-02
-9.059976680227979640e-02 -4.737466907247573494e-02
-9.352776842872198571e-02 -4.879186801384660654e-02
-9.560833904349638757e-02 -4.869492210808099714e-02
-9.636649898674751191e-02 -5.004977838200908025e-02
-9.646343619078923126e-02 -5.213016224778296154e-02
-9.802904138687223989e-02 -5.414236185504417431e-02
-1.002065608079868858e-01 -5.612604881371981158e-02
-1.008338767757990806e-01 -5.818196878233712621e-02
-1.009308255821393108e-01 -6.026260164677837289e-02
-1.043674920333329398e-01 -6.382284855128428358e-02
-1.087225931252290556e-01 -6.779021956806091653e-02
-1.078575187098539251e-01 -7.028349960649903083e-02
-1.058738969014197673e-01 -7.246107837670587304e-02
-1.056852442363006711e-01 -7.455501907753681046e-02
-1.057821930426409013e-01 -7.663565194197805019e-02
-1.077557825551895415e-01 -7.862884118313245851e-02
-1.099332903740056905e-01 -8.061227914314073040e-02
-1.107000880827924416e-01 -9.443646059580698693e-02
-1.113787181248755698e-01 -1.090006416482283136e-01
-1.094472749076554619e-01 -1.114210862320669931e-01
-1.075101233595689848e-01 -1.137190234715656639e-01
-1.078979185849299194e-01 -1.220415549293306090e-01
-1.081462175749839105e-01 -1.300025158824600346e-01
-1.061625841642512419e-01 -1.321798456539995392e-01
-1.044019084316391149e-01 -1.347560309575269177e-01
-1.046927432483613085e-01 -1.409976805521832854e-01
-1.046580646867536352e-01 -1.463960825675187372e-01
-1.025774940719792333e-01 -1.464930284732843535e-01
-1.005140368475054280e-01 -1.469572474134026308e-01
-9.853034118710590761e-02 -1.491345800855167214e-01
-9.701638456883023010e-02 -1.517399442118145814e-01
-9.721028218151069045e-02 -1.559012099406970608e-01
-9.330969502406089022e-02 -1.634421241046115636e-01
-7.744052220528852004e-02 -1.808625139693228745e-01
-6.562682291975495408e-02 -1.931877437932907615e-01
-6.354619005531371434e-02 -1.932846925996309917e-01
-6.017552117036328169e-02 -1.955269019736815828e-01
-5.422458189309542487e-02 -2.020593921862094133e-01
-4.971550380565404464e-02 -2.061944998330089984e-01
-4.763493319087964278e-02 -2.062914457387746148e-01
-4.559422383560746833e-02 -2.072451989594928101e-01
-4.361059042487479276e-02 -2.094225287310323147e-01
-4.064489967772152296e-02 -2.107056037845659313e-01
-3.648375844817271924e-02 -2.108994955960971363e-01
-3.241760099834185144e-02 -2.131331873911975483e-01
-2.845035738147352194e-02 -2.174883449316112605e-01
-2.548190223245552430e-02 -2.195890394957896730e-01
-2.340126936801428109e-02 -2.196859883021299031e-01
-2.024790047768636192e-02 -2.222042939645863802e-01
-1.628052075918583891e-02 -2.265592083074819685e-01
-8.133184111411185949e-04 -2.289153958531646438e-01
2.207314510037781258e-02 -2.299818095183102096e-01
3.155973129190357829e-02 -2.290745859155726705e-01
3.373731296268505514e-02 -2.270909018574716332e-01
3.584835545151807829e-02 -2.265352251566672415e-01
3.792886381662564921e-02 -2.266321681618582440e-01
4.007982981462773764e-02 -2.252196870466758871e-01
4.225741148540920755e-02 -2.232360029885748776e-01
4.595183145380116879e-02 -2.229175533012123234e-01
5.011297268334997945e-02 -2.231114451127435283e-01
5.100687395536544766e-02 -2.214769417963152187e-01
5.110382276170568477e-02 -2.193963089318740067e-01
5.479090098411150411e-02 -2.157249568418876662e-01
5.914606432567445088e-02 -2.117575887256856471e-01
6.149427299899681842e-02 -2.113764112114348281e-01
6.357478136410436853e-02 -2.114733542166258029e-01
6.574475192706401294e-02 -2.096530132843114624e-01
6.792233359784549673e-02 -2.076693292262104529e-01
6.810082946774538570e-02 -2.055924961145308705e-01
6.819777827408561588e-02 -2.035118632500896307e-01
7.255281711631490771e-02 -1.995444893327383562e-01
7.674095627751392756e-02 -1.956511874727571154e-01
7.683790508385415774e-02 -1.935705546083158757e-01
7.726876614929002740e-02 -1.913420324289512031e-01
8.162391788855445640e-02 -1.873749133114165633e-01
8.547802029132420265e-02 -1.836294949652094721e-01
8.557496909766443283e-02 -1.815488621007682324e-01
8.633986692152961773e-02 -1.791724564076293824e-01
9.069490576375886792e-02 -1.752050824902781079e-01
9.425310503734807277e-02 -1.707918338247305379e-01
9.454395145636877718e-02 -1.645499352314067909e-01
9.527869741537935144e-02 -1.593101585156695144e-01
9.745627908616082136e-02 -1.573264744575685326e-01
9.908927348680303393e-02 -1.547449717837694749e-01
9.928315949718499733e-02 -1.505839550535543470e-01
1.000993858896534749e-01 -1.471059792560249213e-01
1.022769675604349449e-01 -1.451222951979238840e-01
1.029858305918068262e-01 -1.430701749820682545e-01
1.010021465337058166e-01 -1.408925933112867568e-01
1.006503997414674029e-01 -1.387910531049325047e-01
1.028278569129151970e-01 -1.368073632456822397e-01
1.041497375710317280e-01 -1.338844675054486899e-01
1.043436351837122023e-01 -1.297232017765662104e-01
1.035128381963066196e-01 -1.264956275686647813e-01
1.015291541382055962e-01 -1.243180458978832975e-01
1.016669387259925006e-01 -1.222393158103975142e-01
1.038443958974403086e-01 -1.202556259511472492e-01
1.037374147952145609e-01 -1.181654908042272245e-01
1.017537191348150266e-01 -1.159881581321131200e-01
1.022178164761742419e-01 -1.139246328568232214e-01
1.043953981469557257e-01 -1.119409487987222118e-01
1.039619797918239774e-01 -1.098356030384570470e-01
1.019784202330566436e-01 -1.076580271688248325e-01
1.013817832514719020e-01 -1.055450761018870837e-01
1.014787204555136352e-01 -1.034646922361132093e-01
1.001070751217779387e-01 -1.013156290150665773e-01
9.812339106367692909e-02 -9.913804734428509347e-02
9.776220861906149973e-02 -9.548243588105066737e-02
9.795610623174197396e-02 -9.132117015216817402e-02
9.644214961346629644e-02 -8.871580602587034181e-02
9.445845395306676218e-02 -8.653847335375622341e-02
9.418825422438802109e-02 -8.444073290016362865e-02
9.428520303072825126e-02 -8.236010003572238891e-02
9.087573002105521491e-02 -7.831715383839812916e-02
8.690848640418685767e-02 -7.396199629798444475e-02
8.464292819613719598e-02 -7.344768539203345992e-02
8.256229533169594237e-02 -7.335073658569322974e-02
8.057290294272857756e-02 -7.129566225925175471e-02
7.858934338396124375e-02 -6.911808638961954021e-02
7.864545640885481359e-02 -6.703555074822283022e-02
7.865895537467994247e-02 -6.499195391246660736e-02
7.449768964579744912e-02 -6.479805629978613313e-02
7.046463959212133366e-02 -6.448735967363203314e-02
6.848094393172182714e-02 -6.231002700151791474e-02
6.648788209047572229e-02 -6.033638104045167816e-02
6.440724922603448255e-02 -6.023943223411144104e-02
6.206763056291329794e-02 -5.955797264846287437e-02
5.810037534374645068e-02 -5.520306410671653452e-02
5.521747554393296314e-02 -5.126625336944218986e-02
5.739504561241593611e-02 -4.928281831000853874e-02
5.867511158670644933e-02 -4.725731376693226293e-02
5.669142752860543977e-02 -4.507973209615079302e-02
5.528753642362425197e-02 -4.186612899824927736e-02
5.557837124034644555e-02 -3.562447940359291659e-02
5.517175968742950992e-02 -3.118993533611219560e-02
5.309112682298827018e-02 -3.109298652977195848e-02
5.038166907494872476e-02 -2.957655374623453792e-02
4.641441385578188444e-02 -2.522164520448819808e-02
4.396119348729097404e-02 -2.171385062492619047e-02
4.405814229363121115e-02 -1.963321776048495421e-02
4.325848767575808662e-02 -1.836947160240186283e-02
4.117785481131684688e-02 -1.827252279606162919e-02
3.914093940765708129e-02 -1.723734701111744733e-02
3.715737984888974749e-02 -1.505977114148522589e-02
3.507864976140396412e-02 -1.492198655369832323e-02
3.290106809062249421e-02 -1.690567061179933106e-02
3.077493948777799623e-02 -1.778779036665896832e-02
2.869430662333675650e-02 -1.769084156031873467e-02
2.666879627911122527e-02 -1.641090008536189720e-02
2.468523672034389146e-02 -1.423332421572967403e-02
2.396621689375282721e-02 -1.211467061907482018e-02
2.406316570009306086e-02 -1.003403775463357871e-02
2.550632580150289513e-02 -8.016132717080619308e-03
2.768390747228436852e-02 -6.032448658979612348e-03
2.687265666554158189e-02 -6.771463555206088704e-03
2.469519949409378426e-02 -8.755153414456351077e-03
2.265828409043401867e-02 -7.719977629512167483e-03
2.067460003233301258e-02 -5.542395958730691498e-03
2.028201745864793848e-02 -3.438952975420985197e-03
2.037896626498817212e-02 -1.358320110979743941e-03
2.032003819086155086e-02 -2.622984342489684696e-03
2.022308938452131721e-02 -4.703617206930925734e-03
1.653601116211549787e-02 -8.374969296917241998e-03
1.218084782055254764e-02 -1.234233741311925592e-02
9.918182894136186312e-03 -1.088764775294150979e-02
7.934623335368859443e-03 -8.710071883309288346e-03
7.957691213774500949e-03 -4.704543973540908745e-03
8.151588826454969974e-03 -5.432782446584260173e-04
4.161141229548802854e-03 -1.938918115312139644e-04
