-1.818019422284755703e-03 -2.467927754502271392e-03
-3.636038844569511406e-03 -4.935855509004542785e-03
-8.397998513590044026e-03 -6.894312164880956641e-03
-1.696983444835876292e-02 -8.193948431728659276e-03
-2.554158654033147902e-02 -9.493571986581027938e-03
-2.822542514401796959e-02 -1.181178965550577428e-02
-3.004349541428405837e-02 -1.427938203882404139e-02
-3.196148196786657847e-02 -1.608797004557333335e-02
-3.410441999085976617e-02 -1.641287593428642638e-02
-3.624735801385294692e-02 -1.673778182299951942e-02
-3.950060385105037125e-02 -2.049132425660473225e-02
-4.313669354360120944e-02 -2.542684439442527075e-02
-4.650479075208800023e-02 -2.953504848473141597e-02
-4.864772877508118099e-02 -2.985995437344450901e-02
-5.079066679807436174e-02 -3.018486026215759857e-02
-5.273367055847199419e-02 -3.182844564637665047e-02
-5.455168998075674708e-02 -3.429637340087891839e-02
-5.649622160367974433e-02 -3.667095212091376483e-02
-6.078218149246209651e-02 -3.732077661033528226e-02
-6.506805753844845108e-02 -3.797058838776146833e-02
-6.710762282693734371e-02 -3.934783112922381199e-02
-6.678270422622892277e-02 -4.149085299501299035e-02
-6.645783647350184120e-02 -4.363353948961816442e-02
-6.811102095884834229e-02 -4.607647546129598620e-02
-6.992904038113310905e-02 -4.854440321579826106e-02
-7.186370507259237650e-02 -5.024298947419406081e-02
-7.400664309558556420e-02 -5.056789536290715731e-02
-7.614958111857873801e-02 -5.089280125162024687e-02
-7.803426224438911318e-02 -5.292105738389252939e-02
-7.985228166667386607e-02 -5.538898513839479731e-02
-8.174530186142262012e-02 -5.736224039649033546e-02
-8.388823988441580781e-02 -5.768714628520343196e-02
-8.603117790740898163e-02 -5.801205217391652152e-02
-8.652890612886642019e-02 -5.954903961801211176e-02
-8.620398752815799925e-02 -6.169206148380129012e-02
-8.609887174374990237e-02 -6.386806611817395785e-02
-8.791689116603465526e-02 -6.633599387267621883e-02
-8.973499443111540574e-02 -6.880393433917382506e-02
-9.039908545203644008e-02 -7.109690690190965945e-02
-9.007421769930934463e-02 -7.323959339651484046e-02
-8.974929909860092370e-02 -7.538261526230401188e-02
-9.151240148950494369e-02 -7.784221665986325311e-02
-9.333042091178969657e-02 -8.031014441436552798e-02
-9.413599221613656864e-02 -8.352378205908318753e-02
-9.348620586270105226e-02 -8.780949041947753997e-02
-9.283636866128419651e-02 -9.209553415105589669e-02
-9.427473464404358128e-02 -9.484314821378576899e-02
-9.609280491430967353e-02 -9.731074059710403956e-02
-9.721477355786278807e-02 -1.002913664508277986e-01
-9.656493635644593232e-02 -1.045774101824061553e-01
-9.591509915502909045e-02 -1.088634539139845120e-01
-9.703706779858221887e-02 -1.118440797677082710e-01
-9.885513806884831112e-02 -1.143116721510265416e-01
-9.999360265771436995e-02 -1.190373054570153522e-01
-9.739435554800963957e-02 -1.361808096409607705e-01
-9.479510843830492306e-02 -1.533243138249061888e-01
-9.227336691603785224e-02 -1.614297890115266587e-01
-8.980551029233624361e-02 -1.632479049886027545e-01
-8.738423163107703062e-02 -1.651293481967986143e-01
-8.673444527764151424e-02 -1.694150565571929667e-01
-8.608460807622465849e-02 -1.737011002887713373e-01
-8.459576279810633592e-02 -1.768478483305895577e-01
-8.212782233160874357e-02 -1.786659515956703081e-01
-7.965996570790713494e-02 -1.804840675727464039e-01
-7.882373281392476838e-02 -1.845167896678502895e-01
-7.817394646048925200e-02 -1.888024980282446419e-01
-7.691807483737882201e-02 -1.922658949376571114e-01
-7.445021821367721337e-02 -1.940840109147332349e-01
-7.198241243795694411e-02 -1.959017915206253124e-01
-6.976447364249976912e-02 -1.960715581283189457e-01
-6.762153561950660918e-02 -1.957466522396058561e-01
-6.490573725800950766e-02 -1.962341052326384283e-01
-5.997002401060631122e-02 -1.998703371867906198e-01
-5.503436161118443332e-02 -2.035062337697587653e-01
-5.051519502684904961e-02 -2.043951049845455503e-01
-4.622931898086270197e-02 -2.037452932071193434e-01
-4.189345936922744124e-02 -2.034251513035696679e-01
-3.695774612182423091e-02 -2.070613832577218316e-01
-3.202208372240236689e-02 -2.106972798406900049e-01
-2.868518450665631658e-02 -2.112030938077213427e-01
-2.686716508437155676e-02 -2.087351660532190956e-01
-2.504909481410547492e-02 -2.062675736699008389e-01
-1.072454653878293120e-02 -2.039831978318534245e-01
4.276103464965321302e-03 -2.017088438988664523e-01
1.420638565126936328e-02 -1.993599519283108801e-01
1.602445592153544859e-02 -1.968923595449926234e-01
1.784247534382020148e-02 -1.944244317904903485e-01
2.168544184996206922e-02 -1.934482591876028335e-01
2.597131789594842727e-02 -1.927984474101766543e-01
2.979106109316033771e-02 -1.927812753375663379e-01
3.225891771686194287e-02 -1.945993913146424059e-01
3.472677434056354456e-02 -1.964175072917185016e-01
3.845319392729869279e-02 -1.965270151053383763e-01
4.273915381608105191e-02 -1.958771906159168796e-01
4.679192151628219082e-02 -1.955437050468962767e-01
4.925977813998379251e-02 -1.973618210239724002e-01
5.172763476368539420e-02 -1.991799370010484682e-01
5.401218441468686599e-02 -1.997890398597881034e-01
5.615512243768004674e-02 -1.994641339710750139e-01
5.829806046067322056e-02 -1.991392280823619243e-01
6.076591708437482225e-02 -2.009573440594379923e-01
6.323377370807642395e-02 -2.027754600365140880e-01
7.209869983032544949e-02 -2.026678488029327596e-01
8.924220401427088167e-02 -2.000686016932280431e-01
1.063857920410123253e-01 -1.974693418715279536e-01
1.101685581718857693e-01 -1.949845080797751318e-01
1.119866284421518615e-01 -1.925169156964568751e-01
1.152233783340363416e-01 -1.905083807151167208e-01
1.216521924030158908e-01 -1.895336630489774243e-01
1.280810064719954122e-01 -1.885589453828381556e-01
1.337850334150754439e-01 -1.828038468598977839e-01
1.392391425299110419e-01 -1.754003989675749775e-01
1.444835817952698498e-01 -1.692089378708197811e-01
1.487694578412561974e-01 -1.685591260933936020e-01
1.530553338872425728e-01 -1.679093143159674228e-01
1.543038985742299085e-01 -1.650220247847157540e-01
1.536540613728130666e-01 -1.607359810531373834e-01
1.531308202148304598e-01 -1.565432736440311445e-01
1.549488904850965243e-01 -1.540756812607128878e-01
1.567669099073812911e-01 -1.516077535062105852e-01
1.587432190955510858e-01 -1.501838362475145516e-01
1.608861571185442596e-01 -1.498589303588014343e-01
1.630290951415374334e-01 -1.495340244700883447e-01
1.625941272906890611e-01 -1.455529942007460498e-01
1.619442900892721915e-01 -1.412669504691676792e-01
1.621803558103403486e-01 -1.376336156765166352e-01
1.639983752326250876e-01 -1.351656879220143326e-01
1.658164455028912077e-01 -1.326980955386960759e-01
1.656728577844339412e-01 -1.287850744378174206e-01
1.650230205830170993e-01 -1.244990307062390777e-01
1.649426889648789585e-01 -1.206326841225941054e-01
1.667607592351450785e-01 -1.181650917392758487e-01
1.685787786574298175e-01 -1.156971639847735878e-01
1.689682006786511204e-01 -1.134458359187482390e-01
1.686432820779426855e-01 -1.113028140529590676e-01
1.680986623568966332e-01 -1.091934456981213802e-01
1.656308057331950245e-01 -1.073753297210452706e-01
1.631628652666974044e-01 -1.055572264559645340e-01
1.630028654457232329e-01 -1.033892000953555851e-01
1.648209357159893251e-01 -1.009216077120373145e-01
1.666389551382740919e-01 -9.845367995753505352e-02
1.642809325773339768e-01 -9.661891126657287665e-02
1.618130759536323682e-01 -9.480079528949679479e-02
1.598245263636076385e-01 -9.021202233834821338e-02
1.585249028087552803e-01 -8.164027024637550423e-02
1.572252792539028943e-01 -7.306851815440279507e-02
1.549371418071311124e-01 -7.021140899004835179e-02
1.524693360314108570e-01 -6.839362838415627421e-02
1.504225951513813442e-01 -6.527485851438898090e-02
1.494478901972374207e-01 -5.884612828820545705e-02
1.484731852430934695e-01 -5.241739806202191931e-02
1.464264443630639845e-01 -4.929862819225462600e-02
1.439586385873437013e-01 -4.748084758636255537e-02
1.417704682718697040e-01 -4.528307816976108457e-02
1.411206310704528621e-01 -4.099703443818273479e-02
1.404708447170173458e-01 -3.671132607778837542e-02
1.358380410867716936e-01 -3.173644015383365879e-02
1.284345220636482210e-01 -2.628242759378941057e-02
1.211658873049160090e-01 -2.097641685920999255e-02
1.190229492819228352e-01 -2.130132274792308558e-02
1.168800112589296475e-01 -2.162622863663617861e-02
1.145871225389898107e-01 -2.096212490371979903e-02
1.121191820724922183e-01 -1.914402163863904507e-02
1.096513254487905958e-01 -1.732590566156295628e-02
1.091067057277445296e-01 -1.521653730672526197e-02
1.087817871270360948e-01 -1.307351544093608361e-02
1.078508341046340996e-01 -1.175314039731277169e-02
1.057078960816409119e-01 -1.207804628602586472e-02
1.035649580586477381e-01 -1.240295217473895602e-02
9.927375116698725077e-02 -9.681089864926923846e-03
9.433803791958404739e-02 -6.044857910774748856e-03
8.997523585866608331e-02 -3.221320209552256796e-03
8.783229783567289561e-02 -3.546226098265349829e-03
8.568935981267972180e-02 -3.871131986978441127e-03
8.333814845815261385e-02 -2.822357506008830921e-03
8.087029183445101910e-02 -1.004241528932741691e-03
7.826261748062628143e-02 6.238800427886562411e-04
7.397674143463993379e-02 -2.593173463752808651e-05
6.969086538865355840e-02 -6.757435120637141556e-04
6.633728803503077809e-02 -5.992779667887018313e-05
6.386943141132916946e-02 1.758188180397219236e-03
6.140162563560889325e-02 3.575968786289299844e-03
5.720890551450728834e-02 3.052811471102686268e-03
5.292302946852093376e-02 2.402999693676501937e-03
4.958639628813468064e-02 1.053817172084641320e-03
4.776832601786859533e-02 -1.413775211233625137e-03
4.595030659558383551e-02 -3.881702965735896529e-03
4.359901139826074384e-02 -2.832941196761618562e-03
4.113115477455914215e-02 -1.014825219685530850e-03
3.882992698568094037e-02 -2.957206125924079741e-04
3.701190756339618054e-02 -2.763648367094678499e-03
3.519388814111142072e-02 -5.231576121596951193e-03
3.292596578000536039e-02 -4.732139640026819527e-03
3.045816000428509113e-02 -2.914359034134736317e-03
2.720777319260278548e-02 -1.495870970880604266e-03
1.863602110063006939e-02 -2.795494525732972711e-03
1.006418516586134702e-02 -4.095130792580674479e-03
4.935713247403206855e-03 -3.636231954152173689e-03
2.467856623701603427e-03 -1.818115977076086845e-03
