-1.455391476910020262e-03 -4.321129712328693369e-03
-6.590450813125731111e-03 -4.930788445579414696e-03
-2.548021452818269306e-02 1.240502242809452113e-03
-2.684158574858140980e-02 2.996771256355611288e-03
-2.669660364786520870e-02 1.194787632424416110e-03
-2.468543227129744305e-02 -2.505431369391989023e-04
-2.482681637951551085e-02 -5.573372637833720784e-03
-2.764810962619298693e-02 -1.118994518674324042e-02
-2.943218203251155712e-02 -1.309805610430291381e-02
-2.884585517563709178e-02 -1.572833705315993674e-02
-2.910828110457485199e-02 -1.962654625324354238e-02
-3.352279409009704253e-02 -2.318491206410892153e-02
-3.837097386358077900e-02 -2.300306547188283798e-02
-4.038533724235761346e-02 -2.627499125574097802e-02
-3.487740022151211011e-02 -2.869318835881404239e-02
-3.282966882902728367e-02 -3.153740105294124824e-02
-3.062480772481086105e-02 -3.234790522619962472e-02
-2.928581923842091955e-02 -3.539256350742195356e-02
-3.085885753869702444e-02 -3.949285120474171212e-02
-3.268132741229853866e-02 -4.046405450253226510e-02
-2.882136126920558858e-02 -3.978976102174505702e-02
-2.365212652999997694e-02 -4.210476848873847405e-02
-2.314134554677935857e-02 -4.559094005850568287e-02
-2.300977979564811093e-02 -4.849897455532426599e-02
-2.108863115767815183e-02 -5.024071623748501553e-02
-2.071389634402495336e-02 -5.280653318027855175e-02
-1.968542811732782588e-02 -5.413754197953071085e-02
-1.788033830346118930e-02 -5.626022684573266791e-02
-2.027243440499579274e-02 -6.654078886436803897e-02
-2.348740007104907490e-02 -7.101968004368010290e-02
-2.570312037005378913e-02 -7.677444469859860676e-02
-2.851438148888240862e-02 -7.901728528560823805e-02
-2.936708720922704199e-02 -8.120914802472943561e-02
-2.720459618448349548e-02 -8.200674365464907800e-02
-2.585638295952660815e-02 -8.486914225171275639e-02
-2.620116443448295210e-02 -8.721575008963836084e-02
-2.510691333222020774e-02 -9.000077613729981496e-02
-2.442452577232403360e-02 -9.201271889431125728e-02
-2.087669279391022453e-02 -9.387997946915105363e-02
-2.093702054795430409e-02 -9.908873645203720992e-02
-2.375461031220248154e-02 -1.048451340170967472e-01
-2.744694249080981488e-02 -1.049691977615585803e-01
-2.777146749054142799e-02 -1.075532793179186791e-01
-2.694803998884395119e-02 -1.112272373835454103e-01
-2.569875498035861100e-02 -1.124404505047023883e-01
-2.282677979485437519e-02 -1.168309872013898326e-01
-2.370663747506212421e-02 -1.233628077591483047e-01
-2.219235860722485604e-02 -1.250731268323006518e-01
-2.055518078964449144e-02 -1.277460273127336565e-01
-2.175635178971724315e-02 -1.321446082850946946e-01
-2.455627268681237832e-02 -1.337432290050454831e-01
-2.490842177131226756e-02 -1.358100576335995180e-01
-2.225118417427979917e-02 -1.378685925343768881e-01
-1.894053765296264263e-02 -1.456770995125869217e-01
-1.801577764420891903e-02 -1.494743941901039985e-01
-1.304154260011407447e-02 -1.518224571762468444e-01
-1.291212278542438856e-02 -1.562564192477118585e-01
-1.535942247311447920e-02 -1.606454220855519921e-01
-1.714349487943304245e-02 -1.625535330031116499e-01
-1.655716802255858058e-02 -1.651838139519686832e-01
-1.724516265086603259e-02 -1.704788794154058484e-01
-1.989087670867802082e-02 -1.736972240751291918e-01
-2.116702486960830853e-02 -1.757600800914932981e-01
-2.362824348506355199e-02 -1.774618904475237791e-01
-2.597496082240320636e-02 -1.771170050287165787e-01
-2.477385595694655065e-02 -1.797032829879597060e-01
-2.530445174376178344e-02 -1.819008158379476492e-01
-2.192132985738515227e-02 -1.806648736884714779e-01
-1.392667639510016681e-02 -1.834243763494307899e-01
-1.291900290314904921e-02 -1.866455596154092678e-01
-1.356804212699476257e-02 -1.907498199249189341e-01
-1.289172298479752607e-02 -1.941476573527251559e-01
-1.216012521978869845e-02 -1.975160332443971767e-01
-8.240713748589697379e-03 -2.007454757753944219e-01
-6.914883257641587025e-03 -2.048962636401342463e-01
-3.681553926728030855e-03 -2.070377766126447749e-01
2.443882550131964374e-05 -2.096008266393624975e-01
1.899061454321469833e-03 -2.063325594270553898e-01
6.604654515633678717e-03 -2.021227353166592244e-01
1.010389058511223202e-02 -1.945848938547481977e-01
1.299434202705139485e-02 -1.916261814285857290e-01
1.727512732131723100e-02 -1.926065356468702749e-01
1.905598804776919078e-02 -1.954157458710681361e-01
2.753839509249136897e-02 -1.911075963922574672e-01
3.174915576924099841e-02 -1.926217565311435231e-01
3.375083327748118478e-02 -1.953131710772462171e-01
3.744841758246553881e-02 -1.959308467250561181e-01
3.872456574339581958e-02 -1.938679907086920118e-01
4.503020789357501524e-02 -1.941238007308723756e-01
5.451575788087957564e-02 -1.960885463681671936e-01
5.714592933032255212e-02 -1.955021155674418754e-01
5.862417566614652048e-02 -1.947498073338803370e-01
6.053509995674059146e-02 -1.928803433357066943e-01
7.117651721657906883e-02 -1.951509347211536349e-01
7.754001669560153798e-02 -1.987086955560683210e-01
7.749156742281224086e-02 -2.011455844867348630e-01
7.839429963959144987e-02 -1.981825208192077858e-01
8.591611713869110045e-02 -1.935354841951898719e-01
8.751623236217417889e-02 -1.910162593961622912e-01
9.307738788166337873e-02 -1.879459990176076956e-01
9.933827533944251942e-02 -1.897146847719298757e-01
9.826456951982266708e-02 -1.861032437615867396e-01
1.015282535884259318e-01 -1.781236395590277410e-01
1.062114639157293317e-01 -1.752022047163077356e-01
1.075299821561324920e-01 -1.731522572432823426e-01
1.117484100254613755e-01 -1.728184051072133021e-01
1.164302353486465491e-01 -1.752162199044668689e-01
1.179027020741897497e-01 -1.747859176605839060e-01
1.215553286916295217e-01 -1.709954342015118922e-01
1.253655768233635504e-01 -1.700283883794785900e-01
1.280346929016507873e-01 -1.693150552280363319e-01
1.304972107089506228e-01 -1.692789187521721861e-01
1.332436993366400702e-01 -1.683116234780357989e-01
1.427400423841168053e-01 -1.706959592187578534e-01
1.469184543336249371e-01 -1.698873816556158156e-01
1.512581823778166024e-01 -1.709782285309877636e-01
1.543157492023776722e-01 -1.695968699651249356e-01
1.604203035620895834e-01 -1.712716947657852706e-01
1.593371343274172236e-01 -1.678423701404349044e-01
1.615528546264219378e-01 -1.620876054855164006e-01
1.633792971122133564e-01 -1.601924031112954283e-01
1.616131519271909733e-01 -1.579428158943765037e-01
1.596146307398188247e-01 -1.564550363349098971e-01
1.589859338034714520e-01 -1.538118468427141505e-01
1.578753791605163881e-01 -1.498654125887236288e-01
1.548573256775958862e-01 -1.479282532269623474e-01
1.497059628006878196e-01 -1.473765037538839751e-01
1.462923600917105937e-01 -1.447637665045913014e-01
1.462986976391701388e-01 -1.423140477412161431e-01
1.417572155865015338e-01 -1.329278082735318167e-01
1.411343090360525077e-01 -1.288987099884469911e-01
1.398705972935557762e-01 -1.260619851788948587e-01
1.335307492871116442e-01 -1.239454763482166766e-01
1.318472592311435154e-01 -1.211196990091290282e-01
1.296684538900901296e-01 -1.202245979760907940e-01
1.280052203093466900e-01 -1.176362943554376400e-01
1.259037875176955423e-01 -1.164872311997052629e-01
1.252974733153569831e-01 -1.125556524398333563e-01
1.261899507314852842e-01 -1.070453504837182157e-01
1.259923634283028060e-01 -1.026831554393244222e-01
1.284230707678823968e-01 -9.819663307627139737e-02
1.321154029464897128e-01 -9.807256933180956426e-02
1.345210738093727265e-01 -9.746404460449364926e-02
1.365591280160429744e-01 -9.563324164780041825e-02
1.380044981407216598e-01 -9.362194109416108190e-02
1.402964947924284778e-01 -9.186857527540583102e-02
1.426945289160073127e-01 -9.204409543129873916e-02
1.455055012274177884e-01 -9.086514352540529804e-02
1.518050749598980342e-01 -9.250684821838041361e-02
1.534757422848010977e-01 -8.839007211680099951e-02
1.563640871456137560e-01 -8.695715808821340154e-02
1.581768244744020946e-01 -8.723189526799603188e-02
1.565007020279775007e-01 -8.468589713827998078e-02
1.544121581020075351e-01 -8.349452849161051460e-02
1.513888524927100021e-01 -8.081562973757754065e-02
1.464146174486151419e-01 -7.846756675143469473e-02
1.443129263028208598e-01 -7.731842488507220668e-02
1.396639664151634597e-01 -7.724350521110694145e-02
1.348710455868337987e-01 -7.703226167128246482e-02
1.285214650355764876e-01 -7.616169331817745913e-02
1.231927713307106875e-01 -7.148522251913978776e-02
1.235847028866117747e-01 -6.503605187038127844e-02
1.229783886842732016e-01 -6.110447311050936497e-02
1.203353283691490361e-01 -6.173320940217176533e-02
1.160837659345317352e-01 -6.080799050753293161e-02
1.142478849394113066e-01 -5.802832053009933377e-02
1.155890747212414138e-01 -5.362609510828159759e-02
1.207802092939331273e-01 -5.085940536436601989e-02
1.176471073713357268e-01 -5.203275174792850594e-02
1.138779301272299510e-01 -5.134703223313418635e-02
1.126441520457725498e-01 -5.342279679283700594e-02
1.099237191812461600e-01 -5.430549520719354928e-02
1.053365803325819611e-01 -5.554468905485744623e-02
9.181971597965202236e-02 -5.572854442173574147e-02
8.041697028890991417e-02 -5.109812261438557990e-02
8.004223547525671223e-02 -4.853230567159204367e-02
7.638940586267242705e-02 -4.640175429164032639e-02
7.297580315369518733e-02 -4.378901704234765269e-02
6.780656841448957917e-02 -4.147400957535423566e-02
6.497826250030282191e-02 -3.876205530217183975e-02
5.922373096630671047e-02 -3.654626485906814493e-02
5.698074152456798769e-02 -3.373502897346025015e-02
5.749500331741585341e-02 -3.144005530888951960e-02
5.527380821923206372e-02 -3.053211032104834188e-02
5.270609078261719038e-02 -2.438392115277681141e-02
5.367281488055473948e-02 -1.635205469558514285e-02
4.627790462472917282e-02 -1.511678211059545862e-02
4.449881521502697251e-02 -1.883045651300726056e-02
4.179127121618177870e-02 -1.967084943642670447e-02
3.928980878003769661e-02 -1.983388826300780394e-02
3.665963733059471319e-02 -2.042031906373310834e-02
3.408080234504841377e-02 -2.083732001300834386e-02
3.030030455686668137e-02 -2.079575577673705225e-02
2.663880814289423110e-02 -1.671975130724740952e-02
2.113482405658113211e-02 -1.337761971627972855e-02
1.699303825760618836e-02 -8.600220272581213243e-03
1.681543829988782143e-02 -5.539323039202333730e-03
1.450159717369346214e-02 -6.453429940472943556e-03
2.233526026686178875e-03 -2.993352270600669381e-03
