-2.597248995177949080e-03 -3.655673393414700465e-03
-5.194504297676278554e-03 -7.311367621916176583e-03
-3.707808744104088179e-03 -1.224807244125401123e-02
-3.164942299265028139e-03 -1.537867850160298810e-02
-1.669977848674304884e-03 -2.028806852217907714e-02
-1.515667568541328655e-03 -2.470219926820216641e-02
-9.693440815421993165e-03 -2.389602004706573718e-02
-1.554005090498068384e-02 -1.765435381086638555e-02
-2.090010710741683694e-02 -1.576343213784468442e-02
-2.418668231808366806e-02 -1.637830922463398217e-02
-2.187614396493045912e-02 -2.302519931247920537e-02
-1.614957170260413952e-02 -2.754616207416879861e-02
-1.555986508940272565e-02 -3.106359336153690504e-02
-1.208172747039600557e-02 -3.360709767975458145e-02
-9.586672585770936172e-03 -3.585299739314965622e-02
-8.172074589606241959e-03 -4.176656361166050657e-02
-1.121650188813655413e-02 -4.281251575052756608e-02
-1.244668738408006778e-02 -4.515297686043547726e-02
-1.191748244884488668e-02 -4.827942448352821880e-02
-1.229766696603687252e-02 -5.440987491781006796e-02
-1.205212195162501387e-02 -5.950746174652877390e-02
-4.622812850156406660e-03 -6.618353632454899993e-02
-3.674685243168839249e-03 -7.009266240036499118e-02
-3.244694457515291935e-03 -7.354684593842518436e-02
-2.274925925621098990e-03 -7.644893845383436692e-02
-2.649705215586971915e-03 -8.261082045396063445e-02
-6.851988796338148030e-03 -8.437948035352237086e-02
-1.133435445154867133e-02 -8.451313415940996110e-02
-1.001730379999966544e-02 -8.789300346172175538e-02
-8.455975438906670680e-03 -9.194304564742394881e-02
-6.681598047666813603e-03 -9.440305912957523693e-02
-6.152393112431633372e-03 -9.752950675266798541e-02
-5.759602902380908662e-03 -1.011065756325258691e-01
-4.902523618640787680e-03 -1.048241968397376767e-01
-6.078571885223892947e-03 -1.084629253589487752e-01
-2.818869315964059059e-03 -1.109403037302997136e-01
-1.635652894202497230e-03 -1.137281498907823929e-01
1.671476522314753216e-04 -1.157495659108631059e-01
9.484940269882869606e-04 -1.180431101050468667e-01
7.153627540639910520e-03 -1.339330262396232207e-01
6.324668675359789230e-03 -1.375576011667322962e-01
6.957952607221842140e-03 -1.444271362596608876e-01
3.359178349547542377e-03 -1.485845262788232923e-01
-2.829997614253717229e-03 -1.482014843991592556e-01
-8.363785088467195691e-03 -1.480168455893769719e-01
-1.035213813511453966e-02 -1.497104286109375015e-01
-1.484411734542695656e-02 -1.498262517684498252e-01
-1.889549486401698175e-02 -1.508505882116917829e-01
-1.423417313370286402e-02 -1.529324256217906297e-01
-9.679587962963191738e-03 -1.550714278795262968e-01
-4.164635889453320756e-03 -1.589618992987272827e-01
-3.635443568858910852e-03 -1.620883885919935929e-01
-4.803036527392043342e-03 -1.661917535265343693e-01
-1.028018302420988760e-02 -1.646380310837798344e-01
-1.448825871764447548e-02 -1.736640645238183567e-01
-1.459267276145963244e-02 -1.744522575817724630e-01
-6.561378813043645952e-03 -1.813552842037652602e-01
-5.178189599987149082e-03 -1.845166767861566304e-01
-4.875070710122483830e-03 -1.884392453299021108e-01
-1.155460905774785335e-03 -1.889541234824982929e-01
2.751322318090950771e-03 -1.927900420515376023e-01
4.544708620760166094e-03 -1.936608763878480133e-01
6.462785503730547262e-03 -1.921994379031321809e-01
9.463854525274609242e-03 -1.871605316788379769e-01
1.163822306457684003e-02 -1.848524802781153498e-01
1.476475402801668592e-02 -1.843233005721616746e-01
1.789120165110943614e-02 -1.837940956369265022e-01
2.006557019041164611e-02 -1.814860442362039028e-01
2.374344295726655771e-02 -1.806616931988976327e-01
3.219361497252878207e-02 -1.807156123126261449e-01
3.644576959484009671e-02 -1.813917055741419981e-01
3.697505787042235786e-02 -1.845181784265162994e-01
3.757112233924429778e-02 -1.887530073832562050e-01
4.044056994856670001e-02 -1.877435156402866567e-01
4.561518994196832322e-02 -1.878343455277134144e-01
4.698144314164481861e-02 -1.808099562338846555e-01
5.150224436687187574e-02 -1.817313179629261310e-01
5.454329996040690326e-02 -1.852753630929789286e-01
5.507258823598917136e-02 -1.884018359453532021e-01
5.518842400814229915e-02 -1.928937734854920816e-01
5.886188198556394080e-02 -1.954814859585948528e-01
5.897773037235782417e-02 -1.999733818285601705e-01
6.128572748826611322e-02 -2.021477794233952074e-01
6.392093584052459254e-02 -2.024536077144764579e-01
6.645657642876463822e-02 -2.004785464077691037e-01
6.992112957119418770e-02 -2.030179383530988646e-01
7.199374839061269127e-02 -2.053297386643658795e-01
7.253662114277213691e-02 -2.084603238896280963e-01
7.422722806413650787e-02 -2.132649977700324939e-01
7.703087183895090950e-02 -2.123250167817530287e-01
7.560754794045777827e-02 -2.077205284269975916e-01
7.354521213014017511e-02 -2.051286268336451057e-01
7.722753150869519911e-02 -1.992674475311830840e-01
8.334097424332433113e-02 -2.026087269603786545e-01
8.559725340899550228e-02 -2.047078321761244268e-01
8.998451020633965736e-02 -2.016387333996784714e-01
1.023728745487645919e-01 -2.038984301560061996e-01
1.072901213861442160e-01 -2.069073853700753585e-01
1.086911678565634642e-01 -2.073017231591805787e-01
1.132989121133226723e-01 -2.116777706423520478e-01
1.156069218438717516e-01 -2.138521265670134952e-01
1.188480335690488277e-01 -2.177697433482565226e-01
1.220985921686335574e-01 -2.217051403193116832e-01
1.226564003627739347e-01 -2.248849625295120391e-01
1.249643974786822237e-01 -2.270593601243470483e-01
1.300033037029764693e-01 -2.300604291458911155e-01
1.323113134335255070e-01 -2.322347850705525907e-01
1.366692330650557397e-01 -2.321678098861645612e-01
1.393330584194250321e-01 -2.286366197924089572e-01
1.424595893828648763e-01 -2.281074400864553098e-01
1.455860496205983734e-01 -2.275781934810465756e-01
1.435783985009946861e-01 -2.254947638869870818e-01
1.371740440298279129e-01 -2.220803383170017187e-01
1.348660342992788197e-01 -2.199059823923402435e-01
1.311925889364979336e-01 -2.173182282490639106e-01
1.275190476187292032e-01 -2.147304905466796421e-01
1.252110378881801378e-01 -2.125561346220181669e-01
1.229030407722718349e-01 -2.103817370271831577e-01
1.227871923854779446e-01 -2.058898411572178122e-01
1.215966270644492919e-01 -2.049480773929824029e-01
1.163923807437067109e-01 -2.024931793361526566e-01
1.188199848368614725e-01 -1.972806704257118737e-01
1.219464324599542349e-01 -1.967514654904767291e-01
1.250728926976877320e-01 -1.962222188850679672e-01
1.303102019918637167e-01 -1.985678994170242961e-01
1.353491082161579206e-01 -2.015689684385683633e-01
1.376571053320662374e-01 -2.037433660334033725e-01
1.413361294327989404e-01 -2.084792052061019696e-01
1.482737362709917461e-01 -2.128897823479594942e-01
1.505817333869000629e-01 -2.150641799427945033e-01
1.525080854742093539e-01 -2.135754058242301245e-01
1.548619123046849622e-01 -2.138258933936153794e-01
1.506910381474195482e-01 -2.095820978041773863e-01
1.479366281026218977e-01 -2.072576845666887213e-01
1.461055140991873169e-01 -2.017844565958421266e-01
1.484382277702963882e-01 -1.990026275768488340e-01
1.438908629131930017e-01 -1.961503608577160884e-01
1.428490998945756429e-01 -1.947170557262898061e-01
1.361305904099084363e-01 -1.923403841583831431e-01
1.384799389586073015e-01 -1.856135577992034380e-01
1.384832788413357663e-01 -1.826483252850303607e-01
1.312732732347614006e-01 -1.789900082505807566e-01
1.289652761188531116e-01 -1.768156106557457474e-01
1.290313056225446398e-01 -1.717229142235426054e-01
1.272510723060891469e-01 -1.705132114054537795e-01
1.238115445762008188e-01 -1.716333393465317159e-01
1.218223422920321763e-01 -1.687505676868151505e-01
1.196610302957684807e-01 -1.658454892233030831e-01
1.190881257635622303e-01 -1.604997348944131874e-01
1.154146677861405818e-01 -1.579120224213104162e-01
1.170502885608120519e-01 -1.524597596485748885e-01
1.188659718193700449e-01 -1.515337069034027040e-01
1.151925138419483963e-01 -1.489459944302999328e-01
1.150765821148073964e-01 -1.444540733310530900e-01
1.153741028910956062e-01 -1.385966875440416135e-01
1.154897331622575934e-01 -1.333401439894415230e-01
1.133541355603489426e-01 -1.277896158347436584e-01
1.164132414497873469e-01 -1.246762219879553879e-01
1.183478561267947704e-01 -1.231601539057160521e-01
1.177337416822582666e-01 -1.212004493632576063e-01
1.108333669217463485e-01 -1.194245366874152198e-01
1.085253571911973247e-01 -1.172501807627537584e-01
1.076438829764277821e-01 -1.134655840509651709e-01
1.065854857205982137e-01 -1.072126471346061122e-01
1.057156073852699718e-01 -1.020602053593691327e-01
1.019953544847696791e-01 -9.795282449511560907e-02
9.856158623692179432e-02 -9.294838038967483118e-02
9.744535793437776594e-02 -9.013609762798921454e-02
9.594144223246382774e-02 -8.717665658612198942e-02
9.134362705017992634e-02 -8.429419687066866396e-02
8.808392448092008942e-02 -8.181681849931772554e-02
8.539768684004957200e-02 -7.951304281411331054e-02
8.174203428172165109e-02 -7.691580012625573448e-02
7.844132826168902228e-02 -7.442600894839643266e-02
7.511336994815498436e-02 -7.192796779547973307e-02
6.908185077472429880e-02 -6.861148875001933656e-02
6.438836087397056818e-02 -6.570006581937981593e-02
6.103315026693510725e-02 -6.319377469140571857e-02
5.872919479820840755e-02 -6.100572572053847981e-02
5.591167738528984160e-02 -5.657540257446910803e-02
5.249656379405695517e-02 -5.613778293555062027e-02
4.860357066542590060e-02 -5.117320486891745179e-02
4.667872448699757204e-02 -4.768385102256389452e-02
4.343370617558863639e-02 -5.190363923332415308e-02
3.929758068415982464e-02 -4.744678476583260446e-02
3.678472668776142096e-02 -4.521039443210556064e-02
3.532133822368423853e-02 -4.516985234631361312e-02
3.092864388865977643e-02 -4.495800648831361351e-02
2.851593063257977512e-02 -4.258796642270493843e-02
2.800365636397058114e-02 -3.650037782324027508e-02
2.557232706905013253e-02 -3.281300552462404485e-02
2.103242679653891459e-02 -2.860654072388039287e-02
1.859111028155373269e-02 -2.618312607116411728e-02
1.709294775435987040e-02 -1.709913381786494491e-02
1.478907562598026811e-02 -1.491111007627921904e-02
1.248520349760066407e-02 -1.272308633469349318e-02
1.027185224711717887e-02 -1.038360304793767112e-02
6.378280155054556928e-03 -3.451270583501918430e-03
5.291986279147977779e-04 -3.126468458179522403e-03
