-7.310632488805479017e-04 -2.639596653103060912e-03
-1.462126497761095803e-03 -5.279193306206121823e-03
-4.246100430228884684e-03 -7.350159164558737503e-03
-7.616550340426578129e-03 -9.258630264718129693e-03
-9.520802216815359154e-03 -1.157335254677084591e-02
-1.025186546569590781e-02 -1.421294919987390638e-02
-1.186265077065546368e-02 -1.660878942927686633e-02
-1.523332926341743228e-02 -1.851738996118262523e-02
-1.831054118475017312e-02 -2.050710844043862960e-02
-1.904160443363071831e-02 -2.314670509354169181e-02
-1.977266768251126697e-02 -2.578630174664475055e-02
-2.284987960384400607e-02 -2.777602022590075492e-02
-2.622055809660597814e-02 -2.968462075780651729e-02
-2.783134340156553227e-02 -3.208046098720947897e-02
-2.856240665044608093e-02 -3.472005764031253772e-02
-2.971759346371394619e-02 -3.661063208952548831e-02
-3.140293271009493570e-02 -3.756493235547836429e-02
-3.287598563646005473e-02 -3.889360714842479694e-02
-3.360704888534060686e-02 -4.153320380152786262e-02
-3.433811213422115205e-02 -4.417280045463092830e-02
-3.602345138060213114e-02 -4.512710072058380428e-02
-3.770879062698312412e-02 -4.608140098653668720e-02
-3.922039386628894952e-02 -5.039943345655963081e-02
-4.068229987096991934e-02 -5.567848304460911585e-02
-4.226845705169716971e-02 -5.855497555118198416e-02
-4.395379629807816269e-02 -5.950927581713486708e-02
-4.629564485191826201e-02 -6.454471269964089097e-02
-4.995074060324086740e-02 -7.774255224699955225e-02
-5.309368573569073213e-02 -8.966121715735500541e-02
-5.213940973819029823e-02 -9.134651354450519511e-02
-5.118513374068986432e-02 -9.303180993165537094e-02
-5.237865037381830846e-02 -9.791159833978820004e-02
-5.384077687157939884e-02 -1.031907916459943175e-01
-5.305571626946192082e-02 -1.071975271672708785e-01
-5.114716427446104607e-02 -1.105681199415712579e-01
-5.073674240570200111e-02 -1.147870083815511338e-01
-5.219864841038297093e-02 -1.200660579696006258e-01
-5.274935743168056301e-02 -1.243345759972700887e-01
-5.010974218779914308e-02 -1.250655721184673885e-01
-4.747012694391773008e-02 -1.257965682396647022e-01
-4.820119828228242725e-02 -1.284361506063574909e-01
-4.893225344167882046e-02 -1.310757615458708336e-01
-5.040530636804394643e-02 -1.324044363388172663e-01
-5.209064561442492552e-02 -1.333587366047701284e-01
-5.124925337820650240e-02 -1.365917069873901213e-01
-4.838643347518933879e-02 -1.416475818624303995e-01
-4.672164272750870678e-02 -1.458980880938173241e-01
-4.745248548330913141e-02 -1.485375410287637643e-01
-4.780912240242720518e-02 -1.509651427677303759e-01
-4.516951524802992335e-02 -1.516961246025174126e-01
-4.252990809363265540e-02 -1.524271064373044493e-01
-4.288654501275074304e-02 -1.548547081762710609e-01
-4.361738776855116767e-02 -1.574941611112175011e-01
-4.210147632114910610e-02 -1.588614579839578989e-01
-3.946186916675182427e-02 -1.595924398187449633e-01
-3.832039213859638610e-02 -1.611717173192115105e-01
-3.905144729799277931e-02 -1.638113282587248254e-01
-3.877168242219182492e-02 -1.673623124421648733e-01
-3.495459461115838634e-02 -1.741034694179450504e-01
-3.113749062115663338e-02 -1.808446549665457814e-01
-2.849788346675936543e-02 -1.815756368013328181e-01
-2.585826013339381432e-02 -1.823066472089403811e-01
-2.304513746500149590e-02 -1.864015049659541179e-01
-2.018231756198433230e-02 -1.914573798409944239e-01
-1.744352834193333909e-02 -1.941105539164014182e-01
-1.480392118753607114e-02 -1.948415357511884549e-01
-1.208998058479749359e-02 -1.970142012675822063e-01
-9.227144502812045096e-03 -2.020701047154430108e-01
-6.389173217107311890e-03 -2.066454710314700183e-01
-3.749566062710043939e-03 -2.073764528662570550e-01
-1.109958908312776204e-03 -2.081074347010441195e-01
8.797814275856250541e-04 -2.111847851821114230e-01
2.788317243618188782e-03 -2.145553493835912484e-01
8.703737122704092999e-03 -2.171408820750261592e-01
1.662234618229994215e-02 -2.193339855839541719e-01
2.186987316019413027e-02 -2.220503952421752636e-01
2.377842515519500502e-02 -2.254209880164756152e-01
2.584932147405430772e-02 -2.282050390586688460e-01
2.848894480741986229e-02 -2.289360494662763812e-01
3.112855196181713024e-02 -2.296670313010634179e-01
3.281389120819812322e-02 -2.287127310351105280e-01
3.449923045457911619e-02 -2.277584307691576659e-01
3.897968246562788508e-02 -2.286835251535449531e-01
4.425868437082645240e-02 -2.301456468276859291e-01
4.713521405895605004e-02 -2.317316697530467096e-01
4.808948196697233890e-02 -2.334169518537866084e-01
5.224500056877164761e-02 -2.355152305613140429e-01
6.280346154429733430e-02 -2.384392150461032700e-01
7.256291546054466357e-02 -2.408264311046315054e-01
7.593359395330663564e-02 -2.389178305727257534e-01
7.930427244606860770e-02 -2.370092300408200015e-01
8.437121661381559445e-02 -2.380968477562210583e-01
8.965043092261013036e-02 -2.395588114257951318e-01
9.253358692073165859e-02 -2.394100378080624980e-01
9.421892616711263768e-02 -2.384557375421096359e-01
9.750157760538916141e-02 -2.385753338510971933e-01
1.027805795105877495e-01 -2.400374555252381970e-01
1.083847434076000010e-01 -2.403262634444925938e-01
1.151258718105596657e-01 -2.365091918124274661e-01
1.218670002135193303e-01 -2.326921201803623107e-01
1.245066073679166052e-01 -2.334231020151493474e-01
1.271462307012821980e-01 -2.341541124227569381e-01
1.283011889319857768e-01 -2.322636674052903638e-01
1.290322440913821700e-01 -2.296240564657769934e-01
1.308236202959730810e-01 -2.288570224656043539e-01
1.334632274503703697e-01 -2.295880043003913906e-01
1.354666613924128959e-01 -2.291954742589586702e-01
1.361975041482132998e-01 -2.265560213240122578e-01
1.371406332240295844e-01 -2.242909429160593604e-01
1.397802403784268455e-01 -2.250219247508463971e-01
1.424198475328241342e-01 -2.257529065856334338e-01
1.433629766086404189e-01 -2.234878281776805642e-01
1.440938193644408505e-01 -2.208483752427341518e-01
1.499552257113214715e-01 -2.167875471869688542e-01
1.583816933606621291e-01 -2.120161752889508366e-01
1.633880138651802316e-01 -2.081922573730656534e-01
1.641190690245766248e-01 -2.055526464335523384e-01
1.650619695178286717e-01 -2.032876974573458728e-01
1.667473087642096508e-01 -2.023333971913929830e-01
1.684326480105906299e-01 -2.013790969254400931e-01
1.698947745083516925e-01 -1.960999036192339340e-01
1.713566724235485450e-01 -1.908208397447742066e-01
1.729923144353046616e-01 -1.889055223607947753e-01
1.746776536816856407e-01 -1.879512220948419132e-01
1.758328404949535129e-01 -1.860606476456289626e-01
1.765639118333182100e-01 -1.834210652789361462e-01
1.776130616883761226e-01 -1.813432245639429730e-01
1.792981723521928361e-01 -1.803890537297364594e-01
1.808774746403638833e-01 -1.792474871980033468e-01
1.816085459787285805e-01 -1.766079048313105582e-01
1.823396173170932777e-01 -1.739683224646177695e-01
1.815725423502478619e-01 -1.721770071907839927e-01
1.806182744422315523e-01 -1.704917250900440662e-01
1.812747837496906933e-01 -1.664105884734909113e-01
1.827369102474517837e-01 -1.611313951672847800e-01
1.831250382728425163e-01 -1.574495340170585789e-01
1.821707541858579582e-01 -1.557642233434981538e-01
1.815909045181199610e-01 -1.538669320422115239e-01
1.823219596775163820e-01 -1.512273211026981812e-01
1.830530310158810792e-01 -1.485877387360053925e-01
1.801902111128639294e-01 -1.435318638609651143e-01
1.773273912098467797e-01 -1.384759889859248361e-01
1.772596840714973920e-01 -1.352995087612247349e-01
1.779907392308937852e-01 -1.326598978217113922e-01
1.735443169210934833e-01 -1.230602744220511413e-01
1.649558410330737301e-01 -1.078926212241097665e-01
1.594739624743596318e-01 -9.690095801694265099e-02
1.602048052301600634e-01 -9.426150508199622469e-02
1.605614421492781441e-01 -9.183390334302961311e-02
1.579218349948808831e-01 -9.110292150824257640e-02
1.552822278404835943e-01 -9.037193967345553969e-02
1.532924875045852120e-01 -8.729458919238820835e-02
1.513839516885526204e-01 -8.392402499090836909e-02
1.531844927981113325e-01 -7.400192484362896894e-02
1.568395885494339448e-01 -6.080408529627030767e-02
1.575978346964909127e-01 -5.122489988914429720e-02
1.547350147934737630e-01 -4.616902501410401899e-02
1.526707286056381008e-01 -4.165014885599688937e-02
1.534017837650344940e-01 -3.901053791648356056e-02
1.541328551033991634e-01 -3.637095554979075801e-02
1.474529312103802781e-01 -2.457389512614975222e-02
1.407730154068455308e-01 -1.277684898891901649e-02
1.372356843821288808e-01 -9.586661910168591330e-03
1.345960691382474816e-01 -8.855665788971282815e-03
1.338290022608862040e-01 -7.064364801547757047e-03
1.345600655097667631e-01 -4.424768148444695702e-03
1.332877029060889340e-01 -2.177715823184627440e-03
1.280084724183260803e-01 -7.157235807900269977e-04
1.231038968428899844e-01 9.583930074873819004e-04
1.211953448478891165e-01 4.328985781787740919e-03
1.192867928528882487e-01 7.699578556088106443e-03
1.143822172774521390e-01 9.373695144365508727e-03
1.091029867896893130e-01 1.083568738676011535e-02
1.067071408826122669e-01 1.244658267863371984e-02
1.057528648851118330e-01 1.413187906578390433e-02
9.935700598650595849e-02 1.669264024963179605e-02
8.615916643914729722e-02 2.034773600095440491e-02
7.551976188425668646e-02 2.297857905143640619e-02
7.383442263787569348e-02 2.202427878548353021e-02
7.214908339149470051e-02 2.106997851953064035e-02
6.950946814761328751e-02 2.180097464072794713e-02
6.686985290373186064e-02 2.253197076192525392e-02
6.497268450246355964e-02 2.195230388645865935e-02
6.328734525608258055e-02 2.099800362050577643e-02
5.960542696021530612e-02 2.138609928795992890e-02
5.432619647245245931e-02 2.284809153035453205e-02
4.968338395857695156e-02 2.318667275545520726e-02
4.631270546581497949e-02 2.127807222354944489e-02
4.302343580703065634e-02 1.966285770303336303e-02
4.038382056314923640e-02 2.039385382423066981e-02
3.774420531926782341e-02 2.112484994542797312e-02
3.445493566048349332e-02 1.950963542491188779e-02
3.108425716772152819e-02 1.760103489300612889e-02
2.947347186276197059e-02 1.520519466360316894e-02
2.874240861388142193e-02 1.256559801050010847e-02
2.716309823622622965e-02 1.142404576517726603e-02
2.452348299234481319e-02 1.215504188637456934e-02
2.022361379144325955e-02 1.145134432794181999e-02
1.011180689572162977e-02 5.725672163970909993e-03
