-2.246910418678105606e-03 -1.600124160512351752e-03
-4.493740424152118350e-03 -3.200261838840906276e-03
-7.657821172147871031e-03 -4.131570369721100297e-03
-1.342843352425990983e-02 -3.161504843370507856e-03
-1.919904587637194515e-02 -2.191439317019915848e-03
-2.313537164111350089e-02 -2.559326702750009449e-03
-2.538220164658751277e-02 -4.159464381078564407e-03
-2.762911206526561664e-02 -5.759588541590914858e-03
-2.962356374853886143e-02 -5.857915702464957727e-03
-3.154704759044014983e-02 -5.534569538892229051e-03
-3.366855472695816365e-02 -5.421691956514208301e-03
-4.040925964105319956e-02 -1.022239960868383951e-02
-4.714991048388342265e-02 -1.502278560803709667e-02
-5.243885449253181397e-02 -1.827921635609931067e-02
-5.436241874763719090e-02 -1.795585667471038052e-02
-5.628590258953847236e-02 -1.763251051113765011e-02
-5.821875957613745212e-02 -2.397271024595182612e-02
-6.015889062883863353e-02 -3.551393495017589330e-02
-6.209902168153982188e-02 -4.705515965439997089e-02
-6.429130133590353624e-02 -5.042567095911454356e-02
-6.653813134137753771e-02 -5.202580863744309114e-02
-6.865355246309633175e-02 -5.381076201026505773e-02
-6.930024479024179951e-02 -5.765772969406762066e-02
-6.994699118865206622e-02 -6.150501903068655851e-02
-6.982420059753484398e-02 -6.480397969689431770e-02
-6.822398250600220093e-02 -6.705082322018453278e-02
-6.662384482767363947e-02 -6.929765322565856200e-02
-6.618302431275190079e-02 -7.134959687493575009e-02
-6.650642454758944055e-02 -7.327340236965339260e-02
-6.682977071116216750e-02 -7.519688621155468100e-02
-6.881316706002796324e-02 -7.684130825576385160e-02
-7.105999706550196471e-02 -7.844144593409241306e-02
-7.322922510523932615e-02 -8.102998829006644033e-02
-7.484600999436777369e-02 -9.064772915238922257e-02
-7.646279488349623510e-02 -1.002654700147120187e-01
-7.377687236879014454e-02 -1.113652382197590912e-01
-6.417577871726726224e-02 -1.248465939766843641e-01
-5.457463099447955324e-02 -1.383276280807932412e-01
-5.157144833099996245e-02 -1.456060814887390475e-01
-5.221819472941023610e-02 -1.494533708253580062e-01
-5.286488705655568998e-02 -1.533003385091605553e-01
-4.858665361778784220e-02 -1.597635324041422056e-01
-4.378613382765880052e-02 -1.665043711090129774e-01
-3.945855365652622959e-02 -1.721900163811524442e-01
-3.753498940142085266e-02 -1.725133760625413848e-01
-3.561150555951957120e-02 -1.728367222261140979e-01
-3.382528231703538224e-02 -1.739770800610865031e-01
-3.222506422550273919e-02 -1.762239235843767460e-01
-3.062492654717418120e-02 -1.784707535898507336e-01
-3.034219839149900066e-02 -1.804961212124730763e-01
-3.066554455507172761e-02 -1.824196050543743508e-01
-3.098889071864445802e-02 -1.843430888962756531e-01
-2.918848354896299777e-02 -1.847542288443924374e-01
-2.726491929385762084e-02 -1.850775885257813780e-01
-2.540788903640965948e-02 -1.857962460006745975e-01
-2.380767094487701296e-02 -1.880430895239648403e-01
-2.220753326654845497e-02 -1.902899195294388279e-01
-2.045672670251580047e-02 -1.916409599591345492e-01
-1.853316244741042354e-02 -1.919643196405234897e-01
-1.660967860550913860e-02 -1.922876658040962305e-01
-1.492089178221526515e-02 -1.940076420141700064e-01
-1.332067369068261863e-02 -1.962544855374602215e-01
-1.172053601235406757e-02 -1.985013155429342369e-01
-9.801405600963231449e-03 -1.988510507552656292e-01
-7.877841345857854519e-03 -1.991744104366545698e-01
-6.034112619553522530e-03 -1.999721945043751725e-01
-4.433894528020872541e-03 -2.022190380276653876e-01
-2.833676436488226456e-03 -2.044658815509556027e-01
-1.069648754516040008e-03 -2.057377818700077687e-01
8.539155005893368138e-04 -2.060611415513966815e-01
2.777399342490618171e-03 -2.063844877149694224e-01
4.452884634640873543e-03 -2.081835905178705537e-01
6.053102726173516593e-03 -2.104304340411607688e-01
7.662108091931152734e-03 -2.126245129847498805e-01
9.585672347036536603e-03 -2.129478726661387933e-01
1.150923660214190659e-02 -2.132712323475277338e-01
1.333971786856742725e-02 -2.141478213552593657e-01
1.493993596010007377e-02 -2.163946648785495808e-01
1.654009998036790746e-02 -2.186418300546561777e-01
1.937140505952888309e-02 -2.200117817978519963e-01
2.321853356973963695e-02 -2.206585011606298496e-01
2.706558166674630228e-02 -2.213052070055915310e-01
3.168322489871362724e-02 -2.268772186285893666e-01
3.648379876010748174e-02 -2.336177356806438121e-01
4.108725806487753540e-02 -2.399189651904973242e-01
4.301082231998290539e-02 -2.402423248718862370e-01
4.493438657508828926e-02 -2.405656845532751775e-01
4.675156631037018229e-02 -2.415214001538341648e-01
4.835178440190281146e-02 -2.437682436771243799e-01
4.995200249343546145e-02 -2.460150872004145950e-01
5.967389431251736431e-02 -2.484623452343501515e-01
7.506216711374810724e-02 -2.510491821320129935e-01
9.045043991497885016e-02 -2.536360190296758632e-01
9.467753767652883901e-02 -2.526667720773288495e-01
9.692444809520693594e-02 -2.510666479168165433e-01
9.934670484336088903e-02 -2.497126365472951970e-01
1.031937529403675613e-01 -2.503593423922568784e-01
1.070408010373742058e-01 -2.510060482372185042e-01
1.102960391555343339e-01 -2.508216659324197240e-01
1.125429495742124447e-01 -2.492215417719073622e-01
1.147898599928905694e-01 -2.476214176113950283e-01
1.168329494725548340e-01 -2.472332677451540839e-01
1.187565137276602317e-01 -2.475566274265430244e-01
1.206800779827656017e-01 -2.478799871079319372e-01
1.248921416288831937e-01 -2.450656467444537190e-01
1.293859624662394014e-01 -2.418653984234289955e-01
1.332512858924909116e-01 -2.388574958351322719e-01
1.335746320560636247e-01 -2.369340119932309696e-01
1.338979782196363655e-01 -2.350105281513296951e-01
1.359352355577855276e-01 -2.325621954711520611e-01
1.404290300532024804e-01 -2.293616119794948116e-01
1.449227704773545788e-01 -2.261613501406538884e-01
1.468342820916766767e-01 -2.225270041879063299e-01
1.474809744188221305e-01 -2.186800365041037530e-01
1.481277208172324111e-01 -2.148327471674848221e-01
1.502650032129750346e-01 -2.130785896515036415e-01
1.525119136316531177e-01 -2.114784654909913075e-01
1.546968043095924561e-01 -2.102472771108570004e-01
1.566202881514937306e-01 -2.105706232744297413e-01
1.585438524065991006e-01 -2.108939829558186541e-01
1.600363462302654693e-01 -2.084625566320172374e-01
1.610064387922484630e-01 -2.026917834534970320e-01
1.619764772829666577e-01 -1.969213319277931806e-01
1.611157220842174276e-01 -1.936607106744769879e-01
1.595155039926847984e-01 -1.914138671511867451e-01
1.579152859011521137e-01 -1.891670236278965578e-01
1.585004939634525045e-01 -1.853636311835496486e-01
1.591471862905979584e-01 -1.815166634997470718e-01
1.601665933771271588e-01 -1.781927442903997738e-01
1.624134233826011742e-01 -1.765926066120712401e-01
1.646603338012792572e-01 -1.749924824515588784e-01
1.664369781310611474e-01 -1.703872261468629967e-01
1.677304168566168818e-01 -1.626929691264414612e-01
1.690238555821726163e-01 -1.549987121060199813e-01
1.681372062571098169e-01 -1.514086181208832149e-01
1.665369881655771600e-01 -1.491617745975929998e-01
1.649631456049869827e-01 -1.469193649180173256e-01
1.652864917685596957e-01 -1.449958810761160233e-01
1.656098379321324365e-01 -1.430723972342147488e-01
1.654061559560805472e-01 -1.410603176249198287e-01
1.638060723490168125e-01 -1.388131659666294593e-01
1.622058542574841555e-01 -1.365663224433392442e-01
1.616333169142583071e-01 -1.344922366111217515e-01
1.619566630778310201e-01 -1.325687527692204493e-01
1.622800092414037609e-01 -1.306452689273191747e-01
1.585323553899214144e-01 -1.248943865628169558e-01
1.537318355997923935e-01 -1.181535478579461423e-01
1.492297110820335060e-01 -1.115716849829712365e-01
1.498764574804437588e-01 -1.077243956463523056e-01
1.505231498075892405e-01 -1.038774279625497288e-01
1.503600272896770673e-01 -1.011405643101137425e-01
1.484365434477757928e-01 -1.008172181465410155e-01
1.465129791926704228e-01 -1.004938584651520889e-01
1.429341650902932193e-01 -9.647832052219292021e-02
1.381335912288993439e-01 -8.973780347013848857e-02
1.333330714387703508e-01 -8.299696476526767508e-02
1.309366743198118466e-01 -8.161876033959614141e-02
1.290131100647064766e-01 -8.129540065820721473e-02
1.266602620337156926e-01 -8.014115332277019221e-02
1.202594700807891742e-01 -7.115379274742553162e-02
1.138588126123315780e-01 -6.216612403708070972e-02
1.083676285522183758e-01 -5.614926739250141602e-02
1.045205000420076080e-01 -5.550254802972354878e-02
1.006734519450009496e-01 -5.485584218476188822e-02
9.821140322443872028e-02 -5.322284425856642354e-02
9.661131961737498552e-02 -5.097569260027604021e-02
9.501110152584232860e-02 -4.872884907698582513e-02
9.509730915054520617e-02 -4.676550119510226866e-02
9.542065531411793311e-02 -4.484201735320098026e-02
9.517268897218542079e-02 -4.309337140051428677e-02
9.132564087517876239e-02 -4.244666555555262621e-02
8.747859277817210399e-02 -4.179995971059096566e-02
8.388843726028483161e-02 -3.962508133504853702e-02
8.068805514848435834e-02 -3.513107263565173194e-02
7.748769937862316770e-02 -3.063739910688750498e-02
7.512686605625693015e-02 -2.888581153930716919e-02
7.320338221435565562e-02 -2.856246537573444225e-02
7.127981795925027175e-02 -2.823910569434550863e-02
6.965305087669516892e-02 -2.615019370389367465e-02
6.805291319836662134e-02 -2.390336369841966277e-02
6.639510920980973285e-02 -2.199908042456504356e-02
6.447162536790844445e-02 -2.167573426099231662e-02
6.254806111280307446e-02 -2.135237457960338300e-02
6.076621764276862736e-02 -2.018596286650487653e-02
5.916613403570487872e-02 -1.793881120821449321e-02
5.756591594417222180e-02 -1.569196768492427813e-02
5.439600305466132935e-02 -1.456309340186777435e-02
5.054887454445057549e-02 -1.391637403908991232e-02
4.670182644744391709e-02 -1.326966819412825002e-02
4.500926064514435693e-02 -1.108866325033798679e-02
4.340917703808061523e-02 -8.841511592047605200e-03
3.963011978628978166e-02 -6.661998877078242204e-03
2.808889508206570754e-02 -4.721867824377057321e-03
1.654767037784163342e-02 -2.781736771675872438e-03
9.462638132904146668e-03 -2.538949995849206030e-03
7.215808127430133924e-03 -4.139087674177760988e-03
4.968843637487216358e-03 -5.739533487506483754e-03
3.200355769861202345e-03 -4.493673528764227827e-03
1.600218091532647604e-03 -2.246843523290215083e-03
