-6.892784932282199246e-03 -1.356031065717678598e-02
-1.378545987381172774e-02 -2.712095870913906748e-02
-1.984507787324161360e-02 -3.704628495453128612e-02
-2.393565225257959783e-02 -3.837981283991348525e-02
-2.802639532931032462e-02 -3.971339572067202062e-02
-3.129723687695857431e-02 -3.943449113112892923e-02
-3.400939800007133501e-02 -3.805563048936554810e-02
-3.672144913243142322e-02 -3.667710724238765208e-02
-3.824406026540821263e-02 -3.894717120574965608e-02
-3.962275220977885121e-02 -4.165927733348608747e-02
-4.190124979060242533e-02 -4.423660043813448101e-02
-4.803728005700214770e-02 -4.623694726158411594e-02
-5.417314162600911365e-02 -4.823723908965741464e-02
-5.866530051333908313e-02 -5.190312263295203399e-02
-6.142251570468762467e-02 -5.732727989304855359e-02
-6.417945220789073035e-02 -6.275171955255422207e-02
-6.637877819859282214e-02 -6.444699310477855492e-02
-6.842406538826181772e-02 -6.511375704746966142e-02
-7.041523712761670051e-02 -6.594651922462416160e-02
-7.179376037459458959e-02 -6.865857035698424982e-02
-7.317228362157249255e-02 -7.137062148934433803e-02
-7.505561313919729971e-02 -7.253476034123099159e-02
-7.776766427155737404e-02 -7.115623709425310250e-02
-8.047971540391747614e-02 -6.977771384727521342e-02
-7.952678420762467060e-02 -7.026208443718991170e-02
-7.681473307526458238e-02 -7.164060768416780078e-02
-7.410268194290448029e-02 -7.301913093114568987e-02
-7.537053970024011618e-02 -7.569510509662971676e-02
-7.674923164461074088e-02 -7.840721122436614121e-02
-7.702211217952244227e-02 -8.075882266022364753e-02
-7.431006104716234018e-02 -8.213734590720153661e-02
-7.159789992404959336e-02 -8.351620654896492468e-02
-6.966828736199613681e-02 -8.643379104260894008e-02
-6.833475947661393768e-02 -9.052436542194691738e-02
-6.700112160047906606e-02 -9.461527719607039366e-02
-6.801323609169929174e-02 -9.751357223131318364e-02
-6.939175933867718082e-02 -1.002256233636732718e-01
-6.989801896213621024e-02 -1.044878489568643876e-01
-6.589732531523694037e-02 -1.167599094896638323e-01
-6.189674165909033604e-02 -1.290316326276777781e-01
-6.100091264029609134e-02 -1.381574813430338777e-01
-6.375795913425189032e-02 -1.435815836077540542e-01
-6.651517432560040410e-02 -1.490057408678505946e-01
-6.513335266668660029e-02 -1.513684655178729743e-01
-6.242130153432651901e-02 -1.527469887648508773e-01
-5.993024398646545209e-02 -1.541975559548282304e-01
-6.130893593083609761e-02 -1.569096620825646549e-01
-6.268745917781398669e-02 -1.596217132149247153e-01
-6.262868063858437195e-02 -1.618652037409067379e-01
-5.991662950622429068e-02 -1.632437269878846409e-01
-5.720457837386419553e-02 -1.646222502348625161e-01
-5.581916353806933712e-02 -1.664332571213424372e-01
-5.515239959537824449e-02 -1.684785443110114189e-01
-5.448563565268713799e-02 -1.705238315006804284e-01
-5.188408131257657430e-02 -1.719383767191580425e-01
-4.917203018021649302e-02 -1.733168999661359178e-01
-4.679523129887875471e-02 -1.753552618865318047e-01
-4.546170341349655558e-02 -1.794458362658697959e-01
-4.412817552811435645e-02 -1.835364106452077593e-01
-4.204933463641589292e-02 -1.861612400107624521e-01
-3.933728350405579777e-02 -1.875397632577403273e-01
-3.662523237169570262e-02 -1.889182865047182303e-01
-3.562680935486330774e-02 -1.908554527845116866e-01
-3.496004541217220124e-02 -1.929007399741806961e-01
-3.401695514016092603e-02 -1.948559447374122178e-01
-3.130473531040809526e-02 -1.962344129890137567e-01
-2.859268417804798623e-02 -1.976129362359916597e-01
-2.676511347586230452e-02 -1.992798002410963720e-01
-2.609823954241853594e-02 -2.013254248255508527e-01
-2.543147559972743291e-02 -2.033707120152198344e-01
-2.327224582340044548e-02 -2.049294551104490214e-01
-2.056002599364761124e-02 -2.063079233620505881e-01
-1.790330760610866004e-02 -2.077044850924664732e-01
-1.723654366341755700e-02 -2.097497722821354826e-01
-1.656977972072645397e-02 -2.117950594718044921e-01
-1.348057769368545683e-02 -2.145182574987856416e-01
-5.344255599212434892e-03 -2.186537722443429865e-01
2.792007788620510904e-03 -2.227896793800621666e-01
7.142108623267842162e-03 -2.239398913831060489e-01
9.187395812936836881e-03 -2.232731274404149424e-01
1.123268300260583247e-02 -2.226063634977238359e-01
1.389072867540449424e-02 -2.238192259050238442e-01
1.660277980776459286e-02 -2.251977491520017471e-01
1.917063306337310480e-02 -2.261339478351960253e-01
2.121608895043484294e-02 -2.254671288971286103e-01
2.326137614010383159e-02 -2.248003649544375038e-01
2.564906454283738535e-02 -2.251839109789914584e-01
2.836111567519748397e-02 -2.265624342259693613e-01
3.107316680755756871e-02 -2.279409574729472365e-01
3.490307745863939493e-02 -2.271205258044647068e-01
3.899365183797737222e-02 -2.257869979190824938e-01
4.293527657581576451e-02 -2.247465075611987939e-01
4.564732770817585966e-02 -2.261250308081766969e-01
4.835948883128861342e-02 -2.275038914499400711e-01
5.053082542351847867e-02 -2.272237819314259222e-01
5.190934867049637469e-02 -2.245117307990658340e-01
5.328804061486700633e-02 -2.217996246713294095e-01
5.513512446822300267e-02 -2.205248753251768112e-01
5.718041165789199132e-02 -2.198581113824857325e-01
5.922569884756098690e-02 -2.191913474397946260e-01
6.193774997992107512e-02 -2.205698706867725289e-01
6.464980111228116333e-02 -2.219483939337504042e-01
6.696544557201526693e-02 -2.221109463738053236e-01
6.834413751638590551e-02 -2.193988402460688714e-01
6.972266076336379459e-02 -2.166867891137088109e-01
7.392986969159910660e-02 -2.143977854522670368e-01
8.006573126060607948e-02 -2.123974936241937450e-01
8.620176152700580186e-02 -2.103971468007441170e-01
8.809448458337397481e-02 -2.077619463715078274e-01
8.947317652774459951e-02 -2.050498402437714029e-01
9.136485098699848040e-02 -2.025986215370602084e-01
9.545542536633645769e-02 -2.012650936516780231e-01
9.954599974567444887e-02 -1.999315657662958101e-01
1.023172341729619572e-01 -1.979274233881161971e-01
1.036957574199398602e-01 -1.952153722557561366e-01
1.050744493643104849e-01 -1.925032661280197122e-01
1.069755386772279077e-01 -1.913941776215450363e-01
1.090208258668969032e-01 -1.907274136788539298e-01
1.110119976062517999e-01 -1.898946515016994296e-01
1.123905208532296890e-01 -1.871826003693393414e-01
1.137690441002075642e-01 -1.844705492369792532e-01
1.154000548312053009e-01 -1.825324267471677142e-01
1.174453420208742965e-01 -1.818656628044766077e-01
1.194906292105432782e-01 -1.811988988617855012e-01
1.229482881141647915e-01 -1.754851835490551237e-01
1.270838578550984588e-01 -1.673490301519748591e-01
1.312195962934248616e-01 -1.592128217595182582e-01
1.353113879672698805e-01 -1.576952571562346417e-01
1.394019623466078717e-01 -1.563617292708524287e-01
1.422068978583974352e-01 -1.548359334279561517e-01
1.415401339157063287e-01 -1.527906462382871422e-01
1.408732599822625775e-01 -1.507450216538326893e-01
1.429322386463194039e-01 -1.452427963961053226e-01
1.470678083872530573e-01 -1.371066429990250302e-01
1.512035468255794879e-01 -1.289704346065684293e-01
1.535312981012164624e-01 -1.272941344328800128e-01
1.555765852908854441e-01 -1.266273704901889063e-01
1.584079042277421190e-01 -1.238698275372892149e-01
1.653005791692716275e-01 -1.103091794853269247e-01
1.721933641015538363e-01 -9.674886882815014744e-02
1.753063932922093449e-01 -8.753927782085327292e-02
1.739728654068271319e-01 -8.344870344151529562e-02
1.726393375214449466e-01 -7.935812906217731832e-02
1.733581357970212511e-01 -7.631060198602576672e-02
1.747366590439991541e-01 -7.359855085366567851e-02
1.759687185226041228e-01 -7.081219359794854729e-02
1.746350806464692651e-01 -6.672128182382507100e-02
1.733015527610870521e-01 -6.263070744448709370e-02
1.729209560719976724e-01 -5.902450365506380081e-02
1.742994793189756031e-01 -5.631245252270371260e-02
1.756780025659534505e-01 -5.360040139034363132e-02
1.744032532198008523e-01 -5.175331753698762111e-02
1.716912020874407918e-01 -5.037479429000972508e-02
1.689789822576879541e-01 -4.899632603840817224e-02
1.650480666621667869e-01 -3.731327753053430979e-02
1.610473730152675031e-01 -2.504121699773487197e-02
1.567005375959500679e-01 -1.508381103419532271e-02
1.512762666338371420e-01 -1.232681953561587038e-02
1.458521643691169656e-01 -9.569773041660087007e-03
1.429995085368863383e-01 -7.197207467356151779e-03
1.423327445941952318e-01 -5.151920277687157060e-03
1.416659806515041531e-01 -3.106633088018170147e-03
1.347410462965988320e-01 6.899812342594189305e-04
1.266047242021258179e-01 4.825495979816759803e-03
1.192916394403910896e-01 8.312306581041203207e-03
1.172461835533293445e-01 7.645487642973767400e-03
1.152008963636603489e-01 6.978723700282667836e-03
1.116944472275633315e-01 7.792579859813572769e-03
1.062703449628431551e-01 1.054962635376935874e-02
1.008462426981229787e-01 1.330667284772514038e-02
9.788769445591828655e-02 1.356533176884893409e-02
9.584223856885655535e-02 1.289851283078150175e-02
9.377891289574953604e-02 1.228708163291153746e-02
9.106686176338944783e-02 1.366560487988942828e-02
8.835481063102934574e-02 1.504412812686731563e-02
8.519568317013766212e-02 1.554309140581156511e-02
8.110494009340693533e-02 1.420950852505303320e-02
7.701436571406895804e-02 1.287598063967083754e-02
7.378064973041106867e-02 1.322820146209675689e-02
7.106859859805096657e-02 1.460672470907464424e-02
6.835654746569087836e-02 1.598524795605253679e-02
6.625714482570779773e-02 1.548448224782484131e-02
6.421185763603881602e-02 1.481771830513374175e-02
6.202237256961824763e-02 1.459327892622621671e-02
5.931015273986541686e-02 1.597174717782777476e-02
5.659810160750532171e-02 1.735027042480566731e-02
5.107752178647461533e-02 1.665128006534479996e-02
4.289637302779865380e-02 1.398422429458040170e-02
3.471505557172994277e-02 1.131711352843966720e-02
3.204956617194392593e-02 8.613631030477729780e-03
3.067087422757328735e-02 5.901524902741305326e-03
2.899931345309690600e-02 3.338423411880806456e-03
2.490857037636617921e-02 2.004840531122271952e-03
2.081799599702819498e-02 6.713126457400717378e-04
1.728621203297837569e-02 4.374034177926725280e-04
1.457416090061828574e-02 1.815926664770563725e-03
1.186194107086544977e-02 3.194394916372119819e-03
8.181317456068707555e-03 2.667110766140733200e-03
4.090574379337980765e-03 1.333527885382199130e-03
