-1.478746385975089313e-03 -2.796958542169061378e-03
-2.957377813711131644e-03 -5.594289900961834337e-03
-5.446471850234094539e-03 -8.368421500768939356e-03
-1.399795315659520430e-02 -1.100527610890011943e-02
-2.254943446295631579e-02 -1.364213071703129949e-02
-2.908022046822167708e-02 -1.632463920988639142e-02
-3.055885189595771573e-02 -1.912197056867916481e-02
-3.203741187362095511e-02 -2.191887163172870009e-02
-3.471480750570223039e-02 -2.408232960189789912e-02
-3.899064136303870970e-02 -2.540078564552325155e-02
-4.326647522037519594e-02 -2.671924168914860051e-02
-4.594387085245647123e-02 -2.888269965931779953e-02
-4.742243083011971061e-02 -3.167960072236734176e-02
-4.890106225785574579e-02 -3.447693208116011515e-02
-5.237773448168415308e-02 -3.621770267974552815e-02
-5.665356833902063932e-02 -3.753615872337088405e-02
-6.092921578804526284e-02 -3.885455728787671342e-02
-6.407501015555376600e-02 -4.383780074257692672e-02
-6.703220156095303361e-02 -4.943203316441923539e-02
-6.998957937466415702e-02 -5.502632306538107060e-02
-7.212749630333240014e-02 -5.568555108719374508e-02
-7.426541323200064326e-02 -5.634477910900641956e-02
-7.630899295457786724e-02 -5.730928646651852615e-02
-7.778762438231390242e-02 -6.010661782531129954e-02
-7.926637076828901840e-02 -6.290357636748036829e-02
-8.093341874982241946e-02 -6.508986128001151283e-02
-8.307133567849064870e-02 -6.574908930182418731e-02
-8.520906619884703603e-02 -6.640825984451734221e-02
-8.706441577593876380e-02 -6.798387112741059723e-02
-8.854316216191385203e-02 -7.078082966957964517e-02
-9.002190854788894026e-02 -7.357778821174870698e-02
-9.187725812498065414e-02 -7.515339949464196201e-02
-9.401498864533704147e-02 -7.581257003733511690e-02
-9.615290557400528459e-02 -7.647179805914779138e-02
-9.629289666482021559e-02 -7.818721402454410774e-02
-9.563372612212706070e-02 -8.032494454490049507e-02
-9.497444062119486663e-02 -8.246304788188058010e-02
-9.741522415297443338e-02 -8.756326907672191961e-02
-1.003724155583737149e-01 -9.315750149856423523e-02
-1.033297933720848383e-01 -9.875179139952605656e-02
-1.020113373284594754e-01 -1.030276252568625567e-01
-1.006928812848341265e-01 -1.073034591141990290e-01
-9.977402781204594562e-02 -1.113677341378720154e-01
-1.012526592397819947e-01 -1.141650654966647888e-01
-1.027314056257570829e-01 -1.169620240388338506e-01
-1.032225738244267332e-01 -1.207923435822245845e-01
-1.012449472381082294e-01 -1.272059079599174580e-01
-9.926720569355067247e-02 -1.336198451542340293e-01
-9.877079570491488492e-02 -1.384835256988464769e-01
-1.002495420908899870e-01 -1.412804842410155248e-01
-1.017282884768650753e-01 -1.440774427831846005e-01
-1.007634797528020598e-01 -1.461213378432660026e-01
-9.796657868975253147e-02 -1.475998978209292489e-01
-9.516937626015208040e-02 -1.490787731360966595e-01
-9.295760778523949608e-02 -1.540822583632121545e-01
-9.097998119892097835e-02 -1.604958227409050420e-01
-8.900235461260248837e-02 -1.669093871185979017e-01
-8.632237381057451808e-02 -1.690931443403018986e-01
-8.352517138097408089e-02 -1.705720196554693091e-01
-8.072808390961269676e-02 -1.720505221540130358e-01
-7.940962786598734779e-02 -1.763263560113495221e-01
-7.809117182236199883e-02 -1.806021898686859806e-01
-7.616197069902592987e-02 -1.846892918347209367e-01
-7.056786720637595045e-02 -1.876467271275515936e-01
-6.497357730541412912e-02 -1.906041049412627308e-01
-5.975600555380796569e-02 -1.923397626790743220e-01
-5.548035810478334912e-02 -1.910213641145684926e-01
-5.120452424744684899e-02 -1.897029080709431437e-01
-4.636385705350824088e-02 -1.902169032119747361e-01
-4.076956715254640568e-02 -1.931742810256858733e-01
-3.517527725158457047e-02 -1.961316588393970106e-01
-3.240114565177745765e-02 -1.986207528759199870e-01
-3.174197510908430275e-02 -2.007584833962763604e-01
-3.108268960815210522e-02 -2.028965867332564732e-01
-2.889646217474048373e-02 -2.045634483064780185e-01
-2.609937470337910306e-02 -2.060419508050217174e-01
-2.330217227377864506e-02 -2.075208261201891280e-01
-1.923771084179382376e-02 -2.066019151682814137e-01
-1.496206339276918117e-02 -2.052835166037755843e-01
-1.068622953543270880e-02 -2.039650605601502353e-01
-7.889142064071312521e-03 -2.054435630586939621e-01
-5.091939634470871862e-03 -2.069224383738613726e-01
-2.389189369200496460e-03 -2.080956615367056395e-01
-2.512724405322532299e-04 -2.074364335148929650e-01
1.886644488135982844e-03 -2.067772054930802905e-01
4.212863012362539662e-03 -2.067286511009055194e-01
7.010065441962974250e-03 -2.082075264160729300e-01
9.806966505012519944e-03 -2.096860863937361763e-01
1.781896910796058539e-02 -2.085534617339615260e-01
3.278420120032642104e-02 -2.039389230603923242e-01
4.774943329269226017e-02 -1.993243843868231224e-01
5.576143589564033082e-02 -1.981917597270484721e-01
5.855833695868986610e-02 -1.996703197047116907e-01
6.135553938829031023e-02 -2.011491950198791290e-01
6.321088896538203106e-02 -1.995735837369858601e-01
6.468963535135711929e-02 -1.967766251948167844e-01
6.616826677909315446e-02 -1.939792938360240249e-01
7.737418784598125432e-02 -1.901895727957028936e-01
9.020150300967884338e-02 -1.862342621439463664e-01
1.030288181733764324e-01 -1.822789514921898391e-01
1.058259056447378305e-01 -1.837574539907335658e-01
1.086231080743382676e-01 -1.852363293059009763e-01
1.112317075418294970e-01 -1.861042156539262915e-01
1.127103389695655461e-01 -1.833068842951335320e-01
1.141890853555406343e-01 -1.805099257529644841e-01
1.158561333370740354e-01 -1.783236408404333118e-01
1.179940502657422646e-01 -1.776644128186206373e-01
1.201317807860986520e-01 -1.770052422759274824e-01
1.219871303631903797e-01 -1.754296309930342412e-01
1.234658767491654680e-01 -1.726326724508651933e-01
1.249446231351405423e-01 -1.698357139086960899e-01
1.271766908615879765e-01 -1.694818227017023948e-01
1.299735919246375049e-01 -1.709603826793656411e-01
1.327707943542379421e-01 -1.724392579945330517e-01
1.346261439313296560e-01 -1.708636467116397828e-01
1.361048903173047442e-01 -1.680666881694707349e-01
1.375835217450407932e-01 -1.652693568106779476e-01
1.432920752870047443e-01 -1.631747524842183383e-01
1.497058260730094736e-01 -1.611970684187803149e-01
1.561193904507023333e-01 -1.592194418324618110e-01
1.575981368366774216e-01 -1.564224832902927631e-01
1.590767682644134429e-01 -1.536251519314999758e-01
1.609550022629866739e-01 -1.510393794063707162e-01
1.652306497120112905e-01 -1.497209808418648869e-01
1.695064835693477767e-01 -1.484025247982395379e-01
1.723722957552264179e-01 -1.468501132743319504e-01
1.717130102542942238e-01 -1.447120099373518654e-01
1.710538397116010689e-01 -1.425742794169954919e-01
1.694783573579001501e-01 -1.407186859524723888e-01
1.666812698865387521e-01 -1.392401834539286620e-01
1.638841824151773541e-01 -1.377616809553849631e-01
1.635304201373759814e-01 -1.355293693415061951e-01
1.650089801150391999e-01 -1.327324682784566112e-01
1.664876115427752490e-01 -1.299351369196638517e-01
1.684372268758851654e-01 -1.286652352682132738e-01
1.705751438045534085e-01 -1.280060072464005994e-01
1.727130607332216516e-01 -1.273467792245879249e-01
1.755533318775993334e-01 -1.224577440467863876e-01
1.785105232829986011e-01 -1.168635116249440720e-01
1.814679010967097383e-01 -1.112692217239822506e-01
1.786708136253483403e-01 -1.097907192254385378e-01
1.758736111957479031e-01 -1.083118439102711134e-01
1.736873837623362782e-01 -1.066449823370495681e-01
1.751660151900723272e-01 -1.038476509782567947e-01
1.766447615760474155e-01 -1.010506924360877329e-01
1.783118095575808304e-01 -9.886440752355657446e-02
1.804497264862490735e-01 -9.820517950174389998e-02
1.825874570066054470e-01 -9.754600895905074509e-02
1.821140028895239238e-01 -9.167173687645907565e-02
1.781587497168869161e-01 -7.884460812107332850e-02
1.742034965442499084e-01 -6.601747936568759523e-02
1.709098841260136836e-01 -5.967492350590774403e-02
1.681129830629641553e-01 -5.819636352824451159e-02
1.653157806333637181e-01 -5.671748821307708716e-02
1.635748811055859619e-01 -5.324105987668006912e-02
1.622564250619606130e-01 -4.896522601934358288e-02
1.609379690183352640e-01 -4.468939216200710357e-02
1.583522539723254963e-01 -4.281134457174574914e-02
1.555550515427250868e-01 -4.133246925657833165e-02
1.527579640713636888e-01 -3.985396675803462574e-02
1.520987935286705339e-01 -3.771623623767823841e-02
1.514395080277383399e-01 -3.557813290069814643e-02
1.504750006702262333e-01 -3.353455317812091552e-02
1.476777982406257961e-01 -3.205567786295349803e-02
1.448807107692643981e-01 -3.057717536440978517e-02
1.426944833358527731e-01 -2.891031379118823644e-02
1.420351978349205790e-01 -2.677221045420814100e-02
1.413760272922274241e-01 -2.463447993385175366e-02
1.362042958336570353e-01 -2.087806941582487016e-02
1.250159024400452346e-01 -1.496325630928308989e-02
1.138275090464334061e-01 -9.048443202741300942e-03
1.078107756613191776e-01 -6.890470909969625794e-03
1.056730451409627902e-01 -7.549641452662777218e-03
1.035351282122945610e-01 -8.208869474475456035e-03
9.892841649863816367e-02 -6.284852661986010773e-03
9.333412659767632846e-02 -3.327474848274879562e-03
8.774002310502634905e-02 -3.700395554442254572e-04
8.510846776598082752e-02 -5.127447453981572425e-04
8.297055083731258440e-02 -1.171972767210831831e-03
8.083263390864434128e-02 -1.831200789023506312e-03
7.803554643728297102e-02 -3.526982904797958465e-04
7.523834400768251995e-02 1.126177024687624898e-03
7.223007051928133360e-02 2.205191910633225953e-03
6.795442307025670314e-02 8.867933461273964707e-04
6.367858921292021690e-02 -4.316626974979559600e-04
5.982531379797519089e-02 -9.510860368075595714e-04
5.702811136837475370e-02 5.277892783598578125e-04
5.423121030532520453e-02 2.006349256023091335e-03
4.805160140791456952e-02 1.438744341162429517e-03
3.736220317288521664e-02 -1.857338288781426767e-03
2.667280493785587070e-02 -5.153420918725281318e-03
2.049319604044522874e-02 -5.721025833585943569e-03
1.769629497739569346e-02 -4.242465855922711131e-03
1.489909254779525280e-02 -2.763590540755289735e-03
1.257287402356869511e-02 -2.812144932930059089e-03
1.043495709490045373e-02 -3.471372954742734870e-03
8.297040166232214076e-03 -4.130600976555410218e-03
5.594289900961833470e-03 -2.957377813711130777e-03
2.797087471361393244e-03 -1.478502498543709815e-03
