9.105640058723525089e-04 -2.849892672679994309e-03
2.995749403112285113e-03 -1.432348913447494682e-02
-7.644530744383928487e-04 -1.816705885349834820e-02
-3.207953634919206553e-03 -2.252065580300768519e-02
-4.061930914388557114e-03 -2.532609718755570588e-02
-4.643023212298622721e-03 -2.800101572325204569e-02
-5.212170655321649720e-03 -3.424057116228261533e-02
-1.006370490885655569e-02 -3.860613271695009091e-02
-8.112221053506781659e-03 -4.110894817068731083e-02
-9.102534834696186100e-03 -4.475059458794663353e-02
-1.246547852019252826e-02 -4.599039612051974979e-02
-1.620813719044726653e-02 -4.419340792221547465e-02
-1.836397881287065575e-02 -4.564361670045618408e-02
-2.212716174434327041e-02 -4.772850238488378360e-02
-2.814130508887476359e-02 -5.050464377669968558e-02
-3.165846883567974973e-02 -4.896851834844732215e-02
-3.207942265678884186e-02 -5.176797934434940185e-02
-3.060848092813924295e-02 -5.389733032538067403e-02
-3.193097073653791695e-02 -5.758051146393675795e-02
-3.505066317423127797e-02 -5.883798786690745686e-02
-3.500026908406244502e-02 -6.059066984865309202e-02
-3.437438601519680892e-02 -6.347615853792830387e-02
-3.511561678990784974e-02 -6.602653461341889685e-02
-3.097567329659017127e-02 -7.023161438059553896e-02
-3.172871977701974266e-02 -7.384366683410979737e-02
-3.020431876139555161e-02 -7.717095115486229118e-02
-3.154460822255591990e-02 -8.186853983729944217e-02
-3.604022809141831096e-02 -8.522565421699163091e-02
-3.909492304608853247e-02 -8.237884703032659350e-02
-4.095124615738938295e-02 -8.294825441615071016e-02
-4.133964749450477066e-02 -8.620153516897056944e-02
-4.189410434891844420e-02 -8.889716854926878187e-02
-4.553553442125420764e-02 -9.484621156208629389e-02
-4.273605531954510761e-02 -9.526731018529967232e-02
-3.948285602068089123e-02 -9.565564817426643052e-02
-3.538127839475622982e-02 -1.024437395993470917e-01
-3.597418448445170724e-02 -1.069513279012339058e-01
-3.321606954039552778e-02 -1.101243507462024152e-01
-3.501305773869980986e-02 -1.138670094164571517e-01
-3.495949288069408883e-02 -1.193058724714828600e-01
-3.507198353998663976e-02 -1.241870881539869215e-01
-3.583695267216092245e-02 -1.277043766831560123e-01
-4.190998040350390336e-02 -1.392583837801081859e-01
-4.735454989590278524e-02 -1.435052203553045802e-01
-5.295927761537373712e-02 -1.487841176805753396e-01
-5.744303791117099517e-02 -1.541638188391195319e-01
-5.462278061671139301e-02 -1.545582005648808710e-01
-5.163642447654504669e-02 -1.547390100189371398e-01
-4.928778686123396618e-02 -1.542526103720220088e-01
-4.596043919233284286e-02 -1.527281279024421679e-01
-4.086550425261726432e-02 -1.557054340903524514e-01
-3.590102881360472675e-02 -1.584097738427478197e-01
-3.567851189120566091e-02 -1.615384287674731523e-01
-3.607274881486271373e-02 -1.643586679561257202e-01
-3.308928539392513163e-02 -1.689493196893376015e-01
-3.404395929117275121e-02 -1.759599102004793525e-01
-2.921005221282256537e-02 -1.764638498268241429e-01
-2.652308352067712580e-02 -1.829227673428217293e-01
-2.879143746659729164e-02 -1.896398016256798380e-01
-2.517031722448900138e-02 -1.937409959014343153e-01
-2.366377947924419578e-02 -1.961550278194723329e-01
-2.444635220846580817e-02 -2.049272010957071399e-01
-2.565015489347149263e-02 -2.091738054035751082e-01
-2.417908646852462776e-02 -2.113029934766950668e-01
-2.588129263667672889e-02 -2.150338742973093853e-01
-2.616580301003960940e-02 -2.181535705628690203e-01
-2.634356866202530734e-02 -2.228985292836755394e-01
-2.905974222594624040e-02 -2.289245362986075116e-01
-2.487545657392490825e-02 -2.275098996893555603e-01
-2.196623117165055067e-02 -2.270738521791958731e-01
-1.933280567330659255e-02 -2.277082968180543787e-01
-1.448695565400250768e-02 -2.310058799595665902e-01
-1.267787370137158330e-02 -2.342975682637238877e-01
-1.061353394236610147e-02 -2.423282349000417391e-01
-8.146125835773242868e-03 -2.431763151587539029e-01
-4.967100937954551168e-03 -2.404656138509446428e-01
-4.308963183974424960e-03 -2.368655021549820883e-01
-1.017211531668511370e-03 -2.350563387483955158e-01
2.149890714405477705e-03 -2.322508735162410465e-01
5.376307584266828803e-03 -2.299197799776949991e-01
8.433792140005939852e-03 -2.287422913591691254e-01
1.090991071603128644e-02 -2.275411675013399027e-01
1.576476463684267637e-02 -2.303314970910302906e-01
1.965257339640981427e-02 -2.288575296661171377e-01
2.539394115827942403e-02 -2.319948276147909827e-01
2.507964677672561149e-02 -2.348775009414577064e-01
2.674632054590016586e-02 -2.327895991304322898e-01
3.163356021492769177e-02 -2.344916350044095599e-01
3.663946342921081678e-02 -2.363717104816453474e-01
3.921370100006467407e-02 -2.365316205189842147e-01
3.770997314509797610e-02 -2.327921723865775949e-01
3.755854322379633542e-02 -2.298474324216636666e-01
3.722338674266512104e-02 -2.281302831083646121e-01
3.738043590558485368e-02 -2.245687078434389361e-01
3.953915049696594269e-02 -2.198652599963227539e-01
4.190560560137666923e-02 -2.164368562070796420e-01
4.472586289583626445e-02 -2.168312379328409534e-01
4.646066350139551465e-02 -2.158674466378533441e-01
5.144559767007512302e-02 -2.119912591727544648e-01
5.857768465594985485e-02 -2.083284572238429389e-01
6.138329469020858270e-02 -2.114955413641099180e-01
6.372607888264003595e-02 -2.125036967514744579e-01
6.513766594802197774e-02 -2.126163996583552429e-01
6.669746829952209743e-02 -2.089033982999941863e-01
6.980232316309963048e-02 -2.084911272728448561e-01
7.152532972714457926e-02 -2.082034025337675676e-01
7.216281598467146063e-02 -2.046298448273457804e-01
7.620476089872034453e-02 -2.013052648258402688e-01
7.844375724555920082e-02 -2.020614582265002901e-01
8.075973734478356092e-02 -2.007357919084653275e-01
8.585479898079639849e-02 -2.037129351884643391e-01
8.877882054271124534e-02 -2.039738953348767259e-01
9.145361019870815178e-02 -2.018564157519800728e-01
9.562920895943435862e-02 -2.028763668253230346e-01
1.006734977913816137e-01 -2.010168274343746286e-01
1.037309823471207343e-01 -1.998393388158487549e-01
1.041519361682298195e-01 -1.970398778199466683e-01
1.012634648416304850e-01 -1.932083420654985007e-01
1.016042641425171644e-01 -1.888045597150113386e-01
9.647656474068870558e-02 -1.838315465536123350e-01
9.829432921781036669e-02 -1.792911775977387989e-01
1.022058565845696404e-01 -1.780069009294272531e-01
1.099429848289418393e-01 -1.753286446206474281e-01
1.154735622644427334e-01 -1.711915743657564937e-01
1.192220781854433642e-01 -1.730359943061146877e-01
1.229705941064439950e-01 -1.748804142464728817e-01
1.267575770990644057e-01 -1.729852826667955534e-01
1.327390195991006994e-01 -1.701410942480865163e-01
1.354495522571992627e-01 -1.710070122851075625e-01
1.386759691270606221e-01 -1.686759187465614873e-01
1.408467336054217423e-01 -1.679225547169815869e-01
1.371694097176115734e-01 -1.666474966506368560e-01
1.351645932715844489e-01 -1.629465849492671148e-01
1.305974002027636416e-01 -1.580238605764748838e-01
1.325070082095289592e-01 -1.540262995050740158e-01
1.337168343421200056e-01 -1.475137576107883597e-01
1.375422251555468711e-01 -1.453488841419159350e-01
1.427495470974570191e-01 -1.399750383201844584e-01
1.437043501438731163e-01 -1.375907610904006373e-01
1.397127115852999091e-01 -1.364994967599003628e-01
1.370554421584615767e-01 -1.325910348594158683e-01
1.388998420790796273e-01 -1.280713807481441702e-01
1.409250498092898540e-01 -1.217221185090905516e-01
1.466040569618993483e-01 -1.199277073947978972e-01
1.507143387765189635e-01 -1.184981317377343524e-01
1.618583977293317766e-01 -1.062617403968045271e-01
1.634834081669791495e-01 -1.030708320783142729e-01
1.652269606564462090e-01 -9.851562363439175796e-02
1.638390864564570060e-01 -9.627963131961222998e-02
1.647404557079690246e-01 -9.385379770432740465e-02
1.653987201582464150e-01 -9.025352310045356430e-02
1.599716511447350220e-01 -8.963102140254894379e-02
1.556597794999064199e-01 -9.137493530851288626e-02
1.490050600450286977e-01 -9.018303388051671088e-02
1.485927709120723750e-01 -8.707803421483488460e-02
1.477416251870853625e-01 -8.817244956290094804e-02
1.422050199371947266e-01 -8.917798782677355263e-02
1.395507347921446095e-01 -8.857019673721847064e-02
1.360809827676534023e-01 -8.625707586794915949e-02
1.364485842478140587e-01 -8.341612183469468422e-02
1.319943502008088243e-01 -8.363570217051838340e-02
1.288093865982885833e-01 -8.629890838812512288e-02
1.263628381384018784e-01 -8.542417458010949372e-02
1.242544101522253946e-01 -8.686838130550003645e-02
1.217246674673810314e-01 -8.610045173914397665e-02
1.149246273595470602e-01 -8.509540568540081840e-02
1.112648892324462485e-01 -8.049305947043730591e-02
1.076706781156380743e-01 -7.911113381428437619e-02
1.036732064233944484e-01 -8.221330410888605389e-02
9.884519609633235504e-02 -7.944358980403488923e-02
9.488325680306626542e-02 -8.090278108904770671e-02
9.165073066485952824e-02 -8.010227928842683642e-02
8.878891698489890794e-02 -7.976133135756958981e-02
8.558907002698314115e-02 -7.941448640595520636e-02
7.903496382199488857e-02 -7.324637911504988663e-02
7.789030136926645975e-02 -7.334126809122823443e-02
7.491582263850318779e-02 -7.325544881757706239e-02
6.996625221909043291e-02 -7.317555041228945845e-02
6.725571956099185567e-02 -7.230963237526839837e-02
6.141936161871715955e-02 -6.918421183599762769e-02
5.693832539243796897e-02 -6.784096385458861234e-02
5.226759649562400661e-02 -6.575044109220494482e-02
4.316891003167556973e-02 -5.965960961076494096e-02
3.951530475105752283e-02 -5.857424230102182411e-02
3.604861463444389291e-02 -5.801986881449693739e-02
3.351887194959952965e-02 -5.725193924814087065e-02
3.109302022850768052e-02 -5.635042519452458654e-02
2.684633446668404158e-02 -5.514655916137027603e-02
2.448554193229988268e-02 -5.129742807654703862e-02
1.901097537571469140e-02 -4.605438889407477421e-02
1.653762282262087949e-02 -4.284583338065965641e-02
1.544020344249551549e-02 -3.985062005502341270e-02
1.430133270896216495e-02 -3.729428743849332040e-02
1.495369849401832242e-02 -3.518879412495905940e-02
1.290117444073138331e-02 -2.609645111061751829e-02
1.328061137688167984e-02 -2.103721748905923103e-02
1.179172300996392253e-02 -1.722355736899804091e-02
2.177086263763789841e-03 -7.775601327260418458e-03
9.105640058723525089e-04 -2.849892672679994309e-03
