-1.011987435456516331e-03 -2.875487691096230078e-03
-2.024184262064586230e-03 -5.751570351712653913e-03
-3.036171697521101911e-03 -8.627058042808883123e-03
-5.802724248028887782e-03 -1.088505122797478637e-02
-9.690601554917506119e-03 -1.274874427279881935e-02
-1.357807668147025318e-02 -1.461224452843853244e-02
-1.640398939164734379e-02 -1.649361866836561441e-02
-1.547223926382748464e-02 -1.843735623164198881e-02
-1.454029634682330908e-02 -2.038149597525423448e-02
-1.360854621900345167e-02 -2.232523353853060888e-02
-1.429114795937961452e-02 -2.504282688766854004e-02
-1.530313539483613150e-02 -2.791831457876477185e-02
-1.631533222144420162e-02 -3.079439723938119655e-02
-1.945124885032377404e-02 -3.363452274027132344e-02
-2.528286372048876504e-02 -3.642996591291521036e-02
-3.111407641031788476e-02 -3.922521629637478607e-02
-3.670079459622622997e-02 -4.202493634214229251e-02
-3.771278203168274695e-02 -4.490042403323851739e-02
-3.872476946713926393e-02 -4.777591172433474920e-02
-3.973696629374733752e-02 -5.065199438495117390e-02
-4.264988134622277327e-02 -5.285847734683499222e-02
-4.653735647277551513e-02 -5.472197760247470705e-02
-5.042523377966413867e-02 -5.658567064729873308e-02
-5.353310604557878077e-02 -5.872387549180898419e-02
-5.454509348103531163e-02 -6.159936318290521601e-02
-5.555708091649182861e-02 -6.447485087400144088e-02
-5.656927774309988832e-02 -6.735093353461787946e-02
-5.586797694773551481e-02 -6.940513930050976055e-02
-5.493622681991566087e-02 -7.134887686378613147e-02
-5.400447669209580692e-02 -7.329261442706250240e-02
-5.402811425312694510e-02 -7.569482127261970006e-02
-5.504010168858346208e-02 -7.857030896371594575e-02
-5.605208912403997212e-02 -8.144579665481216368e-02
-5.677175373589705976e-02 -8.442449758165689044e-02
-5.490806069107302678e-02 -8.831237488854550011e-02
-5.304456043543331195e-02 -9.219985001509825584e-02
-5.118086739060928592e-02 -9.608772732198686550e-02
-5.136446446477181682e-02 -9.925508967638099755e-02
-5.237645190022834768e-02 -1.021305773674772432e-01
-5.338843933568485078e-02 -1.050060650585734612e-01
-5.377463416852228117e-02 -1.075815727788673598e-01
-5.284269125151810215e-02 -1.095257125224795985e-01
-5.191094112369824820e-02 -1.114694500857559695e-01
-5.097919099587839425e-02 -1.134131876490323404e-01
-5.185947267231998115e-02 -1.162260354571917204e-01
-5.287146010777649813e-02 -1.191015231482879522e-01
-5.388344754323301511e-02 -1.219770108393841840e-01
-5.333582707707746479e-02 -1.254017149190371494e-01
-5.147232682143774996e-02 -1.292891900455899190e-01
-4.960863377661371698e-02 -1.331770673524785287e-01
-4.818362605735677928e-02 -1.369102212003365793e-01
-4.919582288396485287e-02 -1.397863038609530040e-01
-5.020781031942136985e-02 -1.426617915520492497e-01
-5.121979775487787989e-02 -1.455372792431454676e-01
-4.926691175427534014e-02 -1.469915250674326823e-01
-4.639082909365892932e-02 -1.480037218940407628e-01
-4.351534140256269750e-02 -1.490157093294972868e-01
-3.997476544694558709e-02 -1.532744209164106086e-01
-3.531562922947766719e-02 -1.629939130934642266e-01
-3.065668580119406544e-02 -1.727130030901819491e-01
-2.599774237291045675e-02 -1.824320930868996993e-01
-2.309199861689882269e-02 -1.835918043856369641e-01
-2.021591595628238411e-02 -1.846040012122450447e-01
-1.734042826518617658e-02 -1.856159886477015686e-01
-1.506526500559289897e-02 -1.883337536975534521e-01
-1.320157196076886079e-02 -1.922216310044420895e-01
-1.133787891594482435e-02 -1.961095083113306992e-01
-9.268547158328345470e-03 -1.994121283995330396e-01
-6.393059467232107586e-03 -2.004241158349895358e-01
-3.516976806615685486e-03 -2.014363126615976163e-01
-6.414891155194608289e-04 -2.024483000970541402e-01
3.057324583483862074e-03 -2.011208673791089474e-01
6.945201890372471737e-03 -1.992571743342849144e-01
1.083267701692522747e-02 -1.973936740786451927e-01
1.551021882278967069e-02 -1.971773116895588207e-01
2.126178917450232547e-02 -1.992014959516233974e-01
2.701276455669477522e-02 -2.012254708225364452e-01
3.263514248086715058e-02 -2.031493573606630576e-01
3.457888004414352151e-02 -2.022176072328432106e-01
3.652261760741989244e-02 -2.012858571050233636e-01
3.846675735103213811e-02 -2.003539141880191776e-01
4.101064764509750049e-02 -2.006741514457733577e-01
4.388613533619373924e-02 -2.016861388812298816e-01
4.676221799681015007e-02 -2.026983357078379344e-01
4.940076778037676836e-02 -2.032160435105059837e-01
5.134450534365313928e-02 -2.022842933826861367e-01
5.328824290692951021e-02 -2.013525432548662897e-01
5.523238265054176283e-02 -2.004206003378621037e-01
5.798159342590822329e-02 -2.011691596533215221e-01
6.085708111700444817e-02 -2.021811470887780182e-01
6.373256880810067304e-02 -2.031931345242345421e-01
6.616639307988640695e-02 -2.032827296603489375e-01
6.811013064316277787e-02 -2.023509795325290905e-01
7.005386820643914880e-02 -2.014192294047092158e-01
7.207705151562271428e-02 -2.006521804254131625e-01
7.495253920671893222e-02 -2.016641678608696586e-01
7.782802689781517791e-02 -2.026761552963262103e-01
8.070351458891139584e-02 -2.036881427317827065e-01
8.698438744365689923e-02 -2.014068719889808567e-01
9.475973987709826463e-02 -1.976796786885171020e-01
1.025350923105396300e-01 -1.939524853880533750e-01
1.082472370715403392e-01 -1.904847826544248113e-01
1.092592245069968632e-01 -1.876092949633285933e-01
1.102712119424533732e-01 -1.847338072722323477e-01
1.112831993779098833e-01 -1.818583195811361297e-01
1.140011949073836822e-01 -1.825407285323279727e-01
1.168766825984799279e-01 -1.835527159677844966e-01
1.197521702895761458e-01 -1.845647034032410205e-01
1.216488838938456080e-01 -1.835338241236119661e-01
1.226608713293021319e-01 -1.806583364325157481e-01
1.236728587647586419e-01 -1.777828487414195024e-01
1.248111231159449303e-01 -1.751707891703203901e-01
1.267552628595571829e-01 -1.742388462533162041e-01
1.286990004228335538e-01 -1.733070961254963571e-01
1.306427379861099247e-01 -1.723753459976764824e-01
1.318916633290960483e-01 -1.699941379393687391e-01
1.329038601557041288e-01 -1.671180552787522866e-01
1.339158475911606250e-01 -1.642425675876560687e-01
1.373350851370908898e-01 -1.610638450939852750e-01
1.451104375705322413e-01 -1.573366517935215203e-01
1.528861921843094884e-01 -1.536092657038734544e-01
1.606615446177508399e-01 -1.498820724034096996e-01
1.619026200243497415e-01 -1.469778827978954761e-01
1.629148168509578221e-01 -1.441018001372790514e-01
1.639268042864143460e-01 -1.412263124461828334e-01
1.677162562513537791e-01 -1.383968684446459374e-01
1.735478711215187875e-01 -1.356014252720020574e-01
1.793794859916837681e-01 -1.328059820993581497e-01
1.845009280887457970e-01 -1.294597058057272154e-01
1.865251123508103737e-01 -1.237081354540145450e-01
1.885490872217233937e-01 -1.179571600718220675e-01
1.905732714837879982e-01 -1.122055897201094388e-01
1.925333287808543015e-01 -1.102936412837755425e-01
1.944774685244665680e-01 -1.093616983667713566e-01
1.964212060877429389e-01 -1.084299482389515096e-01
1.971952335743184515e-01 -1.070865351071780963e-01
1.962634834464986044e-01 -1.051427975439017393e-01
1.953315405294944185e-01 -1.031986578002894728e-01
1.944327691892161758e-01 -1.012391115238988476e-01
1.954447566246727275e-01 -9.836362383280262967e-02
1.964567440601292236e-01 -9.548813614170639785e-02
1.974689408867372764e-01 -9.261205348108997315e-02
1.972619197241613775e-01 -9.032090980766847854e-02
1.963301695963415028e-01 -8.837717224439210761e-02
1.953982266793373446e-01 -8.643303250077985500e-02
1.949277773967643401e-01 -8.426816574308812480e-02
1.959397648322208640e-01 -8.139267805199190686e-02
1.969517522676773880e-01 -7.851719036089568893e-02
1.979639490942854407e-01 -7.564110770027923647e-02
1.965389413750285030e-01 -7.190795385242119975e-02
1.946752483302044701e-01 -6.802007654553256233e-02
1.928117480745647483e-01 -6.413260141897983435e-02
1.922641276084092188e-01 -6.070789733932682730e-02
1.932761150438657427e-01 -5.783240964823060243e-02
1.942881024793222666e-01 -5.495692195713438449e-02
1.951053420924910853e-01 -5.201256117914437177e-02
1.932416490476670523e-01 -4.812468387225574129e-02
1.913781487920273583e-01 -4.423720874570300637e-02
1.895144557472033253e-01 -4.034933143881438283e-02
1.869645878987395149e-01 -3.841116924960057827e-02
1.840891002076433247e-01 -3.739918181414406129e-02
1.812136125165470513e-01 -3.638719437868755818e-02
1.794580042716740764e-01 -3.483788688456320587e-02
1.804699917071305726e-01 -3.196239919346698100e-02
1.814819791425870965e-01 -2.908691150237075265e-02
1.824939665780436204e-01 -2.621142381127452431e-02
1.800859078988362727e-01 -2.068029993258754112e-02
1.772904647261923927e-01 -1.484868506242254492e-02
1.744950215535485127e-01 -9.017070192257562594e-03
1.701967378451458290e-01 -5.121573428603629075e-03
1.644451674934331864e-01 -3.097389166539034171e-03
1.586941921112407228e-01 -1.073414295625993702e-03
1.535145835965747441e-01 9.410476480625638764e-04
1.525826406795705581e-01 2.885187391674811502e-03
1.516508905517506833e-01 4.828924954951191971e-03
1.507191404239308363e-01 6.772662518227559429e-03
1.357956353743503264e-01 1.246308795355595238e-02
1.156660315976363457e-01 1.954741878405468966e-02
9.553642782092233721e-02 2.663174961455341480e-02
7.893586815983480443e-02 2.973524432993708902e-02
6.921677816311705422e-02 2.507630090165348033e-02
5.949728598606345703e-02 2.041716468418556391e-02
4.977819598934571377e-02 1.575822125590195869e-02
4.832322975323126435e-02 1.279156318972358292e-02
4.731124231777474043e-02 9.916075498627351104e-03
4.629925488231823039e-02 7.040587807531123628e-03
4.476615828164402788e-02 5.252193564300822702e-03
4.282201853803178221e-02 4.320250647296647144e-03
4.087828097475540434e-02 3.388500519476789728e-03
3.877664906952073276e-02 2.786136086737286011e-03
3.590116137842450095e-02 3.798123522193804728e-03
3.302507871780808318e-02 4.810320348801877012e-03
3.014959102671185137e-02 5.822307784258391392e-03
2.496929979065621794e-02 3.865827631921895085e-03
1.913768492049122694e-02 1.070384459278007298e-03
1.330607005032623420e-02 -1.725058713365882224e-03
8.627058042808881388e-03 -3.036171697521104513e-03
5.751570351712653045e-03 -2.024184262064587531e-03
2.875487691096229644e-03 -1.011987435456517198e-03
