-6.253490321619615492e-04 -6.510218502166193952e-03
6.066022003303189877e-04 -1.005396833370545903e-02
1.531430976301109042e-03 -1.328750730675131754e-02
8.127646237343779485e-04 -1.726168892140941130e-02
-1.565735023608086796e-03 -1.922337139881284337e-02
-7.546172053343001319e-03 -1.892962107872477734e-02
-1.137387316465897011e-02 -1.727030354935284173e-02
-1.406729379668936880e-02 -1.549544183048592177e-02
-1.835712119489890659e-02 -1.513958637165069461e-02
-2.073560453119955779e-02 -1.710109904236897099e-02
-2.295910034816994044e-02 -1.744910859074229326e-02
-2.522534740573858375e-02 -1.824218146090746465e-02
-2.795592360723123809e-02 -1.977691395040065761e-02
-3.229601267311365403e-02 -1.936002003263995880e-02
-3.517303936667853792e-02 -4.463441855305400052e-02
-3.914268559245143164e-02 -5.789906317295462346e-02
-4.376069849982704152e-02 -6.037550536355382191e-02
-4.807940378988941749e-02 -5.973599488155462156e-02
-5.200259893801111727e-02 -5.497901189791150334e-02
-5.139901161672778135e-02 -5.571083087812059992e-02
-5.049463861996426883e-02 -5.798785472694183152e-02
-5.025792919818929116e-02 -6.020057375265962935e-02
-4.829633977964933877e-02 -6.257915014782375329e-02
-4.833785861150120128e-02 -6.476514353152695858e-02
-4.589782105087128472e-02 -6.859356944170642845e-02
-4.345778349024136816e-02 -7.242199535188591220e-02
-4.349930232209322373e-02 -7.460798873558910360e-02
-4.153771290355327828e-02 -7.698656513075323449e-02
-4.130100348177829367e-02 -7.919928415647103925e-02
-3.583833056895476682e-02 -8.079098079645563590e-02
-2.703933372799607188e-02 -8.214156230060436215e-02
-2.507770185778483360e-02 -8.452014277352895566e-02
-2.517487483069631368e-02 -8.670079021327714575e-02
-2.393661943924634342e-02 -8.900988564806798509e-02
-2.189484493914171936e-02 -9.055369237900902368e-02
-1.974618418202054790e-02 -9.098475590212788677e-02
-1.778457845243878663e-02 -9.336316249060684636e-02
-1.760353948276524583e-02 -9.557070537905479335e-02
-1.664349603390029297e-02 -9.785290536514587578e-02
-1.529177195497191319e-02 -1.007344910612949646e-01
-1.570866587273261547e-02 -1.050745801271773805e-01
-1.189673655505886843e-02 -1.098208753006709171e-01
-1.097822824908758696e-02 -1.142892384771503622e-01
-1.317567261571469736e-02 -1.184582940363165804e-01
-1.740295903026910923e-02 -1.227130797409912710e-01
-1.802830806243107056e-02 -1.292232982431574806e-01
-1.646467729228277138e-02 -1.322373172094576665e-01
-1.438550157329535235e-02 -1.333917572113377525e-01
-1.227424203505697413e-02 -1.342121874635175405e-01
-1.031265261651702868e-02 -1.365907638586816852e-01
-1.093800164867899001e-02 -1.431009823608478670e-01
-1.282200308878510102e-02 -1.463454245750739069e-01
-1.510963392217377563e-02 -1.473611140094775729e-01
-1.767769586621973504e-02 -1.477882753506579994e-01
-2.243467884986284980e-02 -1.517114704987796991e-01
-2.115272791016004766e-02 -1.523962011166304087e-01
-1.885970460338461802e-02 -1.513248191672562637e-01
-1.654535628350226051e-02 -1.500309863825683432e-01
-1.442561586990521484e-02 -1.501783908047627514e-01
-1.421717706654577161e-02 -1.480084311751641291e-01
-1.239509147478569384e-02 -1.459933014914919780e-01
-7.108123820962051857e-03 -1.453219284569828851e-01
3.661545286537706530e-04 -1.464330124717578840e-01
2.327760258235530948e-03 -1.488114190602368714e-01
2.341879256401478877e-03 -1.510029281945802493e-01
3.597112709610603316e-03 -1.519658021627152411e-01
6.351563645045564012e-03 -1.536904871172518339e-01
1.006288472403098905e-02 -1.583146972173735401e-01
9.854429609629728262e-03 -1.604848266536573198e-01
1.282416373934834770e-02 -1.646448431203897944e-01
1.463296849558847444e-02 -1.691987250891075489e-01
1.332577812755892342e-02 -1.734532953627516416e-01
8.568795143915808668e-03 -1.773764905108733414e-01
2.193514008390632080e-03 -1.771010233313520532e-01
-2.770705506102063838e-04 -1.782675989831587482e-01
9.976319224803335654e-04 -1.813662854929061485e-01
4.586987127586868856e-03 -1.860912009683401147e-01
4.170093209826166575e-03 -1.904312900342225445e-01
5.809470725394621712e-03 -1.914872740472525481e-01
1.174566214532253225e-02 -1.875650999546071007e-01
1.956485841644303031e-02 -1.815774373739926506e-01
2.173494540105552764e-02 -1.817858884106334505e-01
2.410274500496706329e-02 -1.799355991186918358e-01
2.778894263022196540e-02 -1.795596315195575610e-01
3.121426306804358369e-02 -1.807309565243333249e-01
3.341981037497077783e-02 -1.829082960533185143e-01
3.775989944085318684e-02 -1.833251899710792165e-01
4.049051809401713747e-02 -1.817904615593464723e-01
4.392520495213887016e-02 -1.811096249679133297e-01
4.776237369813936956e-02 -1.809166192499120640e-01
5.014085703444002423e-02 -1.789551065791938067e-01
5.443059952930699025e-02 -1.793109538825081173e-01
5.712410506467995724e-02 -1.810858237568959694e-01
5.776782038280125348e-02 -1.878301938044808217e-01
5.670419365705855336e-02 -1.989031179367679592e-01
5.691264877145980894e-02 -1.967329885004841794e-01
5.895729216474528828e-02 -1.947394083215567562e-01
6.022924171925119613e-02 -1.914360031504218351e-01
6.119940252790927876e-02 -1.877668603347477094e-01
6.357790217525173537e-02 -1.858051778573442947e-01
7.659816937289896932e-02 -1.870558596106264015e-01
8.197820869770684749e-02 -1.860002959843262138e-01
8.426583953109552383e-02 -1.849846065499225756e-01
8.646795157224586303e-02 -1.848592135657877167e-01
8.884645121958834046e-02 -1.828975310883843020e-01
8.933311827657461346e-02 -1.807542971008002652e-01
9.082132147364822827e-02 -1.787070958311585134e-01
9.313566979353059272e-02 -1.774132630464705929e-01
9.537209465159181276e-02 -1.775158366482897099e-01
1.001290776352349449e-01 -1.735926415001679823e-01
1.045760692691757032e-01 -1.728966224034213517e-01
1.078183510780425791e-01 -1.742188254700792471e-01
1.093530713342543981e-01 -1.769495290265857279e-01
1.089361774164936958e-01 -1.812896180924681855e-01
1.108409390479407480e-01 -1.819217527528412259e-01
1.118038089383152633e-01 -1.806665617513033839e-01
1.127356405314777904e-01 -1.785659173531533861e-01
1.150028155856591683e-01 -1.765937127945250706e-01
1.152112707000604169e-01 -1.744235833582412909e-01
1.207481698484658972e-01 -1.693960834259847503e-01
1.245089830247789603e-01 -1.653209891605046944e-01
1.251625700532728314e-01 -1.631937889270252406e-01
1.275410697006152672e-01 -1.612321064496217982e-01
1.279164284754823466e-01 -1.590781805741277588e-01
1.325652927933624881e-01 -1.545267985719168680e-01
1.372889758600500665e-01 -1.491965133048989700e-01
1.378567559952137700e-01 -1.450393779646287351e-01
1.402352556425562335e-01 -1.430776954872252926e-01
1.413859053593336801e-01 -1.357758063303254881e-01
1.454513761746754341e-01 -1.285290627995161195e-01
1.513250004703187435e-01 -1.199960736589151256e-01
1.529925761413615526e-01 -1.026357173953854757e-01
1.512171137537482168e-01 -9.948892962332434031e-02
1.511190863071489587e-01 -9.290922608302439045e-02
1.525469513775978836e-01 -8.681318610108139378e-02
1.547242868288226381e-01 -8.460768124582547511e-02
1.551411807465833403e-01 -8.026759217994307305e-02
1.571676462914469163e-01 -7.787896379238985756e-02
1.572090802199561932e-01 -7.569296225316575477e-02
1.524119267878038531e-01 -7.360360225615120155e-02
1.393916595901566191e-01 -7.235292050286910859e-02
1.371464918962743695e-01 -7.000331505842129209e-02
1.320359379892723228e-01 -6.883857248410737983e-02
1.273918311798821201e-01 -6.749396458615322669e-02
1.257619049879563911e-01 -6.458582713243515849e-02
1.263872540201183281e-01 -5.807560863026896975e-02
1.246472519548197377e-01 -5.689770935055224466e-02
1.225947937223260120e-01 -5.546512599838787638e-02
1.212452561893862524e-01 -5.314551256013263364e-02
1.214537113037875149e-01 -5.097538312384884696e-02
1.192836667708463277e-01 -5.076693616496849581e-02
1.172632760465617263e-01 -4.900051286978895221e-02
1.152108178140680006e-01 -4.756792951762458393e-02
1.127710683545299075e-01 -4.665973516450473702e-02
1.088478732064082077e-01 -4.190275218086163267e-02
1.045612354245549769e-01 -4.092940175584725698e-02
1.004669177886140241e-01 -3.795300351722093180e-02
9.781503229947730027e-02 -3.399197860796565607e-02
9.796787572449022763e-02 -3.181650730548731681e-02
9.600626999490845248e-02 -2.943810071700833988e-02
9.565826860205604854e-02 -2.721451999669537852e-02
9.486518757636996924e-02 -2.494835784246931393e-02
9.336786853904094352e-02 -2.182828755690185973e-02
9.399321757120289444e-02 -1.531806905473566578e-02
9.210983971557590300e-02 -1.446331783012409951e-02
9.114696982520138768e-02 -1.571850883166192939e-02
9.021513823203887450e-02 -1.781915322981195843e-02
8.792657940203743583e-02 -2.001397435267875807e-02
8.730123036987547103e-02 -2.652419285484495029e-02
8.532730442347015443e-02 -2.953532661692246514e-02
8.400602119790412381e-02 -3.159856164066879997e-02
8.335243416941026662e-02 -3.372576187414826066e-02
8.097393452206778919e-02 -3.568744435155169620e-02
7.678473167358840223e-02 -3.545350415940315414e-02
7.271188271681006121e-02 -3.225449751205924226e-02
6.708105742373254854e-02 -2.890583705605870649e-02
5.891767296059505915e-02 -2.795323051134343886e-02
5.695608354205510676e-02 -2.557465411617930451e-02
5.482879024971215598e-02 -2.492114383550710771e-02
5.276564828482931124e-02 -2.359978386211940976e-02
4.975437901221702736e-02 -2.162593058577530133e-02
4.324420296172212103e-02 -2.100058563137379916e-02
4.104933938718403202e-02 -1.871202272361191521e-02
4.053446047449531936e-02 -1.647241232695483351e-02
3.982808819812267559e-02 -1.505687970661082238e-02
3.763665988936144152e-02 -1.507104931196897278e-02
3.525817655306078685e-02 -1.703256198268725263e-02
3.127016404132856864e-02 -1.704261805283679293e-02
2.821079350640256014e-02 -1.556952469101544750e-02
2.680561814344499874e-02 -1.324439550212003908e-02
2.701405694680444197e-02 -1.107443587252141155e-02
2.470191148395253083e-02 -1.293007110841802587e-02
1.796068044553174314e-02 -1.295637228594229660e-02
1.123209034710998151e-02 -1.051302505659939754e-02
7.533629716914639653e-03 -6.339220144464097380e-03
5.363585183973433416e-03 -6.130773185583747106e-03
3.369911946182526166e-03 -4.086206540119942908e-03
2.632458920926600450e-03 -1.825216445403279744e-03
2.170044532941205803e-03 -2.084469588803499482e-04
