-3.686664604240172415e-04 -4.588927996477861621e-03
-2.625955104121364438e-03 -6.959267692920489967e-03
-4.959196817932651213e-03 -7.256645759953646822e-03
-5.807978430495198616e-03 -8.770489188869592945e-03
-8.761302147395653300e-03 -1.218211707323329021e-02
-1.572407229281544763e-02 -1.404687343654232104e-02
-2.242230348071399051e-02 -1.436354235617819108e-02
-2.546059401200645791e-02 -1.581634461058825658e-02
-2.940293589997566154e-02 -1.660960106988678547e-02
-3.019922428483335156e-02 -2.334589450816150144e-02
-3.515681874173523513e-02 -2.756615604421534457e-02
-3.645440373767646486e-02 -4.085826353084202195e-02
-4.291147558622758484e-02 -4.833907519945391390e-02
-4.497898613445715926e-02 -5.168154370797845704e-02
-4.662116089745681896e-02 -5.385888726367298041e-02
-5.508694699238895348e-02 -5.426319633377835877e-02
-6.307556170681519192e-02 -5.460382913357021695e-02
-6.252470704590372408e-02 -5.695735684293626311e-02
-6.102805846215206276e-02 -6.087958267952807423e-02
-6.250558767729394449e-02 -6.974278838837612293e-02
-6.991362672924739119e-02 -7.603722369171987683e-02
-7.220801335557608391e-02 -7.585289667743200237e-02
-7.260226296073025998e-02 -7.790085393616892617e-02
-7.461195429738140539e-02 -8.004867185222401538e-02
-7.550625217597785321e-02 -8.228609853060371571e-02
-7.423883811465366300e-02 -8.334480273403256645e-02
-7.101879584495914000e-02 -8.582344994812611538e-02
-6.845328360214313068e-02 -8.978054073144971226e-02
-6.744523488045554849e-02 -9.279594930302016709e-02
-6.395498795496304401e-02 -9.731215828683728586e-02
-6.399989700291822126e-02 -9.961782338036678786e-02
-6.188968886298104599e-02 -1.020966268247418679e-01
-6.197266489077549179e-02 -1.043992336835971452e-01
-6.020475008175078802e-02 -1.068505378796006794e-01
-5.994349862230947262e-02 -1.109032343647701202e-01
-5.872349470256358478e-02 -1.141397716892830760e-01
-5.794182538629085583e-02 -1.177494510049453408e-01
-5.724224553930051806e-02 -1.214290828708757125e-01
-5.600024148888157333e-02 -1.253436219014339992e-01
-5.752669301219695552e-02 -1.316384400628654583e-01
-6.217520158007414782e-02 -1.353477006954125483e-01
-6.447178177333948157e-02 -1.351887392358359363e-01
-6.695050162988017139e-02 -1.372988762197869805e-01
-6.926235434874425390e-02 -1.373300175436759918e-01
-6.802831848530117853e-02 -1.392791459885010796e-01
-6.777201913607849848e-02 -1.448241593251301529e-01
-6.300836235887907755e-02 -1.534998437423225337e-01
-5.894041090009928541e-02 -1.619409996775595662e-01
-5.847825647267137356e-02 -1.671452775881129837e-01
-5.715464157297239084e-02 -1.714746522480949664e-01
-5.737264247507009585e-02 -1.791121974071695488e-01
-5.509047635559005673e-02 -1.794486375969940040e-01
-5.298026821565289535e-02 -1.819274410413690701e-01
-5.307593323672709501e-02 -1.842290284886662910e-01
-4.768132311593141492e-02 -1.909268555761476915e-01
-4.680001733896060195e-02 -2.013957331889170699e-01
-4.872828459449793370e-02 -2.068162479527931863e-01
-4.862263479142869826e-02 -2.078837073017027193e-01
-4.548765778699492141e-02 -2.101514198784345533e-01
-4.309405310937163003e-02 -2.187897933990852750e-01
-4.465363739161860163e-02 -2.316908079661007536e-01
-4.657466051913194266e-02 -2.338457493312141311e-01
-4.450252557495817940e-02 -2.363215719128251846e-01
-4.468685880517019038e-02 -2.386160359110641171e-01
-4.277951981388864594e-02 -2.410785412023582486e-01
-4.037208417532370947e-02 -2.398557052850672500e-01
-2.997293172655482105e-02 -2.400022277564057838e-01
-2.316154090147101025e-02 -2.419273754175315094e-01
-2.096069215580288747e-02 -2.432779416667516237e-01
-1.873759596337409850e-02 -2.443496471196097974e-01
-1.657544756136809100e-02 -2.461819308819992447e-01
-1.465405439829237273e-02 -2.459280130965724454e-01
-1.430491899926401161e-02 -2.436467890167402506e-01
-1.182619914272331485e-02 -2.415366520327891786e-01
-5.088732698208544257e-03 -2.420013808447323833e-01
-5.006349672909864764e-04 -2.463506050381837620e-01
7.472051629616669952e-03 -2.481138649667341267e-01
1.204231911103807381e-02 -2.499865178603394300e-01
1.289740012302272899e-02 -2.523644865834027695e-01
1.372725167634420394e-02 -2.547405062871084813e-01
1.596155517998770410e-02 -2.556727101857995677e-01
1.839765800637860327e-02 -2.540949817480748774e-01
2.103042519477918773e-02 -2.537196556489150767e-01
2.592927556176617340e-02 -2.495966861008948046e-01
2.822366218809486613e-02 -2.497810131151826651e-01
3.296052522249924566e-02 -2.459257557764474578e-01
3.761870482976086005e-02 -2.454324217848606604e-01
4.422135139477203353e-02 -2.410635948733340361e-01
4.994308852748986088e-02 -2.387674822751292836e-01
5.348275035282203799e-02 -2.379035625298295542e-01
5.588916036390477460e-02 -2.366934929777285701e-01
5.894882354064905766e-02 -2.356124521188710519e-01
6.383920520988334291e-02 -2.322288130482685065e-01
6.813018198610407139e-02 -2.318590735722886875e-01
6.886751490695211531e-02 -2.226812175793329573e-01
7.129822328243740071e-02 -2.203758158140639301e-01
7.560736594153937007e-02 -2.204158149097174557e-01
7.830637300275250512e-02 -2.223933182160389155e-01
7.890798363678297456e-02 -2.247509235716372566e-01
7.902917550963556304e-02 -2.232424034376408184e-01
8.034223043360649852e-02 -2.197627758071047099e-01
8.354375279703026014e-02 -2.185017240447555686e-01
8.763146424328889517e-02 -2.182815204279175136e-01
9.038996943720548072e-02 -2.165000508087369380e-01
9.485725308657251553e-02 -2.167951679909399243e-01
9.504158631678452651e-02 -2.145007039927009918e-01
1.019170694437537689e-01 -2.084824448669319319e-01
1.051489781969074527e-01 -2.074790185006794851e-01
1.075748931236416989e-01 -2.060281026238421076e-01
1.127305374720265901e-01 -2.055364214076362550e-01
1.162458345064332488e-01 -2.046578512178508780e-01
1.173428467898647853e-01 -2.024367102607038671e-01
1.197677485209651116e-01 -2.009984060052359967e-01
1.216658025205974852e-01 -2.007170714101335351e-01
1.220403159061853593e-01 -1.984378861534174809e-01
1.245190357627260214e-01 -1.963277491694664367e-01
1.249343805500367777e-01 -1.917936547923399238e-01
1.271449908668474404e-01 -1.893684814765459468e-01
1.281449142799070684e-01 -1.835927370723899887e-01
1.299746293730118518e-01 -1.798738910288018855e-01
1.315845918370757983e-01 -1.725395812532635187e-01
1.332116346832623865e-01 -1.653086550714106540e-01
1.350843587328538209e-01 -1.607384711778236108e-01
1.362449565914699012e-01 -1.532787418688429937e-01
1.384832971232442811e-01 -1.501924108584259676e-01
1.392784332434978956e-01 -1.412488410981236064e-01
1.417571531000385854e-01 -1.391387041141725622e-01
1.426195684344827574e-01 -1.304684945460726220e-01
1.447904750082460723e-01 -1.271087909116049020e-01
1.456213279204437439e-01 -1.248662671754348086e-01
1.487328750663051424e-01 -1.213908032101514711e-01
1.546693884492391091e-01 -1.195966941206707684e-01
1.590739749590718011e-01 -1.162251106795251232e-01
1.589617381597139834e-01 -1.090458614314805952e-01
1.573666257308271865e-01 -1.057153340893713794e-01
1.580899044798810549e-01 -9.925390117313653837e-02
1.605686243364217725e-01 -9.714376418918549416e-02
1.607910307623971746e-01 -9.485228105371054652e-02
1.629909022544241970e-01 -9.271974187917833565e-02
1.617776822327043895e-01 -9.209921246861654809e-02
1.596065263023443981e-01 -9.038098733377272764e-02
1.572885571141318939e-01 -9.048826261734026211e-02
1.527900063951245224e-01 -9.137715828929139639e-02
1.474640005496259398e-01 -9.176583459448439672e-02
1.427492583248602953e-01 -9.312218844964002817e-02
1.323186336482804482e-01 -9.162074691783082814e-02
1.281729357352200671e-01 -8.684777950393159085e-02
1.258783943650709225e-01 -8.666344005779545723e-02
1.237561204621055594e-01 -8.433676222080524476e-02
1.195916577045184337e-01 -8.360668829101554345e-02
1.167966980253646037e-01 -8.171079468483560815e-02
1.163345435979366710e-01 -7.650651677428221831e-02
1.178771123847684177e-01 -7.207567462425616689e-02
1.194931370657380948e-01 -6.895211873631794386e-02
1.190525044863034038e-01 -6.570156939792780315e-02
1.171411343454925869e-01 -6.646658295740547062e-02
1.165742210918480765e-01 -7.082271261921915806e-02
1.140955012353074005e-01 -7.293284960317021615e-02
1.072607490186832241e-01 -7.240929932940186331e-02
1.045968331413310165e-01 -7.015396707012480637e-02
1.042740708718142006e-01 -6.781876390510760411e-02
1.027876504684980541e-01 -6.694656575719146185e-02
9.939717439656521603e-02 -6.404594703276768330e-02
9.607076652128275496e-02 -6.130357038507722178e-02
9.308460727519497768e-02 -5.940508703065414814e-02
8.935388257406742807e-02 -5.566057501296297477e-02
8.708684045228978765e-02 -5.513394223591436966e-02
8.496863797963262466e-02 -5.275658579771537460e-02
8.267409660948345229e-02 -5.257224635157923404e-02
8.055284211807620109e-02 -5.023287952130926770e-02
7.828885201504866276e-02 -4.966825713633164080e-02
7.612889717997928241e-02 -4.781060781923097275e-02
7.390360742061385935e-02 -4.676426792108404062e-02
7.170495224188237759e-02 -4.538833611715267086e-02
6.856761679312022018e-02 -4.378389743007029405e-02
6.474552980514139411e-02 -4.276236858118304118e-02
6.212876695703112989e-02 -4.071492515644174748e-02
5.757650048109923258e-02 -3.988991916940794191e-02
5.335623894504538250e-02 -3.493232471250606180e-02
4.876934977168367186e-02 -3.453828026552253211e-02
4.638530167040320895e-02 -3.229266120354686714e-02
3.873023020819435502e-02 -3.118006861006207900e-02
3.292145925171521825e-02 -2.757479988506314830e-02
2.980762784378816407e-02 -2.535986967271822851e-02
2.759980417695812038e-02 -2.409806143639443149e-02
2.542238324935336413e-02 -2.245588045747063180e-02
2.317585923886120863e-02 -2.167578973431613307e-02
2.144915208304587484e-02 -1.887052262567845418e-02
2.192270246699279737e-02 -1.440480309707234223e-02
2.440157706735397725e-02 -1.229467854496955545e-02
2.670614537741516914e-02 -1.235227037028034658e-02
2.915548812221279221e-02 -1.060973976373929054e-02
3.149875677593609591e-02 -1.018561407588078338e-02
3.101909409805580706e-02 -8.692598920536347834e-03
2.519933112210385323e-02 -7.127842897542809725e-03
1.898918089548815372e-02 -5.659277012328855702e-03
1.393077190486250241e-02 -3.670860207583321808e-03
4.423944938096911750e-03 -2.422271702078297988e-03
2.294541370149174100e-03 -1.843394461361430006e-04
