-9.230344184461986565e-05 -3.039464376614263181e-03
-2.972165952318341509e-03 -6.245543938087049982e-03
-3.664653801095033546e-03 -1.019670137353739445e-02
-3.812957496941948594e-03 -1.359309564203051157e-02
-1.117896782013845557e-03 -1.646594218751260344e-02
-1.210240264739199977e-03 -1.950548399961468671e-02
-1.302698577559463066e-03 -2.254486829446748081e-02
-2.964460823711663473e-03 -2.638071347441062198e-02
-6.905290546667761098e-03 -2.492179216547144374e-02
-6.812832233847498226e-03 -2.188240787061865311e-02
-9.913964646914411732e-03 -1.879958694656334514e-02
-1.169725222124496505e-02 -1.652676993703768027e-02
-1.236871586713140549e-02 -2.081040383760545884e-02
-1.173780857108993637e-02 -2.891904995628207312e-02
-1.584987601434136029e-02 -2.878656788933437252e-02
-1.744238367319226116e-02 -2.751283614891231535e-02
-1.876658435660455079e-02 -3.094449781093141713e-02
-2.071546026831742188e-02 -3.521071059852549923e-02
-2.472947905178604633e-02 -3.538625156993380899e-02
-2.532387819989920588e-02 -3.964535460825234503e-02
-2.464643643407873203e-02 -4.243973208374305500e-02
-2.539476966588207624e-02 -4.674789949283372076e-02
-2.356234028529156574e-02 -4.917469062693030635e-02
-2.496689821891001290e-02 -5.475155842222373392e-02
-2.702729103063080188e-02 -6.159713189626721264e-02
-2.762173021962469749e-02 -6.585631237007356920e-02
-2.821612936773785704e-02 -7.011541540839209830e-02
-2.881056855673175265e-02 -7.437459588219845485e-02
-3.551117742880840339e-02 -8.422338693469069715e-02
-3.916762459961982412e-02 -9.005071807114409244e-02
-4.320358795466773538e-02 -9.748277540543105746e-02
-4.647722618880978374e-02 -9.958470507302580321e-02
-4.998182296353455983e-02 -1.017601525381541111e-01
-5.520349682246190881e-02 -1.005394570363224993e-01
-6.350596430751784260e-02 -1.041573351143349202e-01
-6.572455441316106539e-02 -1.057114374982026095e-01
-5.639399103332026764e-02 -1.091854478552562874e-01
-5.395818032838998329e-02 -1.104449737996496955e-01
-5.153135179968631324e-02 -1.086126618954277451e-01
-4.827277864357022025e-02 -1.113910064813667666e-01
-4.836523695639048659e-02 -1.144303907762195677e-01
-4.630578350842847607e-02 -1.133085494727648912e-01
-4.218851349118601241e-02 -1.130578348300717156e-01
-3.356312170756389074e-02 -1.176465740950308758e-01
-2.998612036510972176e-02 -1.195604766019053578e-01
-2.827093410739557611e-02 -1.230844016648883488e-01
-2.774738638438455432e-02 -1.259277660756633610e-01
-2.581706321498689061e-02 -1.286625001663544987e-01
-2.265993054791768518e-02 -1.313883911985309627e-01
-1.971288708951658697e-02 -1.345201964115969040e-01
-1.788045770892608341e-02 -1.369469875456934826e-01
-1.604822324019195001e-02 -1.393737760335164444e-01
-1.167838779464863350e-02 -1.431126267475304747e-01
-9.845958414058128202e-03 -1.455394178816270534e-01
-9.938416726878394544e-03 -1.485788021764798406e-01
-9.689611905743380355e-03 -1.509585936323381006e-01
-7.909830990771828801e-03 -1.534868226092079291e-01
-4.759751683301314401e-03 -1.567236150115604854e-01
-1.266499420317396046e-03 -1.610382931363027181e-01
-4.643428929114006877e-03 -1.632154739106701780e-01
-1.113174112798395732e-02 -1.630763072620255161e-01
-1.762377389313900949e-02 -1.613272892770440947e-01
-2.190744783458751718e-02 -1.606559030666454557e-01
-2.494694960580886092e-02 -1.605634821484322738e-01
-2.088159049838182735e-02 -1.641448921193971178e-01
-2.163007860116081954e-02 -1.684529794467263253e-01
-1.679705797367223377e-02 -1.681864832160146761e-01
-1.922092248696405381e-02 -1.660326990282813275e-01
-1.725452903171992292e-02 -1.623543746731488102e-01
-7.871472057235824604e-03 -1.657268671056678078e-01
-3.983290799898669445e-03 -1.672872262573802116e-01
-3.309200822461534630e-03 -1.703370957819765330e-01
9.120535473062047957e-05 -1.739605541587219140e-01
4.784880728958918139e-05 -1.771539900136334389e-01
-3.083996446657122619e-03 -1.801011109075223438e-01
-4.644787353716166519e-06 -1.772555079381681331e-01
4.209018015920227077e-03 -1.774405236406398634e-01
9.432347748598877979e-03 -1.785335118356625728e-01
1.051235455319917897e-02 -1.817932756570706521e-01
1.130869531564731786e-02 -1.833628118968660681e-01
1.417811263725823022e-02 -1.809232031901628346e-01
1.840726833241037447e-02 -1.799584712464626923e-01
2.067910858357016601e-02 -1.838987983663523673e-01
2.088101015702441970e-02 -1.897275150799541399e-01
2.049654534660372632e-02 -1.935806238556216641e-01
1.632027101906641242e-02 -1.981744419176368344e-01
1.776578312373093896e-02 -1.989861791414055947e-01
2.402199245817337667e-02 -1.898723121164420380e-01
2.676019581361641086e-02 -1.876864595033316818e-01
2.928846483136696155e-02 -1.859066011528723028e-01
2.698014752631944929e-02 -1.827834677785492579e-01
2.691649223282082531e-02 -1.780554316940736459e-01
3.218502929854820394e-02 -1.758272793736495587e-01
2.991170703968248565e-02 -1.738800002997375194e-01
3.131611010232528136e-02 -1.683030524226826197e-01
3.418849143934804546e-02 -1.618773476240241149e-01
3.600636729181914963e-02 -1.597301542337038194e-01
3.746864038914167472e-02 -1.555338324616420964e-01
4.166626765659028897e-02 -1.531379116856745881e-01
4.586378009394398436e-02 -1.507418333924577802e-01
5.129014567569203237e-02 -1.519398087767671046e-01
5.165621261477316289e-02 -1.550877269611462550e-01
5.458726057822963634e-02 -1.556385182602851580e-01
5.753222034902718413e-02 -1.551675041727981763e-01
6.025647185624841834e-02 -1.540035343818015323e-01
6.310338296726314411e-02 -1.532244972559584917e-01
6.783929429872773142e-02 -1.469262458163020368e-01
6.953640137389371922e-02 -1.442663376648050111e-01
6.710953280430934087e-02 -1.460987270045147890e-01
6.306391080392301229e-02 -1.448428441909186681e-01
6.411672037384263945e-02 -1.406921175248771749e-01
6.727648831930266304e-02 -1.375664916441680929e-01
7.223158586575688378e-02 -1.339543213894867912e-01
7.532527714625357473e-02 -1.338174396408685074e-01
7.943214201551396236e-02 -1.343331184174570980e-01
8.460482893915698133e-02 -1.353999198764792578e-01
8.840721747030108602e-02 -1.357581579100186620e-01
9.059788488443103194e-02 -1.343825605129711498e-01
9.427617184495641622e-02 -1.363488364918467310e-01
1.024694200245340747e-01 -1.407784017045175806e-01
9.759222726278071747e-02 -1.367772031399292210e-01
9.894951317081665532e-02 -1.327839172169369142e-01
1.013184716648405786e-01 -1.295709792077217870e-01
9.685633277745264724e-02 -1.288715928703220159e-01
9.087537789479276096e-02 -1.289947740722516834e-01
8.661627485647423186e-02 -1.284003749241385273e-01
8.524948312333428813e-02 -1.274363995313115838e-01
7.936289637505281047e-02 -1.262576749997726677e-01
7.976283508228193542e-02 -1.193895579205259266e-01
8.425958124288016049e-02 -1.175341945154870088e-01
8.654702921601305221e-02 -1.203249315064540831e-01
8.931485117760143422e-02 -1.178327891642268199e-01
9.247346585237657679e-02 -1.185656321504256344e-01
9.123251164536810842e-02 -1.158657566344779843e-01
8.016404189029087413e-02 -1.086631294916206025e-01
8.214571433048706295e-02 -1.019697941866352653e-01
7.893755108141074783e-02 -9.548711237560858489e-02
7.167131498650196331e-02 -8.864264318452913516e-02
6.892900329180233487e-02 -8.548804041845305124e-02
6.582972166434308825e-02 -8.227751483386248899e-02
6.518185846378725390e-02 -7.917692506474272029e-02
6.159630275895870005e-02 -7.790171131661473292e-02
5.636256787829797832e-02 -7.757511654087377584e-02
4.959770203282508338e-02 -7.710000416235977816e-02
4.489174699136703334e-02 -7.177236635577995127e-02
4.993437321952706731e-02 -6.923445504148709184e-02
5.237702337712996786e-02 -6.811781631202344645e-02
5.876389508695302466e-02 -6.820452940690552301e-02
6.620415905152360336e-02 -6.787112252486945940e-02
7.065716089170928638e-02 -6.547859093189239976e-02
6.447332503095561107e-02 -6.549686502629691043e-02
6.531082382314634671e-02 -6.026998859337853731e-02
7.140362434283520354e-02 -5.943286752592969596e-02
7.864956169168639544e-02 -5.835586477762198798e-02
8.250259303186611992e-02 -5.874028954716192796e-02
8.578349853253300350e-02 -5.799272181307198182e-02
8.144546121576376474e-02 -5.568529753033603369e-02
7.840595944454240018e-02 -5.559287661212285875e-02
7.572169165056787110e-02 -5.568424069020869865e-02
7.281712441179952200e-02 -5.694791501473945444e-02
6.663328855104586057e-02 -5.696618910914397205e-02
6.050009549932781200e-02 -5.701064993954903931e-02
5.865238713378524010e-02 -5.759886975530530140e-02
6.297142489931728537e-02 -6.131145365155730997e-02
5.865335759158461781e-02 -6.506008048727830728e-02
5.233628311301000841e-02 -6.359447459664217817e-02
4.779187715385774943e-02 -6.330281583113252231e-02
4.654381055130009381e-02 -5.924865846344155862e-02
4.875178160203513106e-02 -5.659568619517468119e-02
5.205486457627715724e-02 -5.232212605929429522e-02
5.511669869204929850e-02 -4.888863465747850939e-02
5.526500238789622266e-02 -4.549224038898539574e-02
5.478354311154643580e-02 -4.331375147295742079e-02
4.977945862980789893e-02 -4.677202768482929818e-02
4.725118961205734824e-02 -4.855188603528867719e-02
4.421168784083600450e-02 -4.845946511707550225e-02
3.990359786723315927e-02 -4.771117192615289410e-02
3.655961975789552565e-02 -4.746131026489053967e-02
3.403135074014498190e-02 -4.924116861534992562e-02
3.037430188943594442e-02 -4.947263240527270678e-02
2.942886083938689099e-02 -4.570362044116617339e-02
3.171389638789521431e-02 -4.302611731065006384e-02
3.599977779388231075e-02 -3.411546000080129676e-02
3.842664636346671686e-02 -3.228307066109152579e-02
3.842122988254956240e-02 -3.080100406705147190e-02
3.835089000735397713e-02 -2.844921273819436824e-02
3.464343124960517217e-02 -3.238501375320481518e-02
3.157781753159745464e-02 -3.234347059676436625e-02
2.783892942297632941e-02 -3.671318856593912966e-02
2.458035626686023989e-02 -3.393484398000010810e-02
2.379048617918294237e-02 -2.812379968090525026e-02
2.051143146412374649e-02 -2.874366275445994559e-02
1.669343521100654162e-02 -2.953501484984316985e-02
1.498142687563035723e-02 -2.389025699858580987e-02
1.289849675927279282e-02 -1.921145915092769760e-02
6.586779725664847727e-03 -1.736273663241215751e-02
7.991142747426913454e-03 -1.178586619084508527e-02
4.694027844889313815e-03 -8.087156707327044017e-03
1.832429380590508763e-03 -2.426791134096582554e-03
