2.095208610855411272e-03 -3.874046143134528448e-03
1.838910744425874700e-03 -7.047283404006793837e-03
-7.689294249724068844e-04 -9.519731158297520951e-03
-2.148907551941509238e-03 -1.117641756074249856e-02
7.009255741973744640e-04 -1.251806528072995500e-02
2.796134185052786495e-03 -1.639211142386448605e-02
5.726799700613704504e-03 -1.746240861154074731e-02
8.064541305419010986e-03 -2.052238378206095240e-02
8.622168183190951490e-03 -2.393814051255769779e-02
6.241398083061379387e-03 -2.697068281652225535e-02
6.873519706980950371e-04 -2.974685560268967854e-02
-2.297239580613075812e-03 -2.885741746086939452e-02
-4.361212112289137785e-03 -2.967029188605539020e-02
-6.996576394216774686e-03 -2.942657586900259553e-02
-9.504991216035615573e-03 -2.941758973219150280e-02
-1.169595488485957076e-02 -2.999557159871987788e-02
-1.464877031978209163e-02 -2.916488757832761541e-02
-1.658579339134935715e-02 -3.021249188375531997e-02
-1.937988324977443777e-02 -2.967529186503278793e-02
-2.172957249509583841e-02 -2.995978972989143257e-02
-1.820053722424396642e-02 -3.199614712198981664e-02
-8.080635528695017528e-03 -3.471649869986977860e-02
-6.143612457127756339e-03 -3.366889439444207405e-02
-2.966640573431369434e-04 -3.536199980025379191e-02
2.737679028581897073e-03 -3.872813184886879367e-02
2.719817157688762029e-03 -4.374499439251262195e-02
-4.030895610735152064e-04 -4.877197403930895458e-02
-5.382768895154802294e-03 -5.176853282574232079e-02
-4.335164589727099477e-03 -5.370555589730958285e-02
-1.526656274281002574e-03 -5.469022550989219300e-02
2.298297989061720472e-03 -6.035981933041278252e-02
4.025799700782889227e-03 -6.579835063462491362e-02
2.850628395314195890e-03 -6.825462082697325572e-02
9.231898437348689049e-04 -6.960042974269706195e-02
-8.555760371766555619e-04 -7.556964574532555601e-02
-2.768596131734965288e-03 -7.736292425490944036e-02
-4.604958338007630707e-03 -8.154240518483281408e-02
-8.916106192063155342e-03 -8.675694147081330909e-02
-1.565367283109329877e-02 -8.986981195267440548e-02
-1.863826438240447775e-02 -8.898037381085412145e-02
-1.549552896884426149e-02 -9.479129972282071548e-02
-1.552954902599905200e-02 -9.837552922821876655e-02
-1.925264273201582679e-02 -1.014511419234720713e-01
-2.066490118689907549e-02 -1.076772212757007990e-01
-1.546646474121269287e-02 -1.179905219705179864e-01
-1.635584768166845407e-02 -1.209751299718322265e-01
-2.186856898333894642e-02 -1.241082808654045133e-01
-2.116775695647365660e-02 -1.291915438171239439e-01
-2.010217723282073030e-02 -1.335465066740579021e-01
-1.981762416659757151e-02 -1.358962123693823743e-01
-1.691386500470843865e-02 -1.370570010435138431e-01
-1.481873389657592174e-02 -1.409309038839131889e-01
-1.534640167099738176e-02 -1.440232729296796188e-01
-1.822549841998087963e-02 -1.464149763959189943e-01
-1.986239217223710260e-02 -1.484382448014374689e-01
-1.834522062927459313e-02 -1.501213108257449802e-01
-1.539240519435206359e-02 -1.509519948461372219e-01
-1.345538212278480153e-02 -1.499043905407095312e-01
-1.066129226435971224e-02 -1.504415905594320702e-01
-6.945929801758157253e-03 -1.554877390272788873e-01
-4.756669817565666904e-03 -1.613592527426401524e-01
-6.540923220051619857e-03 -1.643725678795866507e-01
-1.235192078338583077e-02 -1.675153420445083252e-01
-1.339048060603488695e-02 -1.705046900301296631e-01
-1.122518777316754840e-02 -1.756305101656540080e-01
-1.028176524962947334e-02 -1.798998454474943220e-01
-7.646400967701818228e-03 -1.801435614645471028e-01
1.226386072438479359e-03 -1.756482614148927313e-01
4.210977623749640776e-03 -1.765376995567129736e-01
5.434665165042418082e-03 -1.783794911575179443e-01
7.832288713014131862e-03 -1.795863804523331053e-01
1.312640249502078013e-02 -1.780128314327961425e-01
1.957524156669138843e-02 -1.752078082082612620e-01
2.263293404508398901e-02 -1.765129785789144312e-01
2.682327376407191502e-02 -1.842609275624483012e-01
3.238872162838669216e-02 -1.827682661336978986e-01
3.640108900925301261e-02 -1.821915001902785769e-01
3.856386934857631427e-02 -1.835252150181480579e-01
4.065544349550462983e-02 -1.854286476670407857e-01
4.662462659812696697e-02 -1.872075239506813260e-01
4.767223090355467846e-02 -1.891445470222485881e-01
4.942053368851560130e-02 -1.887300307165247770e-01
5.196068294968399226e-02 -1.887976082963479796e-01
5.462183161490033467e-02 -1.907723246403585926e-01
5.626483064758856095e-02 -1.945116123583208179e-01
5.537544770713280495e-02 -1.974962203596350718e-01
5.615697857608805549e-02 -1.948733304500327723e-01
6.062576586194175221e-02 -1.917737506034543349e-01
6.498070934319498393e-02 -1.907081350541176279e-01
6.940875375152964766e-02 -1.900582517336137645e-01
7.699503795621945312e-02 -1.864106130792482496e-01
8.296417938180268570e-02 -1.881893266844728851e-01
8.460830038487400506e-02 -1.901071225890220984e-01
9.270551246347520646e-02 -1.865624856191209491e-01
1.004013884689061581e-01 -1.835382923174291858e-01
1.029163352799596087e-01 -1.846815442037740285e-01
1.040226995581706587e-01 -1.865869732130492897e-01
1.070072494324427193e-01 -1.874762486764536551e-01
1.084070977123234858e-01 -1.892229521092314848e-01
1.099936582157174381e-01 -1.893509935653948373e-01
1.103421902235205004e-01 -1.871899171296284026e-01
1.080853168338210268e-01 -1.838585720511162758e-01
1.051007669595489524e-01 -1.829692965877118827e-01
1.029786519950217638e-01 -1.791857419310325661e-01
1.031444912750022203e-01 -1.759854879137595085e-01
1.056618370322676415e-01 -1.734860427787486836e-01
1.102342243857625248e-01 -1.726821544903737460e-01
1.159494310654443916e-01 -1.739914277107957319e-01
1.198234413828951211e-01 -1.718962384756210493e-01
1.209841584056590008e-01 -1.689925180650933556e-01
1.239537137410915840e-01 -1.666278313552548018e-01
1.273965066036698845e-01 -1.659797817167175948e-01
1.300953814413357001e-01 -1.663408432982105278e-01
1.322767189131326127e-01 -1.654644941429701255e-01
1.382459020157549567e-01 -1.672433704266106935e-01
1.407938244163030594e-01 -1.666240279237057309e-01
1.452968228093665104e-01 -1.673751642034749521e-01
1.503770496803356893e-01 -1.675103581144827825e-01
1.529848898497339627e-01 -1.650379103601920805e-01
1.508896812388785535e-01 -1.611638642170575286e-01
1.449204981362562095e-01 -1.593849879334169606e-01
1.420035974931749267e-01 -1.559555244574827582e-01
1.416268461112620558e-01 -1.525936385613717583e-01
1.410499310137522389e-01 -1.485811666291317057e-01
1.385181307548566387e-01 -1.431984831440070993e-01
1.394075136953124017e-01 -1.402138751426928731e-01
1.431006485169040721e-01 -1.380648150731324519e-01
1.448040695299679936e-01 -1.353228504684971245e-01
1.441559482400631698e-01 -1.318800963572802909e-01
1.429651587855421402e-01 -1.282755670644903367e-01
1.444780781057199703e-01 -1.251813643367573059e-01
1.522260629149376210e-01 -1.209910052420886534e-01
1.539468415873691820e-01 -1.178603251650212763e-01
1.521480561805301501e-01 -1.129913683790971790e-01
1.508381262309637649e-01 -1.084651697476566312e-01
1.519815214200438136e-01 -1.059501454338802884e-01
1.538280142537944151e-01 -1.048755631234132013e-01
1.527804874510896027e-01 -1.029386833545811314e-01
1.540454220814268804e-01 -9.770263135809965915e-02
1.570939925743179699e-01 -9.408128736882903631e-02
1.617933710649607504e-01 -9.351229163911173314e-02
1.677337889049086705e-01 -9.439618998367071967e-02
1.735447148168752785e-01 -9.125345457011048433e-02
1.727050056893850993e-01 -8.927993477352820506e-02
1.679289334847728632e-01 -8.746274745858673150e-02
1.640728208638990715e-01 -8.454105477443685235e-02
1.616811890490272852e-01 -8.166191927409188756e-02
1.585504373205923467e-01 -7.994117935302177957e-02
1.543600976016044346e-01 -7.219323036948790961e-02
1.555962728206225776e-01 -6.606238248802148716e-02
1.615353834914877718e-01 -6.133300906834443511e-02
1.640030135398231337e-01 -5.635685065085816597e-02
1.622025242294271863e-01 -5.050271104486761531e-02
1.638100408115067130e-01 -4.477799149656542382e-02
1.627624365060790224e-01 -4.284096842499815483e-02
1.609601718596840314e-01 -4.343636315225868350e-02
1.583565420171059446e-01 -4.325123857821798479e-02
1.549946232209887809e-01 -4.362810036285992565e-02
1.506762481161181833e-01 -4.490157233877271892e-02
1.447070650134958392e-01 -4.312269605513214393e-02
1.415643295999356177e-01 -3.731177014316554991e-02
1.415983496570904221e-01 -3.372754063776750577e-02
1.407693886970103336e-01 -3.023089631648420358e-02
1.397595164153874470e-01 -2.668040053649589974e-02
1.403554511798572602e-01 -2.385449873599837511e-02
1.393078468744295417e-01 -2.191747566443110959e-02
1.336370175361938084e-01 -2.012911941217633560e-02
1.304852378587803285e-01 -1.682650084497719009e-02
1.299275751553246039e-01 -1.341076349016116949e-02
1.311344450744590384e-01 -1.101310411650565681e-02
1.326096740478711900e-01 -9.532536775609560392e-03
1.294668611315880624e-01 -3.721467560907773357e-03
1.298675794459007438e-01 -3.943686348996255247e-04
1.288727017031173205e-01 -9.783502815422881363e-05
1.264595019020577082e-01 -2.649873285727355910e-04
1.239444775882813515e-01 8.784078605073045122e-04
1.228381908127932215e-01 2.783693567047371142e-03
1.198536409385211471e-01 3.672969030451739541e-03
1.098021197803526472e-01 -1.307948965947729539e-03
1.016060640684204180e-01 -2.706016058474123437e-03
9.675035894749210719e-02 6.611692348340157026e-04
9.363630544252812826e-02 5.577442564550842870e-03
9.065175556825605385e-02 6.466718027955211702e-03
8.954546879276792382e-02 8.372003734495278224e-03
8.195439232808415797e-02 4.873467385277807304e-03
7.592416948622852935e-02 2.977746604119573242e-03
7.253770160561244518e-02 6.153253032794018390e-03
6.849348623806451875e-02 1.306988086139732226e-02
6.550889468675333283e-02 1.395931900321760628e-02
6.428520714546054338e-02 1.580111060402255088e-02
6.148817830361422848e-02 8.067447154496896339e-03
5.495974236023674908e-02 -6.222371179466683680e-04
4.710216575027792452e-02 -4.189150859941553721e-03
4.406364816321650668e-02 -3.480571763977243892e-03
4.018967367144957170e-02 -5.575741623471204729e-03
3.453794172182211158e-02 -4.383833343170103619e-03
2.743680685911031522e-02 -6.403655409138826402e-03
1.537876012161103027e-02 -6.552399950099600107e-03
1.047604305427705636e-03 -1.937023071567264224e-03
