-5.168512416031934269e-04 -2.418945044941767791e-03
-1.033578968442820569e-03 -4.838080715806665488e-03
-1.550430210046013346e-03 -7.257025760748434147e-03
-2.067157936885641138e-03 -9.676161431613330977e-03
-7.664724944570805616e-03 -1.383517732262586064e-02
-1.500429954988266416e-02 -1.859080450683066668e-02
-2.234387415519452358e-02 -2.334643169103547272e-02
-2.968335344754481631e-02 -2.810199711785849389e-02
-3.368421988440140069e-02 -3.171416474918481443e-02
-3.420094761124102545e-02 -3.413330042004970866e-02
-3.471779885284421302e-02 -3.655224546499147298e-02
-3.523452657968384472e-02 -3.897138113585637414e-02
-3.597385611227163493e-02 -4.104675650993614561e-02
-3.744177103333400786e-02 -4.199788194677710890e-02
-3.890968595439637384e-02 -4.294900738361806525e-02
-4.037760087545874677e-02 -4.390013282045902160e-02
-4.184551579652111969e-02 -4.485125825729998489e-02
-4.238249994458559433e-02 -4.723913127677156765e-02
-4.289935118618877496e-02 -4.965807632171333197e-02
-4.341607891302840666e-02 -5.207721199257823314e-02
-4.393293015463160117e-02 -5.449615703751999746e-02
-4.619964033409364873e-02 -5.654135468107292228e-02
-4.913547017621839458e-02 -5.844360555475484192e-02
-5.207130001834313349e-02 -6.034585642843676156e-02
-5.500712986046787933e-02 -6.224810730211868814e-02
-5.681070135477830907e-02 -6.439216503748694531e-02
-5.732742908161793383e-02 -6.681130070835182566e-02
-5.784428032322113528e-02 -6.923024575329360386e-02
-5.836100805006075309e-02 -7.164938142415849809e-02
-5.939251704943373372e-02 -7.395846014711646155e-02
-6.232834689155846569e-02 -7.586071102079838813e-02
-6.526408142072165353e-02 -7.776290013709852289e-02
-6.819991126284639937e-02 -7.966515101078044947e-02
-7.113574110497114522e-02 -8.156740188446237605e-02
-7.175550697704709269e-02 -8.396452509499033323e-02
-7.227235821865027332e-02 -8.638347013993209755e-02
-7.278908594548989808e-02 -8.880260581079699178e-02
-7.330584187413152764e-02 -9.122148909835697816e-02
-7.449041392757320412e-02 -9.260991040285809772e-02
-7.595832884863558399e-02 -9.356103583969906101e-02
-7.742624376969794997e-02 -9.451216127654002430e-02
-7.889415869076031596e-02 -9.546328671338098759e-02
-7.993705931039164769e-02 -9.707035595171219222e-02
-8.045391055199484220e-02 -9.948930099665394267e-02
-8.097063827883446696e-02 -1.019084366675188508e-01
-8.148748952043767535e-02 -1.043273817124606290e-01
-8.172313932362212929e-02 -1.065643948644472566e-01
-8.077207564416295782e-02 -1.080322144725480576e-01
-7.982088844994020271e-02 -1.095002247065720025e-01
-7.886982477048103124e-02 -1.109680443146728035e-01
-7.791876109102184589e-02 -1.124358639227736045e-01
-7.882560052593889921e-02 -1.170589322977379776e-01
-7.985917949438171848e-02 -1.218970130135446361e-01
-8.089275846282453775e-02 -1.267350937293512947e-01
-8.192633743126735701e-02 -1.315731744451579532e-01
-8.160860087514645866e-02 -1.341166276352397657e-01
-8.065753719568727331e-02 -1.355844472433405667e-01
-7.970635000146453208e-02 -1.370524574773644977e-01
-7.875528632200536061e-02 -1.385202770854653265e-01
-7.842878027787954232e-02 -1.403930451996954487e-01
-7.894563151948272295e-02 -1.428119902446372269e-01
-7.946235924632236158e-02 -1.452311259155021073e-01
-7.997911517496399114e-02 -1.476500092030620936e-01
-7.959843972416458246e-02 -1.509067304912440344e-01
-7.484287429734155783e-02 -1.582462097835943271e-01
-7.008730887051853320e-02 -1.655856890759446198e-01
-6.533161992893193881e-02 -1.729253589942180702e-01
-6.057605450210891418e-02 -1.802648382865683629e-01
-6.064409474103003850e-02 -1.831026405744393404e-01
-6.116082246786967713e-02 -1.855217762453042207e-01
-6.167767370947287164e-02 -1.879407212902459989e-01
-6.219440143631248252e-02 -1.903598569611108793e-01
-6.077487455076138051e-02 -1.915241390377479258e-01
-5.835577243547625942e-02 -1.920410238349309073e-01
-5.593679383495472890e-02 -1.925577180061907590e-01
-5.351781523443317062e-02 -1.930744121774505828e-01
-5.169213161785166794e-02 -1.939757984336149266e-01
-5.074106793839248258e-02 -1.954436180417157276e-01
-4.978988074416974136e-02 -1.969116282757396585e-01
-4.883881706471056294e-02 -1.983794478838404873e-01
-4.730866256901732070e-02 -1.997827631840738138e-01
-4.247067716617221322e-02 -2.008164039098984111e-01
-3.763259645036554774e-02 -2.018499828783412164e-01
-3.279451573455888225e-02 -2.028835618467840773e-01
-2.795643501875221329e-02 -2.039171408152268827e-01
-2.612998497096350944e-02 -2.031770402917303930e-01
-2.466207004990114346e-02 -2.022259148548894159e-01
-2.319425044180032855e-02 -2.012748511754302305e-01
-2.172633552073796256e-02 -2.003237257385892811e-01
-1.965134553674808757e-02 -2.003095267139321511e-01
-1.723224342146295260e-02 -2.008264115111151327e-01
-1.481326482094140647e-02 -2.013431056823749843e-01
-1.239416270565629752e-02 -2.018599904795579381e-01
-1.033942914289125159e-02 -2.018145288035074758e-01
-8.871514221828885605e-03 -2.008634033666665264e-01
-7.403599300766520487e-03 -1.999122779298255770e-01
-5.935684379704126747e-03 -1.989611524929845998e-01
-4.037554151033998298e-03 -1.982633826084316819e-01
8.005265647726690333e-04 -1.992969615768745151e-01
5.638607280579336148e-03 -2.003305405453173205e-01
1.047668799638600337e-02 -2.013641195137601259e-01
1.531476871219267233e-02 -2.023976984822029590e-01
2.233492218240367214e-02 -1.983811486580099870e-01
2.967449678771552982e-02 -1.936255214738051844e-01
3.701407139302739097e-02 -1.888698942896003818e-01
4.435364599833925559e-02 -1.841142671053955793e-01
4.865709826330703175e-02 -1.826117635209373036e-01
5.107620037859215284e-02 -1.831286483181202851e-01
5.349517897911370418e-02 -1.836453424893801090e-01
5.591428109439881139e-02 -1.841622272865630905e-01
6.382966811124488049e-02 -1.803637829357669642e-01
8.144455185103177675e-02 -1.689503394510572243e-01
9.905953090378022408e-02 -1.575368342089656926e-01
1.166744146435671203e-01 -1.461233907242559527e-01
1.326727267813904709e-01 -1.359790614050840063e-01
1.350918288966755920e-01 -1.364959462022669878e-01
1.375108074971971295e-01 -1.370126403735268117e-01
1.399299096124822506e-01 -1.375295251707098210e-01
1.423488882130037880e-01 -1.380462193419696448e-01
1.431489588074641162e-01 -1.360643795387649069e-01
1.436658100490673107e-01 -1.336454344938231564e-01
1.441825377759069493e-01 -1.312262988229582483e-01
1.446993890175101438e-01 -1.288073537780164979e-01
1.475317953243086844e-01 -1.261295618867527002e-01
1.519355400874957962e-01 -1.232761855762298242e-01
1.563392848506829080e-01 -1.204228092657069482e-01
1.607430296138700199e-01 -1.175694329551840583e-01
1.643513244237879423e-01 -1.123933592620316446e-01
1.664183870477120297e-01 -1.027172595878001055e-01
1.684855449845976683e-01 -9.304109815618677448e-02
1.705527029214833068e-01 -8.336493672457344351e-02
1.723630885408183044e-01 -7.438753043644537322e-02
1.714119013465955355e-01 -7.291952020242141452e-02
1.704608376671363779e-01 -7.145170059432061349e-02
1.695096504729136366e-01 -6.998369036029668255e-02
1.685585867934544513e-01 -6.851587075219586764e-02
1.692542442446836604e-01 -6.425130394837806624e-02
1.702879467278900771e-01 -5.941341385849455842e-02
1.713215256963328548e-01 -5.457533314268787211e-02
1.723551046647756879e-01 -4.973725242688120662e-02
1.706092621502929840e-01 -4.430531041387184010e-02
1.668047604029291309e-01 -3.843365072962235535e-02
1.630002586555652777e-01 -3.256199104537287059e-02
1.591958804229650082e-01 -2.669052198704651227e-02
1.558334663065187309e-01 -2.252769413957494277e-02
1.534144877059971934e-01 -2.201099996831511196e-02
1.509953855907120723e-01 -2.149411517113214085e-02
1.485764069901905071e-01 -2.097742099987228923e-02
1.461903517672128172e-01 -2.030623136813973842e-02
1.442881008935308906e-01 -1.737040152601499604e-02
1.423858500198489641e-01 -1.443457168389025366e-02
1.404835991461670375e-01 -1.149874184176549914e-02
1.385813482724851109e-01 -8.562911999640756763e-03
1.343054234039887385e-01 -7.165087993441429486e-03
1.294673426881820799e-01 -6.131509024998606748e-03
1.246292619723754214e-01 -5.097930056555790082e-03
1.197912765695303278e-01 -4.064289330731182467e-03
1.165772334058294835e-01 -1.978426334086738018e-03
1.146749825321475569e-01 9.574035080380104319e-04
1.127727316584656442e-01 3.893233350162752810e-03
1.108704807847837176e-01 6.829063192287500826e-03
1.073732182682257397e-01 9.352031430668960796e-03
1.001161307500955250e-01 1.090255695367654473e-02
9.285907143376730122e-02 1.245283009337921215e-02
8.560188860267552158e-02 1.400329385900501815e-02
7.859119959154450830e-02 1.544714564378851622e-02
7.712328467048214231e-02 1.449602020694755293e-02
7.565536974941976245e-02 1.354489477010658964e-02
7.418745482835738259e-02 1.259376933326562635e-02
7.271953990729501660e-02 1.164264389642467000e-02
7.050287848949478298e-02 1.184709280559761470e-02
6.808377637420967576e-02 1.236397760278058755e-02
6.566479777368811055e-02 1.288067177404043917e-02
6.324569565840300334e-02 1.339755657122341376e-02
6.133263352944831603e-02 1.313344696134288551e-02
5.986471860838594311e-02 1.218232152450192222e-02
5.839680368732357019e-02 1.123119608766096240e-02
5.692888876626120420e-02 1.028007065082000258e-02
5.519788739880297779e-02 9.734978430245885828e-03
5.277890879828141951e-02 1.025167260150572877e-02
5.035980668299631230e-02 1.076855739868870510e-02
4.794082808247475402e-02 1.128525156994855498e-02
4.554198238841448282e-02 1.177087371573821463e-02
4.407406746735211683e-02 1.081974827889725134e-02
4.260615254628974391e-02 9.868622842056291519e-03
4.113823762522737099e-02 8.917497405215331699e-03
3.967032270416499806e-02 7.966371968374368409e-03
3.747401302055117928e-02 8.139619983535786515e-03
3.505491090526606512e-02 8.656504780718764572e-03
3.263593230474451379e-02 9.173198951978607518e-03
3.021683018945939617e-02 9.690083749161585575e-03
2.678433406682417112e-02 8.485854932608562565e-03
2.238058930363705235e-02 5.632478622085678767e-03
1.797684454044994051e-02 2.779102311562796270e-03
1.357309977726282695e-02 -7.427399896008676870e-05
9.676161431613330977e-03 -2.067157936885644174e-03
7.257059316328215090e-03 -1.550273139702668286e-03
4.838080715806665488e-03 -1.033578968442822087e-03
2.418978600521550035e-03 -5.166941712598460907e-04
