-2.131957778882303135e-03 -3.051984714950183031e-03
-4.263946753578252979e-03 -6.103793655368498772e-03
-8.769471650629330831e-03 -7.497573855231936049e-03
-1.395306259539808198e-02 -8.417538399672522959e-03
-1.862589287844336819e-02 -1.221745526585539705e-02
-2.288983963202162117e-02 -1.832124892122389756e-02
-2.659633363508674339e-02 -2.254382030844906751e-02
-2.918795333293925515e-02 -2.300377138485571252e-02
-3.144090715390347734e-02 -2.370060479333514769e-02
-3.098089368586953718e-02 -2.629257604025139056e-02
-3.052088021783559701e-02 -2.888454728716763342e-02
-3.425976799451951882e-02 -3.459798660767169493e-02
-3.852368355228413116e-02 -4.070195603757206793e-02
-3.933155146028614879e-02 -4.619237760501954115e-02
-3.841155572003191604e-02 -5.137614432432015960e-02
-3.884801242846312036e-02 -5.561251789893424669e-02
-4.098000140315907064e-02 -5.866432683935255549e-02
-4.253577026658013349e-02 -6.161405167716892811e-02
-4.207578799435984090e-02 -6.420584714955329675e-02
-4.161577452632590074e-02 -6.679781839646954655e-02
-4.374773230520821038e-02 -6.984980311141973652e-02
-4.587972127990416066e-02 -7.290161205183803839e-02
-4.397976284681272274e-02 -7.523802719336068756e-02
-4.092780932767618035e-02 -7.736980919771112297e-02
-4.075571454284099976e-02 -8.001287918738061999e-02
-4.288767232172330940e-02 -8.306486390233080996e-02
-4.517298872049268360e-02 -8.525274101862100051e-02
-4.776460841834519189e-02 -8.571269209502764552e-02
-5.030548092250817366e-02 -8.646062424626034526e-02
-5.243743870139048330e-02 -8.951260896121052135e-02
-5.456939648027277906e-02 -9.256459367616069744e-02
-5.250216385700078731e-02 -9.249469637683203904e-02
-4.991054415914827208e-02 -9.203474530042539403e-02
-4.701191806408516749e-02 -9.330259548064771813e-02
-4.395993334913498446e-02 -9.543455325953000001e-02
-4.321200119790229166e-02 -9.797542576369298872e-02
-4.534399017259824194e-02 -1.010272347041113183e-01
-4.757782508373697289e-02 -1.035031438865048198e-01
-5.016979633065322269e-02 -1.039631573545387599e-01
-5.276176757756945862e-02 -1.044231708225727001e-01
-5.138175836928128570e-02 -1.121989087887895614e-01
-5.000174916099311279e-02 -1.199746467550064227e-01
-5.301144095139246476e-02 -1.264499961886639545e-01
-5.727503615590696928e-02 -1.325537274524051512e-01
-5.814798076858303938e-02 -1.410262988271014650e-01
-5.630798928807457387e-02 -1.513938322657026880e-01
-5.406387248112640154e-02 -1.590162116120324987e-01
-5.101223931523994615e-02 -1.611482317825420896e-01
-4.853612316250092290e-02 -1.633822112723990472e-01
-5.066808094138323254e-02 -1.664341959873492094e-01
-5.280003872026553524e-02 -1.694861807022993994e-01
-5.099240981756222174e-02 -1.813447578487114020e-01
-4.869240486901982301e-02 -1.943042625342288610e-01
-4.589121805643590901e-02 -2.000453062295107498e-01
-4.283923334148571210e-02 -2.021772640083930872e-01
-4.093927490839427419e-02 -2.045136791499157225e-01
-4.047929263617397466e-02 -2.071054746223000842e-01
-3.808698935305711297e-02 -2.105426415283963570e-01
-2.893106640402020105e-02 -2.169383390905114117e-01
-1.977549500404704452e-02 -2.233340990442537199e-01
-1.931548153601310089e-02 -2.259260702911699836e-01
-1.885549926379281177e-02 -2.285178657635543453e-01
-1.637970346430385818e-02 -2.307520834195704584e-01
-1.332774994516732273e-02 -2.328838654239209216e-01
-1.053132133561074379e-02 -2.335758782377456988e-01
-7.939350088694500929e-03 -2.331158647697117725e-01
-5.194051417704824598e-03 -2.335197831258059575e-01
-2.142418251818378316e-03 -2.356518032963155485e-01
8.584365245648984278e-04 -2.374956666174672382e-01
3.450407771481148449e-03 -2.370356531494333119e-01
6.042379018397383943e-03 -2.365756396813993578e-01
9.043233794780655699e-03 -2.384195030025510476e-01
1.209486696066710588e-02 -2.405515231730606107e-01
1.484016563165678135e-02 -2.409554415291548235e-01
1.743213687857302421e-02 -2.404954280611208695e-01
2.022856548812960314e-02 -2.411874408749456744e-01
2.328051900726614207e-02 -2.433192228792961098e-01
2.738194977369116240e-02 -2.446707725462359817e-01
3.515786351443989793e-02 -2.432907321421341751e-01
4.293342570612489195e-02 -2.419107541296596497e-01
4.598541042107507498e-02 -2.440427119085419594e-01
4.903736394021161044e-02 -2.461744939128923948e-01
5.374734619990302609e-02 -2.459327399948877113e-01
5.893093714467177724e-02 -2.450127754504471123e-01
6.293049077884035891e-02 -2.457882495848303095e-01
6.598247549379054888e-02 -2.479202073637126469e-01
7.320093648402614672e-02 -2.484213892277541691e-01
8.875206086739614864e-02 -2.456614332028051184e-01
1.028124930920191055e-01 -2.428690522084235581e-01
1.049444508709014151e-01 -2.398170674934734237e-01
1.070764086497837109e-01 -2.367650827785232059e-01
1.119209821686004552e-01 -2.356082982936371639e-01
1.171049246624329410e-01 -2.346882713575692836e-01
1.208673068070923035e-01 -2.358028253095318105e-01
1.239192915220424934e-01 -2.379347830884140924e-01
1.254103352298532315e-01 -2.379671456662192375e-01
1.249503529576329458e-01 -2.353753501938348480e-01
1.250661768559965248e-01 -2.326811814614121177e-01
1.271981658306924612e-01 -2.296293725209938019e-01
1.293301236095747708e-01 -2.265773878060435842e-01
1.345140661034072427e-01 -2.256573608699757316e-01
1.396976570481759938e-01 -2.247373963255351326e-01
1.404918985433209755e-01 -2.225169808569079088e-01
1.400319162711006760e-01 -2.199251853845235471e-01
1.410118477681242544e-01 -2.170776580322137106e-01
1.431438055470065640e-01 -2.140256733172635206e-01
1.455824493698493760e-01 -2.127017280251014553e-01
1.486340825357358175e-01 -2.148337481956110462e-01
1.515838385693658308e-01 -2.163896928335639902e-01
1.537157963482481127e-01 -2.133377081186138002e-01
1.558477541271304501e-01 -2.102857234036636103e-01
1.583886266312934110e-01 -2.095377912524309383e-01
1.609802463291459262e-01 -2.090778401760242933e-01
1.632655627279152866e-01 -2.068899630597340888e-01
1.653975205067976240e-01 -2.038379783447838989e-01
1.663774520038211746e-01 -2.009904509924740623e-01
1.659174697316008751e-01 -1.983986555200897006e-01
1.660332936299644402e-01 -1.957044867876669147e-01
1.681652826046604043e-01 -1.926526778472486268e-01
1.702972403835427140e-01 -1.896006931322984090e-01
1.728892116304589222e-01 -1.891406796642644828e-01
1.754811828773751858e-01 -1.886806661962305287e-01
1.756992354570588999e-01 -1.865625106047371362e-01
1.752392531848386004e-01 -1.839707151323527745e-01
1.762191846818621788e-01 -1.811231877800429380e-01
1.783511424607444884e-01 -1.780712030650927480e-01
1.796190238367804393e-01 -1.751727527445615107e-01
1.791590103687465130e-01 -1.725807814976452470e-01
1.789869467797249591e-01 -1.699378872825076103e-01
1.811189045586072965e-01 -1.668859025675574481e-01
1.832508623374895507e-01 -1.638339178526072581e-01
1.830787987484679968e-01 -1.611910236374696215e-01
1.826187852804340706e-01 -1.585990523905533855e-01
1.838866666564700492e-01 -1.557006020700221482e-01
1.860186244353523588e-01 -1.526486173550719583e-01
1.858465296505171505e-01 -1.500055473654024474e-01
1.827945761313806150e-01 -1.478737653610520120e-01
1.808946176982891840e-01 -1.455373502195293767e-01
1.830266066729851204e-01 -1.424855412791110609e-01
1.851585644518674578e-01 -1.394335565641608710e-01
1.837785552435792780e-01 -1.316578185979440097e-01
1.823985460352910981e-01 -1.238820806317271622e-01
1.837498887318854690e-01 -1.197805052865839048e-01
1.858818777065814054e-01 -1.167286963461655752e-01
1.851339455553487334e-01 -1.141878238420026004e-01
1.820819608403985435e-01 -1.120558660631203185e-01
1.798941149199219935e-01 -1.097707254388827908e-01
1.794341014518880673e-01 -1.071787541919665548e-01
1.792620378628665134e-01 -1.045358599768289182e-01
1.813939956417488508e-01 -1.014838752618787143e-01
1.835259534206311327e-01 -9.843189054692853823e-02
1.810498372678920609e-01 -9.619791105707158063e-02
1.779982041020056471e-01 -9.406589088656198971e-02
1.760607733390180119e-01 -8.817155096302031758e-02
1.746807641307298320e-01 -8.039581299680345627e-02
1.725576121700499177e-01 -7.512840918241256438e-02
1.695056586509134100e-01 -7.299662717806212897e-02
1.670298628514244321e-01 -7.076240952204600199e-02
1.665698805792041326e-01 -6.817061404966164029e-02
1.661098671111702063e-01 -6.557864280274539048e-02
1.630578823962200163e-01 -6.344668502386308084e-02
1.600059288770835086e-01 -6.131490301951265237e-02
1.589700780426520632e-01 -5.882512925810292476e-02
1.585100957704317637e-01 -5.623333378571854918e-02
1.549146362668892274e-01 -5.271252978453201676e-02
1.488106980328025297e-01 -4.844879000129926477e-02
1.444349749960357754e-01 -4.387833297829237672e-02
1.435149480599678951e-01 -3.869439048445989793e-02
1.416797459783004087e-01 -3.337606370184759835e-02
1.325241745783272418e-01 -2.698030374810526238e-02
1.233686031783540749e-01 -2.058454379436292642e-02
1.200471155919031613e-01 -2.028288531540255527e-02
1.174554958940506599e-01 -2.074283639180920374e-02
1.145568697989875484e-01 -1.947498621158689353e-02
1.115048850840373584e-01 -1.734302843270459082e-02
1.096049266509459275e-01 -1.500661329118195206e-02
1.091449443787256279e-01 -1.241481781879757301e-02
1.067526410956087524e-01 -8.977650912701315780e-03
9.759671814657183697e-02 -2.581953350586271498e-03
8.844114674659868391e-02 3.813806603156063169e-03
8.584917549968243411e-02 3.353793135122123004e-03
8.325720425276619818e-02 2.893779667088184574e-03
8.030779976819990562e-02 4.449786696668408571e-03
7.725584624906337017e-02 6.581568701018842248e-03
7.445941763950680858e-02 7.273581514843648933e-03
7.186744639259055878e-02 6.813568046809708768e-03
6.912214772160087117e-02 7.217486402903892061e-03
6.607051455571444354e-02 9.349506573413490784e-03
6.278174109613239573e-02 1.114227115181191073e-02
5.759779860229992388e-02 1.022224421574403214e-02
5.241385610846743121e-02 9.302217279676151807e-03
4.994284970781946720e-02 6.487228279703327605e-03
4.781124347800089908e-02 3.435305956380435826e-03
4.364473600690183669e-02 1.804705816071509395e-03
3.846079351306934402e-02 8.846788800036280891e-04
3.422441993845527081e-02 1.321135588434833169e-03
3.117246641931873188e-02 3.452917592785268580e-03
2.591900937103496297e-02 4.600009897084813941e-03
1.295950468551748148e-02 2.300004948542406970e-03
