-3.296248400981582460e-03 -1.799693805933642952e-03
-8.762369456773146104e-03 -2.385341611077058336e-03
-1.495249723980210388e-02 -3.210740540250645991e-03
-1.931766819121713899e-02 -1.328285303304606486e-03
-2.190941610644617232e-02 -2.887321161854692828e-03
-2.559337894765598490e-02 -4.415114668881569421e-03
-2.681620695468066307e-02 -9.504233720085268275e-03
-2.648780471811467557e-02 -1.189232176088086609e-02
-2.613694213625992330e-02 -1.610744127208939280e-02
-2.935727860952862603e-02 -1.816454002680239002e-02
-3.530469111806754101e-02 -1.860086773659935105e-02
-3.428242435269515664e-02 -2.328660695684940315e-02
-3.601782447914919638e-02 -2.721920745654286475e-02
-3.840499152020563495e-02 -2.752811901036245415e-02
-4.261623508507138974e-02 -2.926574221534450349e-02
-5.106483291317227141e-02 -2.973227150955218973e-02
-5.603607414106582391e-02 -3.059480161263529105e-02
-5.813182383654369456e-02 -3.219641447306186011e-02
-6.022911882000264033e-02 -3.530172202376637147e-02
-6.016903579393769602e-02 -4.661201228343221648e-02
-5.786476222208451758e-02 -4.808618232070926979e-02
-5.420675305948049333e-02 -5.110753394144622319e-02
-5.337459917650175245e-02 -5.589183202162495423e-02
-5.113853629399769257e-02 -5.652308425949881948e-02
-4.964566161919380799e-02 -5.969764218755899132e-02
-5.096209231148667029e-02 -6.322983182766483967e-02
-4.880663293175867973e-02 -6.727496913782984866e-02
-4.839454105042182569e-02 -7.395363451469381955e-02
-4.995639996900803903e-02 -7.625383152851478163e-02
-4.857570073043166597e-02 -7.869082478048745888e-02
-4.603372500059825512e-02 -7.988311733882920429e-02
-4.145779170350223641e-02 -8.353299819898077350e-02
-4.183972542439342440e-02 -9.784001705230699342e-02
-4.371338685549499420e-02 -1.001257187160005668e-01
-4.698781169021608306e-02 -1.043968857587685428e-01
-4.851881737780118498e-02 -1.085538270169063985e-01
-4.829526642370478295e-02 -1.146671343632696960e-01
-5.304868406615729365e-02 -1.186156538964755203e-01
-5.706869328882417658e-02 -1.191806365279697993e-01
-5.720799551220755869e-02 -1.215469964111363793e-01
-5.661242440093283701e-02 -1.255391348593776213e-01
-5.874371790805196086e-02 -1.281155616817481746e-01
-6.065617480889563123e-02 -1.285051126767269014e-01
-5.982814882944723078e-02 -1.300180804088984510e-01
-5.752161096391592704e-02 -1.314435443127118519e-01
-5.707898225154348082e-02 -1.355750366330813195e-01
-5.317805115112452657e-02 -1.400918995533546041e-01
-5.078134171502571292e-02 -1.395783671246042246e-01
-4.730947662457759412e-02 -1.384117903124431337e-01
-4.410358484711451865e-02 -1.400255281671239083e-01
-4.175854431258658322e-02 -1.406227796561852206e-01
-3.948144917663412579e-02 -1.426815719706475138e-01
-3.714951540443198197e-02 -1.435613977274738107e-01
-3.624640561677748563e-02 -1.495500588115123708e-01
-3.485478252568435797e-02 -1.542724875936052620e-01
-3.515472668439695303e-02 -1.663960131534475140e-01
-3.720488887189808691e-02 -1.701675316233837443e-01
-3.660153613281359741e-02 -1.769331927002322502e-01
-3.428186176983229194e-02 -1.780760837186333434e-01
-3.199570669446204219e-02 -1.799399920289924681e-01
-2.943380020379160467e-02 -1.807035635664066830e-01
-2.617480319896296412e-02 -1.849562412992760141e-01
-2.618612743205887827e-02 -1.851998314368428489e-01
-2.459503888636961275e-02 -1.829009932756992529e-01
-2.220557712533450384e-02 -1.825433621032065690e-01
-2.081325879572515705e-02 -1.775890380620976650e-01
-1.427927903261711623e-02 -1.731471832977985736e-01
-1.190412841155813646e-02 -1.720467926509563761e-01
-1.016686061287673179e-02 -1.697547204004282717e-01
-7.779694262996625538e-03 -1.694458237141707735e-01
-4.809531464981720364e-03 -1.677286231484846346e-01
-1.053015933993587143e-03 -1.688406587107321999e-01
-1.497452321611243741e-04 -1.712554866433139700e-01
1.513526891827553060e-03 -1.737056163927366281e-01
1.822423578085032633e-03 -1.760927827426167491e-01
3.417483327125183518e-03 -1.785397413750079154e-01
5.420213410426691011e-03 -1.820895452939748360e-01
6.794916246783062538e-03 -1.899065989262561094e-01
8.541826518421113956e-03 -1.937081452560545647e-01
9.204223102442142534e-03 -1.968929363837060020e-01
1.408458157557469261e-02 -1.939951145390088616e-01
1.753521092640561094e-02 -1.953858875806371576e-01
1.852891663601903202e-02 -1.895537373251594548e-01
2.109210312389690756e-02 -1.865091555474915341e-01
2.893025740598982251e-02 -1.874105871498369935e-01
3.123229503693644021e-02 -1.889334944380546000e-01
3.353611519711292843e-02 -1.904174175960740845e-01
3.400091313962808059e-02 -1.928118316210179206e-01
3.582733196978576257e-02 -1.955332108655566947e-01
3.703473352927066226e-02 -1.989679068548660668e-01
4.061789359651830217e-02 -2.002378957073733812e-01
4.135551130370333089e-02 -2.026449928180905080e-01
4.318440806956789363e-02 -2.051028222719009086e-01
4.383100907823283404e-02 -2.090485216450619355e-01
4.769964226079945191e-02 -2.100583724363200011e-01
4.865212944962160613e-02 -2.137253343301002972e-01
5.025307970664746188e-02 -2.152058746509651899e-01
5.258128005630051394e-02 -2.132244577803981689e-01
5.382795615361586627e-02 -2.103530152960428334e-01
5.771852216787608236e-02 -2.077412038906095992e-01
6.015098545013983916e-02 -2.064579466540847896e-01
6.435679038472054414e-02 -2.060968768486345915e-01
7.068625027788046078e-02 -2.024852609450233376e-01
8.301821472272390146e-02 -2.037616171484523397e-01
8.538007437130579191e-02 -2.039983627562399482e-01
8.932571289186570784e-02 -2.033517887179938644e-01
9.200278256844357516e-02 -2.054194012022260429e-01
9.254157480329879004e-02 -2.030716429623433128e-01
9.417164609683353893e-02 -2.007746170655538287e-01
9.554837413205900798e-02 -1.984658135239917298e-01
9.641887381589417383e-02 -1.944441784722744093e-01
1.006778359981774784e-01 -1.902090072704717139e-01
1.025241356260267328e-01 -1.891426165296423711e-01
1.036919424722498317e-01 -1.854472793405678166e-01
1.047568693773126419e-01 -1.831239507137540912e-01
1.029499795450601607e-01 -1.825029058510990454e-01
9.917297431891619608e-02 -1.772106429426937857e-01
1.002337186037517286e-01 -1.699364581032999644e-01
1.015714950086086393e-01 -1.676258139446122342e-01
1.032405193148646372e-01 -1.653305989298241574e-01
1.038001766438820805e-01 -1.629545178861917520e-01
1.078384658167628463e-01 -1.588458074362202599e-01
1.106306929149361712e-01 -1.548646701456522501e-01
1.153123314383809744e-01 -1.518306944381829227e-01
1.177592900707721685e-01 -1.502356346891427774e-01
1.241948170361465986e-01 -1.506422121363392708e-01
1.281709678773768624e-01 -1.543814107748024966e-01
1.304915476813588993e-01 -1.555048252868429515e-01
1.313168840049773189e-01 -1.579160003379449506e-01
1.331441855197153523e-01 -1.585184755175927662e-01
1.398254304441765294e-01 -1.637211850920369527e-01
1.456744479232934819e-01 -1.591009934045173879e-01
1.469365489505099487e-01 -1.579976697246922024e-01
1.486250794982507950e-01 -1.557033615332575338e-01
1.529145264912326330e-01 -1.554340585495013471e-01
1.535806013098983125e-01 -1.511880962245490956e-01
1.560171411501942718e-01 -1.498171501067151190e-01
1.584455873446743157e-01 -1.486215845162048299e-01
1.593590618825659611e-01 -1.428345456006068215e-01
1.610579823300774815e-01 -1.398962490544274351e-01
1.577704519474224798e-01 -1.349977734671646556e-01
1.589753995420127852e-01 -1.313432299079369814e-01
1.600688654212531203e-01 -1.275663026944633127e-01
1.526319859050143113e-01 -1.262245855288934571e-01
1.501051995494326330e-01 -1.244959545326303624e-01
1.469027411118226101e-01 -1.259582393453011206e-01
1.434011102163729734e-01 -1.246139364962299406e-01
1.410692061792950536e-01 -1.237341121217563206e-01
1.370212215023601243e-01 -1.192299314444566355e-01
1.380555881124532203e-01 -1.074823175468739150e-01
1.396693259671340503e-01 -1.042764257694108326e-01
1.411529813059807514e-01 -1.009277670079877093e-01
1.420488213369901498e-01 -9.510084128589620101e-02
1.461659539365907090e-01 -9.055637439960950719e-02
1.475721247013950521e-01 -8.761424244739851597e-02
1.524298049732115690e-01 -8.520359949548238221e-02
1.557623473090083144e-01 -8.388405193164745477e-02
1.569649774108621554e-01 -6.830675479626727165e-02
1.586822863991817212e-01 -6.560365550194237338e-02
1.563884316194237567e-01 -6.390537183345910976e-02
1.540764583431828150e-01 -6.259682643805794533e-02
1.534362529029251743e-01 -6.019425791469703441e-02
1.515976030163181665e-01 -5.773597504920994355e-02
1.512009877136273606e-01 -5.534473075894495719e-02
1.499550896210499473e-01 -5.105869434939579871e-02
1.474085300476104254e-01 -4.786444458734681606e-02
1.445187296003709598e-01 -4.596269927934381466e-02
1.343756335466730067e-01 -4.507128470616172944e-02
1.307819982850337848e-01 -4.318563030265938629e-02
1.258723632896048272e-01 -4.188326791274264715e-02
1.205638408763033131e-01 -4.075766688338811755e-02
1.155481065451365169e-01 -3.669672978386850221e-02
1.115409904427666632e-01 -3.719398180486247624e-02
1.105590076612289058e-01 -4.109326293745797776e-02
1.008301644850561757e-01 -4.179320304353848631e-02
9.103231275836728975e-02 -3.641631310542246813e-02
8.808948609085563708e-02 -3.523469313358625066e-02
8.317662288492247424e-02 -3.316077880397889227e-02
7.374005184100722310e-02 -3.177490961342730597e-02
7.005489006687490305e-02 -3.059783141091001676e-02
6.548529900384188196e-02 -2.681152580086141463e-02
6.078881692165090389e-02 -2.575342994036837821e-02
5.486644973438835338e-02 -2.208000697263430567e-02
4.872026325064109792e-02 -2.070064008752398044e-02
4.804310349731992502e-02 -1.678281287114128176e-02
4.615465560094488690e-02 -1.581620728151160102e-02
4.016127625833358639e-02 -9.678783654092710381e-03
3.783163651493377105e-02 -8.750253146155413664e-03
3.180418080395282232e-02 -7.337338923909225707e-03
2.722560543739650785e-02 -8.784475897062484981e-03
2.669656563210738229e-02 -1.113270241618403295e-02
2.206161347164754122e-02 -1.274321598744984109e-02
1.412644239803157245e-02 -1.140761170355243485e-02
1.325239994094948824e-02 -8.994172358772310402e-03
1.147609927965378800e-02 -8.345241854129503006e-03
9.497190079917856159e-03 -5.753493096100766382e-03
8.205085012027978422e-03 -3.720958369423417109e-03
3.352840842097425372e-03 -6.014667945365240534e-03
2.183028214901565507e-04 -4.335887450414743771e-03
