-1.556386431211287695e-03 -2.197557486836135363e-03
-3.112486467652069225e-03 -4.395066046397579779e-03
-6.705928045515032604e-03 -5.974871498719168048e-03
-1.233673562843752396e-02 -6.936830646415646437e-03
-1.796754321136001184e-02 -7.898789794112124826e-03
-1.952392964257130409e-02 -1.009634728094825976e-02
-2.108002967901208280e-02 -1.229385584050970461e-02
-2.279672632574789026e-02 -1.355304086178226071e-02
-2.467347125687504791e-02 -1.387366129283129287e-02
-2.655050258277271563e-02 -1.419433065115501512e-02
-3.744432395330286184e-02 -2.957722947456914442e-02
-4.833812086019566301e-02 -4.496027149536852702e-02
-5.362484006368413436e-02 -5.359026103366176796e-02
-5.330419516899775889e-02 -5.546714916217417718e-02
-5.298355027431138342e-02 -5.734403729068659333e-02
-5.453993670552266526e-02 -5.954159477752272306e-02
-5.609603674196345091e-02 -6.173910333708417658e-02
-5.655357283106404731e-02 -6.471484180770728512e-02
-5.591225857805394439e-02 -6.846876126211735858e-02
-5.527096878868118651e-02 -7.222253751914219089e-02
-5.838345525633325400e-02 -7.661760356553977414e-02
-6.149591726034796951e-02 -8.101281280932258466e-02
-6.257132411771101910e-02 -8.602577408761998001e-02
-6.160938943365189269e-02 -9.165643847315721460e-02
-6.064743028595541430e-02 -9.728724605607970422e-02
-6.220381671716670308e-02 -9.948480354291583394e-02
-6.375991675360748179e-02 -1.016823121024772736e-01
-6.325549369501159980e-02 -1.102888581560228787e-01
-6.069031007388323712e-02 -1.253041063815074352e-01
-5.812510198911752940e-02 -1.403194978043772467e-01
-5.968148842032880430e-02 -1.425170552912133903e-01
-6.123758845676958995e-02 -1.447145638507748022e-01
-6.185543476139469810e-02 -1.467519298558343510e-01
-6.153478986670832263e-02 -1.486288179843467672e-01
-6.121414497202194716e-02 -1.505057061128591833e-01
-6.277053140323322900e-02 -1.527032635996952992e-01
-6.432663143967400077e-02 -1.549007721592567666e-01
-6.478416752877461104e-02 -1.578765106298798682e-01
-6.414285327576450813e-02 -1.616304300842899278e-01
-6.350156348639174331e-02 -1.653842063413147601e-01
-6.505794991760302515e-02 -1.675817638281509037e-01
-6.661404995404381080e-02 -1.697792723877123433e-01
-6.626996157460979253e-02 -1.774473027783091128e-01
-6.402539838453044641e-02 -1.905858060726665082e-01
-6.178085965808846614e-02 -2.037241661696386208e-01
-5.958318343750442642e-02 -2.052803849398273373e-01
-5.738579361169088983e-02 -2.068366526372907022e-01
-5.706512425336716932e-02 -2.087136839631883733e-01
-5.862122428980795497e-02 -2.109111925227498130e-01
-6.017761072101922987e-02 -2.131087500095859566e-01
-5.797993450043519709e-02 -2.146649687797746453e-01
-5.578254467462165356e-02 -2.162212364772380102e-01
-5.452335965334909745e-02 -2.179379331239738038e-01
-5.420271475866272198e-02 -2.198148212524862477e-01
-5.388206986397634651e-02 -2.216917093809986361e-01
-4.948700381757875633e-02 -2.248041958486507175e-01
-4.509191330754383498e-02 -2.279168255136880261e-01
-4.273390240779793847e-02 -2.304115599468255782e-01
-4.241325751311156300e-02 -2.322884480753379666e-01
-4.209261261842518059e-02 -2.341653362038504105e-01
-4.021558129252750940e-02 -2.338446668455266830e-01
-3.833883636140034828e-02 -2.335240464144776318e-01
-3.630147035634083419e-02 -2.341418927191027399e-01
-3.410408053052727678e-02 -2.356981604165661326e-01
-3.190640430994323012e-02 -2.372543791867548213e-01
-3.158575941525685465e-02 -2.391312673152672374e-01
-3.126511452057047225e-02 -2.410081554437796536e-01
-2.922774851551097203e-02 -2.416260017484047340e-01
-2.547397225848613972e-02 -2.409847119590319831e-01
-2.172019600146131435e-02 -2.403434221696592321e-01
-1.952251978087726075e-02 -2.418996409398479208e-01
-1.732512995506373457e-02 -2.434559086373112857e-01
-1.528776395000420486e-02 -2.440737549419364216e-01
-1.341101901887704374e-02 -2.437531345108873981e-01
-1.153398769297937256e-02 -2.434324651525636707e-01
-7.138921646581799715e-03 -2.465449516202157243e-01
-2.743831136546873162e-03 -2.496575812852530607e-01
2.269105678113167608e-03 -2.507328449452308483e-01
7.899913261035651155e-03 -2.497708857975343977e-01
1.353072084395814424e-02 -2.488089266498379193e-01
1.572839706454218570e-02 -2.503651454200265802e-01
1.792578689035572229e-02 -2.519214131174899451e-01
2.277841348949124350e-02 -2.520583043119041800e-01
3.028625239831139737e-02 -2.507756758058839464e-01
3.779380491236104811e-02 -2.494930962271384722e-01
3.999148113294508783e-02 -2.510493149973271332e-01
4.218887095875863136e-02 -2.526055826947905536e-01
4.422623696381815933e-02 -2.532234289994156340e-01
4.610298189494531351e-02 -2.529028085683666105e-01
4.798001322084297776e-02 -2.525821392100429108e-01
4.953639965205427348e-02 -2.503845817232067672e-01
5.109249968849505913e-02 -2.481870731636453276e-01
5.468594126635801383e-02 -2.466072677113237133e-01
6.031703524405100658e-02 -2.456452596363525587e-01
6.594755643220298613e-02 -2.446833494159307565e-01
6.750394286341428185e-02 -2.424857919290946406e-01
6.906032929462556369e-02 -2.402882344422584970e-01
7.265348447771802221e-02 -2.387084779172116145e-01
7.828457845541102189e-02 -2.377464698422404321e-01
8.391509964356301532e-02 -2.367845596218186577e-01
8.547148607477429716e-02 -2.345870021349825141e-01
8.702787250598559288e-02 -2.323894446481463982e-01
8.968279842089972587e-02 -2.309699738749866615e-01
9.343628828315403423e-02 -2.303287330128885868e-01
9.719035093494937660e-02 -2.296873942962411319e-01
9.874673736616064457e-02 -2.274898368094049883e-01
1.003031237973719403e-01 -2.252922793225688725e-01
1.020192476545667276e-01 -2.240331921558456896e-01
1.038962789804643988e-01 -2.237125227975219621e-01
1.057733103063620700e-01 -2.233918534391982347e-01
1.073296967375733657e-01 -2.211942959523621188e-01
1.088860831687846475e-01 -2.189967384655259752e-01
1.124792383518770922e-01 -2.174169819404790649e-01
1.181103323295700919e-01 -2.164549738655079103e-01
1.237408535177220853e-01 -2.154930636450861081e-01
1.284094155581775865e-01 -2.089003458417418579e-01
1.330785748518114597e-01 -2.023076733812334271e-01
1.363510851402175428e-01 -1.988510287276741284e-01
1.382281164661151862e-01 -1.985303593693504010e-01
1.401051477920128574e-01 -1.982096900110266735e-01
1.416615342232241392e-01 -1.960121325241905299e-01
1.432179206544354211e-01 -1.938145750373544141e-01
1.428972512961116936e-01 -1.919375437114567429e-01
1.406995750755276609e-01 -1.903813249412680542e-01
1.385018988549436003e-01 -1.888251061710793655e-01
1.400582852861549099e-01 -1.866275486842432496e-01
1.416146717173661917e-01 -1.844299911974070783e-01
1.433307955745609930e-01 -1.831709040306839231e-01
1.452078269004586641e-01 -1.828502346723602234e-01
1.470848582263563353e-01 -1.825295653140364960e-01
1.464435684369835844e-01 -1.787757890570116359e-01
1.458022541839734676e-01 -1.750218696026015763e-01
1.462595038783035539e-01 -1.720461800592531509e-01
1.478158903095148358e-01 -1.698486225724170351e-01
1.493722767407261176e-01 -1.676510650855808915e-01
1.490516318460397560e-01 -1.657741769570684753e-01
1.487309869513533667e-01 -1.638972888285560592e-01
1.493485468612079647e-01 -1.618599717507712421e-01
1.509049332924192466e-01 -1.596624142639350985e-01
1.524613197236305562e-01 -1.574648567770989549e-01
1.514993605759340778e-01 -1.518340491941764514e-01
1.505374258918749375e-01 -1.462033848086392307e-01
1.508343409070431740e-01 -1.422891796023419975e-01
1.523907273382544558e-01 -1.400916221155058539e-01
1.539471137694657377e-01 -1.378940646286697103e-01
1.526645097270828699e-01 -1.303863689172348184e-01
1.513819056847000299e-01 -1.228786732057999126e-01
1.496420519479870759e-01 -1.183466670377134183e-01
1.474443757274030431e-01 -1.167904482675247158e-01
1.452466995068190103e-01 -1.152342294973360409e-01
1.468030859380302922e-01 -1.130366720104998973e-01
1.483594723692415740e-01 -1.108391145236637815e-01
1.480388030109178465e-01 -1.089620831977660964e-01
1.458411267903338138e-01 -1.074058644275774216e-01
1.436434505697497532e-01 -1.058496456573887190e-01
1.417195567379941623e-01 -9.458817368892899480e-02
1.397956629062385436e-01 -8.332670172046927060e-02
1.366360275379580047e-01 -7.613967536735809227e-02
1.322412234226935934e-01 -7.302699677504607967e-02
1.278458709815255279e-01 -6.991455923466870226e-02
1.272045811921527492e-01 -6.616078297764385607e-02
1.265632669391426601e-01 -6.240686352323379649e-02
1.240449458238722380e-01 -5.897375662453268469e-02
1.196501417086078128e-01 -5.586107803222067902e-02
1.152547892674397195e-01 -5.274864049184329468e-02
1.149341443727533302e-01 -5.087175236333088546e-02
1.146134994780669547e-01 -4.899486423481846931e-02
1.122554885783210582e-01 -4.650012980168095195e-02
1.078606844630566469e-01 -4.338745120936893934e-02
1.034653320218885536e-01 -4.027501366899156193e-02
1.031446871272021781e-01 -3.839812554047914578e-02
1.028240422325158027e-01 -3.652123741196673656e-02
9.716979116484567025e-02 -3.169205429757886161e-02
8.618195838782911899e-02 -2.391071939470077942e-02
7.519412561081255386e-02 -1.612938449182270070e-02
7.331709428491491043e-02 -1.645005385014642121e-02
7.144006295901723924e-02 -1.677072320847014519e-02
6.830415747025486706e-02 -1.537479019016862319e-02
6.390935335499044190e-02 -1.226211159785661059e-02
5.951400091382236246e-02 -9.149674057479229711e-03
5.763696958792469127e-02 -9.470343415802953690e-03
5.575993826202702702e-02 -9.791012774126675935e-03
5.372314504650851225e-02 -9.173068614952187630e-03
5.152546882592447253e-02 -7.616849844763494588e-03
4.932779260534042587e-02 -6.060631074574807618e-03
4.745076127944276162e-02 -6.381300432898529863e-03
4.557372995354509043e-02 -6.701969791222253843e-03
4.353693673802658259e-02 -6.084025632047761201e-03
4.133926051744253594e-02 -4.527806861859072496e-03
3.914158429685849622e-02 -2.971588091670382490e-03
3.163403178280884548e-02 -4.254167670415892610e-03
2.412647926875919474e-02 -5.536747249161402297e-03
1.927385266962367699e-02 -5.399856054747186572e-03
1.707617644903963380e-02 -3.843637284558497000e-03
1.487850022845559061e-02 -2.287418514369807428e-03
1.112443757666025691e-02 -2.928757231017254086e-03
7.370947714405939877e-03 -3.569998093115317982e-03
4.395066046397580646e-03 -3.112486467652069658e-03
2.197676220584043189e-03 -1.556218770188689355e-03
