-8.953896095865435849e-04 -3.068209949444949871e-03
-2.362565753613531886e-03 -6.157798734577673780e-03
-8.307944807065988091e-03 -9.416795526231027877e-03
-1.310988688384436343e-02 -1.263251564968522096e-02
-1.400527649343090777e-02 -1.570072559913017127e-02
-1.930806460561162660e-02 -2.030932364762883316e-02
-3.318053965601686084e-02 -2.791360779420623550e-02
-4.117665017208489014e-02 -3.346373684477670085e-02
-4.207203978167143449e-02 -3.653194679422165636e-02
-4.358243004297694678e-02 -3.847821271415603761e-02
-4.556420404221514509e-02 -3.956453455288705401e-02
-4.680812738160010367e-02 -4.199691535948895521e-02
-4.770351699118665495e-02 -4.506512530893391072e-02
-5.103031665736381534e-02 -4.742356195153375059e-02
-5.499386465584020500e-02 -4.959620562899577645e-02
-5.617880942827989388e-02 -5.257976244168769547e-02
-5.709471573983591203e-02 -5.561054382708875699e-02
-5.907648973907411033e-02 -5.669686566581976644e-02
-6.091482898210515834e-02 -5.804499050536679472e-02
-6.181034369353297780e-02 -6.111297223186026167e-02
-6.297220022504007586e-02 -6.369506729463769723e-02
-6.495397422427827416e-02 -6.478138913336871363e-02
-6.654630619162037186e-02 -6.657816902007904214e-02
-6.744182090304819133e-02 -6.964615074657251603e-02
-6.740240930334359670e-02 -7.220194355414584486e-02
-6.631602491369194274e-02 -7.418383166485978397e-02
-6.638890999648452973e-02 -7.680088380446939422e-02
-6.728429960607107407e-02 -7.986909375391434973e-02
-6.679632678558412862e-02 -8.217870811858510316e-02
-6.570994239593247466e-02 -8.416059622929904227e-02
-6.695805907851490324e-02 -8.951280302934487565e-02
-6.874896339952928093e-02 -9.564899470528329117e-02
-7.254850288409118997e-02 -9.812083867214488331e-02
-7.639627446201660566e-02 -1.003273686246763940e-01
-7.729178917344443900e-02 -1.033953503511698402e-01
-7.758889231570756384e-02 -1.061356058237064720e-01
-7.452085902865898670e-02 -1.070309438727379270e-01
-7.273617620079969592e-02 -1.093109106407213343e-01
-7.452708052181407361e-02 -1.154471023166597499e-01
-7.448445490783797696e-02 -1.196056250053592479e-01
-7.141642162078939982e-02 -1.205009630543906890e-01
-7.029260866709385880e-02 -1.224623344631351474e-01
-7.118812337852167826e-02 -1.255303161896286213e-01
-7.273947899766272651e-02 -1.274019844798870427e-01
-7.472125299690091094e-02 -1.284883063186180452e-01
-7.450322683638829768e-02 -1.302166601895155540e-01
-7.341696754857791885e-02 -1.321983200772780254e-01
-7.397584241619674372e-02 -1.350820673617596501e-01
-7.487135712762456319e-02 -1.381500490882531240e-01
-7.287231003488557624e-02 -1.420630271725371041e-01
-7.087326294214660316e-02 -1.459760052568211119e-01
-7.176877765357440875e-02 -1.490439869833145581e-01
-7.199113777922552804e-02 -1.517432716028329076e-01
-6.892310449217693702e-02 -1.526386096518643209e-01
-6.518605290681124542e-02 -1.560850453119042580e-01
-5.975438116223555363e-02 -1.659940294195709765e-01
-5.525922793882944578e-02 -1.723315368855460883e-01
-5.219119465178088252e-02 -1.732268749345775571e-01
-4.902586155475222723e-02 -1.766949489287170383e-01
-4.576683348763854742e-02 -1.826403850379073601e-01
-4.071646729224654565e-02 -1.859988026648039527e-01
-3.458027561630813013e-02 -1.877897069858182888e-01
-3.136053404705777675e-02 -1.911795785103867495e-01
-2.918789036959574743e-02 -1.951431265088631739e-01
-2.104504656577050811e-02 -1.980220690294115515e-01
-1.184069650094225941e-02 -2.007085396224088103e-01
-1.044802724394217237e-02 -2.027169386563712761e-01
-8.980557914592221525e-03 -2.046843355618551130e-01
-2.844366238653808169e-03 -2.064752398828694491e-01
2.338953963145853823e-03 -2.083020142448017420e-01
3.425338352797502144e-03 -2.102839023555156672e-01
6.036187603083664754e-03 -2.122080538682606377e-01
1.217237927902207854e-02 -2.139989581892750015e-01
1.658408215255755339e-02 -2.145955328399027640e-01
1.856585615179575169e-02 -2.135092110011717337e-01
2.112159739881396686e-02 -2.134699760638635313e-01
2.418963068586254747e-02 -2.143653141128949724e-01
2.656084671699682209e-02 -2.139894503221432820e-01
2.854262071623502039e-02 -2.129031284834122795e-01
3.829090583190285918e-02 -2.153398157936119439e-01
5.056328918377969023e-02 -2.189216244356406715e-01
5.390428855112713857e-02 -2.184519453379577536e-01
5.588606255036532994e-02 -2.173656234992267511e-01
5.893370423728570145e-02 -2.182237612071658006e-01
6.181476587132846839e-02 -2.192215889396636197e-01
6.290115026098011541e-02 -2.212034770503775449e-01
6.417329084512650439e-02 -2.225484143861183317e-01
6.615506484436470269e-02 -2.214620925473873292e-01
6.946943917698789051e-02 -2.212987608679734541e-01
7.560563085292630603e-02 -2.230896651889878179e-01
7.993892881421682528e-02 -2.236318681380369544e-01
8.192070281345502358e-02 -2.225455462993059519e-01
8.449683566060144091e-02 -2.225435117030901133e-01
8.756505110522914970e-02 -2.234390466996127034e-01
9.122443789395884295e-02 -2.223083891114730759e-01
9.518798589243522568e-02 -2.201357454340110709e-01
9.845881233789421927e-02 -2.203364156650074734e-01
1.015269707267840577e-01 -2.212319819369903962e-01
1.026684356581629709e-01 -2.186126865331205760e-01
1.035638252677495152e-01 -2.155444765836756205e-01
1.055455992669877135e-01 -2.144581547449446179e-01
1.076503483762014518e-01 -2.135961760675254284e-01
1.107185067650912902e-01 -2.144917423395083511e-01
1.153354492341590459e-01 -2.139545306351912091e-01
1.252443192303500097e-01 -2.085229214415361410e-01
1.320920318493968293e-01 -2.038940466345727232e-01
1.329874785147212579e-01 -2.008258054096674627e-01
1.343748936660512372e-01 -1.986551963284212685e-01
1.363566676652894216e-01 -1.975688744896902382e-01
1.389533172144053197e-01 -1.976042684575183284e-01
1.420214756032951720e-01 -1.984998347295012511e-01
1.436138075706372697e-01 -1.967030548427909087e-01
1.445091971802238140e-01 -1.936348448933459532e-01
1.478359968464009744e-01 -1.912764082507460994e-01
1.517995448448773710e-01 -1.891037645732840944e-01
1.529844896173170599e-01 -1.861202077605921545e-01
1.539378244929169581e-01 -1.830689096732216192e-01
1.579013724913933547e-01 -1.808962659957596142e-01
1.614597140083068871e-01 -1.786053111294265694e-01
1.623552287197347344e-01 -1.755373294029330955e-01
1.635170852512418116e-01 -1.729552343401556669e-01
1.654988592504799960e-01 -1.718689125014246644e-01
1.674122072339053746e-01 -1.689722325348389231e-01
1.692031115549197107e-01 -1.628360408589004937e-01
1.710840489503861750e-01 -1.590818687434160106e-01
1.730658229496243872e-01 -1.579955469046849803e-01
1.744122046970154050e-01 -1.557500806953510120e-01
1.753075943066019493e-01 -1.526818707459060565e-01
1.769614763798524892e-01 -1.509973765513273614e-01
1.789432503790906737e-01 -1.499110547125963588e-01
1.800436819065306393e-01 -1.472169021806387645e-01
1.809391285718550402e-01 -1.441486609557335041e-01
1.828389608650566323e-01 -1.429128530837784350e-01
1.848135361748702576e-01 -1.416360743588050697e-01
1.866044975516225057e-01 -1.354998514074063354e-01
1.879609988173866486e-01 -1.299905862748243490e-01
1.868747395295762559e-01 -1.280089263870619054e-01
1.863118415348981594e-01 -1.257400859279182714e-01
1.872073562463259511e-01 -1.226721042014247837e-01
1.885127045897780629e-01 -1.203517808640030551e-01
1.904944785890162473e-01 -1.192654590252720387e-01
1.932612175232606977e-01 -1.126917073355497706e-01
1.968430832210273096e-01 -1.004192927082126346e-01
1.976063159955530057e-01 -9.435997320167072155e-02
1.965200567077426408e-01 -9.237831331390827794e-02
1.968545884140496249e-01 -8.961754113940217925e-02
1.977501031254774722e-01 -8.654955941290869148e-02
1.970002334777935238e-01 -8.438320863723146326e-02
1.959139741899831588e-01 -8.240154874946901964e-02
1.975419603537528490e-01 -7.650038965268629587e-02
1.991699465175225114e-01 -7.059923055590357210e-02
1.980836872297121465e-01 -6.861757066814112849e-02
1.966607880980927869e-01 -6.682014522239050625e-02
1.935927548110441820e-01 -6.592480717335905127e-02
1.916463122287134502e-01 -6.441436535149842879e-02
1.925418269401412419e-01 -6.134638362500497571e-02
1.904998885096439165e-01 -5.478246712604192131e-02
1.839819574772578181e-01 -4.289182313061274537e-02
1.792214276886009705e-01 -3.660243364652540632e-02
1.761533944015523934e-01 -3.570709559749395134e-02
1.736428799016705715e-01 -3.290136166944600954e-02
1.714702362242085387e-01 -2.893781367096961987e-02
1.686385806064022164e-01 -2.723175159984560917e-02
1.655705473193536392e-01 -2.633641355081416807e-02
1.623403930464072109e-01 -2.115335525887715451e-02
1.590813649792935380e-01 -1.520791914968683267e-02
1.501013580757771249e-01 -1.239847344671399926e-02
1.415098279493282318e-01 -9.765481146116699804e-03
1.404234435596765640e-01 -7.783593035402765897e-03
1.372265245075765527e-01 -5.499844034940215912e-03
1.249540840999618513e-01 -1.918066668371801219e-03
1.160587155432864226e-01 1.180555092383858175e-03
1.149723311536347686e-01 3.162443203097797719e-03
1.092427020397112591e-01 5.808387740706294836e-03
9.697031868783442810e-02 9.390196382735020719e-03
9.060747803540333822e-02 1.212681955383590471e-02
8.952121874759295939e-02 1.410847944159835526e-02
8.322706983475698650e-02 1.654232875886492427e-02
7.402284487177000771e-02 1.922857112891072917e-02
7.026949738917302735e-02 1.906769138180148745e-02
6.828772338993481517e-02 1.798136954307047106e-02
6.536299975725211320e-02 1.861513281423738189e-02
6.229496647020355687e-02 1.951047086326882646e-02
6.029267576899588477e-02 1.846157758858169712e-02
5.820844336175162032e-02 1.756217034711861358e-02
5.514028497286177499e-02 1.845773661910154323e-02
5.229768520379481089e-02 1.894181690955323502e-02
5.031591120455661953e-02 1.785549507082222209e-02
4.798572857736128211e-02 1.740477415198277145e-02
4.491757018847143679e-02 1.830034042396570110e-02
3.888085903585268566e-02 1.645004306276143594e-02
2.897193198392384456e-02 1.101840259364605598e-02
2.280619444431264409e-02 9.048703686900989168e-03
1.973797899968492836e-02 9.944238683423596570e-03
1.810461362840387958e-02 8.222315924801023093e-03
1.720922401881733524e-02 5.154105975356071921e-03
1.240728194203895990e-02 1.938385851901879486e-03
6.461902888586504128e-03 -1.320610939751475045e-03
3.068158388889845323e-03 -8.955662719829265072e-04
