2.045637746539505451e-03 -4.326135199924415614e-03
-4.592565611121586446e-04 -7.887442511477155485e-03
-5.855777274317163980e-03 -9.748489772383702942e-03
-8.144472398346145822e-03 -8.102399483363725494e-03
-1.005309494425644413e-02 -8.212541423361498921e-03
-9.475263275733405988e-03 -1.025145187812938341e-02
-1.089623786785294361e-02 -1.377367710694815846e-02
-1.815889181003827943e-02 -1.847990854769496552e-02
-1.750888451494658424e-02 -2.305910343571944757e-02
-1.599675450806161900e-02 -2.822001649347550406e-02
-2.181561890953205227e-02 -3.264602754811972429e-02
-2.668680589102287795e-02 -3.320649317541782969e-02
-2.820991120232100441e-02 -3.120483019144537976e-02
-2.885350409789722015e-02 -3.450466831018866171e-02
-2.877054558915394938e-02 -3.904763588179789580e-02
-3.695597954888441006e-02 -4.881329927316798573e-02
-4.558070706443710651e-02 -5.852159000112365506e-02
-4.802577853551413117e-02 -6.268486114504455420e-02
-4.922586048690162641e-02 -6.576465632382748339e-02
-5.128540433524607367e-02 -6.732025000585901975e-02
-5.176502507200126529e-02 -7.052776652917383537e-02
-5.198907421856581446e-02 -7.567611419824861463e-02
-5.565795129769467164e-02 -8.224610684772956648e-02
-5.794195296461429612e-02 -8.536498410924645008e-02
-5.722548561145462953e-02 -8.789793248999493158e-02
-5.798858293392168683e-02 -9.118896494197958891e-02
-6.001545425557361368e-02 -9.280249082919306280e-02
-6.135698434081288122e-02 -9.563148194895663978e-02
-6.209163219275582596e-02 -9.730448645129757823e-02
-6.208895554653293819e-02 -1.002399975491396755e-01
-6.150749424960332695e-02 -1.028489312619703805e-01
-6.291034990704014174e-02 -1.090181313557327808e-01
-6.851500256359446817e-02 -1.129673008366347681e-01
-6.681631464398886389e-02 -1.171967099506363019e-01
-7.070999648477316324e-02 -1.212488653961349278e-01
-7.563500057533376064e-02 -1.255013361082431833e-01
-7.882412878120247102e-02 -1.283678732889156071e-01
-7.887830049983983460e-02 -1.306615636095677657e-01
-7.994704186640930188e-02 -1.340867933697003078e-01
-8.666377355001569915e-02 -1.394005108596256814e-01
-8.435109305304640259e-02 -1.451016638936621639e-01
-8.686147373450302245e-02 -1.481576274557245831e-01
-8.674566262196023447e-02 -1.497832255974263782e-01
-8.216608750465329014e-02 -1.563928334870720305e-01
-8.220286185287467573e-02 -1.607235007213986822e-01
-8.426245704202905973e-02 -1.622792785593893117e-01
-8.609392110987909574e-02 -1.655244179393079995e-01
-8.922276390954937686e-02 -1.684078613132146129e-01
-8.854600458846577371e-02 -1.694501512009167488e-01
-8.550171788346441759e-02 -1.696403464085312895e-01
-7.883946520265552871e-02 -1.803261233945142317e-01
-7.929194601764902317e-02 -1.845735440829343876e-01
-8.250400419886455561e-02 -1.863850763098557350e-01
-7.987328880157215649e-02 -1.858422364830474016e-01
-7.740119303527699668e-02 -1.873850479268335256e-01
-6.867768312882466253e-02 -1.905893177092077007e-01
-6.390704232689069231e-02 -1.932769528237891221e-01
-5.775352333978234221e-02 -1.952607225815196079e-01
-5.616754392450021283e-02 -1.973287376635038115e-01
-5.326149402045315256e-02 -1.986266530390097540e-01
-5.112698287256575019e-02 -2.003598549991118249e-01
-4.815529971314061464e-02 -2.031718318007551816e-01
-4.583075265850483637e-02 -2.038443036151069698e-01
-4.260163860668741281e-02 -2.043624944811734956e-01
-3.915924289405581932e-02 -2.104436985524659187e-01
-3.968708912765268881e-02 -2.136782580253987207e-01
-3.768763537680526465e-02 -2.154876294735420805e-01
-3.465699790080687542e-02 -2.180884971384886295e-01
-3.424065433195030983e-02 -2.219603024445085115e-01
-3.264755418448040541e-02 -2.261601755260311819e-01
-3.311702641951232845e-02 -2.297687499089757224e-01
-2.380207656822353607e-02 -2.321055693068257708e-01
-2.123107664724168536e-02 -2.314565717779938636e-01
-1.644418888761779718e-02 -2.304986883075929582e-01
-1.149096870146114162e-02 -2.292944344760171893e-01
-8.854690134668833507e-03 -2.287611836091646145e-01
-2.788154682137652940e-03 -2.300948304452598292e-01
-1.950829176899680295e-04 -2.291918923631948990e-01
3.023140291896568663e-03 -2.296907724942008067e-01
5.686645964265983622e-03 -2.292057984649998603e-01
8.704587193445086080e-03 -2.318518507474991164e-01
1.395733083427765087e-02 -2.347633016337170586e-01
1.737609501891459324e-02 -2.343100652036327058e-01
2.067554736372903545e-02 -2.350429609488082772e-01
2.226976251588187392e-02 -2.370807231126910442e-01
2.583612947462120626e-02 -2.396845756374723913e-01
2.895869238399883389e-02 -2.430345908487584750e-01
3.188331263961010492e-02 -2.430126034674749691e-01
3.757060035970134076e-02 -2.407204691802667940e-01
4.735601143604102614e-02 -2.424486542380531462e-01
4.909921570675368496e-02 -2.443898184525179484e-01
5.104458986763339007e-02 -2.426315133931595536e-01
5.246761711364487241e-02 -2.399473014455409114e-01
5.407570720324141739e-02 -2.375909523412250701e-01
5.723475158020317755e-02 -2.347159288601482763e-01
5.903601407076173452e-02 -2.314623695873997966e-01
6.495393698293075446e-02 -2.277307325015866246e-01
6.649878797085527482e-02 -2.244055890730201896e-01
6.991424385045105772e-02 -2.216021497477613511e-01
7.239442295461619159e-02 -2.185377662928691678e-01
7.629997423952986080e-02 -2.180007341632312079e-01
7.822211864256012337e-02 -2.198535512319134133e-01
8.215216708900692499e-02 -2.181202280371718205e-01
8.543499301147093605e-02 -2.191167197031107239e-01
8.722226417342029969e-02 -2.210457576006441827e-01
8.894182729263981624e-02 -2.208260463721696543e-01
8.881374861690724543e-02 -2.179612593412534327e-01
9.201797761142171961e-02 -2.150989321069958771e-01
9.603258905440283100e-02 -2.037314717909051998e-01
9.815182488118390225e-02 -2.010868474053449928e-01
9.539584581417738518e-02 -1.943517287615115219e-01
9.812228519762020151e-02 -1.887709381214170423e-01
1.010249180719479251e-01 -1.858243304845222377e-01
1.040180379297656055e-01 -1.829030489336914422e-01
1.059852249394682422e-01 -1.796957477306969642e-01
1.193666309708660000e-01 -1.717039596588202377e-01
1.229144164252987670e-01 -1.722458949577919118e-01
1.254580714923189955e-01 -1.715486869988829544e-01
1.284588612359715831e-01 -1.716617570146394267e-01
1.300342274580656710e-01 -1.692476598611007688e-01
1.295492534288646969e-01 -1.665841541887313482e-01
1.308136250360437125e-01 -1.606201656290468793e-01
1.300410412704109675e-01 -1.575595218844584589e-01
1.332493589767008157e-01 -1.486175342672209632e-01
1.373903441492247413e-01 -1.472356610048323466e-01
1.464334367231646672e-01 -1.437248064778540446e-01
1.548472102226544078e-01 -1.407214368952924843e-01
1.532631006625241599e-01 -1.402798032482072133e-01
1.516978516129622867e-01 -1.382257048209781791e-01
1.493105613124804942e-01 -1.391778754445114896e-01
1.460823281257960238e-01 -1.372861259704629688e-01
1.449569177068513459e-01 -1.332165407977979055e-01
1.465975625747558964e-01 -1.309181903062386076e-01
1.456647898700986765e-01 -1.275283818360722354e-01
1.459423459551099367e-01 -1.238500287018981239e-01
1.428086865066796329e-01 -1.175947039700614150e-01
1.440358778152597274e-01 -1.145632520365046925e-01
1.429657360650276043e-01 -1.092165441827763761e-01
1.403589234720548085e-01 -9.722259247304509966e-02
1.399838523998275519e-01 -9.040321615982632730e-02
1.407694814137512296e-01 -8.408625203408422177e-02
1.429510110265079792e-01 -8.209310379324430418e-02
1.441020328470467571e-01 -7.892659446264757572e-02
1.462513082286200639e-01 -7.608701304777774899e-02
1.483116020839594096e-01 -7.146686622186741722e-02
1.481090748625916720e-01 -7.158108725014208917e-02
1.450268543657414755e-01 -7.132335581062525243e-02
1.425646300519188836e-01 -7.216522519329457430e-02
1.393283419700926118e-01 -7.120611952277644541e-02
1.375893476457948628e-01 -6.924985451966589323e-02
1.345450609407935205e-01 -6.905965931205138020e-02
1.317076187638388796e-01 -6.923594841786095966e-02
1.290006161301207044e-01 -6.964379725520385145e-02
1.258258898818829241e-01 -6.922204231605602609e-02
1.242701120438922807e-01 -6.716244712690164209e-02
1.203491586585863499e-01 -6.460601135087980229e-02
1.148774641843945815e-01 -5.641457166364446940e-02
1.107385385676279838e-01 -5.207395966740523824e-02
1.090615678819206458e-01 -4.619229523601270371e-02
1.084897619525213575e-01 -4.357791610206659949e-02
1.064297353581043909e-01 -4.423113396543383591e-02
1.030864106661327356e-01 -4.301454334008041752e-02
1.013726219578813814e-01 -3.878092427966398775e-02
1.028010946250082769e-01 -3.610636769957564080e-02
1.021851242324364889e-01 -3.499161474793376081e-02
9.852007610581814401e-02 -3.040919890351331811e-02
9.496851977672039757e-02 -2.810211834850114693e-02
9.345642305603762967e-02 -2.611969969201477157e-02
9.101598042667670418e-02 -2.700019054480540595e-02
8.791197824536482741e-02 -2.670383763516724976e-02
8.513425154472074874e-02 -2.698628444300046544e-02
8.220455010106013372e-02 -2.402336616247426407e-02
8.215025714778324828e-02 -2.025249688879217358e-02
7.856323874085961723e-02 -2.180508493474810419e-02
7.186905876032868845e-02 -1.922343315455945709e-02
6.829653443970565285e-02 -1.162636225254123044e-02
7.058053610662527733e-02 -8.507484991024338167e-03
7.211856767410852742e-02 -6.139741522164329779e-03
6.736079765145444598e-02 -7.780538189277529451e-03
6.316937562712285348e-02 -7.855819145698578199e-03
6.161378194509130324e-02 -5.796275297354129205e-03
5.795226859657678919e-02 -5.458316057759889268e-03
5.380286353122305104e-02 -6.870390897439989167e-03
5.075538626956504346e-02 -4.329926387076405217e-03
4.767428077739776365e-02 -1.910084029919672469e-03
4.398448688272377227e-02 3.166968877719367713e-03
4.152936176022621606e-02 3.079188940191611695e-03
4.011899823945375837e-02 -2.590365091229604563e-04
3.591082301348583888e-02 -1.882271826309785383e-03
3.280439143525455681e-02 4.470835473570054525e-04
2.978224025966055150e-02 3.078035041210532181e-03
2.565797712441170164e-02 1.756498525830313103e-03
2.197132184579230624e-02 2.003919441124673521e-03
1.926863439691215915e-02 5.781477277110036450e-03
1.500157126194553645e-02 3.947015074841902539e-03
1.307661245268897966e-02 3.865839237435097879e-03
1.330117839615018935e-02 1.055624166057591521e-03
8.916576304369257938e-03 -2.599672978105756031e-03
2.023349818131395771e-03 -2.189949505586547517e-03
