1.367223514041538378e-03 -1.808341332164530892e-03
2.734573470653504576e-03 -3.616849902036650775e-03
4.101796984695042954e-03 -5.425191234201182100e-03
3.715826814939403051e-03 -8.559323712443918722e-03
3.274207283693643996e-03 -1.173526788636127145e-02
2.833383145848670463e-03 -1.491087352770450146e-02
-2.290241283194972832e-03 -1.895682432875036433e-02
-7.715432517396151463e-03 -2.305862131344540294e-02
-1.314062375159732662e-02 -2.716041829814044156e-02
-1.403499118727978209e-02 -3.042030101381862361e-02
-1.447581532512475302e-02 -3.359590665516185709e-02
-1.491676590554015178e-02 -3.677134505879749160e-02
-1.973802813602548029e-02 -4.076111114362004906e-02
-2.516321937022666239e-02 -4.486290812831509461e-02
-3.058841060442783755e-02 -4.896470511301013323e-02
-3.178501379609817434e-02 -5.228093978261921099e-02
-3.222596437651358003e-02 -5.545637818625484550e-02
-3.266678851435855790e-02 -5.863198382759807897e-02
-3.718648393968634197e-02 -6.256590372877146589e-02
-4.261167517388751713e-02 -6.666770071346649063e-02
-4.803686640808870617e-02 -7.076949769816154312e-02
-4.953503640491657006e-02 -7.414157855141978448e-02
-4.997598698533198269e-02 -7.731701695505542593e-02
-5.041748007400730786e-02 -8.049312836668036375e-02
-5.326425949194423665e-02 -8.333437300669226111e-02
-5.688127663168846687e-02 -8.606907291991619524e-02
-6.049762482060234287e-02 -8.880326706285841809e-02
-6.180514025401490086e-02 -9.185877993471724956e-02
-6.224596439185985791e-02 -9.503438557606047610e-02
-6.268758392310562477e-02 -9.821032974997782883e-02
-6.408140571426892973e-02 -1.001254647892195065e-01
-6.589024875955622196e-02 -1.014930676309723362e-01
-6.769842285401317383e-02 -1.028601647024434407e-01
-6.888899736433906629e-02 -1.075498930895863875e-01
-6.977144103342980408e-02 -1.139014429048469668e-01
-7.065388470252052799e-02 -1.202529927201075599e-01
-7.212529308937071226e-02 -1.234324193109861412e-01
-7.393413613465803225e-02 -1.248000221527389847e-01
-7.574231022911495637e-02 -1.261671192242100892e-01
-7.562603825685865200e-02 -1.278018405097759158e-01
-7.425881474281711969e-02 -1.296101818419404528e-01
-7.289159122877557351e-02 -1.314185231741049620e-01
-7.307310981213027690e-02 -1.376709171242002094e-01
-7.439717301246677461e-02 -1.471984111133781414e-01
-7.572056726197291809e-02 -1.567253993322743622e-01
-7.557603959874904798e-02 -1.620421238261459118e-01
-7.420868964213707397e-02 -1.638506323960180200e-01
-7.284146612809554167e-02 -1.656589737281825570e-01
-7.263285911674402517e-02 -1.698075665638994203e-01
-7.351530278583477684e-02 -1.761591163791599857e-01
-7.439774645492551464e-02 -1.825106661944205788e-01
-7.418913944357401202e-02 -1.866592590301374421e-01
-7.282191592953246584e-02 -1.884676003623019513e-01
-7.145456597292050571e-02 -1.902761089321740873e-01
-7.090948302938863967e-02 -1.927060419405642877e-01
-7.135030716723357591e-02 -1.958816475819075142e-01
-7.179192669847933583e-02 -1.990575917558248809e-01
-7.030535365022409777e-02 -2.031874848511759646e-01
-6.620355666552905916e-02 -2.086126760853771467e-01
-6.210175968083400666e-02 -2.140378673195783288e-01
-5.978955958794888309e-02 -2.185770058728498111e-01
-6.023051016836428184e-02 -2.217524442764854664e-01
-6.067200325703962088e-02 -2.249285556881104042e-01
-5.846655998094617279e-02 -2.302373038074960188e-01
-5.163018952559761399e-02 -2.392793449437338738e-01
-4.479381907024907600e-02 -2.483213860799717010e-01
-3.917777289718384764e-02 -2.544964949243613828e-01
-3.600224884611494258e-02 -2.549379064227624281e-01
-3.282618228678613886e-02 -2.553786449131740799e-01
-3.019852896578022194e-02 -2.562342822722983304e-01
-2.883130545173868270e-02 -2.580426236044628396e-01
-2.746395549512671216e-02 -2.598511321743349756e-01
-2.300535856178076086e-02 -2.616475089447706237e-01
-1.030217734098529993e-02 -2.634118089223960735e-01
2.400334928979837128e-03 -2.651766146703032345e-01
1.246181307295018623e-02 -2.661821101902759890e-01
1.427065611823747845e-02 -2.648145073485231871e-01
1.607883021269443033e-02 -2.634474102770520965e-01
1.817706356371396118e-02 -2.624639565067911073e-01
2.135313012304281000e-02 -2.629046949972028147e-01
2.452865417411171506e-02 -2.633461064956038600e-01
2.745613463997843839e-02 -2.634580556528947071e-01
2.926430873443539027e-02 -2.620909585814236165e-01
3.107248282889232827e-02 -2.607238615099524703e-01
3.308843880454124392e-02 -2.596301940332311764e-01
3.626396285561012123e-02 -2.600716055316321662e-01
3.943936046410861235e-02 -2.605128497923255848e-01
4.239613759365054579e-02 -2.611196481728468854e-01
4.376336110769207116e-02 -2.629279895050113947e-01
4.513071106430403823e-02 -2.647364980748835306e-01
4.624934848488348321e-02 -2.662160500739272351e-01
4.488212497084194397e-02 -2.644077087417626704e-01
4.351477501422997690e-02 -2.625992001718905899e-01
4.225725943636710058e-02 -2.607079125135250419e-01
4.269808357421208539e-02 -2.575323068721818154e-01
4.313970310545785225e-02 -2.543563626982645043e-01
4.373170834258197082e-02 -2.511526646988095912e-01
4.915689957678315292e-02 -2.470508677141145526e-01
5.458209081098433502e-02 -2.429490707294195140e-01
6.000728204518550324e-02 -2.388472737447244754e-01
6.318267965368398742e-02 -2.392885180054178940e-01
6.635887265558325365e-02 -2.397294237335372002e-01
6.953427026408173783e-02 -2.401706679942306188e-01
7.839853592877030208e-02 -2.335549177168029233e-01
8.744074430271571441e-02 -2.267184208188839645e-01
9.648295267666112673e-02 -2.198819239209650056e-01
9.744555488542176735e-02 -2.164842409109964949e-01
9.788637902326674523e-02 -2.133086352696532684e-01
9.832732960368213704e-02 -2.101331968660176408e-01
1.032997729334466097e-01 -2.061153384230834107e-01
1.087249641676477918e-01 -2.020135414383883721e-01
1.141501554018489739e-01 -1.979117444536933335e-01
1.151955774942401561e-01 -1.946236021421959006e-01
1.156365280746555618e-01 -1.914481637385603008e-01
1.160773522125005397e-01 -1.882725580972170742e-01
1.222821329911177590e-01 -1.831508145819633615e-01
1.295154983197758791e-01 -1.776819205257972323e-01
1.367495325992643396e-01 -1.722125206993493640e-01
1.384257717479194794e-01 -1.686198604633074027e-01
1.388665958857644711e-01 -1.654442548219641484e-01
1.393082154170102449e-01 -1.622683106480468374e-01
1.422511955235665482e-01 -1.594402795753161739e-01
1.458682126633107923e-01 -1.567055796620922536e-01
1.494845608522246683e-01 -1.539713855191500447e-01
1.506957491544473893e-01 -1.509024918423023387e-01
1.511366997348627672e-01 -1.477270534386667111e-01
1.515781928235380993e-01 -1.445509420270417456e-01
1.530134877778019098e-01 -1.426906609558894201e-01
1.548216618722588478e-01 -1.413235638844183295e-01
1.566305049175461539e-01 -1.399559610426654999e-01
1.574856813586847648e-01 -1.373283933690928327e-01
1.579273008899305109e-01 -1.341524491951754661e-01
1.583681250277754748e-01 -1.309768435538322395e-01
1.597206000984087160e-01 -1.290070217842088085e-01
1.615294431436960221e-01 -1.276394189424560066e-01
1.633376172381529601e-01 -1.262723218709848882e-01
1.645568266148504377e-01 -1.217331015751318135e-01
1.654387277756812491e-01 -1.153822247678605306e-01
1.663211714447719869e-01 -1.090306749525999375e-01
1.658400414067972839e-01 -1.054324430483474656e-01
1.644728178927557516e-01 -1.036241017161829286e-01
1.631055943787141915e-01 -1.018157603840183917e-01
1.627791319141388693e-01 -9.922027325580033696e-02
1.632207514453846431e-01 -9.604432908188301199e-02
1.636615755832296071e-01 -9.286872344053978545e-02
1.631164926396977133e-01 -9.043879043214957114e-02
1.617491426830857670e-01 -8.863028186227744909e-02
1.603819191690442070e-01 -8.682194053011291213e-02
1.599464177191205483e-01 -8.430889395781414331e-02
1.603873682995359540e-01 -8.113345555417850186e-02
1.608283188799513597e-01 -7.795801715054286041e-02
1.597298790332719876e-01 -7.456814327735269976e-02
1.569953055626184812e-01 -7.095129337531604075e-02
1.542607320919649749e-01 -6.733444347327938173e-02
1.529698908680467706e-01 -6.391814246552669776e-02
1.534107150058917624e-01 -6.074253682418349898e-02
1.538523345371375084e-01 -5.756659265026613931e-02
1.527585854701418722e-01 -5.555122403517327029e-02
1.495831878616433741e-01 -5.510997977447983781e-02
1.464071213023145357e-01 -5.466924128406813049e-02
1.446564625199076026e-01 -5.315053908561774565e-02
1.450974131003229806e-01 -4.997510068198209726e-02
1.455389061889983404e-01 -4.679898927035715250e-02
1.443279337293237041e-01 -4.280556572116241826e-02
1.402260103020582238e-01 -3.738020724925364413e-02
1.361242133173631852e-01 -3.195501601505246203e-02
1.323312161247336693e-01 -2.819114043868720804e-02
1.291556920736647573e-01 -2.774972894028619741e-02
1.259796255143359189e-01 -2.730899044987448662e-02
1.225233940293131429e-01 -2.535744439291672328e-02
1.184214706020476626e-01 -1.993208592100794568e-02
1.143196736173526240e-01 -1.450689468680676532e-02
1.096040532980730869e-01 -1.032089861781395300e-02
1.032531316385057046e-01 -9.438242858719537651e-03
9.690154102810795422e-02 -8.556092869906802359e-03
9.175847737597227216e-02 -7.449375311067418619e-03
9.039112741936031203e-02 -5.640866741195296567e-03
8.902390390531876585e-02 -3.832525409030763074e-03
8.525192941674883396e-02 -2.033491199486117847e-03
7.254941714678370124e-02 -2.686854515789673689e-04
5.984623592598822817e-02 1.495614526046468249e-03
4.879577313868355831e-02 2.442267890686933632e-03
4.517875599893932115e-02 -2.924320225369937232e-04
4.156240781002543822e-02 -3.026626165479212940e-03
3.801187862953590846e-02 -5.280530668450901695e-03
3.483635457846700340e-02 -4.839119170049894537e-03
3.166095696996852615e-02 -4.397874909356470734e-03
2.865053017790080217e-02 -4.176217815886920821e-03
2.684235608344386417e-02 -5.543314887358027042e-03
2.503418198898692271e-02 -6.910411958829138467e-03
2.281219094596952796e-02 -8.073644956762611458e-03
1.646126928640214218e-02 -7.190989197668180496e-03
1.010967867600440044e-02 -6.308839208855459083e-03
4.170158200343646385e-03 -5.287558177618453294e-03
4.610982338188619918e-03 -2.111952536275223287e-03
5.052601869434378973e-03 1.063991637642129661e-03
5.425191234201177763e-03 4.101796984695039484e-03
3.617017139744237598e-03 2.734699913223931095e-03
1.808174094456939949e-03 1.367097071471108823e-03
