-2.065119636207151006e-03 -2.098013555671712337e-03
-4.130434793640023160e-03 -4.195643629215273403e-03
-6.195554429847173299e-03 -6.293657184886984439e-03
-8.276722073159166471e-03 -6.373147699724120673e-03
-1.035819317658272405e-02 -6.389497654875869737e-03
-1.243985677710268863e-02 -6.405849122092277179e-03
-1.644599428020381698e-02 -1.034832964060150920e-02
-2.057642604971452252e-02 -1.454435826400959399e-02
-2.470686084335454655e-02 -1.874000189322486826e-02
-2.697458387342538053e-02 -1.913628749946742064e-02
-2.905624747394534510e-02 -1.915263896668382981e-02
-3.113771857736889748e-02 -1.916898892183557801e-02
-4.046454506914500676e-02 -2.838912251735496023e-02
-5.079053429263220842e-02 -3.887842333145721807e-02
-6.111652049199008813e-02 -4.936810913975228643e-02
-6.266719516674917889e-02 -5.272378554379034132e-02
-6.265084672366209861e-02 -5.480506415011749538e-02
-6.263449525644568250e-02 -5.688672775063745995e-02
-6.432116560112127734e-02 -5.898176858719067495e-02
-6.638648075855416164e-02 -6.107939866073423124e-02
-6.845160039476130831e-02 -6.317741221640595095e-02
-6.885107168491731711e-02 -6.854269501598773962e-02
-6.880202030739741847e-02 -7.478730082335481588e-02
-6.875296892987750597e-02 -8.103190663072189215e-02
-7.030562743346849275e-02 -8.413502684427703882e-02
-7.237074706967563942e-02 -8.623304039994875159e-02
-7.443606222710850984e-02 -8.833067047349231482e-02
-7.496360294424143922e-02 -9.344438748494247882e-02
-7.491454854259221863e-02 -9.968937828650235866e-02
-7.486549716507230612e-02 -1.059339840938694349e-01
-7.338838803461186777e-02 -1.092654922387020361e-01
-7.129056546397193050e-02 -1.113308058840702525e-01
-6.919255039623556369e-02 -1.133961180173738009e-01
-6.846064146946063966e-02 -1.182473702786342729e-01
-6.841158706781141907e-02 -1.244923610801941527e-01
-6.836253569029152044e-02 -1.307369668875612290e-01
-6.700972082624066795e-02 -1.343220231372926898e-01
-6.491170878263360922e-02 -1.363869502764034070e-01
-6.281388621199364419e-02 -1.384522639217716511e-01
-6.197749711409338697e-02 -1.405274861268466235e-01
-6.196114564687697779e-02 -1.426091497273666020e-01
-6.194479720378989057e-02 -1.446904283336937491e-01
-6.072995881435809540e-02 -1.467626778196502169e-01
-5.863213624371813038e-02 -1.488279914650184610e-01
-5.653412420011107165e-02 -1.508929186041292059e-01
-5.556273134671028263e-02 -1.541024982814475641e-01
-5.553002841227746428e-02 -1.582658254824874933e-01
-5.549732850197396788e-02 -1.624287676893346188e-01
-5.440064946774766236e-02 -1.655110773569956339e-01
-5.230282689710769040e-02 -1.675763910023638226e-01
-5.020500432646772537e-02 -1.696417046477320389e-01
-4.910832529224141291e-02 -1.727240143153930263e-01
-4.907562538193791651e-02 -1.768869565222401519e-01
-4.904292244750509816e-02 -1.810502837232800810e-01
-4.807152959410430915e-02 -1.842598634005984393e-01
-4.597351755049725042e-02 -1.863247905397091841e-01
-4.387569497985728539e-02 -1.883901041850774005e-01
-4.266085659042549022e-02 -1.904623536710338960e-01
-4.264450814733839606e-02 -1.925436322773610431e-01
-4.262815668012199383e-02 -1.946252958778810216e-01
-4.013880952996412566e-02 -1.983277105534337614e-01
-3.384515234507714382e-02 -2.045232649832809113e-01
-2.755149516019015851e-02 -2.107188194131280889e-01
-2.354042460096650649e-02 -2.154184129915600321e-01
-2.352407313375010078e-02 -2.175000765920800105e-01
-2.350772166653369161e-02 -2.195817401925999612e-01
-2.280306316903325109e-02 -2.209638097824557224e-01
-2.072139956851328998e-02 -2.209474583152393201e-01
-1.863992846508973067e-02 -2.209311083600875580e-01
-1.591754180788026996e-02 -2.221714278268215326e-01
-1.172189969072965320e-02 -2.263016701233651617e-01
-7.526062052353318758e-03 -2.304322959020369266e-01
-3.906819532759133427e-03 -2.334316478905989756e-01
-1.825155932239170805e-03 -2.334152964233825733e-01
2.563151711843871016e-04 -2.333989464682308113e-01
2.850439904320516658e-03 -2.343877016588978568e-01
7.046277542696851963e-03 -2.385183274375696216e-01
1.124211215694386964e-02 -2.426485682220485829e-01
1.631399662387542776e-02 -2.458890814818274761e-01
2.464026603176246860e-02 -2.458236786370911753e-01
3.296653543964950944e-02 -2.457582757923548467e-01
4.016023719496397693e-02 -2.460802419085702519e-01
4.225825226270035068e-02 -2.481455540418738281e-01
4.435607180921099374e-02 -2.502104826930492409e-01
4.865916681660544668e-02 -2.519431442249389086e-01
6.531170563237952142e-02 -2.518123385354662513e-01
8.196405195105720132e-02 -2.516815343580582898e-01
9.684844910261598827e-02 -2.513124306655368234e-01
9.891356873882314882e-02 -2.492144171098651106e-01
1.009788808721267112e-01 -2.471164020421287577e-01
1.030454883799577642e-01 -2.452078056293192088e-01
1.051269594833813131e-01 -2.451914556741674467e-01
1.072086230839012777e-01 -2.451751042069510444e-01
1.092891022729088890e-01 -2.450324761565578491e-01
1.113544174303417733e-01 -2.429348460830142720e-01
1.134195370665489200e-01 -2.408368325273425870e-01
1.154853451570604511e-01 -2.388019565072269368e-01
1.175668162604840139e-01 -2.387856065520752025e-01
1.196484798610039646e-01 -2.387692550848587725e-01
1.217299509644275274e-01 -2.387529051297070382e-01
1.237950706006346879e-01 -2.366548915740352976e-01
1.258603857580675445e-01 -2.345572615004917483e-01
1.279255053942746911e-01 -2.324592479448200355e-01
1.300066730375867008e-01 -2.323797574299829027e-01
1.320881441410102775e-01 -2.323634074748311407e-01
1.341698077415302282e-01 -2.323470560076147384e-01
1.362359192921533124e-01 -2.303753205471844867e-01
1.383012314254568331e-01 -2.282773054794481338e-01
1.403663540857933434e-01 -2.261796769179692246e-01
1.405392272643427032e-01 -2.240965269578900076e-01
1.405228757971263009e-01 -2.220148633573700570e-01
1.405065243299098987e-01 -2.199331997568500785e-01
1.441342125414794839e-01 -2.159936919574593217e-01
1.482646473351194871e-01 -2.117980483282440873e-01
1.523950791046301823e-01 -2.076020197048359939e-01
1.530070638604212885e-01 -2.052000908245194821e-01
1.529907154173342221e-01 -2.031188122181923073e-01
1.529743639501177921e-01 -2.010371486176723566e-01
1.546610342947934147e-01 -1.989421077811191485e-01
1.567263494522262990e-01 -1.968444777075755991e-01
1.587914690884334179e-01 -1.947464641519038864e-01
1.592167059603693258e-01 -1.926613318750574344e-01
1.592003544931529235e-01 -1.905796682745374837e-01
1.591840060500658294e-01 -1.884983896682103088e-01
1.607445907965963650e-01 -1.864043392340083982e-01
1.628097104328035116e-01 -1.843063256783366854e-01
1.648750255902363959e-01 -1.822086956047931361e-01
1.654263480603173075e-01 -1.801225729255954144e-01
1.654099965931008775e-01 -1.780409093250754360e-01
1.653936451258844753e-01 -1.759592457245555130e-01
1.668281472983992875e-01 -1.738665706868976479e-01
1.688932669346064619e-01 -1.717685571312259352e-01
1.709585790679099826e-01 -1.696705420634895545e-01
1.716359901602652893e-01 -1.675838139761333667e-01
1.716196386930488871e-01 -1.655021503756134160e-01
1.716032872258324848e-01 -1.634204867750934653e-01
1.702623632382556651e-01 -1.613492276914882395e-01
1.681643511946485925e-01 -1.592843005523774946e-01
1.660665286240086136e-01 -1.572189869070092783e-01
1.664917654959444937e-01 -1.551338546301628540e-01
1.685568851321516404e-01 -1.530358410744911413e-01
1.706220077924880951e-01 -1.509382125130122321e-01
1.714605906598858642e-01 -1.452541507931931486e-01
1.713951878151495356e-01 -1.369278813853060939e-01
1.713297849704132347e-01 -1.286016119774190392e-01
1.701557917472780734e-01 -1.236906893448643380e-01
1.680577766795417205e-01 -1.216253772115607756e-01
1.659599541089017416e-01 -1.195600635661925731e-01
1.649343433893650235e-01 -1.174867127148696289e-01
1.649179919221486212e-01 -1.154050491143496643e-01
1.649016404549322190e-01 -1.133233855138296997e-01
1.638760297353955286e-01 -1.112500346625067693e-01
1.617782071647555497e-01 -1.091847210171385529e-01
1.596801920970191691e-01 -1.071194088838350045e-01
1.585061988738840355e-01 -1.022084862512802755e-01
1.584407960291477069e-01 -9.388221684339323470e-02
1.583753931844114060e-01 -8.555594743550617998e-02
1.574476226951999902e-01 -7.988576042099297669e-02
1.553498031486893749e-01 -7.782083176981757777e-02
1.532519805780493682e-01 -7.575551812444936139e-02
1.519611203501069208e-01 -7.204368933433315247e-02
1.519120689725870221e-01 -6.579908352696607621e-02
1.518630175950670957e-01 -5.955447771959899300e-02
1.510749039491950940e-01 -5.558651309965824405e-02
1.489932403486751433e-01 -5.560286456687465323e-02
1.469117692452515944e-01 -5.561921452202640143e-02
1.427268335930625964e-01 -5.287649280843222110e-02
1.343351613404392686e-01 -4.461562624528148807e-02
1.259436815849123426e-01 -3.635475817006610100e-02
1.194640759334896080e-01 -3.060227995099511558e-02
1.173826048300660729e-01 -3.061862990614686725e-02
1.153009412295461084e-01 -3.063498137336327296e-02
1.132150095353801483e-01 -3.008346489412128469e-02
1.111169974917730896e-01 -2.801853775501053981e-02
1.090191749211331246e-01 -2.595322410964232690e-02
1.064205895972545890e-01 -2.439660248458156225e-02
1.022574548933110616e-01 -2.442930390694971962e-02
9.809432018936754816e-02 -2.446200532931787699e-02
9.436930514824982963e-02 -2.404964973620728197e-02
9.227148257760987848e-02 -2.198433609083906906e-02
9.017347053400280588e-02 -1.991940895172832071e-02
8.845409725489442043e-02 -1.785112258724161002e-02
8.843774578767800432e-02 -1.576945898672164545e-02
8.842139734459092404e-02 -1.368818038039449313e-02
8.746139941045615041e-02 -1.192925882158160644e-02
8.121660110599265847e-02 -1.197831171116617126e-02
7.497199529862558220e-02 -1.202736308868607683e-02
6.922994357623253603e-02 -1.182028014844610161e-02
6.713212100559257101e-02 -9.754966503077888706e-03
6.503410593785621807e-02 -7.689654369774333309e-03
6.274854659307436966e-02 -5.815244226827552196e-03
5.858541188913086312e-02 -5.847945649195708702e-03
5.442227718518733576e-02 -5.880647071563866075e-03
5.038442866206933879e-02 -5.786078484274628266e-03
4.828641661846228006e-02 -3.721151345163882518e-03
4.618859404782231504e-02 -1.655837699795669176e-03
4.371262564576236520e-02 3.433626667686587829e-04
2.914175043050824115e-02 2.289084445124391705e-04
1.457087521525412058e-02 1.144542222562195853e-04
