6.457149561382299723e-03 -1.027149698218710050e-02
5.735556068889015313e-03 -1.418234111960083726e-02
4.829221689520538617e-03 -1.687912571048968621e-02
1.014409622867703132e-03 -1.907442500545324798e-02
3.744977543651399534e-03 -2.216185205149560564e-02
4.907800893136735933e-03 -2.702811962137785171e-02
-5.895750745306029515e-03 -2.998877176074334419e-02
-1.548525209976317311e-02 -3.276468442269476339e-02
-1.995931906036746417e-02 -3.274988095151185746e-02
-2.204854481932593674e-02 -3.142811898594871645e-02
-2.823971558227744011e-02 -3.204731559413812741e-02
-3.194364383057886336e-02 -3.039983347317230800e-02
-3.503209647314411285e-02 -2.920525407543736462e-02
-3.639870087841435425e-02 -3.018342327407329620e-02
-3.200647468915397698e-02 -3.455827940832619655e-02
-2.821703465388487181e-02 -3.529834670761477361e-02
-2.189126453664962460e-02 -3.572699323271122385e-02
-2.163896151932883163e-02 -3.673198214639553788e-02
-1.685397475285477925e-02 -3.503500668258374695e-02
-1.415719016196593030e-02 -3.594134106195222278e-02
-1.024633676201293017e-02 -3.666293314498439426e-02
-6.206700807316711636e-03 -3.855744028286500064e-02
5.576932664898940099e-04 -4.137881699579524369e-02
1.073378444360055745e-03 -4.689011657093278274e-02
-2.837500227016280518e-03 -5.073970917269705200e-02
-6.171953699434531114e-03 -5.380597553733628552e-02
-8.477097774742353015e-03 -5.547344287803655100e-02
-9.383432154110828843e-03 -5.817022746892540341e-02
-1.028976653347930294e-02 -6.086701205981424889e-02
-1.284301141290536581e-02 -6.580192293190058328e-02
-1.416108187405491423e-02 -6.905818351785322773e-02
-1.601437907879568398e-02 -7.304191752142563665e-02
-2.103799735930220877e-02 -8.133390525537591287e-02
-2.192429124466139731e-02 -8.546852553453679335e-02
-2.472510074590935150e-02 -9.220496963935631562e-02
-2.922980694054180470e-02 -9.492762023208405064e-02
-3.104137617587428288e-02 -9.167548340487531588e-02
-3.349059601918003698e-02 -9.011039202943312010e-02
-3.320289735029847283e-02 -8.661334126006418888e-02
-3.434779644044626268e-02 -8.447713794948225052e-02
-3.601478398162535899e-02 -8.984853912689003130e-02
-3.412826490070944296e-02 -9.408299277344081557e-02
-3.478440336065080629e-02 -9.793421720292168342e-02
-3.664721579089004477e-02 -1.020187182250256591e-01
-3.464613512965411535e-02 -1.012918464311655942e-01
-3.112693150782141344e-02 -9.943963820359014161e-02
-2.366258074831266434e-02 -9.902428416522643384e-02
-2.096579615742381192e-02 -9.993061854459490967e-02
-1.929832096364538993e-02 -1.022357519479023535e-01
-1.987423323858081639e-02 -1.061244280809461732e-01
-1.962773574511165325e-02 -1.072545630165071817e-01
-1.606419611453912752e-02 -1.056937172240474399e-01
-1.424524130297964708e-02 -1.089943897570040815e-01
-1.036343996105100647e-02 -1.114842644756756929e-01
-1.147617043340313711e-02 -1.147838819617411216e-01
-8.180263580518355726e-03 -1.147295141787853523e-01
-7.163121448590875975e-03 -1.196179497530375085e-01
-6.232533086321676540e-03 -1.226315073958051810e-01
-4.964139056542053383e-03 -1.268854167767005103e-01
-1.494557045410919256e-03 -1.256867126392495482e-01
2.648020556646397874e-03 -1.262985164999121945e-01
4.592604816065559876e-03 -1.281391112399128118e-01
6.990103074404490496e-03 -1.293643044744913762e-01
9.675803663108384356e-03 -1.301977982450809312e-01
1.439899027800901551e-02 -1.354414873692706134e-01
8.744637838235418126e-03 -1.377925188610978902e-01
7.049667632056725447e-03 -1.442861624889451022e-01
8.614728098231138817e-03 -1.464080902802787076e-01
1.084334214981893044e-02 -1.424418481559523442e-01
1.388694384647207875e-02 -1.402396397128775341e-01
1.525198848607269009e-02 -1.368023090041510792e-01
1.862495643449506300e-02 -1.387237343718395743e-01
1.804270756389043939e-02 -1.430605381597419290e-01
1.774340295778440921e-02 -1.456649523071931740e-01
1.922612800214837034e-02 -1.467560275734368369e-01
2.013246238151684964e-02 -1.440592429825480192e-01
2.509479318295019384e-02 -1.435277172591990780e-01
2.900563732036393061e-02 -1.442493107516923667e-01
3.170244043633130976e-02 -1.451556423121385941e-01
3.439922502722015524e-02 -1.460619766915070838e-01
3.416324794330542064e-02 -1.498989256017396465e-01
3.185811313053685950e-02 -1.515663915329787947e-01
3.074275148634070601e-02 -1.530528121843784672e-01
3.520993665796259137e-02 -1.572672074918528562e-01
3.710443231807022263e-02 -1.532276206687751829e-01
3.940956713083877683e-02 -1.515601547375360070e-01
4.301003665569596429e-02 -1.502420629835910515e-01
4.609848929826122765e-02 -1.514366423813260087e-01
5.101647709308752832e-02 -1.528993836154166619e-01
5.978355941660081635e-02 -1.528820135604091746e-01
6.136605900570790695e-02 -1.546286514867409589e-01
6.405175959441181122e-02 -1.554621452573305140e-01
7.024873089649734392e-02 -1.570035075295949101e-01
7.532241665695253718e-02 -1.603058132997292884e-01
7.488275557664696158e-02 -1.517023092197437861e-01
7.718789038941552272e-02 -1.500348432885046379e-01
8.101008103442813857e-02 -1.501737090918442707e-01
8.198291942690635881e-02 -1.479139681536290052e-01
8.584942755558026828e-02 -1.483441992110065555e-01
9.255787255979416872e-02 -1.511244300227992388e-01
9.182519506511591101e-02 -1.549624335514340479e-01
9.152957974818977382e-02 -1.587339302480368919e-01
9.348210592707685562e-02 -1.557288943760071209e-01
9.603428569129981995e-02 -1.537257271819902071e-01
9.753817141706691562e-02 -1.487517810550319508e-01
1.034854848694101298e-01 -1.465300924631672275e-01
1.095879743523427291e-01 -1.453281723942074499e-01
1.102746943798371682e-01 -1.490247164263046598e-01
1.116048562918996456e-01 -1.531947752965502341e-01
1.143422806044812057e-01 -1.555110189544380850e-01
1.135826764232283903e-01 -1.586822989015634622e-01
1.172971850122313808e-01 -1.572972703259283289e-01
1.212402391735093871e-01 -1.554550928915966745e-01
1.187245061803158253e-01 -1.545957355096014840e-01
1.162161770369054131e-01 -1.514993585411130439e-01
1.180605086130437908e-01 -1.472934071041681059e-01
1.189388694641907301e-01 -1.445760873175981065e-01
1.246808613270538602e-01 -1.411682627700388826e-01
1.296616821193661284e-01 -1.396154098154103462e-01
1.325321144581671495e-01 -1.428057407786453292e-01
1.341035115200107375e-01 -1.444795409151204413e-01
1.377409612781481940e-01 -1.434043471719351759e-01
1.416518054155619100e-01 -1.441259406644284646e-01
1.436096011875266643e-01 -1.447472215424938369e-01
1.431788917400890204e-01 -1.409371936809913906e-01
1.460630806589876540e-01 -1.380139703641987958e-01
1.481190798085758042e-01 -1.356888020552881879e-01
1.516382741678692636e-01 -1.338365952371738388e-01
1.553364294131319989e-01 -1.310379617759835358e-01
1.570034169543111091e-01 -1.256665605985757828e-01
1.577851870010229529e-01 -1.214981101225735549e-01
1.591138081278678784e-01 -1.163520437952875047e-01
1.644482886735302574e-01 -1.177762758884906974e-01
1.661363240316854339e-01 -1.200534130101147401e-01
1.672200322467806421e-01 -1.185221494410806375e-01
1.705154077763254006e-01 -1.165052108177877521e-01
1.674691931813843682e-01 -1.146086671339556495e-01
1.656169750875811364e-01 -1.110893986743480971e-01
1.649402900817138473e-01 -1.069690318904234078e-01
1.691388328880091274e-01 -1.041935746135477792e-01
1.714439677007776885e-01 -1.025261086823086032e-01
1.755459239804596228e-01 -1.005852242088701581e-01
1.773015948148072563e-01 -9.579662200200793343e-02
1.653246373472667397e-01 -9.578066552165746816e-02
1.651721064842558429e-01 -9.200283504830762682e-02
1.676430068050933919e-01 -8.717984929725192123e-02
1.694466938005827206e-01 -8.499246972077757756e-02
1.725795171116115689e-01 -8.305000169603014848e-02
1.765563868720750051e-01 -7.653210285102066135e-02
1.811054288239248578e-01 -7.181526222008970117e-02
1.783516855758044417e-01 -6.237145134572968930e-02
1.771983247700601172e-01 -6.540393438047406582e-02
1.705869559582085249e-01 -6.946574085573466173e-02
1.642479742026665135e-01 -6.911363195591396780e-02
1.591230705187278716e-01 -6.857677935029588001e-02
1.559227197369771889e-01 -6.729990815028578932e-02
1.523734821313378618e-01 -6.128128795460391354e-02
1.494776961604704357e-01 -5.988354453003934957e-02
1.474122277207965126e-01 -5.888114410019753414e-02
1.337888886861051396e-01 -5.963748052162801822e-02
1.271084172101127896e-01 -5.687778490551651661e-02
1.199856252389795569e-01 -5.055835347165595767e-02
1.160125348292228853e-01 -4.224407449963608896e-02
1.097126495416328312e-01 -4.084263503954681934e-02
1.061929582672008071e-01 -3.501830868640704725e-02
1.033562794575272059e-01 -3.400899910845401469e-02
1.039844629143255456e-01 -3.013723666436975840e-02
1.037606532213549565e-01 -2.882972721307065084e-02
1.006489927306400411e-01 -2.585002559105083197e-02
9.556207932299397301e-02 -2.719544072152755773e-02
9.215797061797088852e-02 -2.604896985880450835e-02
9.132447684738134730e-02 -2.873467044750839527e-02
9.049098307679177833e-02 -3.142037103621229260e-02
8.850782453598256272e-02 -3.373445534293795234e-02
8.514225356523730248e-02 -3.300441601797095975e-02
8.292951446732968468e-02 -3.070772703767610939e-02
8.471104045631627777e-02 -2.608903685108862266e-02
8.031035229993691016e-02 -2.459731458884311522e-02
7.743935422959451198e-02 -2.515837511618802813e-02
7.362457896157632853e-02 -2.506811629998819541e-02
7.363671408322992884e-02 -2.678047201580826403e-02
7.045111831928797808e-02 -2.902907926596986002e-02
6.507969861680165669e-02 -2.736209454371298783e-02
6.265269971114573178e-02 -2.022871923598940427e-02
5.999283575200227425e-02 -1.956514030459683209e-02
5.908650137263379842e-02 -2.226192489548568451e-02
5.818016699326531566e-02 -2.495870948637452999e-02
5.558682985013180256e-02 -2.701787488160270478e-02
4.998683716503627555e-02 -2.923637195640407457e-02
4.729005257414743008e-02 -2.833003757703559528e-02
4.394981884930088123e-02 -2.695026527875507907e-02
4.134224220666562338e-02 -2.287519299764621122e-02
3.783415925989130901e-02 -2.137190748617774291e-02
2.847957485886340803e-02 -2.095691001363551853e-02
2.237551232142265603e-02 -1.969951896241536882e-02
1.991892303653516882e-02 -1.465748484254940191e-02
1.666844471792747195e-02 -8.643138444189724795e-03
7.676007057269617316e-03 -1.465354989356481164e-03
2.831381806261750941e-03 -8.113257662196367856e-04
