1.423896414455851599e-03 -2.036924050969348386e-03
1.840766470071617889e-03 -7.262670814639920341e-03
2.946671586506331448e-03 -1.030653759820975186e-02
3.681532940143235778e-03 -1.452534162927984068e-02
4.442962339288276247e-03 -1.690674139753886238e-02
5.478156915271244730e-03 -1.900554964536649294e-02
6.022241198103730694e-03 -2.873798884439225307e-02
2.107305118936001094e-03 -3.458912431772607349e-02
-9.490064233589969077e-04 -3.491594459424893909e-02
-2.765136889607364406e-03 -3.622498791397363999e-02
-7.181695978965854654e-03 -3.852155110141805561e-02
-1.428545477083481043e-02 -4.336566021591179571e-02
-1.816852586130489333e-02 -4.420654562644232149e-02
-1.687890534712514767e-02 -4.479838566820518175e-02
-1.372724714188354803e-02 -4.697488256264015227e-02
-1.312128123776524699e-02 -5.008239827293814450e-02
-1.722346480932603063e-02 -5.465618816276571895e-02
-1.871453972892140813e-02 -5.891030565094187293e-02
-2.754437920794583494e-02 -6.723289330653588192e-02
-3.064298231350249743e-02 -6.839529947482730909e-02
-3.373292620927328261e-02 -7.011423486268378302e-02
-3.597298840419680538e-02 -6.925913984488660247e-02
-3.859645555373950737e-02 -6.879981097352996788e-02
-4.046908707184457971e-02 -7.005411797126784301e-02
-3.780677431121198806e-02 -7.296202769159548795e-02
-3.783863935924543231e-02 -8.147900550397327302e-02
-3.901172567506375199e-02 -8.472601043149728672e-02
-4.088267345463027919e-02 -9.310526639142720218e-02
-4.839447332361326848e-02 -9.678688301714583053e-02
-4.934314763957890065e-02 -1.001417629925812208e-01
-4.701833260875198928e-02 -1.063391390317462160e-01
-4.929379194635698930e-02 -1.102716495010135911e-01
-5.240315864767274706e-02 -1.107662944643845876e-01
-5.513962796026464913e-02 -1.137042206986287746e-01
-5.328288715305649903e-02 -1.149549956017186236e-01
-5.060468368152697821e-02 -1.153578234212185583e-01
-4.841935780859027427e-02 -1.162694194908724249e-01
-4.369540130758966384e-02 -1.193116051708119768e-01
-4.117795827427639388e-02 -1.236133947323431181e-01
-4.003320748741598378e-02 -1.255991146153094817e-01
-3.970991936487693746e-02 -1.284327815818657459e-01
-4.518126308824255144e-02 -1.344198741184417512e-01
-4.491279485459413051e-02 -1.373101283980025789e-01
-4.371322148459901719e-02 -1.392394307960160560e-01
-4.311608461831825667e-02 -1.417904199809930377e-01
-4.222223030991485715e-02 -1.455055828177112265e-01
-3.946633561620552927e-02 -1.508055723351531541e-01
-3.790639587735962490e-02 -1.543989875972242021e-01
-3.910066972859276013e-02 -1.563104647264191849e-01
-3.895596479685178165e-02 -1.759572937330100284e-01
-3.753736526624962960e-02 -1.776603358343971095e-01
-3.682016198828780285e-02 -1.807660868148252276e-01
-3.465602371010174931e-02 -1.838488828357245641e-01
-3.397060173526215976e-02 -1.849513421186591566e-01
-3.158920196700313460e-02 -1.841899127195140984e-01
-2.640583039283381922e-02 -1.881154425663892349e-01
-2.478585744814739561e-02 -1.919862387261858372e-01
-2.740755992715601316e-02 -1.951448749782472292e-01
-2.186037339705588362e-02 -2.009572485260665564e-01
-2.125440749293758258e-02 -2.040647642363645209e-01
-1.810274928769597599e-02 -2.062412611307994914e-01
-1.496698173401548281e-02 -2.074161121764876992e-01
-1.335936998115042074e-02 -2.105077372352245624e-01
-9.495805381800691281e-03 -2.154561031605053967e-01
-7.651423131505635453e-03 -2.194346045401616707e-01
-5.042079268745937488e-03 -2.225104225142412184e-01
-4.715345253370912919e-03 -2.255666504896324254e-01
-3.351482044755603115e-03 -2.273261936428762064e-01
-1.731509100069173867e-03 -2.311969898026727810e-01
2.356467499133237890e-03 -2.362532307758649919e-01
3.829886918626026603e-03 -2.378996855642475095e-01
6.069949113549527250e-03 -2.387547805820446623e-01
1.080811516248099402e-02 -2.391805607261651145e-01
1.338735619084045758e-02 -2.403642408096908489e-01
1.492610575936328086e-02 -2.391152306958066742e-01
1.820144615650938144e-02 -2.385623199507091174e-01
2.179486147791622613e-02 -2.334956524622887331e-01
2.222064162203666107e-02 -2.287574864133572750e-01
2.307573663983385204e-02 -2.265174242184337661e-01
2.469579057585162205e-02 -2.233745087898817983e-01
3.180114690444704739e-02 -2.221485373211018466e-01
3.532570255774827861e-02 -2.232615877368355484e-01
3.686621685614097782e-02 -2.221238149967949271e-01
4.015568317497830025e-02 -2.224613127266006074e-01
4.563047530741655422e-02 -2.272171342756346690e-01
4.850660366528614792e-02 -2.260582575670830319e-01
5.349557993152674606e-02 -2.247545111905478454e-01
5.658720499026360234e-02 -2.231468994376827608e-01
5.874251428994795021e-02 -2.221664411836866138e-01
6.140659183978623009e-02 -2.216788605282832836e-01
6.066290408322006639e-02 -2.204104275495183674e-01
6.066996575627946198e-02 -2.173488191233696742e-01
6.505827300225545951e-02 -2.132714389861187776e-01
6.777902143200210949e-02 -2.128385919584581953e-01
6.987782967982975046e-02 -2.118033973824752225e-01
7.301704312634618721e-02 -2.132008094369983453e-01
7.440209656462040688e-02 -2.162960502166228483e-01
7.864738501495902034e-02 -2.172305986108972464e-01
7.994406720219816853e-02 -2.147608302265114066e-01
7.852546767159601648e-02 -2.130577881251242978e-01
7.979574900647040669e-02 -2.089185237316792954e-01
9.077013418942007916e-02 -1.989477166171687017e-01
9.550830023835155114e-02 -1.993734967612891540e-01
1.016704463873142478e-01 -1.948226591960820764e-01
1.090355255972959569e-01 -1.889168737212451044e-01
1.131059278063987067e-01 -1.858465198834984844e-01
1.165934025784799155e-01 -1.846222268241047015e-01
1.211088404254330453e-01 -1.885583531329313445e-01
1.214798031968995218e-01 -1.943971274737796018e-01
1.227976755544617493e-01 -1.967697844653489569e-01
1.237728368652683680e-01 -2.020979395650255306e-01
1.257337533732606760e-01 -2.064085581643942124e-01
1.250164664097234424e-01 -2.103163489442629319e-01
1.263060869239031603e-01 -2.109081889860258130e-01
1.271611819417003408e-01 -2.086681267911022764e-01
1.284119568447902038e-01 -2.068113859838941193e-01
1.283201397009191558e-01 -2.010238158110488615e-01
1.255854352368687143e-01 -1.970595239199876281e-01
1.258576002420719042e-01 -1.896518971762163053e-01
1.262779998760990285e-01 -1.880866631884249296e-01
1.254070978329803465e-01 -1.858182655238793390e-01
1.280146743902977335e-01 -1.817692207969147100e-01
1.284192669396675424e-01 -1.792022546992287080e-01
1.279247056618719458e-01 -1.690793462376161127e-01
1.333801587336764516e-01 -1.620906078522933169e-01
1.336646013044614223e-01 -1.589689662203040976e-01
1.360637427746350936e-01 -1.558137758610786683e-01
1.365230716459917282e-01 -1.531903087115359663e-01
1.373781666637889087e-01 -1.509502465166124574e-01
1.381766743685814980e-01 -1.486553644327983092e-01
1.386925905529427239e-01 -1.460867171721462188e-01
1.421305396850787439e-01 -1.417459957977131313e-01
1.454589352412455905e-01 -1.410252603657674575e-01
1.454129417552842418e-01 -1.381314766264668814e-01
1.441038984355595409e-01 -1.363153461602185090e-01
1.431640505818589926e-01 -1.332131273337742172e-01
1.412225568794116537e-01 -1.301267991588910544e-01
1.404063911582797697e-01 -1.278019004424887362e-01
1.397545179700122042e-01 -1.253074123093684544e-01
1.374791423179825833e-01 -1.222263810183389782e-01
1.368731764138642892e-01 -1.191188653080409721e-01
1.381823033598285622e-01 -1.174281817635669800e-01
1.368113758432455973e-01 -1.152233494588457280e-01
1.363414506286090844e-01 -1.101654273820232705e-01
1.352532872140890519e-01 -1.047277996383730592e-01
1.322076504901686100e-01 -9.520194447613743172e-02
1.286178510083210158e-01 -9.347771477999972101e-02
1.260102745103394428e-01 -9.402003175738984919e-02
1.240987973811444461e-01 -9.282575790615670008e-02
1.198217275090119743e-01 -9.690137331353773642e-02
1.137480336617514992e-01 -9.649678070483214132e-02
1.093491300724956095e-01 -9.289277161571787844e-02
1.057080401614971521e-01 -9.144760398027179660e-02
1.029733356974467245e-01 -8.748331208921054924e-02
1.037718434022393277e-01 -8.518843000539640109e-02
1.033020043894148643e-01 -8.363731924505221627e-02
1.028691573617543098e-01 -8.091657081530556628e-02
1.068052836705809389e-01 -7.640113296835243650e-02
1.098651273668597717e-01 -7.629695726756831331e-02
1.105999860855883948e-01 -7.700886372101223287e-02
1.065579194054435686e-01 -7.484649274826851717e-02
1.021519541431282763e-01 -7.430409208530296128e-02
9.980233573732731622e-02 -7.356208543236707198e-02
9.473390351903702988e-02 -6.985743273711669810e-02
9.069889845261577821e-02 -6.814018108779876237e-02
8.234091371367609213e-02 -6.059121934626441469e-02
8.162900737890377290e-02 -5.431262256584407089e-02
8.292930528703053306e-02 -5.206541249604908911e-02
8.245938007239402012e-02 -4.700749041922662463e-02
8.142418549641104730e-02 -4.490868217139899060e-02
8.066275609726601681e-02 -4.252728240313997932e-02
7.995614658701158395e-02 -4.008929532187637673e-02
7.671788449551304734e-02 -3.596592421490076019e-02
7.562265677302534850e-02 -3.008300731977308490e-02
8.108870361253726899e-02 -2.376203283361481497e-02
8.066653667306779296e-02 -1.820240412036198616e-02
7.720041932378887695e-02 -1.725549453426622817e-02
7.297640203510469270e-02 -1.414965992759851382e-02
7.051722741842626763e-02 -1.352074163952389843e-02
6.813927354300321204e-02 -1.450473204750387345e-02
6.504067043744654608e-02 -1.566713821579528501e-02
6.311136803943309670e-02 -1.686671158579040528e-02
6.022111375987226206e-02 -1.713517981943881927e-02
5.706424223768075121e-02 -1.462471471427372223e-02
5.343189773828021377e-02 -1.724288761487098587e-02
4.762322359692391927e-02 -1.599909069926512203e-02
4.413768344210006189e-02 -1.382789068868385714e-02
4.025461235162998419e-02 -1.466877609921438813e-02
3.687501262746013808e-02 -1.566865715875548001e-02
3.421093507762185820e-02 -1.615623781415879284e-02
3.235419427041370810e-02 -1.490546291106894725e-02
2.616741205829194519e-02 -1.439131409148588364e-02
1.394939487398636976e-02 -2.116631000409445809e-03
1.351654784632580486e-02 6.041174293372094913e-04
1.248135327034283378e-02 2.702925677164841247e-03
1.171992387119779287e-02 5.084325445423860772e-03
9.260749254519367799e-03 5.713243733498478763e-03
5.137378147543755595e-03 2.474981641999941286e-03
1.703042101387089577e-03 1.418599530602144458e-03
