-6.688080775610948190e-04 -4.469613163170024252e-03
8.113230300035554916e-04 -1.574694752359302730e-02
-2.728459017491061036e-03 -1.887351234978059886e-02
-5.814755448471068018e-03 -1.824906646943738608e-02
-7.948144852704411290e-03 -1.839743043170179865e-02
-1.020798457645131878e-02 -1.685187973612836676e-02
-1.213568010535215694e-02 -1.451228997924847511e-02
-1.510223916160897441e-02 -1.194899299450281546e-02
-2.430426516844313295e-02 -1.351379969871310989e-02
-2.843124401152232264e-02 -1.630060454931503075e-02
-3.524986080122529536e-02 -1.840692324307144703e-02
-3.414678959405963860e-02 -2.029511791798619888e-02
-3.249830557695486399e-02 -2.204317241700884042e-02
-3.073047999308164621e-02 -2.376056289814742345e-02
-2.569515671157181561e-02 -4.144785529287078885e-02
-2.700959304262358016e-02 -4.510208578570055332e-02
-3.135980321186324776e-02 -4.507496979626741257e-02
-3.407191900930950368e-02 -4.420902548036356045e-02
-3.475034879448752473e-02 -4.655490946951326703e-02
-3.665825987148552817e-02 -4.758124623422754079e-02
-3.805376632610791426e-02 -4.992969811645575628e-02
-3.802466517315660627e-02 -5.209384221822253164e-02
-4.305793548480255084e-02 -5.467733601946993954e-02
-4.890459074112975257e-02 -5.494388151065539988e-02
-5.069862789992621993e-02 -5.641340520095832617e-02
-5.241165967364282835e-02 -5.720793340928539972e-02
-4.996718175188280542e-02 -5.826986596961559323e-02
-4.772856980197649757e-02 -5.853058690405180814e-02
-4.542395047231581606e-02 -6.368093218815436274e-02
-4.589613422941812154e-02 -6.785473364176254629e-02
-4.777116671757104110e-02 -6.869088685082674894e-02
-4.683864142142754594e-02 -7.062284669969841333e-02
-4.482909089744119280e-02 -7.306862484392306900e-02
-4.513215631372636399e-02 -7.634486495894839131e-02
-5.122631829437714751e-02 -7.858309103488646252e-02
-5.459646996143372594e-02 -7.763178367486602005e-02
-5.653942944945701543e-02 -7.852171521374470831e-02
-5.823261508866949682e-02 -8.038331216503193100e-02
-6.000474364881208666e-02 -8.193810212731980624e-02
-5.879098011816546315e-02 -8.379779969167480691e-02
-5.497007275650502012e-02 -8.317951432864273409e-02
-5.216250160515634865e-02 -8.427537299180103136e-02
-4.775097676720081730e-02 -8.454112009142024375e-02
-4.435333274299424478e-02 -8.906533894175691635e-02
-4.576478729288117192e-02 -9.453445762233059213e-02
-4.798832325365589430e-02 -9.592356289509115785e-02
-4.820852546908342001e-02 -1.011138825502046062e-01
-5.411060649535944650e-02 -1.102173597816477335e-01
-5.590464365415590692e-02 -1.116868834719506598e-01
-5.902538153891374872e-02 -1.132974236822558572e-01
-6.107476305970185870e-02 -1.155413086880805462e-01
-6.088376523901583431e-02 -1.176638545232147059e-01
-6.182636959962986567e-02 -1.200776164037398591e-01
-6.039940101029318137e-02 -1.218825878112848732e-01
-5.875725331482254538e-02 -1.249497843229771116e-01
-5.968167170817220007e-02 -1.278586602657852678e-01
-6.163339998247795853e-02 -1.287144644865296506e-01
-6.076172549727600763e-02 -1.317887982178396755e-01
-5.030022163849880851e-02 -1.328624958173363346e-01
-4.289346127460103020e-02 -1.322314721458968945e-01
-4.072493277969304465e-02 -1.322194346520127461e-01
-3.622112755989796706e-02 -1.348602480358687961e-01
-3.533674137865625703e-02 -1.362867107998037564e-01
-3.308936064246748715e-02 -1.365815590523742629e-01
-3.082446906781833793e-02 -1.369445578945117925e-01
-2.840627077080115637e-02 -1.379042125471406921e-01
-2.628372493566698970e-02 -1.377132147264546747e-01
-2.405253256282049654e-02 -1.397839922761003328e-01
-2.242931308658937389e-02 -1.428832821086498117e-01
-2.069214820927138196e-02 -1.457897490095853288e-01
-1.750458564313043738e-02 -1.462428200105230225e-01
-1.476526912805037339e-02 -1.473562162462461744e-01
-1.212169298373125259e-02 -1.475310745373488441e-01
-8.110284089272978489e-03 -1.492807529319931936e-01
-5.799396487797743235e-03 -1.498227641242833863e-01
-4.636706520598680471e-03 -1.516956401573083535e-01
-2.388875293687852622e-03 -1.533714413791524567e-01
-2.131052577244154039e-04 -1.603539487327104440e-01
1.992663844779481164e-03 -1.604868482941954611e-01
6.837618075803594472e-03 -1.581607065145851643e-01
1.126853167944414508e-02 -1.584669472994061912e-01
1.257507875791552369e-02 -1.621019153139404978e-01
1.139817565690585607e-02 -1.645940688893009207e-01
1.434633521192514929e-02 -1.653176183571948565e-01
1.832209879383411150e-02 -1.632511342463050519e-01
1.911133831624700630e-02 -1.608767784358418884e-01
2.762784271897849447e-02 -1.582705331703295748e-01
3.034156374545782589e-02 -1.593905059957645975e-01
3.253419303559031139e-02 -1.594722666033989711e-01
3.672906975975486626e-02 -1.595665243247146314e-01
4.062668522623510275e-02 -1.599188969612648503e-01
4.918520369326386671e-02 -1.581832492734504547e-01
5.229960856771641298e-02 -1.592002690623802452e-01
5.595582673048174471e-02 -1.588604947930939704e-01
6.365617695841033208e-02 -1.580995200276799351e-01
7.086703287943409146e-02 -1.575551576346141680e-01
7.262602162720527277e-02 -1.559492287184756631e-01
8.660700773062450508e-02 -1.524023278312502949e-01
9.111376433278585429e-02 -1.528617217867698497e-01
9.918027197126977335e-02 -1.526063318710859928e-01
1.016274059473747243e-01 -1.550578012535741845e-01
1.055750743311264922e-01 -1.578324151803593700e-01
1.070301546752645272e-01 -1.613383784830563494e-01
1.086665007185517312e-01 -1.592551353231948796e-01
1.088760860104661388e-01 -1.583380811722253645e-01
1.068707153529859927e-01 -1.542466242571962909e-01
1.075327623039101094e-01 -1.507055611720355404e-01
1.112417376201384894e-01 -1.496162491748926626e-01
1.133675879043170437e-01 -1.512416476023790701e-01
1.146581512678181286e-01 -1.530816674209493355e-01
1.169666810771222698e-01 -1.581764373347092356e-01
1.165245967447569170e-01 -1.623970200831313659e-01
1.184800185316671750e-01 -1.640662089738209595e-01
1.193954935357957742e-01 -1.660026052391846696e-01
1.212315603888853427e-01 -1.677024061244075381e-01
1.228118938164231427e-01 -1.694679714618905764e-01
1.221982131249000764e-01 -1.643919772640860255e-01
1.231320230135123928e-01 -1.609537270308132595e-01
1.225244616765845118e-01 -1.571391593021157773e-01
1.248951850051320950e-01 -1.550852833707395129e-01
1.282157118712487776e-01 -1.553133593617506691e-01
1.331236933580523252e-01 -1.547882684543185339e-01
1.329033451089991769e-01 -1.494749499914501678e-01
1.351804778992560796e-01 -1.441922369004574045e-01
1.332994559106657761e-01 -1.395236780180125480e-01
1.302125985750437753e-01 -1.319302560447234152e-01
1.256157795950696709e-01 -1.248610687462031327e-01
1.241882666577352051e-01 -1.226292111785391992e-01
1.208059737055322269e-01 -1.165381881730692265e-01
1.150305196684251463e-01 -8.910977303805740768e-02
1.164384784879480134e-01 -8.539518762570132149e-02
1.171765270331594361e-01 -8.303398499466184413e-02
1.170963389497082924e-01 -8.088296733821423445e-02
1.194426540917824658e-01 -7.834472665990541151e-02
1.276814550431464024e-01 -7.504662346865628719e-02
1.285049638010789808e-01 -7.238173614541720813e-02
1.261546567624895199e-01 -7.168630809157509887e-02
1.224414592156545939e-01 -7.212246781499291604e-02
1.196338880643059432e-01 -7.102660915183463264e-02
1.159397227834121774e-01 -7.143064882029069584e-02
1.140061705423842664e-01 -6.885631314362192223e-02
1.144377934911135763e-01 -6.565607131155502818e-02
1.238824231668515102e-01 -6.266599523801937022e-02
1.261889554939705227e-01 -6.025610186951030345e-02
1.240313746148633267e-01 -6.031074648771152236e-02
1.222720808605236853e-01 -5.859116381000233076e-02
1.211976278854734468e-01 -5.911258318274743156e-02
1.178412096209834753e-01 -6.058375406971083788e-02
1.151970431977979992e-01 -5.934597447204038867e-02
1.143569437676476563e-01 -5.784452228283144121e-02
1.121248950404009209e-01 -5.760934481364513721e-02
1.103750508971570038e-01 -5.472432596491798307e-02
1.111174090412954951e-01 -5.170777886358281922e-02
1.095573396751676060e-01 -5.175425211523549535e-02
1.063283052634860920e-01 -5.082120076050651580e-02
1.014649381641721804e-01 -5.130754299991427403e-02
9.917376696478021059e-02 -5.084226625007547129e-02
9.678184829250584265e-02 -4.998488950514787255e-02
9.550504413902755063e-02 -4.632408904526393728e-02
9.667778643659261095e-02 -4.385113930219045747e-02
9.682776302419704439e-02 -4.164103782989615754e-02
9.733564689835290384e-02 -3.933891901470337044e-02
9.547407523631196158e-02 -3.764561596173700980e-02
9.167209609389105618e-02 -3.823180800391184908e-02
8.716521332607705952e-02 -3.511928384980288892e-02
8.581176580626970196e-02 -3.246859948291405673e-02
8.231651990701924215e-02 -3.131318348688427733e-02
7.945370445479188470e-02 -2.632445316498673027e-02
8.034805916484728805e-02 -2.305079099876333054e-02
7.971904977571102335e-02 -1.922354400413993011e-02
8.064457711020561748e-02 -1.681411449340520711e-02
7.920064890850342376e-02 -1.501350074489688803e-02
7.195021138783069814e-02 -1.604053489106860991e-02
6.769875439888016488e-02 -1.544289352393151196e-02
6.504201857421662569e-02 -7.366388359585853904e-03
6.296547869989506385e-02 -1.166165249012070422e-02
6.130632295477292382e-02 -1.613134336236078659e-02
5.462185751173364440e-02 -2.049293959419236019e-02
4.876614514093662728e-02 -1.870831618331202095e-02
4.673360288460764317e-02 -1.143456644673150786e-02
4.761524258729444431e-02 -8.500357261317778232e-03
4.761831020132686887e-02 -5.046814071874502171e-03
4.766426055272379725e-02 -1.618577390932263507e-03
4.550271346282053209e-02 5.700856884041427325e-04
4.429619729097558634e-02 2.295385290096108640e-03
3.741022127217574073e-02 1.016716046270036821e-03
3.564239568830251947e-02 2.734106527408619418e-03
3.399391167119775181e-02 4.482161026431262692e-03
3.218236367394089470e-02 3.080787925695318771e-03
3.237334812757463459e-02 9.582941139119653066e-04
2.991704717255199569e-02 -1.399241220417629748e-03
2.511307524357488108e-02 -1.833997326581515274e-03
2.335689146736800309e-02 1.040297496041454146e-03
2.125866339449726181e-02 3.336070055613606176e-03
1.920067193863258734e-02 3.070818969146530721e-03
1.934911465835234198e-02 9.373388852638203823e-04
1.694611520479055028e-02 -1.097544881328096650e-03
1.417898188575414040e-02 -2.917034307515242210e-03
9.568138546871733999e-03 -4.810511972334861885e-03
