-4.945020371765183366e-04 -2.437643464281630690e-03
-5.001505196337113724e-04 -7.637436110622893709e-03
-5.993586302973551378e-04 -1.271135382376972073e-02
-2.528015357977888428e-03 -1.469059919243614204e-02
-5.292780575857060354e-03 -1.838456288142850670e-02
-3.646539865855283162e-03 -2.044338769942252027e-02
-4.245588115444256377e-03 -2.510725174539652979e-02
-1.111808864711589552e-02 -2.732037552805054864e-02
-1.262617430449031360e-02 -2.523708222377638380e-02
-1.660430489019976488e-02 -2.287872582296084090e-02
-1.690268364546571728e-02 -2.763180552042985086e-02
-2.104478442310775410e-02 -3.078610708515286051e-02
-2.384422142067847000e-02 -2.985714555137706713e-02
-2.606675192618953391e-02 -2.896854083350906481e-02
-2.442051121618775758e-02 -3.102736565150308184e-02
-2.263619601910375756e-02 -3.306175797291069363e-02
-2.102722447954545951e-02 -3.370287307060791659e-02
-1.862766881597492999e-02 -3.961651559239586645e-02
-1.922672079457742739e-02 -4.428035856473021281e-02
-2.118241486762333786e-02 -4.932670280150643766e-02
-3.052549272962171850e-02 -5.005417165553120024e-02
-3.182638236181414143e-02 -4.793421469032335680e-02
-3.319638980309281423e-02 -4.582650996310245334e-02
-3.198897736905493422e-02 -4.782056654224195458e-02
-3.088977893568514016e-02 -5.282484393090992880e-02
-3.795717122067338717e-02 -5.514367477562432535e-02
-3.764374934705193992e-02 -5.651254057638798595e-02
-3.529902652650070832e-02 -5.809168631878441208e-02
-3.587416722346794401e-02 -6.168307516703209342e-02
-3.730359677975999405e-02 -6.286181836047720350e-02
-3.852529790887833372e-02 -6.521448972507651320e-02
-4.060852426321998054e-02 -6.672258526905003317e-02
-4.272849484404045439e-02 -6.802352077753530402e-02
-4.627833935957248457e-02 -6.929261380496339051e-02
-4.810786854213451591e-02 -6.619797745017673429e-02
-5.005103598617884064e-02 -6.326586915269835631e-02
-5.199420343022317231e-02 -6.033376085521999221e-02
-5.359637552427545110e-02 -5.691403239612300574e-02
-5.529515833823944737e-02 -5.536300614770149620e-02
-5.871601482223882951e-02 -5.454400576461858330e-02
-5.896613409384176413e-02 -5.836272074113724173e-02
-5.848301145163154607e-02 -6.632468802241205108e-02
-6.059076205514529051e-02 -6.769468184807811428e-02
-6.085301328048278724e-02 -7.144434466500157455e-02
-6.256661719151894452e-02 -7.302945452823096650e-02
-6.322310313290618877e-02 -7.656399515000548994e-02
-6.322874975085662763e-02 -8.176379833316659018e-02
-6.695715946924367390e-02 -8.363421057604251974e-02
-6.994972615405213590e-02 -8.644268069484291328e-02
-7.230812470214699472e-02 -9.042081873857940599e-02
-7.324931367125656068e-02 -9.315115527169000320e-02
-7.647130989136201318e-02 -1.007004826820806359e-01
-7.865175993315220992e-02 -1.028667245943354902e-01
-8.020651159722802515e-02 -1.053495504336356553e-01
-8.603089632024166211e-02 -1.074484291448561113e-01
-8.834408088285850003e-02 -1.124868112219716554e-01
-8.999063197356867161e-02 -1.184754761817733426e-01
-8.657083656453916365e-02 -1.168733139743201588e-01
-8.445095400729088486e-02 -1.155723723082493076e-01
-8.233098342647039714e-02 -1.142714367997640368e-01
-7.760350639776951442e-02 -1.120105760488395996e-01
-7.212576364269836227e-02 -1.155991206823988454e-01
-6.989727647438136182e-02 -1.205460099845749311e-01
-6.607860737415556518e-02 -1.207961156405652631e-01
-6.482025004213058661e-02 -1.186505981538686083e-01
-5.729081919065216050e-02 -1.141135194239423639e-01
-5.470965282604162844e-02 -1.174312339759530643e-01
-5.579266277152739734e-02 -1.209700497599997676e-01
-5.882991476883569354e-02 -1.239288466038693248e-01
-6.445084995596131461e-02 -1.267751084085057822e-01
-6.693197322108804248e-02 -1.288521135956259833e-01
-6.152273530756632164e-02 -1.336634663095662978e-01
-5.142435433977056436e-02 -1.323750648881096559e-01
-4.919074922648131870e-02 -1.309115802486764124e-01
-4.610889994024536254e-02 -1.278024505221521112e-01
-4.293776805258189833e-02 -1.243926611879038885e-01
-4.069622185327162467e-02 -1.225716897879132322e-01
-3.317244134875717287e-02 -1.232343931675084214e-01
-3.186184856446481334e-02 -1.286285879626746509e-01
-3.235635246614809724e-02 -1.310662208901364478e-01
-2.828756782333286673e-02 -1.274975904959684547e-01
-2.161577798105910816e-02 -1.305899857170044198e-01
-1.860234924181390984e-02 -1.287036491548070871e-01
-9.689545602221577222e-03 -1.287644811437645143e-01
-6.601739653179691455e-03 -1.297136360015483103e-01
-4.139632081852162929e-03 -1.303462069322867400e-01
-1.616512647563213192e-03 -1.313240632913434958e-01
9.066910812844046052e-04 -1.323019047343461929e-01
3.393154312666710887e-03 -1.330726072155002659e-01
8.837370657574851116e-03 -1.344593743007733988e-01
1.428158700248298441e-02 -1.358461413860464762e-01
1.787289901419905278e-02 -1.364213391463471314e-01
2.377977062214769663e-02 -1.368004352624421771e-01
2.998723115887422588e-02 -1.372687830197259484e-01
3.538623351830433306e-02 -1.375953060716199883e-01
4.202083475567975485e-02 -1.392699555826654445e-01
4.640846553293065391e-02 -1.399178837414812859e-01
5.279440324894004583e-02 -1.397849061257316339e-01
5.635227314505176360e-02 -1.381583114216920760e-01
6.221644759272917935e-02 -1.342719839916304558e-01
6.847278430966907692e-02 -1.350165439439977022e-01
7.271378281726637027e-02 -1.348358144439235629e-01
8.006962834828444675e-02 -1.325371620071630618e-01
8.272234878164289040e-02 -1.326374807981029469e-01
8.679175012100848186e-02 -1.302794273199687214e-01
8.912937463823877859e-02 -1.253791618772147620e-01
9.252045120136914713e-02 -1.232123379576618438e-01
9.607404220619515656e-02 -1.211591981758840392e-01
9.924989736356383541e-02 -1.193865395938763091e-01
1.126629089669195088e-01 -1.175116090938052305e-01
1.164767667738679235e-01 -1.161245778399694756e-01
1.283424353971770737e-01 -1.151643945865532676e-01
1.307801030138911746e-01 -1.156588488829301681e-01
1.345987721141169713e-01 -1.159089545389205000e-01
1.369142474157908906e-01 -1.157128678107689629e-01
1.419918868155785330e-01 -1.150280118224567827e-01
1.436630998821854521e-01 -1.184355451069002141e-01
1.487369927926791013e-01 -1.185347358729377382e-01
1.545057056189868550e-01 -1.189382794016732581e-01
1.649052884830972954e-01 -1.189496854637994844e-01
1.674284922119449182e-01 -1.199275269068021538e-01
1.672752903119485435e-01 -1.138300288212099609e-01
1.720070462319351345e-01 -1.119957131480237289e-01
1.726518408689938500e-01 -1.096026849675166420e-01
1.771887050356638071e-01 -1.078740763563907912e-01
1.780284794496113099e-01 -1.053753472714088896e-01
1.801483620068596025e-01 -1.040744056053380662e-01
1.844780301483475715e-01 -1.023824606551458627e-01
1.796559305519636052e-01 -1.020962733455199473e-01
1.767184190673106448e-01 -1.011917443083305557e-01
1.741952153384630220e-01 -1.002139028653278585e-01
1.717209720843874687e-01 -9.951225870135456397e-02
1.701756172565695724e-01 -9.601125567678360506e-02
1.688747276243771356e-01 -9.389129871157574081e-02
1.665592523227031885e-01 -9.408738543972727797e-02
1.640653804072915445e-01 -9.488476155121847166e-02
1.665316825753461183e-01 -9.594389247574920676e-02
1.677306215213712759e-01 -9.708484398335824606e-02
1.699414644515673256e-01 -9.911498221613333770e-02
1.691224677974979274e-01 -1.025358597737724003e-01
1.653037181317269788e-01 -1.022857901074758075e-01
1.559607208352737362e-01 -1.030132229718068310e-01
1.508868279247801147e-01 -1.029140322057693069e-01
1.486142721405136202e-01 -9.932804654469620798e-02
1.504935202859890853e-01 -9.586199714885845768e-02
1.546240177828747953e-01 -9.384921418298847184e-02
1.587464861701672336e-01 -9.219391182009031849e-02
1.603256777888565077e-01 -8.984920261515171036e-02
1.635015329462252143e-01 -8.807654403314396641e-02
1.587160932817613945e-01 -8.799753167506034479e-02
1.575111976729303143e-01 -8.279829558314324989e-02
1.588570792693174416e-01 -7.672041497184654835e-02
1.595172236764265117e-01 -7.240182143813675419e-02
1.574152077144353734e-01 -6.857201823822729747e-02
1.505405007382653038e-01 -6.594283175586321266e-02
1.413509314279581819e-01 -6.472028784404477986e-02
1.306617499482893296e-01 -6.226755569948265456e-02
1.296338794975177289e-01 -6.209335741148549331e-02
1.266162598905590242e-01 -6.355315505353019423e-02
1.256384109895292978e-01 -6.607631663509846986e-02
1.207562763105951009e-01 -6.786602140374442538e-02
1.129654332874657774e-01 -6.931584393124663734e-02
1.115954258461871046e-01 -6.720813920402572694e-02
1.096644783794494954e-01 -6.434508922372812745e-02
1.037002571032747539e-01 -6.283667584101919334e-02
8.980756642432151382e-02 -6.401312423054082712e-02
8.233274266556556142e-02 -6.362659705633533225e-02
7.916359893013072413e-02 -6.262063611935772545e-02
7.668935567605511539e-02 -6.191899195538441009e-02
7.254068526807032347e-02 -5.980445309340522153e-02
7.001748153922271456e-02 -5.882661165040254519e-02
6.754323828514711969e-02 -5.812496748642922290e-02
6.372448861937617115e-02 -5.787489782013265777e-02
6.128690156820722906e-02 -5.738040753406199734e-02
5.878813779397305816e-02 -5.654068272542087797e-02
5.301400070685105548e-02 -5.328944644446514944e-02
4.727232895492219228e-02 -4.981882512125948570e-02
4.896286063800966287e-02 -4.246925036276924526e-02
4.168752163357791751e-02 -3.435609250008551246e-02
4.250651828764730883e-02 -3.093521494244647757e-02
4.006885067093322178e-02 -3.044076064606957011e-02
3.842696941776226754e-02 -2.880844491611999833e-02
3.494921137296985031e-02 -2.807073401456515113e-02
3.379495401043103309e-02 -2.677943470824728153e-02
3.251215672379259569e-02 -2.878683556058236892e-02
3.439109448855968976e-02 -3.336827594254034718e-02
3.180855666827089173e-02 -3.567688857778925776e-02
2.889120624694569914e-02 -3.448393109722323185e-02
2.752181177320386224e-02 -3.358678221239646405e-02
2.016482087265724851e-02 -3.346428697467495467e-02
1.280782997211063479e-02 -3.334179173695345222e-02
1.033358671803504339e-02 -3.264014757298012992e-02
7.895919101320956340e-03 -3.214569327660322245e-02
6.375084793661639493e-03 -2.878277089670007102e-02
2.693877212981217635e-03 -2.729767690172921896e-02
1.602704160191102938e-03 -2.193589783644974214e-02
6.347807683975128720e-04 -1.968580131259511923e-02
9.661572608482901650e-04 -1.592392840496403839e-02
9.718038787987226274e-04 -1.072412522180294162e-02
