-3.617281797719965573e-03 -6.515561901818641907e-03
-3.978325395121879229e-03 -9.548305329050453538e-03
-2.392832371520996378e-03 -1.145728581995032573e-02
-9.436647158838708293e-04 -1.652367814526103929e-02
-2.302972891118911219e-03 -2.003096256573725503e-02
-2.888696652127189114e-03 -2.293896902041491631e-02
-2.332635551925379101e-03 -2.537865030501395072e-02
-3.236927451981526545e-03 -2.700748935643726770e-02
-2.961710128283751020e-03 -2.929125299401533905e-02
-2.798837171725105256e-03 -3.151264576620184388e-02
-3.703167137613043620e-03 -3.314155338300028841e-02
-1.635595119970327613e-03 -4.053531215022949941e-02
-1.266220719795629977e-03 -4.463482400378973591e-02
-1.833534725609965070e-03 -4.645083470030492157e-02
-1.108974216043244476e-03 -4.898406276653334557e-02
-1.732460405427148787e-03 -5.076888803035276010e-02
-1.906594838270212313e-03 -5.280318248105149437e-02
-1.294332059338934625e-03 -5.527397587474221219e-02
-2.198662025226873207e-03 -5.690288349154064979e-02
-1.979616885098664947e-03 -5.915546169642294655e-02
-9.743969977278537720e-04 -6.118315725186908305e-02
6.545020483986963488e-04 -6.208748245952804695e-02
1.441452456272885327e-03 -6.450833187592978912e-02
-2.295066143041380564e-04 -6.923875400721733742e-02
-3.659879247465252713e-03 -7.475586693250289849e-02
-6.193099688807854157e-03 -7.548045409987134968e-02
-7.434445614769395576e-03 -7.692225863695305310e-02
-7.290527038832636531e-03 -7.825130145212125243e-02
-5.692803908943919883e-03 -7.921178170200599000e-02
-4.968243399377195169e-03 -8.174500976823441400e-02
-3.651188217964463842e-03 -8.321101777067248240e-02
-2.271772633404163782e-03 -8.456472044688796708e-02
-1.547174058005651833e-03 -8.709787994774127740e-02
-1.184082642439695217e-05 -8.817073884745270373e-02
1.149296707967372832e-03 -8.991759062639481659e-02
1.399740228865159475e-03 -9.277539538147944187e-02
-1.313249668798659522e-03 -9.766211823187477548e-02
-1.418407691196472021e-03 -1.007633702658308622e-01
-1.311698347535494554e-03 -1.029535823635505526e-01
-2.216028313423436605e-03 -1.045824899803489971e-01
-1.491467803856722733e-03 -1.071157180465774350e-01
-2.339218722943403172e-03 -1.100986428463030381e-01
-3.536391536419585240e-03 -1.131815194077527426e-01
-2.811822456180976953e-03 -1.157147522322101579e-01
-1.307673711509439556e-03 -1.168437614159183874e-01
7.577937887702722829e-04 -1.169617055780620557e-01
3.122514820747964229e-03 -1.161435716290642045e-01
4.026806720804108203e-03 -1.145147325776409014e-01
7.945069199513266067e-03 -1.130160020959307954e-01
1.294953561779458272e-02 -1.130020429194809467e-01
1.783622418550236122e-02 -1.157150137842288679e-01
1.887787764451737127e-02 -1.142358079912856039e-01
2.073704524122474413e-02 -1.131370927463167531e-01
2.544224955713619493e-02 -1.140592069227794325e-01
3.847340764346104253e-02 -1.212937895511352476e-01
4.131979223557699643e-02 -1.246375973700063616e-01
4.009803858867266174e-02 -1.289559699649948654e-01
3.638078886296956110e-02 -1.351221794835852086e-01
3.131436890477236334e-02 -1.365712757364890284e-01
2.637189409223870962e-02 -1.351500292711098061e-01
2.221559402694766455e-02 -1.335039001562944028e-01
1.968237358560506745e-02 -1.342284873236628540e-01
1.799111413633095596e-02 -1.334364674422264807e-01
1.446566243319317296e-02 -1.338305813625136065e-01
1.011682675053700818e-02 -1.353107472147883905e-01
9.212496784649065046e-03 -1.369396548315868212e-01
7.016292303380067957e-03 -1.378513450786720274e-01
6.130946213273929732e-03 -1.403725293288846931e-01
7.498953988681641807e-03 -1.453204005048070180e-01
6.594624022793699539e-03 -1.469493081216054764e-01
7.349991651198370564e-03 -1.481034808300016048e-01
8.729398665086776643e-03 -1.494571787479881120e-01
9.454014381829070265e-03 -1.519903477652993773e-01
8.718183825306039664e-03 -1.537128021637272079e-01
9.124138129993103474e-03 -1.549669313920764291e-01
1.087777033623089050e-02 -1.556465631072281586e-01
1.341099077757349628e-02 -1.549219759398597074e-01
2.020101148380210737e-02 -1.581772988257778012e-01
2.553104798717265034e-02 -1.619446797941266891e-01
2.625560849673938546e-02 -1.644779078603550992e-01
3.114229706444715529e-02 -1.671908787251030204e-01
3.344557111610512584e-02 -1.697922961331150837e-01
3.377699868920424481e-02 -1.721071766380137813e-01
3.287266872331629647e-02 -1.737360842548122397e-01
3.555636475757356640e-02 -1.755199494593001064e-01
3.846436358736538691e-02 -1.761056465625066847e-01
4.090401821416269484e-02 -1.755495930871906751e-01
4.253292583096112550e-02 -1.764539230530786096e-01
4.481666281073748426e-02 -1.761787133542666584e-01
4.703804795803816219e-02 -1.760158137399062961e-01
4.866693843349281789e-02 -1.769201341893363033e-01
5.361483437564477234e-02 -1.755521625881882597e-01
5.762102764542108291e-02 -1.760127396467538186e-01
6.125301286419176233e-02 -1.771473924246121101e-01
6.631945374687696348e-02 -1.756982180898752077e-01
6.854102329287758977e-02 -1.761967686333180960e-01
6.984512791454647318e-02 -1.759654857620162050e-01
7.103648130584457043e-02 -1.743490002750913703e-01
7.610290126404176125e-02 -1.728999040221875505e-01
7.879862586454310092e-02 -1.730738093113990961e-01
8.149435046504446833e-02 -1.732477146006106417e-01
8.656077042324165915e-02 -1.717986183477068218e-01
8.842674699661856597e-02 -1.725406209282501213e-01
9.055456632937394779e-02 -1.725462550059422284e-01
9.293186912369559571e-02 -1.721025116150778078e-01
9.456075959915023754e-02 -1.730068320645077873e-01
9.891597647075622834e-02 -1.720446303693468626e-01
1.025599902557710330e-01 -1.715693232319288331e-01
1.042200566474635465e-01 -1.724174886391330319e-01
1.067532770888061505e-01 -1.716929014717645807e-01
1.129628316894328577e-01 -1.744054845061967229e-01
1.195593776434528410e-01 -1.774798420537307686e-01
1.220925771603074278e-01 -1.767553329681953722e-01
1.238150334503073796e-01 -1.774911197255729101e-01
1.272219611373999471e-01 -1.771781304570415605e-01
1.317143171034330651e-01 -1.757041804279325381e-01
1.326186470693209996e-01 -1.740752728111341074e-01
1.405239259726528411e-01 -1.714833878385431665e-01
1.474311418381952510e-01 -1.700275035334578022e-01
1.490600323136499206e-01 -1.709318239828877817e-01
1.515932527549925246e-01 -1.702072368155193582e-01
1.545762023209477642e-01 -1.710550239088657054e-01
1.576590817490543250e-01 -1.722522319508155153e-01
1.601923021903969013e-01 -1.715276447834470641e-01
1.633501532791548916e-01 -1.729868647337035881e-01
1.662581692502904940e-01 -1.735725713533680936e-01
1.686978067357439992e-01 -1.730165083615941846e-01
1.703267143525424576e-01 -1.739208383274821190e-01
1.726104341909750206e-01 -1.736456191122122128e-01
1.748318364796194735e-01 -1.734827290143097778e-01
1.764607440964179041e-01 -1.743870589801977122e-01
1.789627714801789171e-01 -1.737186173385971144e-01
1.819207419201461784e-01 -1.744790734734798510e-01
1.846915845141671175e-01 -1.755765093941765442e-01
1.855959144800550520e-01 -1.739476017773781136e-01
1.920411882560408012e-01 -1.718678529690510215e-01
2.013454493109744781e-01 -1.735062244558954192e-01
2.123107882409634717e-01 -1.792999721229590060e-01
2.173771910578168876e-01 -1.778508663535972312e-01
2.208205523165536477e-01 -1.740309757366764742e-01
2.222418520975363299e-01 -1.690884856743711528e-01
2.207926930125711229e-01 -1.640220981072894324e-01
2.115934007938076455e-01 -1.586209320721656824e-01
2.068124872224449962e-01 -1.547910053561832311e-01
2.053703043715054410e-01 -1.522267762559589566e-01
2.004836158037976990e-01 -1.495138053912110354e-01
1.988979469521687526e-01 -1.469433795007368815e-01
1.937549868707132139e-01 -1.428389901972002274e-01
1.826959320101665118e-01 -1.365523450973017694e-01
1.812468109910330694e-01 -1.314858889648448936e-01
1.796799035506541631e-01 -1.291463581153568518e-01
1.783004965367657735e-01 -1.277926601973703447e-01
1.775758808200234851e-01 -1.252594911800590793e-01
1.783117113765465278e-01 -1.235370367816312487e-01
1.779057570718594605e-01 -1.222829075532820137e-01
1.761521248656216510e-01 -1.216032758381302981e-01
1.736189044242790469e-01 -1.223278630054987354e-01
1.631217424399283855e-01 -1.170144252756123576e-01
1.540725741580234731e-01 -1.127988208131963932e-01
1.515393537166808691e-01 -1.135234079805648444e-01
1.368793051549013484e-01 -1.053845049027790359e-01
1.308688898251213484e-01 -1.007249726507987025e-01
1.295328336265830216e-01 -9.836667849848847178e-02
1.262750355343299213e-01 -9.655802808317054398e-02
1.233271697587994681e-01 -8.757333518402019013e-02
1.222646332298276128e-01 -8.154582181443387201e-02
1.227383814210966650e-01 -7.989834480997116961e-02
1.194806004701873398e-01 -7.808970391111118292e-02
1.130786946508954699e-01 -7.916486600157249254e-02
1.075379352394976035e-01 -8.027715735090439064e-02
1.059090447640429339e-01 -7.937283690147439730e-02
1.034070002389381737e-01 -8.004126902661706788e-02
9.949417124366345677e-02 -7.875069860173782021e-02
9.546860815936168698e-02 -7.607493507769357011e-02
9.474404764979496574e-02 -7.354170701146513223e-02
7.305032291307056447e-02 -6.113047220002184451e-02
5.802149121304799040e-02 -5.087633917671043754e-02
5.644762846313141486e-02 -4.603457177853181870e-02
5.318983037087832155e-02 -4.422592136321389089e-02
5.117939059613669378e-02 -4.017053025232161095e-02
4.916894225072317853e-02 -3.611513438320036046e-02
4.591115272914197271e-02 -3.430648872611140321e-02
4.501186652480054090e-02 -3.182327320254706854e-02
4.109227518935996970e-02 -2.869192114500950311e-02
3.545021899324754533e-02 -2.482477757186543968e-02
3.400108940344220843e-02 -1.975831668117960377e-02
3.111748700837859219e-02 -1.727567338663101026e-02
2.845934043755291368e-02 -1.756349913047446087e-02
2.662572230427710449e-02 -2.073390532377465678e-02
2.409250186293450044e-02 -2.145849249114310450e-02
1.681574433986120568e-02 -1.815342430132291240e-02
9.538609448716123262e-03 -1.352545103766723475e-02
8.814010873317608061e-03 -1.099229153681392443e-02
7.278677641736351449e-03 -9.919432637102487682e-03
6.117540107344575373e-03 -8.172580858160385237e-03
5.268237866994726279e-03 -5.864041526210208612e-03
3.639338820868175724e-03 -4.959716318551243841e-03
2.696470765973031387e-03 -2.819710678653538759e-03
1.628890475454660910e-03 -9.043204494299905260e-04
