-1.607459105928213134e-03 -4.723062285054977980e-03
-7.360485313263524440e-03 -1.701894611086322145e-02
-9.274345984464815035e-03 -1.891418416490339011e-02
-1.127703367467151191e-02 -2.054967554798461243e-02
-1.736646806708435492e-02 -2.366337896806055066e-02
-1.767429992997122598e-02 -2.625004047548302327e-02
-2.124783634252891754e-02 -2.800386433577457118e-02
-2.470809553294552735e-02 -2.198465522884359910e-02
-2.801847087803893688e-02 -2.285885720384162045e-02
-3.323514061857767155e-02 -2.909007750135915796e-02
-3.739349196526611796e-02 -2.258448720350680547e-02
-4.031610725175603649e-02 -1.875000364703576991e-02
-4.049828529764109425e-02 -2.137424072487049964e-02
-4.081177559143815692e-02 -2.446243950795727595e-02
-4.344294562771430779e-02 -2.774695094115865387e-02
-4.417445988583918598e-02 -3.102639203860540346e-02
-4.454159711267823007e-02 -3.466460008132585952e-02
-4.652728260317610248e-02 -4.346465095021715547e-02
-6.027827471902055811e-02 -5.089028168048030654e-02
-6.101834511438879866e-02 -5.244852933837614722e-02
-6.233290664743049159e-02 -5.515395837881191532e-02
-6.414318598121530879e-02 -5.735208746610590685e-02
-7.103607387648580573e-02 -5.882308293890022022e-02
-7.459585709653202001e-02 -5.986322077164406286e-02
-7.268510089623796133e-02 -6.191678711354459130e-02
-7.005304139814876041e-02 -6.372368534029518305e-02
-6.760142131204134597e-02 -6.651075109949694530e-02
-6.697281377988889561e-02 -7.046913319433095735e-02
-6.876257611778516243e-02 -7.220903041226650609e-02
-6.854892401811783775e-02 -7.613209602652004637e-02
-7.547446973951131566e-02 -8.085292130268029176e-02
-7.490874415324874636e-02 -8.665360191566227888e-02
-7.880018161408260113e-02 -8.969236904528270216e-02
-8.260506620116979393e-02 -9.270153720551928267e-02
-7.999064640312787688e-02 -9.285486391301500664e-02
-7.740585568532368232e-02 -9.292154969704510825e-02
-7.234244389689067911e-02 -9.241460204917417709e-02
-6.925634193706679820e-02 -9.432409440144724766e-02
-6.964779567789602943e-02 -9.793836031638544770e-02
-7.164554518806311167e-02 -9.958829185337761403e-02
-7.527827953938846794e-02 -1.011690099661758380e-01
-7.530718187226929927e-02 -1.049010288221094295e-01
-7.688982873880931268e-02 -1.084715364887818556e-01
-7.776033000607146528e-02 -1.118629249663083969e-01
-7.415690831289940832e-02 -1.176882126686715768e-01
-7.478400706106640150e-02 -1.238645522959800488e-01
-8.062707199951524295e-02 -1.270389667029695746e-01
-8.508234220131474790e-02 -1.375698574656950834e-01
-8.080854532310234595e-02 -1.372040060560578700e-01
-7.874848372815680675e-02 -1.348881997527904830e-01
-7.694808075445123963e-02 -1.326611903576746243e-01
-7.630623351608381566e-02 -1.302503287433802448e-01
-7.489368567621082495e-02 -1.271246907844982288e-01
-7.112260990188158660e-02 -1.272207827126021207e-01
-6.751367049245494967e-02 -1.349939106991756288e-01
-6.340884789297719648e-02 -1.346052982592449987e-01
-5.938102249341174060e-02 -1.373367152814928549e-01
-5.588738257640814971e-02 -1.370925968315657162e-01
-5.357813219578082958e-02 -1.401700862234532274e-01
-5.491696621795321559e-02 -1.428515580806797858e-01
-5.672230737169840775e-02 -1.450641273218847005e-01
-5.904476575837820651e-02 -1.477435630254434196e-01
-6.007010140095857958e-02 -1.510590666451565312e-01
-6.318628838046075336e-02 -1.533493420474737468e-01
-6.358526861108847184e-02 -1.566117396258237537e-01
-6.346325477634939816e-02 -1.586647044064503353e-01
-6.093766199731286137e-02 -1.585582844429871130e-01
-5.910808005459949194e-02 -1.569819909986735762e-01
-5.886825955364354684e-02 -1.543379432618152691e-01
-5.079915578723727398e-02 -1.515946356950011453e-01
-4.859910764656348581e-02 -1.505361190648977221e-01
-4.468022985062510000e-02 -1.497921374314631904e-01
-4.209540902196700490e-02 -1.498589112652122524e-01
-3.964378893585959740e-02 -1.526459770244140146e-01
-3.988759210512367315e-02 -1.566448367160320487e-01
-3.756580132963623087e-02 -1.594763009293095612e-01
-3.481612799064024572e-02 -1.553133487083035169e-01
-3.295800842615042442e-02 -1.530666016484561187e-01
-2.635490395775563766e-02 -1.527742589065124446e-01
-2.406298070198409703e-02 -1.548586659848807390e-01
-2.137951671594914491e-02 -1.552138906979726729e-01
-1.974396625258148866e-02 -1.572166073576119205e-01
-1.758661766215949968e-02 -1.606038106664167409e-01
-1.795375488899854030e-02 -1.642420187091371830e-01
-1.550966129268962351e-02 -1.666772161317507384e-01
-1.298294111612729312e-02 -1.636056451062867234e-01
-1.048668843124613871e-02 -1.609633526480672983e-01
-4.541867778718250252e-03 -1.578508152700532630e-01
5.274060013233657996e-04 -1.593398784984461358e-01
5.201102682830431069e-03 -1.608031272201298767e-01
1.003703345406262160e-02 -1.576991336546622324e-01
9.624949881217250910e-03 -1.493322629159782033e-01
1.281856214680270924e-02 -1.470800255200001572e-01
1.579318348251228243e-02 -1.476740931972576054e-01
1.766574320091305120e-02 -1.454224079573705752e-01
2.164571869466992704e-02 -1.450926190699996787e-01
2.457298584996894103e-02 -1.414489840914736063e-01
2.646218573182601216e-02 -1.394816333175977197e-01
3.319720242009809030e-02 -1.375489931682482569e-01
3.581942534406549333e-02 -1.424369230190680735e-01
3.847096092618619567e-02 -1.399188470547265140e-01
4.212266328618965300e-02 -1.420216178750274283e-01
4.604053887068521034e-02 -1.498501894485478048e-01
4.739560696994346567e-02 -1.480171120292421150e-01
4.735022827360570868e-02 -1.434081627029197836e-01
4.585893336076340282e-02 -1.413562125143111303e-01
4.410513846990438136e-02 -1.377826170214669632e-01
4.422059367653188161e-02 -1.340209991961495706e-01
4.668241504786547341e-02 -1.306654680908823640e-01
5.022000868803828955e-02 -1.280054741215992387e-01
5.063649760441966269e-02 -1.245115795682691789e-01
5.119794453604002010e-02 -1.210646895649306748e-01
5.316120092164312860e-02 -1.193137499448539834e-01
5.878951647375270373e-02 -1.151815090353306426e-01
6.650418720817943830e-02 -1.077737506163822662e-01
6.952277194216180400e-02 -1.090617666564558802e-01
7.563532940112056846e-02 -1.126593139774442476e-01
7.745054691494498988e-02 -1.104756250440611792e-01
7.832640636262278022e-02 -1.065345136433899359e-01
7.674740215319733605e-02 -9.814784183964936348e-02
7.669101002415096291e-02 -9.336533938533378429e-02
7.736567621378891146e-02 -8.958980451162737446e-02
7.897313531971712763e-02 -8.486674222657239475e-02
7.700865487205049709e-02 -8.458792547681581731e-02
7.427244841433545963e-02 -8.054463298136610439e-02
7.451625158359952150e-02 -7.654577328974805639e-02
7.563067312041381329e-02 -7.104069671998435032e-02
7.625751299335231659e-02 -6.731367671368543304e-02
7.677985898171751922e-02 -6.379961217055085676e-02
7.863456573901063396e-02 -6.173125331359040346e-02
7.884930545024633475e-02 -5.957925593395205915e-02
8.206226593892844423e-02 -5.733643246212634381e-02
8.957235963342924379e-02 -5.960211041954625172e-02
9.309665986742406141e-02 -6.020155133264629144e-02
9.496181987141794067e-02 -6.259299323772406221e-02
9.421454791139809160e-02 -5.762789538674081835e-02
9.852807899430204852e-02 -5.492815753766255860e-02
9.787842863000914551e-02 -5.260441600863281775e-02
9.442328809498680420e-02 -5.470445136391099972e-02
9.077557807839503612e-02 -5.435669247102251078e-02
8.713737003567458006e-02 -5.398955524418346669e-02
8.329030629838597710e-02 -5.404828377739222950e-02
8.173562827805426478e-02 -4.879537798360607942e-02
8.371856324810247885e-02 -4.710212598488110192e-02
8.551896622180804597e-02 -4.487511658976523626e-02
8.731941322037309328e-02 -4.264809213922241687e-02
8.925302661173287189e-02 -4.081061470082601034e-02
9.269829078667597699e-02 -3.868169903772594037e-02
9.859489682229091723e-02 -3.556952099049288246e-02
1.007847877278564425e-01 -3.320931623314975212e-02
1.033602182467297376e-01 -2.896088913073999530e-02
1.015948685835959958e-01 -2.700265897489547914e-02
9.612483456375729707e-02 -2.792255760174617088e-02
8.850839933628681933e-02 -2.935096359906660263e-02
8.513543103138593304e-02 -2.961823252092201167e-02
8.165069152697974897e-02 -3.163171500245354206e-02
7.888333870197901387e-02 -3.103118377231358846e-02
7.577888805564945984e-02 -3.048151454913189742e-02
7.196031632596922023e-02 -3.048221118563489845e-02
6.715853864284899999e-02 -3.052911525481553229e-02
6.434698556940597614e-02 -2.796181278701464004e-02
6.156941210897196731e-02 -2.728423065699933647e-02
5.684000602091595494e-02 -2.485715431582619442e-02
5.633305837304503072e-02 -1.979374252739318080e-02
5.866798142956293483e-02 -1.748061531433362653e-02
6.668228992588569326e-02 -1.264522696821078832e-02
7.124842260166815155e-02 -1.516039661140042814e-02
7.547055770601490687e-02 -1.808313167303026922e-02
8.043583173757262728e-02 -1.922106028182383325e-02
8.447796786606398545e-02 -1.945006396639598414e-02
8.633267462335708631e-02 -1.738170510943555166e-02
9.341332168109223177e-02 -1.400967561565247960e-02
9.380311251304015996e-02 -1.142714557698870648e-02
8.850051348508763960e-02 -1.217707998248079328e-02
8.447308606083926696e-02 -1.260364237903160295e-02
8.180934468410890059e-02 -1.230609023186444821e-02
7.902226924980358669e-02 -1.164788643579970674e-02
7.624430748915607403e-02 -1.092214876915788800e-02
7.585639865536045190e-02 -6.913711378646550214e-03
7.757056133051090652e-02 -5.376790158650161799e-03
7.489659931834727336e-02 -5.002187111607657964e-03
7.197980199860647132e-02 -3.163729486827361950e-03
7.228887835930720984e-02 5.029114832150169195e-04
6.940043551113637965e-02 1.174836771628738835e-03
6.589772329574104803e-02 -1.634320817365460775e-03
6.151664328683306010e-02 -4.324900967926432159e-03
5.630315374222355507e-02 -5.994983200394146325e-03
5.409830919645057523e-02 -2.704568456196223668e-03
5.570440246537482903e-02 -2.862410216983869693e-04
5.726186270631870856e-02 2.179970668363961223e-03
5.438305936805758883e-02 4.095838523800576780e-03
4.890402718554054395e-02 6.108277635908105751e-04
3.873006001447251018e-02 -4.270257234384694338e-03
3.050308504106781157e-02 -6.551920124643639300e-03
2.070526134531212176e-02 -8.951915492112915915e-03
1.609626799413033105e-02 -8.997309243877609289e-03
1.159819773064841436e-02 -1.214685498078592676e-02
3.345875006500051256e-03 -1.364765730370106830e-02
8.158107475112792587e-04 -3.233668720572093619e-03
