-1.479022897599602910e-03 -2.204469676540794874e-03
-2.958061605596943797e-03 -4.408859056525916975e-03
-4.752267879190662236e-03 -6.402055024707228696e-03
-8.436273853460570654e-03 -7.127436072923503188e-03
-1.211963745528509863e-02 -7.852690637957874739e-03
-1.464717364479832702e-02 -8.897029376914193308e-03
-1.428453055188340370e-02 -1.073879147438212833e-02
-1.392187164857074284e-02 -1.258063386840573873e-02
-1.434870429103118558e-02 -1.457784379643301334e-02
-1.582772718863078784e-02 -1.678231347297380951e-02
-1.730675008623039010e-02 -1.898678314951460222e-02
-1.899301567737879393e-02 -2.013872557429580504e-02
-2.083533985073644096e-02 -2.050147933999489636e-02
-2.267702165164870234e-02 -2.086410662251208040e-02
-2.425966589602270712e-02 -2.254231267317308163e-02
-2.573868879362230591e-02 -2.474678234971387780e-02
-2.721772750161964918e-02 -2.695117172969900207e-02
-2.900824100159009669e-02 -2.757705730833798566e-02
-3.084992280250236155e-02 -2.793968459085517317e-02
-3.269160460341461599e-02 -2.830231187337235721e-02
-4.008739308465349843e-02 -3.932462614614688767e-02
-4.748318156589236699e-02 -5.034694041892142508e-02
-5.371880748875128286e-02 -6.032090199289367322e-02
-5.299350549252369869e-02 -6.400450648438521517e-02
-5.226820349629611451e-02 -6.768811097587676406e-02
-5.217261006921364991e-02 -7.094912186402312082e-02
-5.365164877721099318e-02 -7.315351124400823468e-02
-5.513131404725597068e-02 -7.535810740373093120e-02
-5.566544499971633891e-02 -7.819644439197641350e-02
-5.494014300348876167e-02 -8.188004888346794852e-02
-5.421484100726117750e-02 -8.556365337495949741e-02
-5.474897195972154573e-02 -8.840199036320497972e-02
-5.622863722976653711e-02 -9.060658652292769011e-02
-5.770767593776388038e-02 -9.281097590291280397e-02
-5.787112006721966545e-02 -9.475640802291532272e-02
-5.750846116390700286e-02 -9.659825041693893832e-02
-5.714581807099208127e-02 -9.844001251440687161e-02
-5.836211063843015773e-02 -1.005927505695491664e-01
-5.984114934642750100e-02 -1.027971399495342941e-01
-6.132017224402710326e-02 -1.050016096260750903e-01
-5.769364645249144830e-02 -1.234197123800884893e-01
-5.406712066095579333e-02 -1.418378151341018745e-01
-5.064348660650253714e-02 -1.578360340601871470e-01
-4.843916171267535070e-02 -1.593151688751378858e-01
-4.623482100845042325e-02 -1.607943839866443347e-01
-4.434935645384287944e-02 -1.634296357793335874e-01
-4.326139555430263267e-02 -1.689550826648487380e-01
-4.217345046516013385e-02 -1.744804492538082064e-01
-4.060686206016998756e-02 -1.782717377276803183e-01
-3.840252135594506011e-02 -1.797509528391867673e-01
-3.619818065172013960e-02 -1.812301679506931607e-01
-3.463159224672998637e-02 -1.850214564245652726e-01
-3.354364715758748061e-02 -1.905468230135247409e-01
-3.245568625804723384e-02 -1.960722698990399193e-01
-2.899560537875762664e-02 -1.997640629033347326e-01
-2.458693978070550928e-02 -2.027224128297918926e-01
-2.017763181020802016e-02 -2.056806362730671800e-01
-1.892621097081425077e-02 -2.092607313351354525e-01
-1.820090897458666659e-02 -2.129443358266270014e-01
-1.747560697835908242e-02 -2.166279403181185503e-01
-1.527126627413416191e-02 -2.181071554296249992e-01
-1.306694138030696853e-02 -2.195862902445757381e-01
-1.112533100624358597e-02 -2.211172369774806468e-01
-1.076268791332865918e-02 -2.229589990749486217e-01
-1.040002901001600179e-02 -2.248008414689721957e-01
-9.614888420709283637e-03 -2.260128305111371028e-01
-7.773206619797025721e-03 -2.256502032286199222e-01
-5.930882446439378688e-03 -2.252874494629208413e-01
-2.988876680226292513e-03 -2.263480849309280063e-01
1.419788917825821374e-03 -2.293064348573851940e-01
5.828454515877928323e-03 -2.322647847838423540e-01
7.925481099705188395e-03 -2.345850466590113093e-01
8.288140003017852725e-03 -2.364268890530349387e-01
8.650783095932772573e-03 -2.382686511505028581e-01
1.006998321085098361e-02 -2.385358772198444000e-01
1.191166501176324846e-02 -2.381732499373272194e-01
1.375334681267550638e-02 -2.378106226548100111e-01
1.779567654418942602e-02 -2.402945208733415772e-01
2.220498451468692208e-02 -2.432527443166168646e-01
2.661365011273903250e-02 -2.462110942430740246e-01
3.029701371456355874e-02 -2.454858396780396634e-01
3.398101968883347063e-02 -2.447604586298233742e-01
3.745346363388366712e-02 -2.443500674991274380e-01
3.965778852771084662e-02 -2.458292023140781768e-01
4.186212923193576713e-02 -2.473084174255845702e-01
4.448895162215474319e-02 -2.481577791852322967e-01
4.817295759642465508e-02 -2.474323981370160075e-01
5.185632119824918479e-02 -2.467071435719816463e-01
5.490626764690759165e-02 -2.469265254965887224e-01
5.711060835113251910e-02 -2.484057406080951713e-01
5.931494905535744655e-02 -2.498849557196016202e-01
6.110482018288250494e-02 -2.492591966241445023e-01
6.258448545292748244e-02 -2.470546004644217919e-01
6.406352416092482571e-02 -2.448502110844366642e-01
6.606062217160095507e-02 -2.452768989441835024e-01
6.826496287582588252e-02 -2.467561140556899513e-01
7.046928776965306895e-02 -2.482352488706406901e-01
7.552068318545399062e-02 -2.475139620788260331e-01
8.104572858819077130e-02 -2.464260802312744636e-01
8.657141636337294111e-02 -2.453380719005410215e-01
8.805043926097255724e-02 -2.431336022240002392e-01
8.952947796896990051e-02 -2.409292128440151393e-01
9.184978727533206488e-02 -2.388324271498548645e-01
9.921715685142649954e-02 -2.373817915366042142e-01
1.065845264275209342e-01 -2.359311559233535638e-01
1.122693231860902446e-01 -2.342651523453418150e-01
1.137483618940875879e-01 -2.320607629653566872e-01
1.152280271641325654e-01 -2.298561668056340046e-01
1.176519578172691427e-01 -2.282856447373535491e-01
1.213353214190936585e-01 -2.275603901723191880e-01
1.250186850209182021e-01 -2.268351356072848268e-01
1.274426156740547655e-01 -2.252646135390043713e-01
1.289222809440997430e-01 -2.230600173792816887e-01
1.304013196520970863e-01 -2.208556279992965610e-01
1.305647637815528783e-01 -2.189101958792940283e-01
1.302021048782402157e-01 -2.170683534852704266e-01
1.298394617853252941e-01 -2.152265913878024794e-01
1.348587951407461405e-01 -2.074053678689725122e-01
1.407755449139876658e-01 -1.985874429761830817e-01
1.466923104976269598e-01 -1.897695983799493613e-01
1.430657847060912979e-01 -1.713514956259359623e-01
1.394392589145556360e-01 -1.529333928719225355e-01
1.360156248601023798e-01 -1.369351739458372907e-01
1.338112999662751934e-01 -1.354560391308865519e-01
1.316069592620502660e-01 -1.339768240193801307e-01
1.298251160542171490e-01 -1.318678358525706695e-01
1.290998140579895648e-01 -1.281842313610791206e-01
1.283744962513642396e-01 -1.245005465730318894e-01
1.260702427843859164e-01 -1.211278377426590197e-01
1.216615771863338025e-01 -1.181694878162018458e-01
1.172529115882816747e-01 -1.152111378897446720e-01
1.145341885446035102e-01 -1.097334548524082909e-01
1.130835845521483418e-01 -1.023662458694252209e-01
1.116329647492954324e-01 -9.499895658988644076e-02
1.096438946583112445e-01 -9.183752146787305115e-02
1.074395539540863170e-01 -9.035830635636663000e-02
1.052352290602591306e-01 -8.887917154141587728e-02
1.061881489250902783e-01 -8.677829159085401201e-02
1.076671876330876215e-01 -8.457390221086889814e-02
1.091462105306872238e-01 -8.236943253432810197e-02
1.084209085344596396e-01 -7.868582804283655308e-02
1.076956065382320554e-01 -7.500222355134500418e-02
1.072854721076008516e-01 -7.152981247165726697e-02
1.087645108155982088e-01 -6.932542309167213923e-02
1.102435337131978110e-01 -6.712095341513134306e-02
1.111964535780289587e-01 -6.502007346456947778e-02
1.108338104851140371e-01 -6.317831136710154449e-02
1.104711515818013745e-01 -6.133646897307792889e-02
1.093190327535110834e-01 -5.965015470616934212e-02
1.071146920492861560e-01 -5.817093959466292097e-02
1.049103513450612285e-01 -5.669172448315649288e-02
1.037582325167709374e-01 -5.500541021624789223e-02
1.033955736134582748e-01 -5.316356782222428357e-02
1.030329305205433532e-01 -5.132180572475634334e-02
1.039858503853745009e-01 -4.922092577419447113e-02
1.054648732829741170e-01 -4.701645609765367495e-02
1.069439119909714603e-01 -4.481206671766855415e-02
1.052656743195149736e-01 -4.322926188018320209e-02
1.030613494256878010e-01 -4.175012706523245631e-02
1.008570087214628735e-01 -4.027091195372603516e-02
9.976904782192262677e-02 -3.474546506821088454e-02
9.868108692238238000e-02 -2.922001818269572351e-02
9.743337466700961735e-02 -2.427269302764077652e-02
9.522904977318243092e-02 -2.279355821269003421e-02
9.302470906895750347e-02 -2.131434310118360612e-02
9.134647139750103062e-02 -1.973153826369826100e-02
9.098382830458610904e-02 -1.788977616623032077e-02
9.062116940127344644e-02 -1.604793377220671211e-02
8.946905057298315533e-02 -1.436161950529811666e-02
8.726470986875824176e-02 -1.288240439379168684e-02
8.506036916453331431e-02 -1.140318928228526395e-02
8.306327115385719884e-02 -1.097650142253843442e-02
8.122094698049955874e-02 -1.133925518823752226e-02
7.937926517958729389e-02 -1.170188247075470804e-02
7.570392949745467781e-02 -9.692389773522524718e-03
7.129526389940256392e-02 -6.734039847065353447e-03
6.688595592890507480e-02 -3.775816403790078612e-03
6.467728007861149597e-02 -3.664038165007883329e-03
6.283559827769923112e-02 -4.026665447525068671e-03
6.099391647678696626e-02 -4.389292730042254446e-03
5.658525087873485238e-02 -1.430942803585082959e-03
5.217594290823736325e-02 1.527280639690188624e-03
4.813361317672345402e-02 4.011178858221752137e-03
4.629193137581118916e-02 3.648551575704564627e-03
4.445024957489891737e-02 3.285924293187378852e-03
4.271218912076105850e-02 2.397033384790399433e-03
4.123315041276371523e-02 1.926440048052760847e-04
3.975348514271873079e-02 -2.011952154917421784e-03
3.811903022495752302e-02 -3.427026392638523808e-03
3.627734842404525817e-02 -3.789653675155710451e-03
3.443566662313300025e-02 -4.152280957672895359e-03
3.238675793906967831e-02 -3.462461284986164019e-03
3.018177486239936869e-02 -1.983372656661644504e-03
2.797744996857218572e-02 -5.042378417108943876e-04
2.708868803249107199e-02 1.234014826333792699e-03
2.672602912917840939e-02 3.075857220357401580e-03
2.636338603626348781e-02 4.917619317825337906e-03
1.841810275401339903e-02 3.626525791535664071e-03
9.209051377006699513e-03 1.813262895767832035e-03
