-3.750132963008768420e-04 -2.561375014468581564e-03
-2.971324282794042537e-03 -4.418095621545506391e-03
-4.549364932007922413e-03 -5.397929258200064723e-03
-5.928713760347196181e-03 -7.943415309784849360e-03
-6.861677292714347606e-03 -1.049603903688926983e-02
-8.910541297214044296e-03 -1.303116018926536723e-02
-9.285552456970155161e-03 -1.559239898541459751e-02
-1.233175267285273671e-02 -1.766537996070936117e-02
-1.593940278512934530e-02 -1.995273525573872803e-02
-1.490926535647453186e-02 -2.543817738758041153e-02
-1.387912792781971494e-02 -3.092361951942209156e-02
-1.572930011144480639e-02 -3.502439308672841700e-02
-1.830292714187769024e-02 -3.543052374275225402e-02
-2.112768347166570429e-02 -3.761856825019654210e-02
-2.571159945110943618e-02 -3.810475835718564463e-02
-2.919711753314895020e-02 -3.972435151103562156e-02
-3.191381071971533673e-02 -4.213727145574255872e-02
-3.353210814542226942e-02 -4.568373066562971679e-02
-3.610916672702323138e-02 -4.631298799702471269e-02
-4.551114762171801914e-02 -5.509492061749449165e-02
-4.622616692831836571e-02 -5.798573348384720300e-02
-5.009026607614618098e-02 -6.238982619099214810e-02
-5.419499340580109792e-02 -6.790631970994187583e-02
-6.052108867135274489e-02 -7.271829397154692953e-02
-6.146630315141180662e-02 -7.605199354181638172e-02
-6.556402902386643250e-02 -8.112209962824923348e-02
-6.847591223443491582e-02 -8.174610533260781575e-02
-7.322921847780906879e-02 -8.591307058652579431e-02
-7.580802688957391511e-02 -8.665389072147017258e-02
-7.951323902754410533e-02 -8.804685753962124273e-02
-8.321845116551430943e-02 -8.943982435777229900e-02
-8.936815470993525468e-02 -9.012463603993157990e-02
-9.077375953691176058e-02 -9.434410901803454153e-02
-8.835726968617263477e-02 -9.683754144745518322e-02
-8.579946350946388023e-02 -9.743574739174212795e-02
-8.426388356892774989e-02 -1.062776422273456201e-01
-8.567862353958483057e-02 -1.181984703869439352e-01
-8.672321798466102460e-02 -1.207493432156120927e-01
-9.058731713248885375e-02 -1.251534359227570448e-01
-9.140735188745911788e-02 -1.347396516219050433e-01
-8.887579957284284793e-02 -1.370117082743907977e-01
-8.631974322629794305e-02 -1.377214770222271456e-01
-8.481346484270602115e-02 -1.413169442959715250e-01
-8.353387769915550376e-02 -1.451319002298951666e-01
-8.268142771977445016e-02 -1.477125276492559092e-01
-8.071307726826083828e-02 -1.503106576433450303e-01
-8.081672674278329860e-02 -1.640379026180200372e-01
-8.341660763530865663e-02 -1.661178839822426700e-01
-8.521427209474878584e-02 -1.668709561331513935e-01
-8.194183260430082383e-02 -1.717218903748340408e-01
-7.866939311385288958e-02 -1.765728246165167159e-01
-7.516675631340143104e-02 -1.809807359359632828e-01
-7.216781433121219336e-02 -1.819207679664180122e-01
-6.986645719005463162e-02 -1.846357113228205282e-01
-6.937151579570137450e-02 -1.886616770661979636e-01
-6.681896124602899889e-02 -1.895947076394524089e-01
-6.427340601701216072e-02 -1.909739894269044114e-01
-6.019356871214700394e-02 -1.941633249763525526e-01
-5.893498594019734582e-02 -1.993174432078268776e-01
-5.674869126291693516e-02 -2.022537623411642949e-01
-5.645419151960214682e-02 -2.048256384731608759e-01
-5.460790285262120264e-02 -2.080913954583824277e-01
-5.365257324789525495e-02 -2.112317240122457418e-01
-4.978892820208825898e-02 -2.139711714005768650e-01
-4.805777224468889969e-02 -2.174584393127802495e-01
-4.608942179317529475e-02 -2.200565693068693429e-01
-4.129631287532891520e-02 -2.204665185751948087e-01
-3.921633151110624771e-02 -2.230663994677201944e-01
-3.768204729871317549e-02 -2.248763170113969867e-01
-3.368233541742819692e-02 -2.260552263252425531e-01
-3.272045845752279136e-02 -2.358927075420650665e-01
-3.460738562076840635e-02 -2.423368448571858458e-01
-3.509402982977834207e-02 -2.448964689732181788e-01
-3.241058982595995674e-02 -2.446036509509076085e-01
-2.832161524086948545e-02 -2.400914951005410358e-01
-2.738865170850233316e-02 -2.375388713734366275e-01
-2.357356062453172529e-02 -2.362593544755905439e-01
-2.154044936459646731e-02 -2.347285709917976138e-01
-1.960315030019092047e-02 -2.321918362275769976e-01
-1.479954026481649504e-02 -2.319322724562868088e-01
-1.258699172544360152e-02 -2.331947408814253886e-01
-1.113763259819103985e-02 -2.261856529413104056e-01
-6.959779165611468255e-03 -2.231258368721607821e-01
-5.669307048216529893e-03 -2.191278748210396810e-01
-2.227091300976993815e-03 -2.131544927520450383e-01
9.149189738905266246e-04 -2.120875992754973072e-01
3.516481587420095759e-03 -2.098960540394528840e-01
6.090108617852980043e-03 -2.094899233834290608e-01
7.915776769549465186e-03 -2.069514377207721523e-01
9.071934018175060663e-03 -2.044023147222678582e-01
1.310665104891668709e-02 -2.033494230918483636e-01
1.642634877305796520e-02 -2.051873443277815179e-01
1.901922820838304953e-02 -2.035537503960757333e-01
2.136784144668916682e-02 -2.032558169650481028e-01
2.196604845924848490e-02 -2.006979426791796750e-01
2.368015594394035778e-02 -1.981575709680395703e-01
2.494787385957056985e-02 -1.956103340180185002e-01
2.753025217736761524e-02 -1.946462531259283979e-01
3.012649505470110442e-02 -1.927895314505790880e-01
3.269837225497010391e-02 -1.924949635981046403e-01
3.314346395934394951e-02 -1.854699877633782246e-01
3.573970683667743869e-02 -1.836132660880289424e-01
3.832208515447448754e-02 -1.826491851959388124e-01
3.958980307010469268e-02 -1.801019482459177423e-01
4.130391055479656903e-02 -1.775615765347776653e-01
4.190211756735588711e-02 -1.750037022489092098e-01
4.644272907545488049e-02 -1.701638594450947672e-01
4.696262860375758491e-02 -1.654839971883467487e-01
4.880054983969075999e-02 -1.621642994642054636e-01
4.997945915353631252e-02 -1.581645875829204850e-01
5.113561640216190973e-02 -1.556154645844161910e-01
5.296128455385839401e-02 -1.530769789217593380e-01
5.344792876286832972e-02 -1.505173548057270050e-01
5.660925955178772173e-02 -1.482229991217697274e-01
6.519288741251644259e-02 -1.489157183286261843e-01
6.682648134422222719e-02 -1.515085977639512582e-01
6.926040566053000280e-02 -1.528861286529669961e-01
7.280686487041716781e-02 -1.545044260786739010e-01
7.343612327008454399e-02 -1.570814165511152105e-01
7.789447353157832876e-02 -1.574862514789960033e-01
8.009652095342319200e-02 -1.594182329437502377e-01
8.080628863298712494e-02 -1.568622447063650338e-01
8.440175590673149042e-02 -1.553559663227730980e-01
8.694069567140920440e-02 -1.500380943789935140e-01
8.534910620981558949e-02 -1.447671627852057941e-01
8.489442159195535742e-02 -1.381745714685957138e-01
9.419527269146914239e-02 -1.287213749100740157e-01
9.887513494821716098e-02 -1.292412744383767409e-01
1.014136206108740557e-01 -1.310669425900732321e-01
1.039627436093783358e-01 -1.322230998386988154e-01
1.152158085595248738e-01 -1.335157758882784818e-01
1.224971653206427952e-01 -1.318441291122643966e-01
1.250707923510757102e-01 -1.314379984562405457e-01
1.203423761324912827e-01 -1.268991346417606414e-01
1.157759627277758635e-01 -1.262694242766171926e-01
1.141563695739258866e-01 -1.227839061945776855e-01
1.105158501352176692e-01 -1.200479584665743310e-01
1.028897558113996136e-01 -1.152404649145557514e-01
1.009423394857824063e-01 -1.113033077729629478e-01
9.875079531801035648e-02 -1.087016770502737123e-01
9.919588702238420208e-02 -1.016767012155472966e-01
9.978359078087072065e-02 -9.978847618761386984e-02
9.567043004755311497e-02 -9.871937771060905475e-02
9.312319309753207264e-02 -9.745165979497885655e-02
9.058282138639196790e-02 -9.573755231028698021e-02
9.015964012111586656e-02 -8.713642187482993628e-02
9.493038083005866934e-02 -8.185355508050701223e-02
9.961024308680670181e-02 -8.237345460880970971e-02
9.982986903357769781e-02 -8.260007987623624315e-02
9.702656904086660872e-02 -7.630555820897315378e-02
9.417776278117082067e-02 -7.291235052559082164e-02
9.085806505702953562e-02 -7.107442928965763962e-02
9.048518972029846730e-02 -6.638056411850905281e-02
9.231610949903136520e-02 -6.350725382688465759e-02
8.838815774682354243e-02 -5.775317982095952429e-02
8.758814738246778475e-02 -5.182484991692871273e-02
8.630862834807694062e-02 -4.800989505127745138e-02
8.792692577378387331e-02 -4.446343584139029331e-02
8.863669345334780625e-02 -4.190744760400508251e-02
8.424835349076731372e-02 -3.703901078759409132e-02
8.434286782160921314e-02 -3.101312099441445869e-02
8.360334448308025246e-02 -3.546622176541661814e-02
8.000787720933588698e-02 -3.697250014900856085e-02
7.623492681379678837e-02 -3.557396702493675206e-02
7.538240872525607539e-02 -3.299333853730358757e-02
6.927075588859869792e-02 -3.836676376357504858e-02
5.732192403674402081e-02 -3.873743730466617380e-02
5.524194267252136026e-02 -3.613755641214080883e-02
5.448887052161267841e-02 -3.433989195270067268e-02
5.302064284578430348e-02 -3.543303822306850120e-02
5.152966096819120573e-02 -3.797690959453637466e-02
4.716550715383782677e-02 -3.868972710549677119e-02
4.418574946738110243e-02 -3.652223073108772783e-02
4.440757720979205542e-02 -2.949388931780816403e-02
4.365800685575590284e-02 -2.747296303294991665e-02
3.353134349526994823e-02 -2.552827651848292231e-02
3.093366653492929386e-02 -2.035315498368014259e-02
3.089166206481713459e-02 -2.303120714214277817e-02
2.893342673797041562e-02 -2.690710527218645454e-02
2.636154953770141265e-02 -2.720167312466091267e-02
2.408949181694326758e-02 -2.973329354843686281e-02
2.337972413737933117e-02 -3.228928178582207015e-02
2.176142671167240195e-02 -3.583574099570923516e-02
2.036289358760060356e-02 -3.960869139124833377e-02
1.610841439176861553e-02 -4.043495561769658297e-02
1.103830830533577417e-02 -3.633722974524194321e-02
1.063042781914805279e-02 -3.387516551835844519e-02
9.657207510287854624e-03 -3.899441481869546366e-02
3.686941245304562690e-03 -4.247247840978624761e-02
-1.763495737080469266e-03 -4.127081489417595839e-02
-2.793633165735284665e-03 -3.578537276233428183e-02
-4.514288005606605439e-03 -3.162859181051522889e-02
-4.887163342337681564e-03 -2.693472663936663167e-02
-2.609856131087901626e-03 -2.406841780494252750e-02
-1.980145765944460196e-03 -1.950200440022710827e-02
-2.660382812525908408e-04 -1.696163268908698965e-02
2.248463424111431328e-03 -1.320618593654859785e-02
4.386590132416619443e-03 -4.979999619960374414e-03
2.561305837036521090e-03 -3.750803371881715562e-04
