2.614082469290375868e-03 -4.371422337112623215e-03
6.077611970827616339e-03 -1.061011789716050265e-02
1.042912204745071424e-02 -1.799670438891894098e-02
7.596716235000577910e-03 -2.200231097592004331e-02
6.508169871881263648e-03 -2.658467517567234678e-02
7.875171776415843330e-03 -2.604062511927424800e-02
1.224659257601548763e-02 -2.342657152741608323e-02
1.543600432607467911e-02 -2.519057911010722309e-02
1.613258327988403851e-02 -2.797011196940013891e-02
1.601723809928508671e-02 -3.245248742833294758e-02
1.518895015949002850e-02 -3.499896969401239399e-02
1.414564742488237832e-02 -3.730625362320197369e-02
8.349604668442258196e-03 -4.029992823940651420e-02
3.859378656207654735e-03 -3.837177664430966445e-02
4.462481253636253406e-03 -4.094699127092697039e-02
5.284693116253098323e-03 -4.332524911938548384e-02
1.707422998257248671e-03 -4.563988026740863069e-02
-3.199288950914085539e-03 -4.226616111038016682e-02
-5.713856162166017390e-03 -4.297683307583007040e-02
-5.448544369983853927e-03 -4.886491731101582497e-02
-8.852103207478327976e-03 -5.361819245858274324e-02
-1.249827495227282502e-02 -5.437302745594672915e-02
-1.506456155774738188e-02 -5.498603165554943883e-02
-2.330972052492070318e-02 -5.425282503834156361e-02
-2.777391847085145318e-02 -5.379688728975773326e-02
-2.764344300758683759e-02 -5.544549307243240577e-02
-2.064444984532252600e-02 -6.122708294940051171e-02
-1.793489060133662480e-02 -6.736870111243214998e-02
-1.491320546062813342e-02 -6.658057331195042783e-02
-8.588280105976097908e-03 -6.862543554269787127e-02
-1.102141491045995243e-02 -7.297489245428152860e-02
-1.331472993043095014e-02 -7.683828394960467989e-02
-1.675207722441171554e-02 -7.812617067659817505e-02
-2.102468893913750705e-02 -8.048920986412406997e-02
-2.331436606533637129e-02 -8.321413010669773125e-02
-2.103698156478692530e-02 -8.428433685934420827e-02
-1.786372259079110555e-02 -8.635118053615623013e-02
-1.525263952765230219e-02 -8.578801122425631920e-02
-1.183780650862521593e-02 -8.706109927597206755e-02
-1.141225248131882627e-02 -9.314751445345349767e-02
-1.469521114578915474e-02 -9.777434544306119746e-02
-1.610419784052146905e-02 -1.003563133888584480e-01
-1.555097575321346022e-02 -1.029763654830188474e-01
-1.534443735734921516e-02 -1.056918271375235918e-01
-1.870714390066079494e-02 -1.071828989215276723e-01
-1.946806756344636458e-02 -1.086417382232033185e-01
-1.950158021889928511e-02 -1.112306088834813245e-01
-2.059000492223780898e-02 -1.158128637235566888e-01
-2.545151354717461664e-02 -1.215703604717718739e-01
-2.652169142238889124e-02 -1.238477465098342806e-01
-2.900060082437665165e-02 -1.265625625524116060e-01
-3.237144458561031640e-02 -1.282051070633145884e-01
-3.640662804235346439e-02 -1.300303872427635843e-01
-3.460390156295862357e-02 -1.302118571350603105e-01
-3.140573739799511210e-02 -1.291389715329197829e-01
-2.722779547301663189e-02 -1.285548277922271554e-01
-1.266289963486698887e-02 -1.169941356754599787e-01
-1.016728563982649200e-02 -1.196701127527964592e-01
-8.215886364153436941e-03 -1.211594955575266835e-01
-6.630215187240500081e-03 -1.245272967482282805e-01
-1.068388161363196913e-02 -1.304415573160370712e-01
-7.716323581876337670e-03 -1.317382810342603294e-01
-3.306222276222604839e-03 -1.326753207247128585e-01
-6.532440073512511000e-04 -1.370298166833237574e-01
-1.465325626691384078e-03 -1.406969597818849838e-01
5.571300502702989646e-04 -1.449514958233779349e-01
3.403872615474892033e-03 -1.499426833603728637e-01
3.036060085332598774e-03 -1.504354768029343981e-01
5.656096972020405352e-03 -1.498822683855860205e-01
8.355666658945161765e-03 -1.496179498869854574e-01
9.884656048959912858e-03 -1.529826463074088205e-01
8.588663278321870612e-03 -1.594993639617148240e-01
9.392934797446296849e-03 -1.622181111685332133e-01
1.345300977519753652e-02 -1.572530865026590674e-01
1.504669672517434074e-02 -1.540546353784704448e-01
1.660251015404531211e-02 -1.508541822447234670e-01
1.974081770686410969e-02 -1.498351016036346406e-01
2.230710431233868737e-02 -1.492220974040319448e-01
2.585251360641402027e-02 -1.503597738042798670e-01
2.951154346380692808e-02 -1.515034562332029655e-01
3.382029041239757727e-02 -1.536307853353708897e-01
3.623721868150390352e-02 -1.545755565385736607e-01
4.067622601475485988e-02 -1.555046221365604664e-01
4.947362892939653756e-02 -1.572730748666252010e-01
5.338914398660116190e-02 -1.575194407664292640e-01
5.674180408478085580e-02 -1.562176043332400566e-01
6.377158224809897913e-02 -1.571423181229945898e-01
6.718709118653741486e-02 -1.589373755107731934e-01
7.290109979426422082e-02 -1.614052405615084840e-01
7.438085746857306391e-02 -1.589218244229243793e-01
7.339904164352994975e-02 -1.566870616780763892e-01
6.966491758762094477e-02 -1.530340980622603986e-01
6.814989573050375671e-02 -1.497649580384488865e-01
6.621247047965035659e-02 -1.465872539708101274e-01
7.189630544894726194e-02 -1.414240128443835509e-01
7.542256973884517435e-02 -1.397138265567327564e-01
8.455572852246175108e-02 -1.348196088030474693e-01
8.885004731227041930e-02 -1.327613925117282767e-01
9.192861991272530120e-02 -1.317960074720142261e-01
9.454865679941309997e-02 -1.312427990546658207e-01
1.009133651173034080e-01 -1.268370117233875161e-01
1.031907359478932418e-01 -1.279072032685613924e-01
1.068812778275017028e-01 -1.313110263916313081e-01
1.085407659714193590e-01 -1.329366861509000408e-01
1.147151962294847699e-01 -1.383422543991830178e-01
1.176373795671918493e-01 -1.388869364512795856e-01
1.187548787954552793e-01 -1.439188616932528253e-01
1.226968354923787391e-01 -1.465200558499221706e-01
1.235367576427298109e-01 -1.494590542668749744e-01
1.251650263641815586e-01 -1.532750676285395131e-01
1.302199735594623820e-01 -1.568939572049651565e-01
1.311655533388569883e-01 -1.564223690942618539e-01
1.240721121722943576e-01 -1.470677773437941982e-01
1.275297371813900182e-01 -1.434371498311948767e-01
1.272080760764912333e-01 -1.434199368418034859e-01
1.235984934432537014e-01 -1.381414583634071880e-01
1.182967738836645799e-01 -1.307801100463253929e-01
1.216110830361377543e-01 -1.269900473910113847e-01
1.240180215332603170e-01 -1.279437708802501628e-01
1.266249588093504852e-01 -1.276365981853695986e-01
1.295074297418496723e-01 -1.280367729945174893e-01
1.345466713319145302e-01 -1.296335835067984887e-01
1.385382022692493442e-01 -1.277394306919096001e-01
1.374953531974112131e-01 -1.259379218033132852e-01
1.339245245420921659e-01 -1.224264887581399674e-01
1.331221295537831639e-01 -1.200303900748685565e-01
1.339125576424319564e-01 -1.174819210071033071e-01
1.303381751064082161e-01 -1.149287065648458700e-01
1.277610278928159870e-01 -1.103979619755181552e-01
1.252305839214566674e-01 -1.110508401682721441e-01
1.220573112775012181e-01 -1.089839812839875216e-01
1.196016153605168192e-01 -1.062721494400891975e-01
1.186805670731068685e-01 -1.041448755810177595e-01
1.162217810300587989e-01 -1.048774713451291057e-01
1.132489375372021517e-01 -1.008285659027685355e-01
1.124265903448449094e-01 -9.845040220651436746e-02
1.089166334021081511e-01 -9.308234294523620722e-02
1.076904831812402485e-01 -8.973374154601181096e-02
1.078945396849081556e-01 -8.500942853593228266e-02
1.057754978129517992e-01 -8.078765769819554188e-02
1.077904180139366286e-01 -7.609334185351383784e-02
1.128975454442471271e-01 -7.748499924499376024e-02
1.176411468176795511e-01 -7.875291774740342254e-02
1.222951689457431046e-01 -7.992118168188008798e-02
1.255073940624276685e-01 -8.179083112288412782e-02
1.280690341656146314e-01 -8.233524177156366364e-02
1.297823734025291553e-01 -8.223667987894421605e-02
1.264385360623616061e-01 -8.052135526999554260e-02
1.198210469471811812e-01 -7.470315821389450495e-02
1.159030571758176975e-01 -6.880091051649911416e-02
1.165652022224052536e-01 -6.598933604231944916e-02
1.133878678044685923e-01 -6.399822112522060569e-02
1.100171457030156980e-01 -6.564065627644663503e-02
1.032016553133484338e-01 -5.783812404182158556e-02
1.105204061396220794e-01 -5.048447007435249295e-02
1.122176934122568887e-01 -4.890472684171141837e-02
1.096650608919331193e-01 -4.337888506691785911e-02
1.113981372542915960e-01 -4.041551890042539841e-02
1.084715457835395136e-01 -4.048747853963758497e-02
9.590251899086599252e-02 -3.452319287502064737e-02
9.227169303718664450e-02 -3.142610050551149226e-02
9.433850783656645700e-02 -2.825283999400268406e-02
9.934636150683773259e-02 -2.241784993416512731e-02
9.364618915154898637e-02 -2.343330829102049234e-02
8.877981894572024857e-02 -2.750135060066211112e-02
8.596533466525033140e-02 -2.511200523657063435e-02
8.523265073132936520e-02 -2.265324345841582959e-02
8.258751708063047370e-02 -1.369678047636350114e-02
8.179626520831721759e-02 -1.429992305568534260e-02
8.066260649714571129e-02 -1.776960051502158092e-02
8.139905534109478924e-02 -1.872934011834183343e-02
8.446441384920876094e-02 -1.979399302776555652e-02
8.447325724029543237e-02 -2.497562900776146080e-02
8.112964864869177950e-02 -2.610718889314117899e-02
7.795434511774572417e-02 -2.407820199244944948e-02
7.215432076603346678e-02 -1.716480611956343327e-02
6.993795584231943252e-02 -1.566133030319265262e-02
6.861712865366670355e-02 -1.230773148380853721e-02
6.799746397096326223e-02 -6.125522452066095060e-03
6.629832658690797131e-02 -2.391194725549447477e-03
6.300195242145205377e-02 -6.201209584911720682e-03
6.049838359069935334e-02 -6.883985668792867024e-03
5.849401055008542766e-02 -1.048764793139688074e-02
5.621067163213855356e-02 -1.434207193321141403e-02
5.034259007036664263e-02 -1.601300342024343515e-02
4.791964666143380680e-02 -1.678547317750604673e-02
4.564226216088437121e-02 -1.571526642485956277e-02
4.336486399037530609e-02 -1.464504446474048163e-02
4.095984189850009061e-02 -1.543745121857873458e-02
3.841029279739530122e-02 -1.466594844296409406e-02
3.509334426779397303e-02 -1.298053693261518211e-02
3.138219511272308249e-02 -1.085658753496522751e-02
2.978743883180166516e-02 -1.086659246069091034e-02
2.765816547493976651e-02 -1.521321600541337797e-02
2.492593738490237951e-02 -1.840798207589906116e-02
2.012030377683813806e-02 -1.420460337397197459e-02
1.868006022784911638e-02 -1.238189268434007617e-02
1.448492017261641951e-02 -1.026055440337475533e-02
1.082590398518312562e-02 -9.116887181924241898e-03
