3.159841341216091445e-03 6.435130503746309700e-04
6.941242284973603988e-03 -1.419992307384339899e-03
5.509879912974747530e-03 -8.398184012515968674e-03
6.976640453268320545e-03 -9.947553199605484522e-03
1.157643624555665558e-02 -8.452190067103551932e-03
1.475494783877612237e-02 -1.154561955971983127e-02
1.504608512227184960e-02 -1.427188290846015221e-02
1.696354165228008970e-02 -1.855614262177120166e-02
1.708209677289817402e-02 -2.066121866165884086e-02
1.727464427735567881e-02 -2.278921232162517754e-02
1.815882731660930019e-02 -2.517202070153859786e-02
1.757134980511413508e-02 -2.864003177595643435e-02
1.775934380703465473e-02 -3.169930602436965561e-02
1.823816356174489187e-02 -3.460528662354127316e-02
1.714373013952943947e-02 -3.957908231257690340e-02
1.785435984804940174e-02 -4.186754128675730657e-02
1.826895226261842850e-02 -4.406430879379132776e-02
1.729442501548174999e-02 -4.891286364125531361e-02
1.814424561583836970e-02 -5.140661542453235644e-02
1.829979692837616426e-02 -5.352315027445934958e-02
1.845534824091395534e-02 -5.563968512438633579e-02
1.935100408142797351e-02 -5.798545213998453074e-02
1.924757025681874192e-02 -6.002157364322247002e-02
1.801170227153188128e-02 -6.754705761376890438e-02
1.762200639185318787e-02 -7.338805446015157774e-02
1.744450163232258086e-02 -7.540143203728232046e-02
1.811813514892283983e-02 -7.767843220142335581e-02
1.928496293135271294e-02 -8.124365621464821330e-02
1.855699943844439995e-02 -8.673651067184667829e-02
1.920053347565061144e-02 -8.989628425446952176e-02
1.870538448309448307e-02 -9.424459149836451888e-02
1.845720171756914246e-02 -9.753372636926491146e-02
1.912362539241195536e-02 -1.006195979128393231e-01
1.632469433289777949e-02 -1.078231365140722847e-01
1.413942381268809209e-02 -1.082007693141404242e-01
1.491652453258402594e-02 -1.084414602898509800e-01
1.686733895494680821e-02 -1.131418021881106240e-01
1.619245392263979691e-02 -1.176776128130042898e-01
1.376290469747502507e-02 -1.284023570789775415e-01
1.364996139498939921e-02 -1.340045117418383058e-01
1.128296672961587484e-02 -1.402063667010764736e-01
9.625252914132815391e-03 -1.417612799468647988e-01
1.026192361749980395e-02 -1.440266336157739469e-01
1.498353294336672581e-02 -1.459352021265900023e-01
1.701323976002414029e-02 -1.480238897633344153e-01
2.284828527848786067e-02 -1.561578297276346450e-01
2.456986753517942379e-02 -1.615982761538705126e-01
2.546557934057765496e-02 -1.639438624798866817e-01
2.558413446119573581e-02 -1.660489385197743140e-01
2.543283371714643096e-02 -1.692870889717049687e-01
2.722414539817446383e-02 -1.739786230029014003e-01
2.663666788667928484e-02 -1.774466340773192263e-01
2.682466188859981143e-02 -1.805059083257324337e-01
2.730348164331006591e-02 -1.834118889249040651e-01
2.666751255243703447e-02 -1.869054755579872551e-01
2.737814226095698980e-02 -1.891939345321676791e-01
2.779276265796811266e-02 -1.913906116944106561e-01
2.768927286847468541e-02 -1.934269138872306282e-01
3.085668615079407290e-02 -1.948540031062240274e-01
3.096082158789727201e-02 -1.985768219049784400e-01
2.877065105723237981e-02 -2.015890265866404629e-01
2.792708472220480770e-02 -2.033960062689982307e-01
2.830173406259964275e-02 -2.071620163605444043e-01
2.767694183370862648e-02 -2.123217695732789734e-01
2.648099433639821906e-02 -2.182780039637026992e-01
2.713597319242272085e-02 -2.214008265268013476e-01
2.679082985433941730e-02 -2.247411195106429060e-01
2.545276716913560944e-02 -2.320727694821320408e-01
2.562375830315838030e-02 -2.366273009268285710e-01
2.452932488094293137e-02 -2.416010966158641804e-01
2.505492845746884467e-02 -2.438322475486267571e-01
2.793904435423207391e-02 -2.429005580890723770e-01
3.138868111508452685e-02 -2.334651497534698250e-01
3.172725166236264882e-02 -2.275273262523495321e-01
3.347268132895040577e-02 -2.186185502253793211e-01
3.515261654826255105e-02 -2.112306069533576858e-01
3.452055531231673635e-02 -2.080337920064196378e-01
3.481725763966203591e-02 -2.047189912320628857e-01
3.525244225157989769e-02 -2.004333009111484432e-01
3.756935430872069409e-02 -1.981903656464194530e-01
3.866378773093614302e-02 -1.932165699573838435e-01
3.842730214963776397e-02 -1.901828712676359445e-01
3.799700195674748232e-02 -1.872512247650079675e-01
3.623578276034337270e-02 -1.862596752616677565e-01
3.566008098415711369e-02 -1.834046790814658212e-01
3.556904755479455699e-02 -1.802942467201114063e-01
3.563551856617051816e-02 -1.782464787216415936e-01
3.473980676077230434e-02 -1.759008923956253967e-01
3.462125164015423390e-02 -1.737958163557377644e-01
3.683564187524444172e-02 -1.638967251520210833e-01
3.675377141584007523e-02 -1.589235509241908595e-01
3.734124892733522300e-02 -1.554555398497730334e-01
3.741684952998294150e-02 -1.515452176700199383e-01
3.964927296612425628e-02 -1.487894709060062493e-01
4.302821233519737998e-02 -1.497954330972508519e-01
4.373884204371733531e-02 -1.520838920714312481e-01
4.415343445828637248e-02 -1.542806595784652623e-01
4.405000063367713742e-02 -1.563167810817031878e-01
4.494565647419115212e-02 -1.586625480973014313e-01
4.510120778672894321e-02 -1.607790829472283967e-01
4.525675909926674123e-02 -1.628956177971553898e-01
4.612952530214415453e-02 -1.653152868518019958e-01
4.559051678382910339e-02 -1.687577153719439504e-01
4.545491842185669235e-02 -1.727308421598701405e-01
4.579881024423324010e-02 -1.762033599650632831e-01
4.516284115336020172e-02 -1.796969465981464453e-01
4.544679118129624912e-02 -1.832320883219306917e-01
4.537119057864855837e-02 -1.871424105016837314e-01
4.478368508471128329e-02 -1.906105119208926224e-01
4.738713734894108021e-02 -1.874424459961933354e-01
5.184342552083680972e-02 -1.758044231599690532e-01
5.631678592111090398e-02 -1.764194449489175365e-01
5.839858923802491303e-02 -1.780781213372799043e-01
5.980374759454247513e-02 -1.698751567573483501e-01
5.876203752835259392e-02 -1.664296770189398200e-01
5.801441162791291795e-02 -1.641297592347200629e-01
5.865035813258819702e-02 -1.606361656060263376e-01
5.822002995725580193e-02 -1.577046094481893979e-01
6.012986557604668020e-02 -1.553356896353764449e-01
6.433071756678990227e-02 -1.432129984523284882e-01
6.368718352958369078e-02 -1.400532248697056448e-01
6.575066310241255152e-02 -1.362716674219300594e-01
6.700124991090583570e-02 -1.345908529772383011e-01
6.660989364189164041e-02 -1.306168921380087833e-01
7.117817653461472327e-02 -1.139035595376539506e-01
7.709564840588378765e-02 -9.152482689464183641e-02
7.968070536971663675e-02 -7.833394288143812056e-02
8.306740448376000174e-02 -6.595928260222226613e-02
8.268554530160773797e-02 -6.300214389010944105e-02
8.240064669201342673e-02 -5.999384706505540149e-02
8.255260547468698529e-02 -5.793196231795957191e-02
8.083525279881191572e-02 -5.326353359203442328e-02
8.088959297030326456e-02 -5.007654125304495524e-02
8.084505281972234614e-02 -4.799438982884654536e-02
7.994939697920833144e-02 -4.564862281324834348e-02
7.994187560674487214e-02 -4.357793719469980204e-02
7.963829435413273539e-02 -4.141555311339436413e-02
7.881659751877169440e-02 -3.909289140306741739e-02
7.899407969210454905e-02 -3.707950683032616018e-02
7.843147992365892551e-02 -3.483689708752420872e-02
7.786888015521330197e-02 -3.259428734472226419e-02
7.896329099123100548e-02 -2.762048466007610559e-02
7.814159415586996449e-02 -2.529782294974915885e-02
7.783801290325782773e-02 -2.313543886844371747e-02
7.783049153079438232e-02 -2.106475324989518297e-02
7.741618965925937956e-02 -1.716487513929612282e-02
8.218163971904444975e-02 -6.230937203228755633e-03
8.473201891891729565e-02 -4.019817770432709131e-03
8.387335927032299465e-02 -1.685509564873854688e-03
8.562928517407078499e-02 6.733372582890389223e-03
8.433737305408735285e-02 1.041852855612414135e-02
8.373775450752427019e-02 1.267260410457596298e-02
8.360869775350181221e-02 1.526747668326805009e-02
7.836504619811797412e-02 2.439430641372089190e-02
7.612573844046546800e-02 2.711564716496784114e-02
7.402725078112983026e-02 2.898226730540297627e-02
7.293772976038406797e-02 3.122589878470078545e-02
7.285613745299925059e-02 3.331932832935652344e-02
7.122103512313324170e-02 3.471806180579108114e-02
6.979224194261539338e-02 3.678281008596091806e-02
6.968876454413641675e-02 3.932936317988045688e-02
6.739309732672436881e-02 4.239252269786353972e-02
6.588405050226792126e-02 4.419816211740888040e-02
6.595936056188157759e-02 4.640537369359690884e-02
6.429216205055106326e-02 5.045013786166475944e-02
6.125803190265749487e-02 5.767595703034338050e-02
5.904587674214453741e-02 5.969936980552058292e-02
5.727720772958878881e-02 5.817902067504288066e-02
5.722349221803524344e-02 5.381557494602599856e-02
5.480672327472183719e-02 4.994086352298474085e-02
5.283037307068527005e-02 5.010685030885944635e-02
5.180175262122155982e-02 4.835708832312850258e-02
4.859937802667828322e-02 4.168406030448718047e-02
4.558758761320851061e-02 3.641203042118714567e-02
4.362664924821482715e-02 3.413993026750130472e-02
3.336870682889637313e-02 3.021995289582124836e-02
3.001466619054477675e-02 3.235386830273866837e-02
2.687019311450183912e-02 3.385494290996098748e-02
2.536736237774906561e-02 3.594262280143056126e-02
2.370933703156000508e-02 3.726726655362416762e-02
2.205131168537094455e-02 3.859191030581776705e-02
2.062249591865534387e-02 4.065666558159812538e-02
1.855218798919949438e-02 4.235237633866518331e-02
1.634755420114997540e-02 4.230510349529385122e-02
1.410108017560973530e-02 3.963489826994995302e-02
1.889868878256980092e-02 2.959174574659006324e-02
1.894322893315071241e-02 2.750959432239165336e-02
1.920984737252958915e-02 2.535885673631810971e-02
2.006850702112389709e-02 2.302454853075925831e-02
1.823396907093222108e-02 1.827998500739484028e-02
1.600286331056513175e-02 1.775436743964788067e-02
1.493296112348100127e-02 1.678790127468497706e-02
1.286825481697431890e-02 1.535924361135364465e-02
1.176561939747343237e-02 1.363240624131192846e-02
1.021893933014501182e-02 1.204310257418451414e-02
8.302206998828481205e-03 1.056841498989270767e-02
6.852118409942053318e-03 7.326985138169962719e-03
4.586650210677962330e-03 6.690424167059382324e-03
2.366994665373520906e-03 6.201854959238167764e-03
