8.608822071333294655e-04 -3.905597019035814826e-03
-1.824741577577968475e-03 -5.094979591305281129e-03
-4.163779594379316863e-03 -6.679533664950504032e-03
-5.627526402526531954e-03 -1.005999148133208954e-02
8.390556811455063269e-04 -1.557554525399089916e-02
6.186643481903774180e-03 -2.300423388089413088e-02
6.025934203544127885e-03 -2.733939063193988744e-02
9.951359536667203631e-03 -2.995636903860893555e-02
9.065145149119158141e-03 -3.399559032837623507e-02
9.763565250679397470e-03 -4.037377913538182234e-02
2.033531765831251160e-03 -4.085916724020054180e-02
-2.116140659261927246e-04 -3.723509172297238129e-02
-2.726574207502684144e-03 -3.582821260131574537e-02
-6.891147730876694480e-03 -3.307131212859306529e-02
-9.489167209966238581e-03 -3.103815897989533473e-02
-1.032026673823714831e-02 -3.234931763178156006e-02
-1.412846095985216717e-02 -3.172662471668041134e-02
-1.233087984741542027e-02 -3.271389351315226457e-02
-1.100165066660538024e-02 -3.516036414966262902e-02
-8.618411053520808746e-03 -3.668272155561386888e-02
-2.394563229989657687e-03 -3.833329383563013892e-02
-1.592963054943126412e-04 -4.021847925368864096e-02
8.170641859336258590e-04 -4.425579680121637799e-02
4.874280547111683147e-03 -4.675737733905387106e-02
7.958651987188690782e-03 -4.894661934048948060e-02
9.725496480494266044e-03 -5.229092618312344148e-02
1.223240599953516299e-02 -5.382148512663639806e-02
1.136244377208442576e-02 -5.761335668859104975e-02
9.716411502226858510e-03 -5.998847022162696885e-02
7.146341459323231858e-03 -6.130957828033834628e-02
8.838323194727470619e-03 -6.390401664748794619e-02
1.621373020503007190e-02 -6.314698594812366561e-02
1.866824650612602943e-02 -6.169415240297036751e-02
2.019880544963898253e-02 -5.918724288392947230e-02
2.527570955407044961e-02 -5.939668881078104951e-02
2.638379057399030739e-02 -6.331852807401416872e-02
2.821927052943812991e-02 -6.939902859252784773e-02
2.973884075244411992e-02 -7.272708823301449188e-02
3.215002980171460800e-02 -7.760370684637485361e-02
3.197132049399420417e-02 -8.032357290464421651e-02
3.036311656758465538e-02 -8.779183774425890208e-02
3.097671954646839809e-02 -9.168126301866047489e-02
2.858893992322511859e-02 -9.400763990320447350e-02
2.935409670263803422e-02 -1.012593720496007543e-01
3.022485285908347100e-02 -1.069039346253192746e-01
3.114434566402082827e-02 -1.118067498476520982e-01
3.205571734685953161e-02 -1.168331644763782040e-01
3.161349152464223294e-02 -1.197839821452867798e-01
3.239671883297896848e-02 -1.286510853999225101e-01
3.350479985289882279e-02 -1.325729246631556502e-01
3.580226344508814773e-02 -1.391803877111000565e-01
3.824945255308014741e-02 -1.472875877100131847e-01
4.038270121248294098e-02 -1.545050775828514245e-01
4.135722846123436602e-02 -1.566799006668662397e-01
4.543881810460838333e-02 -1.588105320704978063e-01
4.635831090954575101e-02 -1.637133472928306299e-01
4.474023303382408667e-02 -1.694426465757626066e-01
4.678229627566517224e-02 -1.761575372854660704e-01
4.652872916799343644e-02 -1.781274594107379872e-01
4.855630299285064455e-02 -1.869521138963039508e-01
4.997130819455593981e-02 -1.843134788908211141e-01
5.168232431505274255e-02 -1.809493437340999045e-01
5.726723697928543660e-02 -1.866553090485177369e-01
5.539829876337425130e-02 -1.886433017027134840e-01
5.354210209518347335e-02 -1.866588901604576689e-01
5.262977151412601834e-02 -1.892063447063287995e-01
5.320093068188998242e-02 -1.918513480066968147e-01
5.535672433876222265e-02 -1.968353188243031071e-01
6.007270417332599699e-02 -1.987593669415414488e-01
6.497090392798705871e-02 -2.016886034691493246e-01
6.589039673292441945e-02 -2.065914186914821482e-01
6.729728081253105731e-02 -2.040763830923925937e-01
6.870415993418768630e-02 -2.015614229508161104e-01
7.057309815009886467e-02 -1.995734302966203355e-01
7.237976424080302951e-02 -1.928631550545887030e-01
7.620413020705230078e-02 -1.932385687414402420e-01
7.513029641864051034e-02 -1.906847459006839052e-01
7.254047351916266539e-02 -1.885279983035429152e-01
7.096397006805305052e-02 -1.860652804648852410e-01
6.858073045496847209e-02 -1.845429230589340219e-01
7.047499589334438319e-02 -1.746101875534482040e-01
7.188187997295102105e-02 -1.720951519543586494e-01
7.088927723732577069e-02 -1.683050332196174559e-01
7.391782030459399799e-02 -1.637858332216978741e-01
7.853449855744741581e-02 -1.653308061246816507e-01
8.092227818069068490e-02 -1.630044292401376660e-01
7.889191717288822348e-02 -1.598910740081429249e-01
8.322532109672052536e-02 -1.581892183234265836e-01
8.846014729656637154e-02 -1.597748067528036164e-01
9.385743560198533952e-02 -1.588878033942108803e-01
1.027244584411579897e-01 -1.581046465854371863e-01
1.127953631854839989e-01 -1.578971988704861718e-01
1.143799172591292157e-01 -1.602362368872875253e-01
1.205360645486389382e-01 -1.685872104600233679e-01
1.188854922686226750e-01 -1.748110582835545324e-01
1.182690971488436632e-01 -1.766330077202372117e-01
1.198049850735600219e-01 -1.797138735058873560e-01
1.174496998546113585e-01 -1.815457018498321806e-01
1.181381655913964490e-01 -1.861849955997181005e-01
1.155599744263941658e-01 -1.876297030648227393e-01
1.141954636583442512e-01 -1.913890802224827714e-01
1.153036151778271678e-01 -1.953109999011789777e-01
1.143919981103013461e-01 -2.072949590842863010e-01
1.110169496905862169e-01 -2.114189170812670604e-01
1.094052401097497657e-01 -2.151620519947297638e-01
1.106757832352427140e-01 -2.166112994699931349e-01
1.144189886482685076e-01 -2.182230894662926246e-01
1.190501612760557909e-01 -2.176582231359008301e-01
1.246522800406545395e-01 -2.155430450054218461e-01
1.262983123105121119e-01 -2.131679314723859409e-01
1.313653424656314461e-01 -2.116384118425547745e-01
1.332956834202419505e-01 -2.049362626805717458e-01
1.341006617970534887e-01 -2.021334127423023985e-01
1.342253005171285540e-01 -1.945675941902408057e-01
1.339825662569876508e-01 -1.907026126975982505e-01
1.355681546863646836e-01 -1.854677864977523905e-01
1.361746003993185294e-01 -1.819068665464369794e-01
1.352289814849717553e-01 -1.755124354952340704e-01
1.365899160990317052e-01 -1.680278479959589899e-01
1.394379215738530409e-01 -1.643659441352828265e-01
1.412075532501038677e-01 -1.619989517243455579e-01
1.450076213916702272e-01 -1.627453195033530253e-01
1.406526363265372392e-01 -1.591067496111910062e-01
1.389362862668870047e-01 -1.568831849207342755e-01
1.363788823141907636e-01 -1.542318838250440749e-01
1.345308067680986153e-01 -1.521238728763950054e-01
1.332845614672885648e-01 -1.503036713089757614e-01
1.318885906506758465e-01 -1.469837327905877677e-01
1.365766260070037375e-01 -1.455534442429039232e-01
1.418114522068495698e-01 -1.471390326722809561e-01
1.419982826366686102e-01 -1.442955672076183249e-01
1.382776927206753326e-01 -1.404503385715499819e-01
1.370883806479689659e-01 -1.377647952023017541e-01
1.360289657769779559e-01 -1.331011281702198512e-01
1.341727691087871710e-01 -1.311167166279640639e-01
1.332532763038498103e-01 -1.262139014056312403e-01
1.355661931691917732e-01 -1.231376560456028807e-01
1.373159965313553166e-01 -1.172928030208632288e-01
1.391714796860144543e-01 -1.098407099258827957e-01
1.407019582140643932e-01 -1.073338709064049490e-01
1.423642376860692338e-01 -1.047114831030694498e-01
1.453440441048455545e-01 -1.009340304585355924e-01
1.500672806329502451e-01 -9.329796461624441373e-02
1.568697001907623789e-01 -8.803336069548613196e-02
1.594722596800106085e-01 -8.621777955368863100e-02
1.598007650030967286e-01 -8.499773086185105631e-02
1.552688234574567672e-01 -8.594159199103437730e-02
1.531445653066604018e-01 -8.803694180742609177e-02
1.506980946701500235e-01 -8.936617098823612659e-02
1.478582103174273521e-01 -9.290447544251903556e-02
1.397482181776189547e-01 -1.010630392615953221e-01
1.360816988492709878e-01 -1.020637631193192230e-01
1.292397030787474366e-01 -1.003725753129096898e-01
1.253647721792797154e-01 -9.887633905841784754e-02
1.221079892268044365e-01 -9.742071833031928918e-02
1.203835130871056119e-01 -9.532082850376888405e-02
1.194124914927810477e-01 -9.687113534590603703e-02
1.119117322488717425e-01 -9.575747996009567609e-02
1.106492397459143961e-01 -9.418455266297599826e-02
1.095330376038958775e-01 -9.038631280613612651e-02
1.021541249391663825e-01 -8.741821357934842496e-02
9.990261081252373165e-02 -8.578030243158951684e-02
9.844165614527176922e-02 -8.344938553688682759e-02
9.533108809622228841e-02 -7.976844729111809418e-02
9.241905766898046715e-02 -7.684550360088235332e-02
8.866780163341909937e-02 -7.535739342643917038e-02
8.707505098016216083e-02 -7.314194985808109006e-02
8.493908563737719020e-02 -7.163583965427716693e-02
8.621878919865059998e-02 -6.538754804898698481e-02
8.527667593873072827e-02 -6.271824692393605793e-02
7.802948380249315197e-02 -5.963466941285374551e-02
7.663527077104387297e-02 -5.817722040002867856e-02
7.542159037409150446e-02 -5.586255070747329909e-02
7.343359771989574347e-02 -5.399361249156210685e-02
6.869961289802122006e-02 -5.045434913906043928e-02
6.376709541228903211e-02 -4.615701577351270096e-02
6.205886647473748269e-02 -4.380985167666270191e-02
6.072788446671401053e-02 -3.950081607707635334e-02
6.452437149634041025e-02 -3.652204897198185057e-02
6.225661016755045657e-02 -3.513141209452252944e-02
6.360487869140304951e-02 -3.161923374964902694e-02
5.824813045486432889e-02 -3.188808420329932586e-02
5.433719949667511345e-02 -2.716126656325469971e-02
4.749512826863845627e-02 -2.547007379889516115e-02
4.567954712684095531e-02 -2.286751430964691426e-02
3.888628800480928988e-02 -2.043457914985166712e-02
3.701735474684809263e-02 -2.242249634653436033e-02
3.543176135952106481e-02 -2.765739800389327430e-02
3.184018024658751694e-02 -2.940799529505154150e-02
2.557388861193658769e-02 -2.651300104100173458e-02
2.437645541713152897e-02 -2.395105707814676119e-02
2.098612365143784353e-02 -2.074834471331682764e-02
1.918678475383765042e-02 -1.789858641128204766e-02
1.494727797299924034e-02 -1.439173704761194557e-02
1.047681462357161197e-02 -1.062144662695800254e-02
8.709970130266036711e-03 -7.277139784324047726e-03
7.520587557996572144e-03 -4.591515999612751087e-03
5.013748538518735844e-03 -3.061037471562853395e-03
2.506839019477836734e-03 -1.530478528049896824e-03
