2.237664141073543791e-03 -5.308872605682636928e-03
5.432787610402461064e-05 -7.909849096063046453e-03
1.083748419795224020e-03 -1.356755776743290634e-02
9.823118867913949084e-04 -1.735105411633365916e-02
-9.705793729692451747e-04 -1.955464251323622143e-02
-3.775745207580674494e-03 -2.378799425474951990e-02
-5.769095816745293918e-03 -2.644922278084958431e-02
-1.691134167021597287e-02 -3.274451398714985778e-02
-1.919889614468344927e-02 -3.575674348018681448e-02
-2.274684119723617212e-02 -3.878766009335906512e-02
-2.977220752707337298e-02 -4.322545353019911774e-02
-3.361708861490263905e-02 -4.323522321054060202e-02
-3.665538151769009989e-02 -4.556525821641782548e-02
-3.560208632711719251e-02 -4.751942951615257399e-02
-3.036708980022620463e-02 -5.623490256655268305e-02
-3.163601412439572685e-02 -6.205274257942006155e-02
-3.326573295746276804e-02 -6.373151001578541974e-02
-3.582903875075992006e-02 -6.621210263446329625e-02
-3.753738790623913774e-02 -6.896363673764434321e-02
-4.086065840109286140e-02 -7.120335378981046404e-02
-4.434019447262047692e-02 -7.459571341621150375e-02
-4.713401863926607732e-02 -7.747361105852076935e-02
-4.457949354234544415e-02 -7.864911905157463690e-02
-4.164880917411074857e-02 -8.605930276559736747e-02
-4.198175914861349695e-02 -9.123299489752602354e-02
-4.174266478964189925e-02 -9.460173231103698177e-02
-4.114232426072721160e-02 -9.683045153317622333e-02
-4.239043429388821699e-02 -1.019232231830147634e-01
-4.302579369387863478e-02 -1.068964522662384509e-01
-4.531553693121492810e-02 -1.108227338679849960e-01
-4.647479530057668090e-02 -1.134085291709633486e-01
-4.716607842591460237e-02 -1.156722567217874226e-01
-4.413395752467607486e-02 -1.192989440869093865e-01
-4.245515385006148196e-02 -1.209286744049654638e-01
-3.979409830562795347e-02 -1.218504034271533504e-01
-3.753173564790663469e-02 -1.213913465145644299e-01
-3.450312067940134592e-02 -1.247817211972089418e-01
-3.148850558020990786e-02 -1.272268327733134530e-01
-3.005991484385964543e-02 -1.289863444346930343e-01
-2.607080785817403323e-02 -1.333867723903712499e-01
-2.414435770058380101e-02 -1.421512949357107425e-01
-2.241748989747339993e-02 -1.480823059444780765e-01
-2.052355825682818796e-02 -1.472190202713292151e-01
-1.715408421044800277e-02 -1.438440191102099974e-01
-1.032629053807388765e-02 -1.430809129000689128e-01
-7.344028241142476487e-03 -1.465349377280596721e-01
-3.119752761177290411e-03 -1.508531165467942858e-01
2.484367309942139140e-03 -1.653306523298384567e-01
2.858789479432992907e-03 -1.672002893916431920e-01
5.640277510448388383e-03 -1.677420842321115935e-01
7.066826820695116911e-03 -1.714871617660708725e-01
6.931622485321987590e-03 -1.740577882582772518e-01
6.733876846192338173e-03 -1.766608538979995147e-01
7.349261819091790215e-03 -1.788420409137588263e-01
7.113345206953959263e-03 -1.820602330910992273e-01
7.827426675415862303e-03 -1.855795281174108524e-01
8.161365633883591736e-03 -1.879068176850431926e-01
1.337871510614777569e-02 -1.858753287235982987e-01
1.802436620827069930e-02 -1.877920376545244852e-01
2.140957722578793604e-02 -1.897273382591094515e-01
2.540219014420678698e-02 -1.943640788972651190e-01
2.850707369058890286e-02 -1.965241174348268394e-01
3.226469109639472366e-02 -2.023147287969028485e-01
3.425624901303018360e-02 -2.037822386241195660e-01
3.381821532021060672e-02 -2.029377281996439242e-01
3.397067850733858502e-02 -1.994056252154546571e-01
3.187756845002086975e-02 -1.921563333374178006e-01
3.381407423431318643e-02 -1.888499247323382202e-01
3.502202137488286127e-02 -1.863579409391740715e-01
3.615598831397149465e-02 -1.852537796995134545e-01
3.313672309384892156e-02 -1.824936122367211422e-01
3.236467647393596186e-02 -1.782503815505895595e-01
3.098559837855970403e-02 -1.745202892523877447e-01
3.245646680174442411e-02 -1.716935302543597108e-01
3.602089694329243391e-02 -1.708369723664947826e-01
4.077380274916735797e-02 -1.693639716627882985e-01
4.430707378317365330e-02 -1.695951656774964955e-01
4.656187330085594100e-02 -1.728710356506960866e-01
4.870977076279095486e-02 -1.742573335977015414e-01
5.288274699343848556e-02 -1.761809589476177051e-01
5.478632483927906027e-02 -1.780910282217979257e-01
5.727830863244318810e-02 -1.792989753623676075e-01
5.920732524532212881e-02 -1.807989243371001531e-01
6.361146286994996679e-02 -1.876829831889924305e-01
6.679164378767755983e-02 -1.896055639642376667e-01
6.847002753033339106e-02 -1.880206204143166360e-01
6.992127535722790499e-02 -1.859977684300043455e-01
6.980174010855165478e-02 -1.843133935349337837e-01
7.067602088584715170e-02 -1.816372802782443563e-01
7.137200363863666075e-02 -1.796887040605846808e-01
6.883123146073762133e-02 -1.773154068930704597e-01
6.653127296619978925e-02 -1.741820257159040208e-01
6.875131569754781846e-02 -1.687440441328482699e-01
7.364322822834175331e-02 -1.670798773468897547e-01
7.606782375353254855e-02 -1.669335985379408194e-01
7.881690887528138012e-02 -1.674128635596417725e-01
8.024545010511122123e-02 -1.691722797745447981e-01
8.287658974324177419e-02 -1.712606947964692705e-01
8.316313145546470886e-02 -1.746444298223678027e-01
8.458968076571142525e-02 -1.783895073563270539e-01
8.717548844531988750e-02 -1.795487895873079109e-01
8.816709006352149713e-02 -1.794709955112919475e-01
9.096790223401444997e-02 -1.770657356105677371e-01
9.643822245941797988e-02 -1.782767210286736181e-01
9.624356282106280580e-02 -1.779014254828962527e-01
9.264250744874352739e-02 -1.731013192740622209e-01
9.026730108938063601e-02 -1.702054913056887664e-01
9.097820481100878098e-02 -1.671378567411489768e-01
9.466306743913868726e-02 -1.659013646715645496e-01
9.671714101462935975e-02 -1.673363275281588014e-01
9.908401833866131714e-02 -1.686091653403902491e-01
1.041928876833683737e-01 -1.783823119987419381e-01
1.023420497318560246e-01 -1.810886871250674546e-01
1.045558392260478725e-01 -1.901010971023851803e-01
1.111666865949609145e-01 -1.959596374136591546e-01
1.135667644526381359e-01 -1.941591574507378071e-01
1.174338826990528606e-01 -1.871523502567273289e-01
1.217698160534089746e-01 -1.862528230465167467e-01
1.232922545378227208e-01 -1.879636574216774492e-01
1.266190548270288152e-01 -1.859602406753586845e-01
1.300985670369372849e-01 -1.825678934255877683e-01
1.351862833942842901e-01 -1.813577653896169539e-01
1.366461567133223920e-01 -1.831010512889235664e-01
1.377903706386993943e-01 -1.805627881923251299e-01
1.393552102850936780e-01 -1.787588780485783735e-01
1.432970012601417764e-01 -1.757220822731485055e-01
1.470480584615266872e-01 -1.757609775023958043e-01
1.606381498443577305e-01 -1.698233392964084987e-01
1.649340437812686355e-01 -1.725961260833725197e-01
1.668845732964939210e-01 -1.702349682082028026e-01
1.704035241427545866e-01 -1.673777637655242123e-01
1.715590039841895786e-01 -1.624124956759613880e-01
1.718805884291073616e-01 -1.585942700198668398e-01
1.718314540810393642e-01 -1.552856768189688763e-01
1.730448251052997544e-01 -1.499729136952023811e-01
1.723976881112332382e-01 -1.445931831270624301e-01
1.733399817992142267e-01 -1.390638266389945532e-01
1.736941164901638357e-01 -1.363796445655375833e-01
1.730787058723630978e-01 -1.341983497266716341e-01
1.734015341190057735e-01 -1.315304057919177150e-01
1.734116814917671390e-01 -1.290247654178496295e-01
1.729213534814794395e-01 -1.267785922839520241e-01
1.742158161862143173e-01 -1.216221704887672506e-01
1.738818772277465896e-01 -1.192948809211349104e-01
1.737355860421675446e-01 -1.168702615343249762e-01
1.742148033406302199e-01 -1.141212011658363779e-01
1.679216384135621132e-01 -1.009934362713832134e-01
1.669513767160402673e-01 -9.613850191052022987e-02
1.658212200339652387e-01 -9.112837130091450133e-02
1.652058094161644730e-01 -8.894707646204852436e-02
1.657475918800027925e-01 -8.616556456941398823e-02
1.655387355290481033e-01 -8.377339670674999184e-02
1.640476034889413182e-01 -8.204632419288622469e-02
1.609968087358386868e-01 -7.715933021116652690e-02
1.575002185233095875e-01 -7.409102328067632137e-02
1.533313728681074406e-01 -6.819624143234064018e-02
1.436399443991204505e-01 -5.119504682062623463e-02
1.423046084972083292e-01 -4.510056241807396116e-02
1.390165799621034259e-01 -4.228139582250761003e-02
1.373268624189494524e-01 -3.672804121241192432e-02
1.362830643135244935e-01 -3.647559089639943603e-02
1.335015524208899573e-01 -3.593380843256111651e-02
1.312229277628464141e-01 -3.636157127747318557e-02
1.292313698462109472e-01 -3.489406145025646111e-02
1.275319743687748086e-01 -3.506111652868253159e-02
1.248709188243412871e-01 -3.413938750649462422e-02
1.211971509138849573e-01 -3.187737319587465729e-02
1.154101744433877197e-01 -2.737760934152344561e-02
1.101666441704124422e-01 -2.446128918385541418e-02
1.081205775285387360e-01 -2.250606093281964926e-02
1.039476012978911845e-01 -2.058243558290350633e-02
1.023836827510216929e-01 -2.032202427323014787e-02
9.729099417102959890e-02 -1.907384087192957878e-02
9.581493221980887098e-02 -1.729934397479255051e-02
9.238774783973750793e-02 -1.359970949787140185e-02
8.896056345966617263e-02 -9.900075020950261859e-03
8.753199658493504565e-02 -8.140550982940560412e-03
8.476672283100358807e-02 -7.630074963409215830e-03
8.235834158289671858e-02 -7.807672593295218386e-03
8.001486159979956381e-02 -8.110280354195763958e-03
7.727850868402057205e-02 -7.426009094324306954e-03
7.575607019960682587e-02 -5.715174719163628771e-03
7.367068839652703149e-02 -4.296329801535701300e-03
6.934020278748075083e-02 -2.375065304513822133e-03
6.761271034165822202e-02 -6.515234766435240099e-04
6.535037154555602135e-02 -1.110568012602330349e-03
6.332750718461360728e-02 3.407036759113090535e-04
5.674948265692592031e-02 2.922040300440706048e-03
5.470400892867752912e-02 5.909730965226769580e-04
5.011438056494298826e-02 -2.020103979038537180e-04
4.416812826890523930e-02 -9.048011970475643541e-04
4.038815022936783489e-02 -1.039701208140344233e-03
3.803807831276297818e-02 -4.084357472063015679e-03
2.953657666356547529e-02 -6.747570941919599219e-03
2.578201352944730143e-02 -6.472363030194809401e-03
1.391333169396479809e-02 -3.102843986456614404e-03
1.135209118839033103e-02 -3.597858355924708328e-03
9.110320333490542349e-03 -2.260129872031507378e-03
7.531307836115853742e-03 -2.047155322261544428e-03
