-6.505624859055772480e-03 -5.058400618969394191e-03
-1.301153185129212859e-02 -1.011683539225763026e-02
-1.772936615846423467e-02 -1.143839012430934027e-02
-2.158401566676779529e-02 -1.095596209974846781e-02
-2.560695859932421437e-02 -1.181821583499519622e-02
-2.994404469194777291e-02 -1.519050571209324546e-02
-3.419167227575548723e-02 -1.857399175413319836e-02
-3.467410886007548515e-02 -2.242870965579212006e-02
-3.515654544439548307e-02 -2.628342755745103829e-02
-3.832820876161995710e-02 -2.980157573012249747e-02
-4.266556842766496688e-02 -3.317383136818402578e-02
-4.556830907159898497e-02 -3.672563651375423260e-02
-4.605073709615985916e-02 -4.058028602205779323e-02
-4.661169247825699274e-02 -4.433417822421171356e-02
-4.878023124468920668e-02 -4.602028896608306024e-02
-5.094877857088055823e-02 -4.770646810130976800e-02
-5.190173799622482820e-02 -5.095595831723494229e-02
-5.238417458054482612e-02 -5.481067621889385705e-02
-5.353314886715135335e-02 -5.780806803173769298e-02
-5.570169619334269795e-02 -5.949424716696440074e-02
-5.775273889628979723e-02 -6.133163061241209135e-02
-5.823517548060979515e-02 -6.518634851407099917e-02
-5.871761206492979307e-02 -6.904106641572993475e-02
-6.045488738922630972e-02 -7.128199199358252469e-02
-6.262342615565850978e-02 -7.296810273545387138e-02
-6.398519690221939060e-02 -7.475518439602145404e-02
-6.422641947425895836e-02 -7.668257754352859890e-02
-6.428844289548624191e-02 -7.863232886660069532e-02
-6.260234071337403283e-02 -8.080093602638827033e-02
-6.091595639808122797e-02 -8.296950903185701387e-02
-6.070906570577720707e-02 -8.495298572118321900e-02
-6.095027971805763722e-02 -8.688031047533499585e-02
-6.204313635108719971e-02 -8.870111750215670110e-02
-6.421167511751940671e-02 -9.038722824402803391e-02
-6.629640890512315810e-02 -9.322200588444470859e-02
-6.774371865808315185e-02 -1.047861595894214737e-01
-6.919102841104315949e-02 -1.163503132943982388e-01
-6.816060074889647435e-02 -1.204853721640343073e-01
-6.647449856678426527e-02 -1.226539793238218823e-01
-6.568488792702156798e-02 -1.247103167675794599e-01
-6.592611049906112186e-02 -1.266377099150866048e-01
-6.589840183805112384e-02 -1.285986916421371085e-01
-6.421229965593890088e-02 -1.307672988019246973e-01
-6.252618891406755419e-02 -1.329358375683568905e-01
-6.240875673057937056e-02 -1.349081180927411971e-01
-6.264997074285980072e-02 -1.368354428468929740e-01
-6.194982717167208525e-02 -1.388806525190640073e-01
-6.026371642980073856e-02 -1.410491912854962282e-01
-5.889140296209761927e-02 -1.431785262703958450e-01
-5.913261697437804942e-02 -1.451058510245476219e-01
-5.937383098665848652e-02 -1.470331757786993987e-01
-5.800151751895536723e-02 -1.491625107635990155e-01
-5.631540677708402748e-02 -1.513310495300312364e-01
-5.561526320589630507e-02 -1.533762592022022420e-01
-5.585647721817674216e-02 -1.553035839563540188e-01
-5.542554266970029647e-02 -1.576793039807513619e-01
-5.205305617229528253e-02 -1.620164841460076666e-01
-4.868084324831172677e-02 -1.663536300722274486e-01
-4.841786888691001350e-02 -1.686171914454671628e-01
-4.865909145894958127e-02 -1.705445845929743354e-01
-4.696741240284631885e-02 -1.737609304041280445e-01
-4.359519947886276309e-02 -1.780980763303478542e-01
-4.052525429964877468e-02 -1.815779175035110438e-01
-3.859792954549699090e-02 -1.818191315157914878e-01
-3.667060479134521406e-02 -1.820603455280719318e-01
-3.346634783819612408e-02 -1.859211996323278659e-01
-3.009413491421256484e-02 -1.902583455585476480e-01
-2.752834834044169329e-02 -1.923094138134935072e-01
-2.560102358628991645e-02 -1.925506278257739512e-01
-2.333750475728861920e-02 -1.937443913276632734e-01
-1.996529183330505997e-02 -1.980815372538830554e-01
-1.659307890932150420e-02 -2.024186831801028652e-01
-1.453116880781315894e-02 -2.030409443625124932e-01
-1.260384405366138036e-02 -2.032821583747929373e-01
-1.081676239309379770e-02 -2.046439291213538181e-01
-9.130651651222454479e-03 -2.068124678877860390e-01
-7.382842165542829148e-03 -2.084880273487559887e-01
-5.455517411391048836e-03 -2.087292413610364328e-01
-3.528192657239268525e-03 -2.089704553733168768e-01
-1.824979855497101556e-03 -2.110045670421404063e-01
-1.388776733848857807e-04 -2.131731742019279674e-01
1.838932540115014499e-03 -2.130110042042727414e-01
4.007479866306356067e-03 -2.113248250690460406e-01
6.041390741143587255e-03 -2.107144050203364483e-01
7.727492923255806744e-03 -2.128830121801240371e-01
9.413603665127145623e-03 -2.150515509465562580e-01
1.132970657505963374e-02 -2.153824286477186156e-01
1.325730490263286876e-02 -2.156236768990355823e-01
1.503316471898115576e-02 -2.170751113344784045e-01
1.671927546085249724e-02 -2.192436501009105976e-01
2.313972431892631978e-02 -2.214129448162557579e-01
4.048592067971377995e-02 -2.235839051658161936e-01
5.783211704050124358e-02 -2.257548655153766570e-01
6.035370392023112901e-02 -2.241584397981457311e-01
6.252225124642246668e-02 -2.224722606629190302e-01
6.578887329045751686e-02 -2.221982566915251811e-01
6.964352279876107055e-02 -2.226806847160860414e-01
7.365551746051965387e-02 -2.219081289087577735e-01
7.799260355314321935e-02 -2.185358390316597399e-01
8.232968964576677096e-02 -2.151635491545616785e-01
8.401580038763811764e-02 -2.173320879209938994e-01
8.570190256975032672e-02 -2.195006950807814883e-01
8.917607743692679279e-02 -2.179324221993325372e-01
9.351316352955035827e-02 -2.145601323222344481e-01
9.768195619792105489e-02 -2.125325242049440067e-01
1.015366057062246086e-01 -2.130149522295048670e-01
1.054027506321689178e-01 -2.134077508042203364e-01
1.097398367247924694e-01 -2.100354609271222750e-01
1.140769228174160210e-01 -2.066631710500242414e-01
1.167328086950816107e-01 -2.058119598280476470e-01
1.186601334492334153e-01 -2.060531738403280910e-01
1.206772158376212684e-01 -2.055772151282637683e-01
1.228460281774749474e-01 -2.038911386254289304e-01
1.250033536594470085e-01 -2.022946231790841431e-01
1.269306784135987576e-01 -2.025358371913645872e-01
1.288580031677505344e-01 -2.027770512036450312e-01
1.340859869364929013e-01 -1.991976271261786946e-01
1.405916203553078114e-01 -1.941391581138539602e-01
1.452873484274597171e-01 -1.911759571777946476e-01
1.472146731816114940e-01 -1.914171711900750916e-01
1.490413303587275473e-01 -1.913726511621339499e-01
1.495237669430475591e-01 -1.875179332604750559e-01
1.500062035273675431e-01 -1.836632153588161342e-01
1.488747879542849928e-01 -1.810632592440192257e-01
1.471886772124136600e-01 -1.788947204775870048e-01
1.471161025102849795e-01 -1.769281235485472559e-01
1.492846498364763241e-01 -1.752419444133205551e-01
1.514307534742290740e-01 -1.737350926558577369e-01
1.533580782283808785e-01 -1.739763066681381531e-01
1.552856765559540997e-01 -1.742175549194551198e-01
1.590621830478970711e-01 -1.716855789702547430e-01
1.633995427139420809e-01 -1.683133233321932321e-01
1.668860325305509817e-01 -1.579149255125150697e-01
1.692982154521509852e-01 -1.386413360042204612e-01
1.712339058850794737e-01 -1.213566931680500477e-01
1.695477951432081409e-01 -1.191881544016178268e-01
1.678616929610959319e-01 -1.170195472418302518e-01
1.676993861767299421e-01 -1.150417199088120956e-01
1.679406087487695098e-01 -1.131143267613049508e-01
1.657169901137356682e-01 -1.090575004673037945e-01
1.606583928744593215e-01 -1.025517815356152690e-01
1.560369436364890672e-01 -9.692017880863208756e-02
1.541096188823372903e-01 -9.667896479635165741e-02
1.521822941281855135e-01 -9.643775078407122725e-02
1.490787047520721886e-01 -9.286263072003685115e-02
1.457064918280885912e-01 -8.852548479381705526e-02
1.430397641038605450e-01 -8.618864825961311538e-02
1.411124393497087404e-01 -8.594743424733267134e-02
1.392243867704449078e-01 -8.539243152064313058e-02
1.375382760285736028e-01 -8.322389275421092358e-02
1.358521652867022700e-01 -8.105535398777870271e-02
1.339641127074384375e-01 -8.050035126108917582e-02
1.320367879532866329e-01 -8.025913724880874567e-02
1.302328778062696868e-01 -7.903182783889309282e-02
1.285464934909768542e-01 -7.686325483342436315e-02
1.264571313096403415e-01 -7.500838089796851849e-02
1.226022082279153297e-01 -7.452591863437113551e-02
1.187475587196117760e-01 -7.404349060981026132e-02
1.167588683315512466e-01 -7.211021754376974180e-02
1.150727661494390375e-01 -6.994161038398216679e-02
1.131286129088378695e-01 -6.983485770834695072e-02
1.109600655826465249e-01 -7.152103684357366542e-02
1.088922241614890957e-01 -7.240034532653713550e-02
1.072061219793768866e-01 -7.023173816674956049e-02
1.055200112375055399e-01 -6.806319940031735349e-02
1.036207368140224239e-01 -6.759786036250975405e-02
1.016934120598706470e-01 -6.735664635022932389e-02
9.990072375707297059e-02 -6.603967325143172973e-02
9.821461301520163778e-02 -6.387113448499952273e-02
9.647241017175209321e-02 -6.215077737626625853e-02
9.454481184417885820e-02 -6.190952912494930571e-02
9.261748709002708135e-02 -6.166831511266886862e-02
9.090894121947627748e-02 -5.967903533064516236e-02
8.922283903736406840e-02 -5.751042817085759429e-02
8.739648520190851366e-02 -5.646244613870581019e-02
8.546916044775673682e-02 -5.622123212642538004e-02
8.360354299717237536e-02 -5.548697041532733160e-02
8.191743225530104255e-02 -5.331843164889511766e-02
8.023133007318881960e-02 -5.114982448910754265e-02
7.832056023206496187e-02 -5.077411490114536186e-02
7.639323547791318503e-02 -5.053290088886493170e-02
6.747504843518084550e-02 -3.994767281019127869e-02
5.398592316582515038e-02 -2.259905486627558635e-02
4.365613770450235687e-02 -1.056248208127300720e-02
4.148759037831101226e-02 -1.224866121649971495e-02
3.931905161187879832e-02 -1.393477195837105644e-02
3.761050574132799446e-02 -1.194549217634735191e-02
3.592412142603520347e-02 -9.776919170878620516e-03
3.544830806044072663e-02 -7.759785508653659937e-03
3.568952207272116373e-02 -5.832460754501881360e-03
3.294425855847630397e-02 -4.123133255760764310e-03
2.330763478771740588e-02 -2.917063194358587505e-03
1.367073744353705655e-02 -1.710958893919891505e-03
1.132861472828177590e-02 -3.329845419107623720e-03
9.160067402090433034e-03 -5.016024554334331045e-03
7.148326642270331523e-03 -5.447082986243492915e-03
5.221001888118552946e-03 -5.205868973963057554e-03
3.372212923983558368e-03 -4.337145926219791552e-03
1.686110741871344083e-03 -2.168538766432213938e-03
