5.691737642995874457e-06 -4.154599187197756567e-03
-2.304959371445984085e-04 -8.309410234756904601e-03
-4.379280292937545033e-03 -1.246970098913754640e-02
-8.043358912043777759e-03 -1.711335689664155585e-02
-8.031852513456083989e-03 -2.542243200681514048e-02
-8.748394685620684841e-03 -3.228046774551950049e-02
-1.290302451841381266e-02 -3.228625184609889426e-02
-1.657279487516304106e-02 -3.277530856640514800e-02
-1.864724851471036629e-02 -3.485551557570643749e-02
-2.011570476411146668e-02 -3.753979807948364111e-02
-2.011001302646846581e-02 -4.169439726668139334e-02
-2.155828475952842674e-02 -4.439880846111254192e-02
-2.571288377626607460e-02 -4.440462329251736173e-02
-3.155677658290777926e-02 -4.780084742708297363e-02
-3.985434529449367186e-02 -5.612142893584425724e-02
-4.331573504707637856e-02 -6.153118739075507521e-02
-4.123558966988605939e-02 -6.360557956865153795e-02
-4.024294674286611057e-02 -6.677049031796827849e-02
-4.023722418916763494e-02 -7.092512023599145676e-02
-4.265490739560101607e-02 -7.266280112417587700e-02
-4.680950641233866394e-02 -7.266861595558068987e-02
-4.829814717808090380e-02 -7.533276976870396935e-02
-4.829245544043790639e-02 -7.948736895590170770e-02
-5.119481356750251594e-02 -8.074171542178817940e-02
-5.534941258424015686e-02 -8.074753025319300614e-02
-5.634908310095872869e-02 -8.704123357900681035e-02
-5.633757670237102971e-02 -9.535030868918038804e-02
-5.972367138870136871e-02 -9.688782575806371977e-02
-6.387814748213731242e-02 -9.689351732524660588e-02
-6.439756132991877879e-02 -1.005244632471876953e-01
-6.439174666897408417e-02 -1.046789391701635208e-01
-6.632481624596697767e-02 -1.069001392065186407e-01
-6.839914696221259527e-02 -1.089802229515979964e-01
-6.841363974091074773e-02 -1.131146934481418453e-01
-6.850880929378272421e-02 -1.171684644561971078e-01
-7.058326293333003210e-02 -1.192486714654983904e-01
-7.287974659355013485e-02 -1.211072166900827168e-01
-7.703434561028776884e-02 -1.211130315214875297e-01
-7.913170957229288816e-02 -1.211158436284266310e-01
-7.082263446211931046e-02 -1.211043372298389320e-01
-6.436769768199325503e-02 -1.220231271285329849e-01
-6.436200594435023681e-02 -1.261777263157307372e-01
-6.494185041785345558e-02 -1.297481629014880788e-01
-6.701630405740079122e-02 -1.318283699107893892e-01
-6.767893388101765828e-02 -1.339065602809368927e-01
-6.559878850382733217e-02 -1.359809524588333485e-01
-6.434431894417905196e-02 -1.388833104154378606e-01
-6.433862720653606149e-02 -1.430379096026356267e-01
-6.148791084052123573e-02 -1.481363927862803520e-01
-5.524747470895027129e-02 -1.543595693199697749e-01
-5.221523427164122960e-02 -1.595183633762210229e-01
-5.220941961069652804e-02 -1.636728392991968484e-01
-5.101542831548634693e-02 -1.666358432529912448e-01
-4.893528293829603470e-02 -1.687102354308877006e-01
-4.816427072424740025e-02 -1.720973915723453540e-01
-4.815845606330269174e-02 -1.762518674953212072e-01
-4.672276674088803039e-02 -1.789725647196253600e-01
-4.464262136369771122e-02 -1.810469568975218435e-01
-4.256674622003808750e-02 -1.800154780080762962e-01
-4.049241550379244214e-02 -1.779353942629969265e-01
-3.674172252626600049e-02 -1.775267905027353432e-01
-3.258724643283004291e-02 -1.775210989355524571e-01
-3.022511500153204217e-02 -1.793127229883400842e-01
-2.814496962434171606e-02 -1.813871151662365400e-01
-2.798867665272677940e-02 -1.777163588094054225e-01
-2.799449131367148791e-02 -1.735618828864295971e-01
-2.392069199440936128e-02 -1.734754918307581661e-01
-1.984673066358918353e-02 -1.735505383289398518e-01
-1.776655447034338614e-02 -1.756249612376617475e-01
-1.588775746134329231e-02 -1.779012602110805752e-01
-1.588206572370030878e-02 -1.820558593982783413e-01
-1.458644506036858163e-02 -1.855632289154072745e-01
-6.277369950194975311e-03 -1.855517225168195894e-01
2.582296107103046034e-04 -1.864299951089776752e-01
2.639213483533131240e-04 -1.905845942961754413e-01
8.320826843203473974e-04 -1.930442103363732009e-01
2.906413400565964998e-03 -1.909641265912938590e-01
5.667510388377869530e-03 -1.895686638341315955e-01
9.821986481813817574e-03 -1.895629722669487094e-01
1.236530685982269694e-02 -1.911729048566105649e-01
1.237112152076739677e-02 -1.953273807795863903e-01
1.516130943262057953e-02 -2.004058219143198538e-01
2.140174556419154744e-02 -2.066289984480092767e-01
2.553897797795093641e-02 -2.086601671426114024e-01
2.761330869419655401e-02 -2.065800833975320605e-01
2.851644406484806285e-02 -2.033317977137938104e-01
2.851062940390337516e-02 -1.991773217908179849e-01
3.108997329647853608e-02 -1.976006086252939942e-01
3.524444938991449366e-02 -1.975949170581111081e-01
3.657161368400738827e-02 -1.947694875322326935e-01
3.656579902306267282e-02 -1.906150116092568403e-01
3.809499337689985915e-02 -1.879910533748703760e-01
4.016932409314547675e-02 -1.859109696297910341e-01
4.058314264780259889e-02 -1.788717586820802175e-01
4.057163624921492073e-02 -1.705626835719066259e-01
4.411949234205436027e-02 -1.693477565054096190e-01
4.827396843549029704e-02 -1.693420649382267329e-01
5.053542568269319551e-02 -1.712346423887755320e-01
5.261557105988351468e-02 -1.733090345666719878e-01
6.074322819940372598e-02 -1.733582800954548420e-01
6.893113457941948963e-02 -1.732259400912926628e-01
7.307991893521244287e-02 -1.690656493369120383e-01
7.722926743953122120e-02 -1.652683004540188572e-01
8.138374353296715102e-02 -1.652626088868359711e-01
8.493405159853069375e-02 -1.658627609704421413e-01
8.493986625947538838e-02 -1.700172368934179667e-01
8.452146744156605052e-02 -1.737489184611050175e-01
8.244713672532043292e-02 -1.758290022061843594e-01
8.146030845924517871e-02 -1.768185673798434443e-01
8.353463917549079631e-02 -1.747384836347641024e-01
8.760653384789378328e-02 -1.733211413646760235e-01
9.591560895806738873e-02 -1.733096349660883106e-01
1.002909336934734857e-01 -1.725169438275479528e-01
9.821078831628314576e-02 -1.704425516496514692e-01
9.703695644255232178e-02 -1.674593323634604725e-01
9.703114178160762715e-02 -1.633048564404846748e-01
9.599830293493065436e-02 -1.601802530917392497e-01
9.391815755774031438e-02 -1.581058609138427662e-01
9.298599289515846467e-02 -1.548803041673361414e-01
9.298017823421378392e-02 -1.507258282443603159e-01
9.551915309410669019e-02 -1.491088576975284907e-01
9.967362918754262002e-02 -1.491031661303455769e-01
1.052255843363743421e-01 -1.532701491793813930e-01
1.114660204679452787e-01 -1.594933257130707882e-01
1.116477735631819929e-01 -1.596745761214325154e-01
1.095676281859916806e-01 -1.576001839435360596e-01
1.091187979457077795e-01 -1.538899522763982064e-01
1.091131062080647890e-01 -1.497353530892004680e-01
1.161207459939619380e-01 -1.420620012505079965e-01
1.244183147055478306e-01 -1.337414197417467199e-01
1.233457770753552257e-01 -1.310605636831579934e-01
1.212656316981648857e-01 -1.289861715052615099e-01
1.211793022746044390e-01 -1.249124336476502561e-01
1.212139795696437206e-01 -1.207980918417603799e-01
1.232883102858893520e-01 -1.187180080966810242e-01
1.250400737140633656e-01 -1.166383094954484279e-01
1.229599283368730533e-01 -1.145639173175519582e-01
1.211617073816794593e-01 -1.122066955528957660e-01
1.211558927207347647e-01 -1.080522196299199544e-01
1.215541378383584309e-01 -1.043004401024043709e-01
1.236284685546040485e-01 -1.022203563573250151e-01
1.251778166087268995e-01 -9.961649608276706980e-02
1.251720019477822188e-01 -9.546202015979124433e-02
1.258125845257214992e-01 -9.195190784342463508e-02
1.278869152419671307e-01 -8.987182409834527930e-02
1.291918032664399196e-01 -8.549353309049262384e-02
1.291802968678522068e-01 -7.718445798031903227e-02
1.300598599390801746e-01 -7.153630281000360192e-02
1.321341906553258061e-01 -6.945621906492424613e-02
1.331960709703163270e-01 -6.435225617445802793e-02
1.331845645717286419e-01 -5.604318106428445717e-02
1.343071353524388778e-01 -5.112069777658258263e-02
1.363815889919861857e-01 -4.904049076728129314e-02
1.372038017418605038e-01 -4.571175212349836564e-02
1.371981100042174995e-01 -4.155715293630059259e-02
1.385655820398019322e-01 -3.877216551760284680e-02
1.406400356793492679e-01 -3.669195850830155731e-02
1.412198801528524450e-01 -3.312152192254421562e-02
1.412141884152094684e-01 -2.896692273534646339e-02
1.428240287271649867e-01 -2.642363325862310403e-02
1.448984823667123223e-01 -2.434342624932181454e-02
1.452311549978433924e-01 -1.706250951358600706e-02
1.452197715225574115e-01 -8.753311139190486992e-03
1.396445039143001388e-01 -2.307428870158127667e-03
1.334040369666736892e-01 3.915778394356713051e-03
1.330956105100560005e-01 8.170680018587008278e-03
1.330495999294542819e-01 1.228484854099152861e-02
1.288951238360183382e-01 1.227915697380864771e-02
1.250224800573329076e-01 1.255614099833811219e-02
1.250166653963881991e-01 1.671061692131394286e-02
1.244873203934885458e-01 2.034011052308722090e-02
1.203328443000526021e-01 2.033441895590433132e-02
1.154097717689631375e-01 2.186027563115259739e-02
1.070891594441463618e-01 3.015787507356390562e-02
9.977975485069132122e-02 3.644007200079001085e-02
9.562515583395368723e-02 3.643425716938518411e-02
9.147241127435161434e-02 3.517817916966484854e-02
8.732362691855866110e-02 3.101788841528421367e-02
7.869557878348380775e-02 2.834381718474716580e-02
6.207739774708114638e-02 2.832083511839718001e-02
5.326527001835438396e-02 2.744137333107221979e-02
5.534544621160018829e-02 2.536695042235032407e-02
5.643876332271526020e-02 2.230299307079476948e-02
5.644445506035825066e-02 1.814839388359701378e-02
5.422874028155820481e-02 1.620930316557150572e-02
5.007414126482055694e-02 1.620348833416669285e-02
4.714816064860883477e-02 1.742969940095850587e-02
4.506801527141851560e-02 1.950409157885497555e-02
4.163854081142948083e-02 2.022541239261893206e-02
3.748394179469183990e-02 2.021959756121411919e-02
3.333345099992680166e-02 1.726934921632036768e-02
2.918466664413385189e-02 1.310905846193972588e-02
2.503156186508668710e-02 1.213532682100224372e-02
2.087693203229355407e-02 1.212954272042284995e-02
1.672714230275064440e-02 8.695258973239087391e-03
1.257835794695769636e-02 4.534968218858445588e-03
8.424552102688399532e-03 4.045271980210973610e-03
4.269953085950754269e-03 4.039457148806157270e-03
2.074453639547324795e-03 2.080207009301286453e-03
