-7.936459369049255440e-04 -3.498903473972336895e-03
-8.790281304416464308e-04 -8.148188040578280972e-03
1.044953834626090837e-03 -1.136302755605481281e-02
4.539627017584108720e-03 -1.372505305945408670e-02
8.756944613943391797e-03 -1.825736452127415047e-02
1.237906260914303780e-02 -2.103970632267769189e-02
1.364385630417186412e-02 -2.556405412850771414e-02
6.477001997346061232e-03 -2.627751105161300546e-02
2.711879625631081168e-03 -2.249202289565151516e-02
-2.119315684126751864e-03 -2.313464823423166603e-02
-7.711007000820893457e-03 -1.974707434362165184e-02
-9.510413594631037665e-03 -1.800669880925948388e-02
-1.386049920195824188e-02 -2.138887840616144134e-02
-1.634438391444328204e-02 -2.240207101383907135e-02
-1.354238882620929091e-02 -2.419657170662089032e-02
-8.017449066010387537e-03 -2.373581700576286521e-02
-5.691891974255292898e-03 -2.741026484096130075e-02
-2.139452753710616075e-03 -2.741984661060089395e-02
2.689134662076319692e-03 -2.934410257000021408e-02
6.765968841042390922e-03 -3.352893069303163054e-02
5.043858801693491996e-03 -3.649825216816420664e-02
8.664510598901442378e-04 -3.782398145758290864e-02
-4.268913174992488430e-03 -3.684165887147151930e-02
-8.694886530857570336e-03 -3.340151882080361762e-02
-1.144310185616001681e-02 -3.232279306071107056e-02
-1.397869735842780133e-02 -3.185313934528591351e-02
-1.834160631514200612e-02 -3.362834075063026590e-02
-2.034597335447549740e-02 -3.798102916130639828e-02
-1.771144207901409473e-02 -4.148917924086247683e-02
-1.249861183138734760e-02 -4.234744785895563912e-02
-3.545227703374227105e-03 -4.338720005103177679e-02
-3.601772312576134185e-04 -4.456565650119324179e-02
2.279624606564682222e-03 -4.611974661589716279e-02
5.683618501987832902e-03 -4.715310966367960988e-02
7.555590418870069755e-03 -5.058636096779105251e-02
9.281575909183336498e-03 -5.412206039170931043e-02
4.008725679203690127e-03 -5.645188508878988543e-02
-5.421787453853659910e-04 -5.484977205797199329e-02
-7.860489117434955875e-03 -5.451292832794057269e-02
-1.677829859467594789e-02 -5.617726549081911852e-02
-2.068898702924579919e-02 -5.393838080798724066e-02
-2.377072244173613139e-02 -5.258449301581893248e-02
-3.069972183823918566e-02 -5.249296189164950194e-02
-3.483184881121505205e-02 -5.132908254686387867e-02
-3.839959612372193659e-02 -4.904828079256618595e-02
-4.204749248097162939e-02 -4.788141809488784956e-02
-4.726455435772477370e-02 -4.700171703065635087e-02
-4.035583951831003130e-02 -5.302828411241353179e-02
-3.743249488488346877e-02 -5.431745543474580940e-02
-3.422296960426703810e-02 -5.754434123992043654e-02
-2.929703249652716376e-02 -5.991451663849325926e-02
-2.466172449932803670e-02 -6.200109297220000870e-02
-2.116666987413681061e-02 -6.422169884221255731e-02
-1.681459408494267657e-02 -6.645319517622522154e-02
-1.561485031081700711e-02 -6.967894956235665127e-02
-1.733451000532989367e-02 -7.173980616860546611e-02
-1.576075194787737721e-02 -7.452088634069625739e-02
-1.067669011875737629e-02 -7.863987866036142860e-02
-1.218683098718920804e-02 -7.451765773915125513e-02
-8.336099596628584671e-03 -7.196976077143149575e-02
-2.519407003145841210e-03 -7.455660138298186856e-02
5.169608921291651490e-03 -7.566578524697994967e-02
8.360753152543420885e-03 -7.776559792402014393e-02
5.406207823807596471e-03 -8.009738620078439564e-02
4.059777727178532324e-03 -8.359479868500291344e-02
2.672817528757414664e-03 -8.623505131177844341e-02
2.846843767446328869e-04 -8.827697329192238374e-02
5.004695204956588137e-03 -8.914675481678029090e-02
8.214009839734756971e-03 -8.927112129046134437e-02
1.171999004770877401e-02 -8.745076648053305701e-02
1.525794334584726179e-02 -8.488915756372220067e-02
1.872174997033362528e-02 -8.757249376451645140e-02
2.117733923489070746e-02 -9.228860559252570483e-02
1.970330543877305343e-02 -9.543430619520298919e-02
2.458526635845392772e-02 -9.980556866276496519e-02
2.668876824727496253e-02 -1.015981853540154356e-01
4.055253888262043416e-02 -1.012413433016267766e-01
4.568674729180510069e-02 -1.026521880392839703e-01
5.763506942447210041e-02 -1.038585705453801689e-01
6.125189973680657263e-02 -1.054110064996894441e-01
6.465159265638328878e-02 -1.064486473842296416e-01
6.738959093217111729e-02 -1.081444230202021073e-01
7.093279384911031771e-02 -1.099880544283567824e-01
7.511674867413421774e-02 -1.125962277846322968e-01
7.939379856398796897e-02 -1.156374146367142169e-01
8.354440009935547307e-02 -1.210694649076572427e-01
8.760093760516629580e-02 -1.248471340491071613e-01
8.790155385353892736e-02 -1.261892310669349149e-01
8.964159802654346476e-02 -1.292836009839505862e-01
9.247113985346148979e-02 -1.288069972816987263e-01
9.603931632374683447e-02 -1.309335373738928776e-01
9.819758166669036170e-02 -1.346675337985344112e-01
9.982080694168365964e-02 -1.381729561463743428e-01
1.016029172168453482e-01 -1.399647059683513384e-01
1.093273566716541079e-01 -1.390727796948175721e-01
1.059086225354873012e-01 -1.355625144344813349e-01
1.041993537027117861e-01 -1.337709610831201434e-01
1.024900848699362710e-01 -1.319794077317589243e-01
1.005750747292502578e-01 -1.286188823156822481e-01
9.737710770561351648e-02 -1.211067749950497235e-01
9.295119346503619151e-02 -1.192350260804204976e-01
9.139555104976217204e-02 -1.145084994647147802e-01
8.818676551452349355e-02 -1.110073532053708761e-01
8.541741566337338054e-02 -1.066417889500343580e-01
8.285110252750628457e-02 -1.048479239472772107e-01
7.942776822763628064e-02 -1.030431684805199477e-01
7.654015469635247482e-02 -9.962430934543989314e-02
7.274222693274057239e-02 -9.688865100094698479e-02
7.453801366148990470e-02 -9.361955532991084183e-02
7.889989083002807435e-02 -9.221719218838847487e-02
8.105813049875075504e-02 -9.278009109053590719e-02
8.418282328932648328e-02 -9.409122652895114680e-02
8.595571304327491446e-02 -9.931117978875693419e-02
8.971280843086421042e-02 -1.028823575043943811e-01
9.141992744477255017e-02 -1.054709557804507924e-01
9.374594555691316555e-02 -1.073841722804316501e-01
9.730852779978009515e-02 -1.115847710942706739e-01
9.998312342598739133e-02 -1.081809145541755279e-01
1.026615808086322190e-01 -1.049356206873033465e-01
1.090722135323732161e-01 -1.065684603155867549e-01
1.199408479441873288e-01 -1.076990886759631866e-01
1.260145136370570684e-01 -1.071541037340221769e-01
1.286633077621256449e-01 -1.053743051102564166e-01
1.295317729668688800e-01 -1.027326278246193103e-01
1.252842155381964362e-01 -1.014698846943112437e-01
1.210731402862409989e-01 -9.938445261675811493e-02
1.161402352639420432e-01 -9.801701906196735870e-02
1.129735067964483114e-01 -9.639721844898518910e-02
1.103321214830634833e-01 -9.543020158950567267e-02
1.059741740795707987e-01 -9.537560510872224173e-02
1.034513268879180270e-01 -9.335043695933521735e-02
1.060328044512987844e-01 -8.952209342620490173e-02
1.014957146930417775e-01 -8.597881178852981310e-02
9.423175042722838068e-02 -8.614777132171687335e-02
9.152223644423017335e-02 -8.342360140678795055e-02
8.671896931538956854e-02 -8.165370271694767645e-02
8.604603353021014756e-02 -7.852794785404877687e-02
8.892962141809115928e-02 -7.549746990725579587e-02
8.722160089682233497e-02 -7.324310530884853288e-02
8.295160158605376088e-02 -6.758791763938740149e-02
8.294933226904496748e-02 -6.365834212445607709e-02
8.194419755142781647e-02 -5.660638513074134348e-02
8.181880794726215100e-02 -4.907256537141217734e-02
8.598978978170228327e-02 -4.695832074644329390e-02
9.587413069138252253e-02 -4.283257025045253408e-02
1.022277563182130700e-01 -4.176555215290765621e-02
1.053089459208092910e-01 -4.014118262176074453e-02
1.071686369761960661e-01 -3.700510110303422556e-02
1.127436783763943462e-01 -3.544316845800927346e-02
1.156096706872241364e-01 -3.416532291056880583e-02
1.171900489976731574e-01 -3.131132934369365572e-02
1.230592113921608333e-01 -3.032868866384236944e-02
1.233275732902446575e-01 -2.774539257240606072e-02
1.181233217846760775e-01 -2.688717324831805394e-02
1.156266035619177707e-01 -2.788746292845637950e-02
1.128254992689163710e-01 -3.052392742890830055e-02
1.064536441232716568e-01 -3.199800059377361922e-02
9.822071988115960162e-02 -3.393844750371977081e-02
9.243798509236550442e-02 -3.624544973388746372e-02
8.766054339062274992e-02 -3.760384993461088343e-02
8.415397678662921155e-02 -3.965130795484786419e-02
7.820344168289460052e-02 -4.220640956733547750e-02
7.911655086867640241e-02 -3.413544486125418692e-02
8.289350460085732897e-02 -3.193445331947406679e-02
8.480943551474828812e-02 -3.018267789756640812e-02
8.744112004104755143e-02 -2.680441608601595582e-02
8.923315033627848836e-02 -2.492801740750362482e-02
9.188129720177802551e-02 -2.338819014240685334e-02
9.430103357126640162e-02 -2.074214428246498945e-02
9.889954222597105438e-02 -1.740776624371081702e-02
9.931305657117564523e-02 -1.661183086653620494e-02
9.573186857861760990e-02 -1.931900711376800459e-02
9.043520188855587449e-02 -2.252723914281246076e-02
8.753425008356807702e-02 -2.405354237571738149e-02
8.403043435037937936e-02 -2.508111558288206658e-02
8.138192918173531298e-02 -2.675378366876137240e-02
7.962873163609822391e-02 -2.853602408364659324e-02
7.757496237200411926e-02 -3.054026913989464631e-02
7.019640138959448716e-02 -3.030610477946482292e-02
6.591473983703920181e-02 -2.897469097234749852e-02
5.872375704516413081e-02 -3.068223842299082696e-02
5.522293486102739651e-02 -3.059995390440513677e-02
5.248127390509597923e-02 -3.185242433300536358e-02
4.907072642717223016e-02 -3.324880071602742682e-02
4.556656396038333279e-02 -3.440492533767254557e-02
3.692284026767243127e-02 -3.454445286307814000e-02
3.359760950980959088e-02 -3.608674331012133585e-02
3.077821411812009175e-02 -3.438216925184021944e-02
2.551668969830525602e-02 -3.092264392720618649e-02
2.181760395451217208e-02 -2.966993287479531907e-02
1.878616833035271980e-02 -2.556079256659143234e-02
1.766430671983738876e-02 -2.205669636014877602e-02
1.365816543195638375e-02 -2.025894779997750722e-02
1.023943129578957015e-02 -1.674868253964126655e-02
8.896707551803320277e-03 -1.410104115389687086e-02
7.682561306667984487e-03 -1.145377272721514669e-02
6.197055741152647859e-03 -7.730169769989110942e-03
3.557311680506050882e-03 -6.154658778691183933e-03
2.563804943309390925e-03 -2.723776903151371200e-03
