-3.224020810358018286e-03 -2.007857254679130748e-04
-6.962959523467903908e-04 -3.187291398919476961e-03
2.359965272098699801e-03 -7.233671873614423535e-03
2.969914133430269585e-03 -1.064941482161502542e-02
-6.030030655919199839e-04 -1.180511907724134113e-02
-2.809093318667181104e-03 -1.418820290955860423e-02
-3.744827881982557352e-03 -1.763899056641937343e-02
-7.913990308762173034e-03 -1.912430057109456086e-02
-9.493834710853663733e-03 -2.081705491629125965e-02
-1.263569783403696231e-02 -2.665094758155339347e-02
-2.135660536421537387e-02 -2.510504549548455561e-02
-2.304935970941206919e-02 -2.352520109339306664e-02
-2.858559161051291847e-02 -1.795724090637000614e-02
-3.141083609217373840e-02 -8.399606501629512667e-03
-3.605519318139048524e-02 -6.001379039360715470e-03
-3.930350296021359324e-02 -6.158226873647275335e-03
-4.415148703731356511e-02 -1.047702911867161822e-02
-4.845870714484086517e-02 -1.203865773045069594e-02
-5.560527186444347292e-02 -1.107283173134346148e-02
-5.787901419039189616e-02 -1.151034909464775796e-02
-6.302448708723930315e-02 -1.189652792675392756e-02
-6.563086216457622579e-02 -1.251791294563943564e-02
-6.508305475554689024e-02 -1.567300626333205035e-02
-6.228043265078243157e-02 -1.777829631686339562e-02
-5.413311290496287259e-02 -2.214049025221713138e-02
-5.360885830117646800e-02 -2.457113720090211770e-02
-5.060463302073469477e-02 -2.852336386191520884e-02
-4.481427910828592043e-02 -2.719890479683414325e-02
-3.862839663575193955e-02 -2.790915649879326804e-02
-2.952605807452932107e-02 -2.959656908268132325e-02
-2.899067457652767382e-02 -3.501190274577842265e-02
-2.723057715599928180e-02 -3.635785619376313837e-02
-2.212013934019398803e-02 -3.706446094858812518e-02
-2.016370039575819673e-02 -3.912130153288555234e-02
-1.734683480208671497e-02 -4.273462371655591119e-02
-1.547368139642440327e-02 -4.464080368532041820e-02
-1.574862912626272260e-02 -4.885710034866137808e-02
-1.988186412233119982e-02 -4.950313690179007631e-02
-2.313017390115430436e-02 -4.965998473607664138e-02
-2.691021592809068538e-02 -5.093018807844289925e-02
-3.339250440447772555e-02 -5.205537417622058127e-02
-3.566624673042616267e-02 -5.249289153952487602e-02
-3.954844244347256038e-02 -5.300016549620978346e-02
-4.259163160956716543e-02 -5.796009828416621990e-02
-4.317001051283128610e-02 -6.038980014555884318e-02
-4.031160590715867492e-02 -6.015760479608567995e-02
-3.703902203058967446e-02 -6.004469057030332318e-02
-3.251118630140908267e-02 -5.923788270334117562e-02
-2.854177539428810750e-02 -5.932565044564113571e-02
-2.279865945570921232e-02 -5.992423450376126171e-02
-1.879513511876501619e-02 -6.002182670741934567e-02
-1.506645183888686602e-02 -5.898486777097763922e-02
-9.047529096465558099e-03 -5.860748394079844797e-02
-4.624947892730470189e-03 -5.882576198624914210e-02
-1.245161001516489679e-03 -5.874372157996583105e-02
2.027437745771698292e-03 -5.863081163686062469e-02
5.300006751621504954e-03 -5.851789312840113833e-02
6.999043410814491731e-03 -6.009426465269988860e-02
9.666365208885857943e-03 -6.195477858380911418e-02
1.233368700695722936e-02 -6.381529251491833976e-02
2.395946069695174818e-02 -6.854073240185275251e-02
2.503609003388335488e-02 -7.493518340266973332e-02
2.519291669208581150e-02 -7.818345487470017285e-02
2.450775593931917365e-02 -8.435546701214730048e-02
3.302248245463856868e-02 -8.789999811736291802e-02
3.709458503020245101e-02 -9.081942237717634259e-02
3.998431752926919630e-02 -9.456455823439076369e-02
4.140370638413460452e-02 -9.861447161561889829e-02
4.424483977018707492e-02 -1.022716933836779335e-01
4.251662888486969910e-02 -1.059639127528643476e-01
3.817175320015732398e-02 -1.075463574553157664e-01
3.387992563848347960e-02 -1.057562592764992315e-01
3.056800732381497257e-02 -1.043750117072294176e-01
2.634513009211720061e-02 -1.042511900124982321e-01
2.798622743589513837e-02 -1.062119319778286747e-01
3.327618794857911677e-02 -1.066800100154752101e-01
3.442885936020187443e-02 -1.149907830860221747e-01
3.586078310162147537e-02 -1.190337421463105588e-01
3.658063185921119065e-02 -1.165708971163987168e-01
3.938556393641237663e-02 -1.109724234777509783e-01
4.873230284478640567e-02 -1.123608259384498709e-01
4.889707892515399168e-02 -1.092051419008010227e-01
5.192085326661417116e-02 -1.048622990573498392e-01
5.646833791851103151e-02 -1.039872643307412359e-01
5.979195885170425495e-02 -1.037887843151100026e-01
5.967129260693189441e-02 -1.005614589075358306e-01
5.635482523803145294e-02 -1.006617349530793543e-01
5.219735294865746056e-02 -9.726919321957502862e-02
5.633334936960716910e-02 -9.432315856005028809e-02
5.888965531492289934e-02 -9.400396062448711232e-02
6.335119780293735348e-02 -9.423345928404341931e-02
6.864115831562131453e-02 -9.470153732168995475e-02
7.312126031115664948e-02 -9.704717816472961667e-02
7.766373095294831774e-02 -1.015215779581057493e-01
8.075410560721703324e-02 -1.055777828941588253e-01
8.245665467233348478e-02 -1.071235053010728272e-01
8.492915009426205142e-02 -1.088909675995643062e-01
8.796510240646594758e-02 -1.123299143105355447e-01
8.836850633994700055e-02 -1.145938321751258371e-01
9.154750196885583224e-02 -1.218786979672857457e-01
9.195090590233689909e-02 -1.241426158318760520e-01
9.288822407244978763e-02 -1.282172812644425119e-01
9.455873801185214755e-02 -1.334107299596085372e-01
9.576551200100481831e-02 -1.352305429884100019e-01
9.816195898997821800e-02 -1.380315023772164251e-01
1.005584357203899853e-01 -1.408324703313770798e-01
1.036809604445632360e-01 -1.438425357141992766e-01
1.063922201338159679e-01 -1.456787606768434329e-01
1.083092049696607606e-01 -1.472862392881097715e-01
1.138866462257372703e-01 -1.478371100402181282e-01
1.162024836041302550e-01 -1.535382968173290008e-01
1.186250249971023407e-01 -1.555341259258505027e-01
1.252599909971005288e-01 -1.470809342096941197e-01
1.286777317198601056e-01 -1.468304245554240828e-01
1.262234428474152959e-01 -1.407305007258191631e-01
1.313176499146204435e-01 -1.349153577823756778e-01
1.364224402319431373e-01 -1.353301079242804905e-01
1.396950389792313285e-01 -1.352171979811752911e-01
1.424062689270456927e-01 -1.370534143784651604e-01
1.458737930614841527e-01 -1.369966417673051939e-01
1.499260338744967114e-01 -1.371082640212724635e-01
1.537248776325015887e-01 -1.371469094567817348e-01
1.579114668136863131e-01 -1.369753343912309129e-01
1.526507774132066508e-01 -1.259247576533937818e-01
1.514111968166879651e-01 -1.238158004368681980e-01
1.479007846781327795e-01 -1.217494244047444829e-01
1.440395425324331735e-01 -1.195820114535444539e-01
1.418394314374766263e-01 -1.158244219967630717e-01
1.451437206238599675e-01 -1.135676165892709755e-01
1.484796388934617184e-01 -1.134729422854259817e-01
1.526341719846216471e-01 -1.113237950088606376e-01
1.467351527002857814e-01 -1.076935479241520749e-01
1.413759825855322172e-01 -1.040393422034783105e-01
1.390009498571787849e-01 -1.022999485709594480e-01
1.369962575195479149e-01 -1.006672107299240310e-01
1.338123468915413672e-01 -9.869486515707634466e-02
1.321691248113958661e-01 -9.443275010868647235e-02
1.369817361838367720e-01 -8.871590903097530123e-02
1.413690757720596214e-01 -8.715097582198007287e-02
1.418497029682167232e-01 -8.317334553031867361e-02
1.414121856049124493e-01 -8.089960320437024344e-02
1.397194312597157539e-01 -7.931975880227876141e-02
1.339740141258278228e-01 -8.079964850242549179e-02
1.306580677436135485e-01 -7.769165389109103370e-02
1.292473539061704257e-01 -7.416140606758567233e-02
1.241717994227764105e-01 -7.375507566893722833e-02
1.209079731248541567e-01 -7.070431628793499845e-02
1.185037045625720320e-01 -6.895650291215978112e-02
1.132408620515769071e-01 -6.487622529954051309e-02
1.150069196319666170e-01 -6.240860747350646109e-02
1.146035156984855502e-01 -6.014468960891616173e-02
1.143797358095915845e-01 -5.725706404003402805e-02
1.176620509781751839e-01 -5.318920769691481282e-02
1.147359027915123980e-01 -4.887422438359263072e-02
1.100940677040312121e-01 -4.859280254639637003e-02
1.065749128575485122e-01 -4.969010440373439197e-02
1.043109949929582059e-01 -5.009350833721545881e-02
1.015305575680018751e-01 -5.034815776293130596e-02
9.464621887655035037e-02 -5.153170561550367290e-02
9.187919927177259916e-02 -4.376918365161247548e-02
8.752694703851422731e-02 -3.892741261893968574e-02
8.247578053459279912e-02 -3.852810581080009372e-02
7.863503151489432963e-02 -3.953279049231813586e-02
7.492874311313170443e-02 -3.952080043932542502e-02
7.022316707352198317e-02 -4.402307224394969021e-02
6.794061277007691635e-02 -4.766119036274246712e-02
5.264698306222060503e-02 -4.187414799179172559e-02
5.210191236776184898e-02 -3.940584546592167808e-02
4.502269072349094486e-02 -3.820612851270766691e-02
4.274894839754251469e-02 -3.864364587601196166e-02
3.950067692551206822e-02 -3.880047253421441827e-02
4.068641899579449744e-02 -4.232400125022475063e-02
4.626287963437545475e-02 -4.498538674805509230e-02
4.944210378437471215e-02 -4.820174523662569543e-02
4.605534642726460265e-02 -5.125800991313504001e-02
4.208593552014362055e-02 -5.117024217083507992e-02
3.963196986429756014e-02 -5.151891349047266894e-02
3.635940085844775044e-02 -5.163183199893215530e-02
3.257028255079352091e-02 -5.159598743427213502e-02
2.842640751615749597e-02 -4.934717792135775299e-02
2.604164933745342289e-02 -4.760498341798964639e-02
2.397848533196510201e-02 -4.595540609044149183e-02
2.166192427146908586e-02 -4.423285194443536683e-02
1.781528517201462838e-02 -4.206964458218637182e-02
1.189676910058269123e-02 -4.142054634720522543e-02
9.689721490869359147e-03 -3.598287934082072120e-02
1.209149966585428351e-02 -3.130785195813510363e-02
1.555032083226935355e-02 -2.875256561258198243e-02
1.738749825003454638e-02 -2.757720319341073340e-02
1.547430001582500263e-02 -2.450907776221821974e-02
1.254280582533062391e-02 -2.472022375355048540e-02
9.270207078042437890e-03 -2.483313369665569523e-02
7.972376430629032201e-03 -1.995807592519774354e-02
9.877355492071551030e-03 -1.700808171005924532e-02
1.343192044641650096e-02 -1.199489374799404991e-02
1.042012367682991839e-02 -9.333324036404156213e-03
7.572410268284320879e-03 -7.457801228327480200e-03
4.299841262434512916e-03 -7.570719736786966567e-03
2.352538839230416869e-03 -2.825256922625761762e-03
