2.135123393115757884e-03 -1.626404347169013286e-03
6.335848713985577085e-03 -7.912537015285178374e-03
4.132278464040606801e-03 -1.015111371970271736e-02
4.021229177866286232e-03 -1.128138166149891299e-02
5.080908467848986414e-03 -1.359406424144268648e-02
6.947158723591070027e-03 -1.539205309238535560e-02
1.101204555255597649e-02 -1.873807166916359804e-02
1.310825497664786302e-02 -2.054065235235149126e-02
1.558192936494612151e-02 -2.293472111833670321e-02
2.021742712814665957e-02 -2.871636988411304867e-02
2.433819756014582100e-02 -3.369144026204932973e-02
2.774139052325778898e-02 -3.605988365478050156e-02
3.251874248569855408e-02 -4.182666355724979496e-02
3.738257812543072101e-02 -4.636538122531813633e-02
4.488780616696445153e-02 -5.818533790700715358e-02
4.140187034712149855e-02 -5.995592824304808027e-02
4.010587433697675175e-02 -6.415028404740737156e-02
4.026330789733753579e-02 -6.866567452965308127e-02
4.054721371254607631e-02 -7.260848351928737843e-02
4.060736606138753285e-02 -7.756429804048015075e-02
4.072588565272445421e-02 -8.225586485874473996e-02
4.165043694861574747e-02 -8.601683849366312251e-02
4.017529406202507980e-02 -9.164976242730159262e-02
3.999010529812425246e-02 -9.604327248694476127e-02
3.828587301290749950e-02 -9.853074855209827121e-02
3.659243826191868609e-02 -1.018058628127056914e-01
3.734436404770410944e-02 -1.044663136545226911e-01
3.891983785533998513e-02 -1.084172653023152133e-01
4.023319833295127546e-02 -1.139732310676296323e-01
4.109830777781463274e-02 -1.171667953276677998e-01
4.115846012665608927e-02 -1.221226098488605721e-01
3.889406517487403042e-02 -1.265187747845734623e-01
3.660507101200877883e-02 -1.308171380056009081e-01
3.455928358898220643e-02 -1.340144243281605474e-01
3.275670290579430627e-02 -1.361106337522524634e-01
2.998129526325169977e-02 -1.426111507702154668e-01
2.744909436054776553e-02 -1.480105908897107192e-01
2.543304466413530071e-02 -1.514915856107508230e-01
2.313539476202639694e-02 -1.566656583941414826e-01
2.150899041485737975e-02 -1.588007817872572336e-01
1.961019570660195790e-02 -1.621691059303048410e-01
1.759465909127492025e-02 -1.660659590814091147e-01
1.417627417841786468e-02 -1.671123833778222489e-01
1.231480574956840893e-02 -1.690570156769784782e-01
1.051681689862574327e-02 -1.709232659327205306e-01
8.908839662757477365e-03 -1.721386010987987492e-01
6.163998492271740258e-03 -1.757819966591220306e-01
3.441663184246542256e-03 -1.778597863939938573e-01
-4.240312446165973837e-04 -1.849047684697723570e-01
-4.165031102897291844e-03 -1.861570732266182304e-01
-6.591287632757546373e-03 -1.902403461426029341e-01
-9.844096327095571211e-03 -1.945105929288344360e-01
-1.164667701028346096e-02 -1.966068023529263242e-01
-1.360242250802494446e-02 -1.975143840148072538e-01
-1.522881943311327549e-02 -1.996494738057227047e-01
-1.708870759442550694e-02 -2.028416552149517327e-01
-2.020373341860242158e-02 -2.077428171340898744e-01
-1.721817656981989783e-02 -2.048916777815852630e-01
-1.504220225150474516e-02 -2.040327404365043229e-01
-1.341579790433573664e-02 -2.018976170433885997e-01
-1.178939355716672466e-02 -1.997624936502728210e-01
-9.939243165711307906e-03 -1.966143983277988672e-01
-7.962107438322712713e-03 -1.933095799427776151e-01
-6.159526755134820362e-03 -1.912133705186857269e-01
-2.838423053797112239e-03 -1.906073702612196552e-01
-1.150131372394360611e-04 -1.893612376041562406e-01
3.037859469509548820e-03 -1.834522086689905629e-01
4.840440152697434231e-03 -1.813559992448986746e-01
7.977574126415649947e-03 -1.784459721467324955e-01
9.789885157379683844e-03 -1.763057102380858054e-01
1.159242481628661690e-02 -1.742095269941135172e-01
1.368032776769245729e-02 -1.733311363755609957e-01
1.530673211486146233e-02 -1.711960129824452448e-01
2.303087880689041675e-02 -1.667586022880767904e-01
2.968526659460291733e-02 -1.636092423624229408e-01
4.175570290456513678e-02 -1.568522254662338411e-01
4.551723064484991532e-02 -1.563435064202871039e-01
5.698629667440915231e-02 -1.575372345532111140e-01
6.845536270396838929e-02 -1.587309626861351242e-01
7.733310906623376557e-02 -1.611999996752896125e-01
8.099734817291850963e-02 -1.611317382704901824e-01
8.277074523485866697e-02 -1.591676526978623996e-01
8.435930279945560994e-02 -1.580403963207742124e-01
9.344350990763966580e-02 -1.612479215295778145e-01
9.615137860789466084e-02 -1.669733374257623137e-01
9.724644722110781236e-02 -1.701714935180456967e-01
9.878759889196504773e-02 -1.740686623335072902e-01
1.003779415629079685e-01 -1.781614681805400446e-01
1.008953163480983545e-01 -1.810472863584616232e-01
1.012862337226023701e-01 -1.845056188245940976e-01
1.044355936482562336e-01 -1.911600066123065877e-01
1.050113430980227774e-01 -1.937815434850996832e-01
1.055870925477893213e-01 -1.964030803578928341e-01
1.062411904387697281e-01 -1.990880893865120405e-01
1.078166904265251969e-01 -2.030390820585855349e-01
1.085685900321910202e-01 -2.056994918761215485e-01
1.093205158179764713e-01 -2.083599427179385621e-01
1.106557870284009537e-01 -2.119344965879765008e-01
1.114390308083377384e-01 -2.161262049383467776e-01
1.121909565941231479e-01 -2.187866557801637635e-01
1.127667060438896918e-01 -2.214081926529568589e-01
1.142003256522853560e-01 -2.253740131640564748e-01
1.163959580828808488e-01 -2.283995175661144017e-01
1.156905348189111588e-01 -2.238554901459066382e-01
1.152023362328878087e-01 -2.208375817187212542e-01
1.148600705972644687e-01 -2.171589868298148540e-01
1.156211606607613906e-01 -2.078577860626128204e-01
1.153556483546533118e-01 -2.029951814238602770e-01
1.148469293087065746e-01 -1.992336536835755123e-01
1.143382102627598235e-01 -1.954721259432906921e-01
1.135862844769744001e-01 -1.928116751014737340e-01
1.128343586911889629e-01 -1.901512242596567204e-01
1.150142331019747416e-01 -1.846739972263947149e-01
1.150340094618843567e-01 -1.810292039711009215e-01
1.172540362647542939e-01 -1.801799969737961082e-01
1.168144819955309471e-01 -1.769418597260370984e-01
1.199583421743979778e-01 -1.754652548195384520e-01
1.210047664708111120e-01 -1.788836397323954885e-01
1.211284319997596309e-01 -1.837610796322548257e-01
1.248899597400444234e-01 -1.832523605863080607e-01
1.295774216270296209e-01 -1.837796175691041312e-01
1.316736310511214814e-01 -1.855821982522920521e-01
1.325909356386978655e-01 -1.874939248676789905e-01
1.355839291904427091e-01 -1.904646128531544691e-01
1.377190525835584878e-01 -1.920910172003234828e-01
1.418055270588985950e-01 -1.970123457702098180e-01
1.453429520662586627e-01 -2.010733131199251289e-01
1.459684130192770157e-01 -2.043063118521532551e-01
1.543537712188106648e-01 -2.119324594127686701e-01
1.677639112995324144e-01 -2.160492984008199613e-01
1.759789040315737352e-01 -2.167090359237184016e-01
1.740348258377839019e-01 -2.152633997448135106e-01
1.704094932780423621e-01 -2.151555184157943057e-01
1.661111300570149163e-01 -2.128665242529290680e-01
1.618127668359874427e-01 -2.105775300900638025e-01
1.597165574118955544e-01 -2.087749494068759093e-01
1.576203479878036662e-01 -2.069723687236880161e-01
1.537889711531015835e-01 -2.025693331550774690e-01
1.502607223881512466e-01 -1.980484810708628141e-01
1.482663860078239360e-01 -1.955755171803780501e-01
1.448411110752902686e-01 -1.912159799909559088e-01
1.465745269817547436e-01 -1.885963800743383212e-01
1.448158013663935484e-01 -1.867297731299579211e-01
1.440346919593604169e-01 -1.842014461396050407e-01
1.439664305545609868e-01 -1.805372070329203105e-01
1.458340972633124788e-01 -1.796102056997680441e-01
1.446360622397633577e-01 -1.762507011104918753e-01
1.403780294407692142e-01 -1.710605404275128694e-01
1.360170564115586733e-01 -1.657090722718220221e-01
1.315591252572668735e-01 -1.572413062666936645e-01
1.309833758075003018e-01 -1.546197693939005691e-01
1.298120669458573406e-01 -1.530214814815274715e-01
1.295465546397492618e-01 -1.481588768427749281e-01
1.263522724598169222e-01 -1.446356147435260142e-01
1.236101078029028522e-01 -1.388564570392915587e-01
1.208679169658692237e-01 -1.330772583107761309e-01
1.146741124457712757e-01 -1.291224327506325931e-01
1.120062249009919353e-01 -1.240525311984379125e-01
1.104625895906735100e-01 -1.220486618870625234e-01
1.098868401409069662e-01 -1.194271250142694002e-01
1.082310547557621405e-01 -1.177218255426008553e-01
1.066899030849049052e-01 -1.138246567271392479e-01
1.059574305725910631e-01 -1.110761345184129445e-01
1.037731497815898712e-01 -1.092541005617534700e-01
1.029239427842851134e-01 -1.070340737588835328e-01
1.006837447880493952e-01 -1.035829805789853231e-01
1.002831044878499250e-01 -1.001686669952073921e-01
9.415898524764149125e-02 -9.715305675545340969e-02
9.205304547577347618e-02 -9.539452855682031829e-02
9.018679522003138216e-02 -9.359653970587765437e-02
8.892827733912213317e-02 -8.883797608599353079e-02
8.740196835145236376e-02 -8.508262044549119718e-02
8.631610958284924306e-02 -8.142458704078917031e-02
8.445230936436810831e-02 -7.773329126367960196e-02
8.301868975597245792e-02 -7.376747075258002773e-02
8.088356636285670698e-02 -7.214106640541101401e-02
7.925645151787417964e-02 -6.988778465221423541e-02
7.820080995477032837e-02 -6.692931065397610124e-02
7.450314466115022516e-02 -6.380297421448583028e-02
7.025590939638400034e-02 -5.940045172696069298e-02
6.941128680924378569e-02 -5.695049935794122692e-02
6.622886934999117070e-02 -5.504656613415487981e-02
6.364925058884923770e-02 -5.396866457168020270e-02
5.655424134546159498e-02 -5.304819656956630963e-02
5.451533197741337267e-02 -5.014967750344155595e-02
5.038784276234607035e-02 -4.374115133163743868e-02
4.638061267806312116e-02 -3.574247990561847665e-02
4.393366445167097567e-02 -3.510962781653634290e-02
4.009517854306217377e-02 -3.282984349828112908e-02
3.883579831450988812e-02 -3.121210231243645022e-02
3.673958889041799986e-02 -2.940952162924856048e-02
3.464337946632611159e-02 -2.760694094606067073e-02
3.389145368054068824e-02 -2.494649010424368138e-02
2.806680765196306604e-02 -1.890218132515705460e-02
2.144314560821764318e-02 -1.166515861061897218e-02
1.930805581730215756e-02 -1.003876168553064288e-02
1.631506226555730008e-02 -7.068073700055167718e-03
1.417993887244154219e-02 -5.441669352886154866e-03
7.420279064880996520e-03 -2.793793729562408026e-03
