3.385377433658850761e-03 -1.791032000287820676e-03
5.320881115077438425e-03 -6.322590066943907343e-03
3.710803810536842436e-03 -1.248602019218670277e-02
5.546965629266103039e-04 -1.669669993734004126e-02
-2.270185753227331720e-03 -1.891615309764140690e-02
-5.804977874100801516e-03 -2.540251265807282055e-02
-8.393182591074134849e-03 -2.619968537475833581e-02
-1.183327185220839003e-02 -3.211710236682496777e-02
-1.143294775236257214e-02 -3.955043008987754044e-02
-1.060666689955134731e-02 -4.442368269076574228e-02
-9.424200727291956459e-03 -5.154872729130927783e-02
-3.739449565215258436e-03 -7.044362192108914733e-02
-4.634998100000405075e-03 -7.213637213432970430e-02
-7.062020723356671886e-03 -7.301881814570650164e-02
-9.080808082191809891e-03 -7.566473538338792937e-02
-9.047015911747696704e-03 -7.774588676260832387e-02
-7.387108289404402221e-03 -8.006836724068648603e-02
-6.148444423938218169e-03 -8.474712036728693221e-02
-7.043960424082129808e-03 -8.643980908411635911e-02
-6.327409502410718048e-03 -8.898536088642343411e-02
-8.866794977539336695e-03 -9.476032834927525239e-02
-1.483892379708137005e-02 -9.902868808049546112e-02
-1.998676138108689340e-02 -1.011540072018834169e-01
-2.120470306487609591e-02 -1.026761167946890624e-01
-2.379290778184943445e-02 -1.034732895113745776e-01
-2.468842378199333915e-02 -1.051659782282040045e-01
-2.695420281532139029e-02 -1.061337300689133012e-01
-2.849457018275587672e-02 -1.074852605376951514e-01
-2.866467451700624794e-02 -1.095617278825971735e-01
-2.765424079986078879e-02 -1.117469791519634797e-01
-2.591889916836510876e-02 -1.125618733570932783e-01
-2.333069445139177717e-02 -1.117647006404077631e-01
-2.151007952520481853e-02 -1.124184127519204934e-01
-1.988295299734766167e-02 -1.161678577079329061e-01
-1.990067448579194848e-02 -1.204914040564019351e-01
-2.339847626763430152e-02 -1.235928609729479016e-01
-3.034772142365108755e-02 -1.260030791527654848e-01
-2.955051974519566291e-02 -1.285913779007911983e-01
-3.028485365172251323e-02 -1.303693399123118934e-01
-3.238945059143348570e-02 -1.314223650477124583e-01
-3.549825342470028927e-02 -1.353485879895683364e-01
-3.762057185285556243e-02 -1.407251594734379441e-01
-3.719312923415875327e-02 -1.434272418696849460e-01
-3.898419376908782152e-02 -1.468126807997549299e-01
-4.153439707107204476e-02 -1.477330667297096500e-01
-4.351527704597047547e-02 -1.505022261424301955e-01
-4.576188125976407561e-02 -1.524086506494930215e-01
-4.838751857090070607e-02 -1.548366228523961052e-01
-5.154837134924047937e-02 -1.592511665676026866e-01
-5.672478078318716338e-02 -1.608455120009737171e-01
-5.592760806650164118e-02 -1.634337167179470418e-01
-5.650069838300025848e-02 -1.652969845588002362e-01
-5.634837703360534578e-02 -1.675440310277260259e-01
-5.627661598281336053e-02 -1.697484571166267553e-01
-5.757521199625791758e-02 -1.712279752911773367e-01
-6.016806821290841822e-02 -1.722289830161461699e-01
-6.285464874798138424e-02 -1.773071106630455529e-01
-6.767537661402320270e-02 -1.793991124037628559e-01
-7.119187842562660351e-02 -1.833159383152120625e-01
-7.221952987967300563e-02 -1.872083690866238326e-01
-7.017109809852759006e-02 -1.886015739287552062e-01
-6.500408569498762612e-02 -1.874149274737207382e-01
-5.992595804808820842e-02 -1.901015080087936904e-01
-5.241719631588325629e-02 -1.881935976359995488e-01
-4.891939453404089283e-02 -1.850921407194535684e-01
-4.671079173523638717e-02 -1.830625029991215513e-01
-4.289578459025171486e-02 -1.785814475153958691e-01
-3.678319585876959480e-02 -1.681974983594608786e-01
-3.160669239377054268e-02 -1.666031239643199491e-01
-3.060103316912453353e-02 -1.689921451726871249e-01
-2.783187375640397074e-02 -1.709730251475855278e-01
-2.342305411324368050e-02 -1.708295645424127429e-01
-1.828407727346029535e-02 -1.708660185952593225e-01
-1.349091018140164723e-02 -1.717511590236797669e-01
-9.908846180826000674e-03 -1.649804041563620594e-01
-4.732436746879324467e-03 -1.633860587229910288e-01
-1.005901065172922848e-03 -1.645322393559882634e-01
8.381594215046147362e-04 -1.641667185025445508e-01
1.008263755754974789e-03 -1.620902511576425564e-01
8.273090600077428374e-04 -1.593121984660585966e-01
2.779523153912626023e-03 -1.560120943270910110e-01
7.956026618911692452e-03 -1.544177199319500815e-01
1.304814129948383278e-02 -1.564927339457619360e-01
1.633517544968430754e-02 -1.625646593798525108e-01
1.716145630249552370e-02 -1.674379119807407057e-01
1.697733239993119703e-02 -1.701260073433149833e-01
1.833455797898944986e-02 -1.749705940632096390e-01
1.743900944420427937e-02 -1.766633442764502238e-01
1.879623502326254261e-02 -1.815079309963449072e-01
2.294926374411892026e-02 -1.818481107030757160e-01
2.630084900733366260e-02 -1.815579913241431587e-01
2.829204305754439569e-02 -1.818892777520105808e-01
3.115018125795788670e-02 -1.799969017750316647e-01
3.562776125867743449e-02 -1.715334581908845579e-01
4.077094734300579920e-02 -1.696119740777799201e-01
4.321815586185448477e-02 -1.731763165899112833e-01
4.287800868976491403e-02 -1.773292838143565031e-01
4.207295377017398336e-02 -1.804110296251834611e-01
4.304070561088328695e-02 -1.826768086585115192e-01
4.473339432771272078e-02 -1.835723246586554447e-01
4.553056704439821523e-02 -1.861605293756287416e-01
4.705267663720386767e-02 -1.873784710594179614e-01
5.090201223881721942e-02 -1.867326411508106465e-01
5.215172394113457011e-02 -1.802754512229161055e-01
5.039417783510185406e-02 -1.679973812525053234e-01
5.547345253690241090e-02 -1.582015820191107758e-01
5.467627982021689564e-02 -1.556133773021374234e-01
5.609758172251601976e-02 -1.523418775477522191e-01
6.014553201190973863e-02 -1.501505214476185901e-01
6.688724023951286846e-02 -1.514475700989205975e-01
7.441159786394424547e-02 -1.541903157925591239e-01
7.918027578491311502e-02 -1.525866348251925519e-01
8.007582431969827164e-02 -1.508938846119519672e-01
7.943983369662981076e-02 -1.483909531896699108e-01
7.985174191951137368e-02 -1.464424120541254482e-01
7.944303186521682603e-02 -1.429248991665640900e-01
7.897714557639874677e-02 -1.383455003993800114e-01
8.028456979942419358e-02 -1.347042705470060941e-01
7.869019540428325021e-02 -1.295277670820070559e-01
8.032004531095401911e-02 -1.260571163536569339e-01
8.469042128399302538e-02 -1.240363393775470724e-01
8.787617295391354777e-02 -1.238647817122065647e-01
8.991001991879050970e-02 -1.241154463450598877e-01
9.302866203759622976e-02 -1.215356275825352772e-01
9.840179057310093069e-02 -1.113794337851475719e-01
1.009899952900742554e-01 -1.105822610684620566e-01
1.036578432607449668e-01 -1.063195639128770020e-01
1.062834805718815834e-01 -1.038915917099739045e-01
1.089138634137477718e-01 -1.012597555370175761e-01
1.107709649274224994e-01 -9.677442931233577739e-02
1.100544140057511111e-01 -9.422887751002870238e-02
1.109499300058950227e-01 -9.253618879319927548e-02
1.097112661404288231e-01 -8.785743566659882930e-02
1.080513585180855468e-01 -8.553495518852066715e-02
1.060258685458873723e-01 -8.136838168912374769e-02
1.058528250148154520e-01 -7.292047250079188025e-02
1.117002257935869741e-01 -6.342786263509703204e-02
1.220530446614803005e-01 -6.023917176835495713e-02
1.238492969822710815e-01 -5.840397202589957953e-02
1.315000334539174476e-01 -5.564272377785433460e-02
1.378372408717710162e-01 -5.146432137564380116e-02
1.388311001553733104e-01 -4.549073922501160883e-02
1.362976072658753923e-01 -3.857946294934268966e-02
1.329121683358054085e-01 -3.678839841441362835e-02
1.319917824058506883e-01 -3.423819511242938429e-02
1.305122642313001069e-01 -3.293959909898482030e-02
1.293313128865420381e-01 -3.107680604790504647e-02
1.281929819218089739e-01 -2.913345269822229314e-02
1.265190257693817877e-01 -2.742250620676401143e-02
1.249246803360107849e-01 -2.224609677281734130e-02
1.232319916191813441e-01 -2.135058077267342966e-02
1.222642397784720614e-01 -1.908480173934538893e-02
1.225149044113253843e-01 -1.705095477446840965e-02
1.223012301175031707e-01 -1.569989909545995224e-02
1.208217119429526309e-01 -1.440130308201540386e-02
1.196594606279555717e-01 -1.172314103603239524e-02
1.111960170438084372e-01 -7.245561035312843984e-03
1.072537559545939656e-01 2.268001022054533505e-03
1.067878696657758725e-01 6.847399789238599495e-03
1.068773522050121411e-01 8.966520048806849580e-03
1.024388881395415646e-01 1.286218152344688163e-02
9.011111084415039663e-02 1.959048095145262888e-02
8.931390916569496852e-02 2.217877969947835287e-02
8.770649374355680983e-02 2.323547779323933624e-02
8.665346860815624497e-02 2.534007473295030871e-02
8.538721143406564906e-02 2.704162419400188075e-02
8.399302805061753530e-02 2.850136976642226802e-02
8.282612523594330700e-02 3.097569680412193965e-02
7.944068630587330926e-02 3.276676133905100097e-02
7.434955016661790039e-02 3.133359799929704564e-02
7.182738242839024900e-02 3.163631257722333140e-02
6.927984100880844875e-02 3.793605486627237011e-02
6.631988404193045472e-02 4.404123618462250922e-02
6.388352588457862913e-02 4.275105866026792517e-02
6.209249388429080585e-02 3.936568122660907137e-02
6.288966660097632111e-02 3.677747650963573284e-02
6.231657628447770381e-02 3.491420866878252455e-02
5.877093380210737100e-02 3.328236914483706510e-02
5.363670249305353688e-02 3.352268716773684071e-02
4.912799220429231450e-02 3.436052318181389426e-02
4.644609570353774169e-02 2.948629203960894535e-02
4.385789098656440316e-02 2.868911932292342662e-02
4.118539151621653654e-02 2.422258715905504026e-02
3.683893589344151148e-02 2.146700148664493213e-02
3.332142300588014638e-02 2.105829143235038795e-02
3.137288187033567682e-02 2.147019965523193699e-02
2.886995044805360996e-02 2.083420903216349346e-02
2.717720023481303912e-02 2.172975756694864660e-02
2.467426881253097226e-02 2.109376694388019960e-02
2.272572767698649923e-02 2.150567516676174518e-02
1.785247507609829046e-02 2.067939431395052208e-02
1.178054964200770695e-02 1.739236016375006466e-02
9.591657948922204663e-03 1.266997558116662696e-02
1.038883066560771992e-02 1.008177086419329190e-02
9.573936460477919588e-03 8.346429232697613609e-03
7.388685191111597772e-03 7.335995515552157925e-03
5.767757525074139642e-03 6.027085426795303694e-03
4.227390157639643667e-03 4.675554958013436978e-03
1.791032000287821327e-03 3.385377433658850761e-03
