-1.336039379051606963e-03 -3.295512619817082649e-03
-3.241050648352562270e-03 -5.659258953711388852e-03
-5.823629441573531518e-03 -9.843880397048304989e-03
-9.697942687406108792e-03 -1.149417258086015900e-02
-1.712065639970943368e-02 -1.114332498978915648e-02
-2.323613164733358966e-02 -9.507848846115147731e-03
-2.803401658056293641e-02 -7.122626790893121784e-03
-3.137473507539149248e-02 -6.428486846666723459e-03
-3.510875935342086529e-02 -5.668070391358868802e-03
-3.784382665801308554e-02 -8.053712759797793455e-03
-3.420593447861363517e-02 -9.363427174258264624e-03
-2.816861971865955439e-02 -1.071207118213565908e-02
-2.431520014547487035e-02 -1.224581250809358979e-02
-2.181047418031997406e-02 -1.349542502955183333e-02
-1.576326070745272256e-02 -1.318209285892775820e-02
-1.255943812274562185e-02 -1.521512551854799916e-02
-9.465107339970009123e-03 -2.173738785194464021e-02
-9.088551827524842322e-03 -2.618003066382542862e-02
-7.200750520147018024e-03 -3.164956124186118352e-02
-5.061149517636392113e-03 -3.494394602969760899e-02
-2.386951999266959112e-03 -3.819300233254639687e-02
-7.761779675742309882e-04 -4.153758352576624596e-02
2.268879975421661532e-03 -4.582674248700105424e-02
5.726303057256150637e-03 -4.900942953333452951e-02
8.796940594266828076e-03 -5.296525940977889896e-02
4.803749251974240471e-03 -5.451524337069223181e-02
2.436197512176211760e-05 -5.291998291623584844e-02
-2.965025688469600813e-03 -5.395680620656105597e-02
-4.226264912882795807e-03 -5.689598637573593104e-02
1.053654130906427197e-03 -5.499462890711952906e-02
6.422664463545878569e-03 -5.604993374110900373e-02
9.032710886674311448e-03 -5.930442744902619107e-02
7.958718963266680005e-03 -6.232465460810332480e-02
1.674973665812896743e-03 -6.048267241838140712e-02
3.612426881471448095e-03 -6.215458853431602565e-02
4.588773281251956604e-03 -6.443026940779479628e-02
7.916161615771410975e-03 -6.798473373646510276e-02
5.117673378751293016e-03 -7.041612588452375587e-02
6.060072310004956282e-03 -7.311737323966090163e-02
7.496513913737607067e-03 -7.700981232143802591e-02
4.677397628592269187e-03 -7.840373875830858319e-02
5.339099960984409164e-03 -8.204953115681060116e-02
3.140785764133885178e-03 -8.511390126122217459e-02
-1.836460271499064595e-03 -8.632999374892795508e-02
-3.632811002551981742e-03 -9.022989319545944575e-02
-3.037466148485887165e-03 -9.121864628433336286e-02
1.204329835528674753e-03 -9.044181510989418582e-02
2.305736069132158835e-03 -9.403418550045089530e-02
3.517756168100732040e-03 -1.005517664426012203e-01
1.383241845667886527e-03 -1.036699510693874227e-01
-3.958957759863350120e-03 -1.070600170124725026e-01
-4.272857247040796370e-03 -1.127269419324034433e-01
1.054448580537283757e-03 -1.070012458170458286e-01
7.747812319910648941e-03 -1.059573827651684036e-01
1.103327528014922711e-02 -1.046019991414355726e-01
1.432688937208250433e-02 -1.027074696720093883e-01
1.791237173811776467e-02 -9.863438179337491452e-02
1.995247609130114744e-02 -1.019937271066477802e-01
2.242880489907431857e-02 -1.067833913745489943e-01
2.442613699286601617e-02 -1.103052134804299728e-01
2.238889114980373643e-02 -1.037714233694496668e-01
2.351929866859939211e-02 -9.827221325779070260e-02
2.519563228096936489e-02 -9.819743518228291057e-02
2.518686736418114872e-02 -9.310709366416573818e-02
3.032791691797471351e-02 -9.004367881172617438e-02
3.361927041781042486e-02 -9.190237268461855236e-02
3.696769223029094942e-02 -9.001935074001887749e-02
4.335763345770833610e-02 -9.416230821593192524e-02
4.713759650715885346e-02 -9.873647463304038863e-02
4.887288010702480617e-02 -1.030101037542269365e-01
5.257535667937469903e-02 -1.057170086944957677e-01
5.500013145793533620e-02 -1.104383624025965099e-01
5.707008821700955414e-02 -1.142770887199023727e-01
5.932462931768214126e-02 -1.175617312598479375e-01
5.804025154661259650e-02 -1.257231809962408575e-01
5.996606896240437579e-02 -1.246849606540905570e-01
6.791801891859954032e-02 -1.213375316428854378e-01
7.197941688729021792e-02 -1.250074646997504368e-01
7.251029790939418629e-02 -1.242193970944742848e-01
6.592596845628387325e-02 -1.196567850664744109e-01
6.481028232875622741e-02 -1.157371589593552963e-01
6.010230215113415014e-02 -1.139043143961548238e-01
5.786834110163489170e-02 -1.109894627422008395e-01
5.480217551571472251e-02 -1.065782587266892317e-01
5.308955968230458927e-02 -1.033661601349716852e-01
5.201918710749342534e-02 -9.998114824170230286e-02
5.412360478721343904e-02 -9.857240761126329076e-02
5.778111962243837052e-02 -1.033534998940775773e-01
6.032662637352259605e-02 -1.082288288258126258e-01
6.310505698188892398e-02 -1.098806181240381263e-01
6.665757276147910027e-02 -1.130417706553179386e-01
6.843615454474860638e-02 -1.095041493473846161e-01
7.705706677495142987e-02 -1.106822600741262652e-01
7.386122855824908684e-02 -1.090927825804974965e-01
7.152089905109670909e-02 -1.068923213321894827e-01
6.971518514065394578e-02 -1.046465628462960318e-01
6.476554708269069427e-02 -1.042826297752515036e-01
6.010563764896896533e-02 -9.926882978320428208e-02
7.085826940879824676e-02 -9.850282063936563470e-02
7.673672214800375535e-02 -1.017252925651612461e-01
7.929763578458198792e-02 -1.036378133333857032e-01
8.161849099795852325e-02 -1.090706549766210648e-01
8.197069591605218863e-02 -1.120507635776015615e-01
8.571028124286042549e-02 -1.154814406879243471e-01
8.965779785524995160e-02 -1.140914846271500749e-01
9.504902099344299249e-02 -1.162029523124970820e-01
9.547251513105617371e-02 -1.143067025648073082e-01
8.709879777321467842e-02 -1.136945372649675878e-01
8.253052436346139387e-02 -1.071572182331659434e-01
8.033497243263813814e-02 -1.035202782753354978e-01
7.681697010303993600e-02 -9.955928114846597510e-02
7.294198329469896158e-02 -9.773929247126154907e-02
6.639348815419804373e-02 -9.614051881179921932e-02
6.045192009545456019e-02 -9.617566906536162419e-02
5.792837299502046067e-02 -9.470419661734445771e-02
5.359813500216652205e-02 -9.453276980943019214e-02
5.033241082528291943e-02 -9.157884069811605965e-02
4.646593065621166391e-02 -8.884275099693685063e-02
4.612400228565316507e-02 -8.493562817213057281e-02
4.339191543503024412e-02 -8.376721188965138842e-02
4.545708874244559772e-02 -7.856030687603958451e-02
4.988490287654784305e-02 -7.384775746495138293e-02
5.453267641720396103e-02 -7.185729821776735970e-02
5.863674552422006719e-02 -6.758140382083434317e-02
5.896935871234059573e-02 -6.601054353841220856e-02
5.509506109020911174e-02 -6.766082618179865282e-02
4.891018588828966590e-02 -7.381460799755627800e-02
4.468540412216082114e-02 -7.590382847758073148e-02
3.964397968605825467e-02 -7.633113633067066528e-02
3.645675081042274585e-02 -7.436669897318719247e-02
3.532784299293015989e-02 -6.990973856682426713e-02
3.687411130883404969e-02 -6.734756226658636380e-02
3.574198355839116464e-02 -6.266203799412260744e-02
3.808653678986682195e-02 -5.605031463028072036e-02
3.885768371533026427e-02 -5.187116536110265852e-02
4.050377584917349422e-02 -4.664323770837274646e-02
4.518085798777395079e-02 -4.175879377169594564e-02
4.788579955017446821e-02 -3.901762769138031328e-02
5.101339343992072894e-02 -3.646679618884058477e-02
5.256303214188129402e-02 -3.124434896222305982e-02
5.353140639535988732e-02 -2.805808588514354524e-02
5.390439252808579274e-02 -1.975311660475138203e-02
5.527101800207706583e-02 -1.681846205323045407e-02
5.262264342751723362e-02 -1.733640174201861797e-02
4.663243282254207756e-02 -1.543184395182450701e-02
5.003158977805661350e-02 -1.853061992745855605e-02
5.040105654603503627e-02 -2.851187482326881031e-02
4.942639775673460939e-02 -3.260866077232151689e-02
4.681185651074589588e-02 -3.641637959884639481e-02
4.047947980841261340e-02 -3.924154131015405306e-02
3.821131193251733893e-02 -4.237105432511938108e-02
3.491476368370437233e-02 -4.550159385767560405e-02
3.194091857769683351e-02 -4.649942041224266326e-02
2.989776051280400998e-02 -4.869449816768834510e-02
2.779523569590370072e-02 -5.174535941865702343e-02
2.720347737139596975e-02 -4.778132553204619826e-02
2.958852768702016633e-02 -4.333076912194682578e-02
2.747609415079804371e-02 -3.829218772579260494e-02
2.975883208237526528e-02 -3.301568819768171958e-02
3.001132647752704705e-02 -3.008663343377942709e-02
3.496816036289385199e-02 -2.342041458573123139e-02
3.485093316004488073e-02 -2.181498580389377301e-02
3.151811229742944309e-02 -2.245285577663775484e-02
2.815841009372167802e-02 -2.486989899297152584e-02
2.525929979198785272e-02 -2.532024120912532844e-02
2.187770190058731246e-02 -2.643069867803671258e-02
1.968984698096734251e-02 -2.901494945803667624e-02
2.476637332455486687e-02 -3.529113213245257952e-02
2.562062021085596136e-02 -4.181210509172913342e-02
2.521089896820378345e-02 -4.777792208130880736e-02
2.177974088022205726e-02 -5.243291174989728881e-02
1.551683977439519135e-02 -5.131338540000620480e-02
1.357167949678206656e-02 -4.577064647723187024e-02
1.266847678962658603e-02 -4.038726015782902190e-02
1.580782011881517665e-02 -3.244818826569600273e-02
1.648792893833372214e-02 -3.037133658088349286e-02
1.598343773307913523e-02 -2.635683682340219172e-02
1.758333784166224781e-02 -2.328396574933246782e-02
1.894534564172193139e-02 -2.023124184011703200e-02
2.211519947141072501e-02 -2.014833471204516974e-02
2.433233967823912255e-02 -2.251537751267554399e-02
2.291096601319912718e-02 -2.013473484060639834e-02
1.956385540150549010e-02 -1.650655879340558185e-02
1.696405723699467502e-02 -2.048802422505863544e-02
1.443379321479986745e-02 -2.417820729982961964e-02
1.221443070665260977e-02 -2.905896846740168085e-02
1.208657553757418526e-02 -3.568203165303385216e-02
7.051009463415212897e-03 -3.236657440275397812e-02
8.859626731396537738e-03 -2.832563170430891022e-02
6.333323133482235759e-03 -2.961666947472598940e-02
2.865165988444152295e-03 -2.624375124611738955e-02
1.441379843021218382e-03 -2.107140896337383884e-02
-8.521460639656641689e-04 -2.171003864192339386e-02
-3.295336146524959105e-03 -1.829601715918918736e-02
-5.213682257510197059e-03 -1.297444424649901729e-02
-4.487741207058234226e-03 -9.437194412146153455e-03
-6.807566598029167557e-04 -7.596069946378020653e-03
1.518285901062976046e-03 -5.207401711633604866e-03
2.853046995027556151e-03 -1.325083502734741977e-03
