-6.087449287869774010e-03 -5.834160468754514065e-03
-1.049564349501761092e-02 -5.530124820150289673e-03
-1.689749308989854301e-02 -8.674112665719751342e-03
-2.906948192164012304e-02 -1.371272768876079413e-02
-3.160491156485682740e-02 -1.549127601373003274e-02
-2.597064356520446468e-02 -1.477909977745691696e-02
-2.410157651958282424e-02 -1.340471277289857072e-02
-1.268954140829762350e-02 -9.945186789561666005e-03
-1.028615289282761719e-02 -1.019797171208763897e-02
-6.728736529985481635e-03 -1.007183119911929554e-02
-3.198451590068877599e-03 -9.999349664893865050e-03
-6.845675933091249950e-04 -1.045236314382419311e-02
1.788921202616404081e-03 -1.091864040066321123e-02
5.795363281408377927e-03 -1.216002006938004046e-02
9.968433165845730012e-03 -1.478494160215405168e-02
1.061549584153571001e-02 -2.080491304889551044e-02
8.844917891451307621e-03 -2.247937012746039145e-02
8.072827599346308128e-03 -2.590981114451883574e-02
3.766234918591570679e-03 -2.692756651035049797e-02
-2.888683753019823976e-03 -2.741239245239957337e-02
-4.429824407335740399e-03 -2.589205811229634835e-02
-3.690162285826477807e-03 -2.796957630390680197e-02
-2.061876182234283900e-03 -2.975531450929922231e-02
-1.347170197302959525e-03 -3.311947519959555081e-02
-4.577599654521685886e-03 -3.570154421975697823e-02
-9.299826077791688642e-03 -3.860724077922633030e-02
-1.170321459326169669e-02 -3.835445585670035212e-02
-1.417480691178789852e-02 -3.789395437399979694e-02
-1.083538576615098066e-02 -4.097796568844563198e-02
-1.185319506569022796e-02 -4.352389304994939978e-02
-1.356883299062712663e-02 -4.536567148785463494e-02
-1.683464052118465587e-02 -5.027334492760618390e-02
-1.928380157719725152e-02 -5.336596089166802809e-02
-2.285527798798209220e-02 -5.662253309885242197e-02
-2.486577886176022031e-02 -5.869534197142035198e-02
-2.780554491452476296e-02 -6.070255351050686532e-02
-3.518254944916054949e-02 -6.416673381162447953e-02
-3.561420727930380420e-02 -6.662885530704065751e-02
-3.855397333206835725e-02 -6.863606684612716391e-02
-4.102867320685652658e-02 -6.972349705908949258e-02
-3.622983661190636029e-02 -6.942624557662847862e-02
-3.308121616821094180e-02 -6.967084312770499555e-02
-3.059147031834034969e-02 -7.036189367742592959e-02
-3.047714947401906210e-02 -7.740697002455101949e-02
-3.634501334578964238e-02 -7.882871214813186311e-02
-3.993397432786265772e-02 -8.084453067800843884e-02
-3.745836765210731889e-02 -8.211550208551132712e-02
-3.398956537735995515e-02 -8.290698886131199485e-02
-3.193197028916151120e-02 -8.574710920812850246e-02
-3.352333142973230873e-02 -8.771428582267565277e-02
-3.784708355953340930e-02 -9.041243944524175735e-02
-3.989377187051847823e-02 -9.412718306924422462e-02
-3.976763135755014000e-02 -9.768459943208636365e-02
-3.964149084458180178e-02 -1.012420157949284888e-01
-4.136092172431734409e-02 -1.030722426845568085e-01
-4.209544709284936126e-02 -1.054100980201030935e-01
-4.333683832545277836e-02 -1.094165048807600876e-01
-4.499209853901578460e-02 -1.132136778238744673e-01
-4.520847849302592897e-02 -1.160589758917055375e-01
-4.628587491972545320e-02 -1.199028778342695611e-01
-4.574380795023293839e-02 -1.176602086950724463e-01
-4.307833156249592926e-02 -1.138637399301492548e-01
-4.042215812449995171e-02 -1.117131363372052127e-01
-3.721207385937174567e-02 -1.093806559361113206e-01
-3.160941323072424120e-02 -1.062945256742814648e-01
-2.405353578847118853e-02 -1.027716123932176789e-01
-1.072751910935748447e-02 -9.735407193468231801e-02
-9.911195287716443800e-03 -9.604409337312554140e-02
-1.418905478276509882e-02 -9.580595846058979903e-02
-1.893785994973989917e-02 -9.436726779406071075e-02
-2.104972944767598969e-02 -9.163443018659503392e-02
-2.447560823879653055e-02 -8.898792003871688894e-02
-2.688009696163184623e-02 -8.555853244700219185e-02
-2.710535168623801408e-02 -8.097896396050351109e-02
-2.690053390500099853e-02 -7.770919313244041560e-02
-2.650349550155350897e-02 -7.525843893753361713e-02
-2.508029836773254667e-02 -7.054027599468837284e-02
-2.312230233162442666e-02 -6.476441832612513105e-02
-2.078098738276154545e-02 -6.130449938177820468e-02
-2.000810075654060535e-02 -5.898604052992759833e-02
-1.750006831544551403e-02 -5.560563094084452346e-02
-1.458330745340773345e-02 -5.358681672967560011e-02
-1.279756924801531658e-02 -5.195853062608339623e-02
-4.187894687709870119e-03 -4.985386738296903458e-02
-9.567450825475162964e-04 -5.052519057685016940e-02
5.218646246976472655e-03 -6.615926295070813368e-02
7.642420517928203393e-03 -6.999779036346588657e-02
1.072956638753076557e-02 -6.382558203116588114e-02
1.004794122293476734e-02 -5.993918778820220977e-02
7.661804248353941936e-03 -5.584539388806553789e-02
5.656516185561512658e-03 -5.162654811843925273e-02
5.932368986506331848e-03 -4.921558525725852618e-02
6.398646243345351703e-03 -4.674209646133300339e-02
1.279886267068513009e-02 -4.182162223630665754e-02
2.087032015408645663e-02 -4.409338958393474450e-02
2.062191808432472032e-02 -4.723042326121825590e-02
2.256978455711669204e-02 -4.884092185966326660e-02
2.608457596432516706e-02 -4.879908254956739910e-02
2.824380532771379043e-02 -4.953475149875802980e-02
3.107218994256774960e-02 -5.180217080711076172e-02
3.329289381596730463e-02 -5.467183657941978442e-02
3.671688769357510373e-02 -5.731260617129447371e-02
3.444632808016331177e-02 -6.511516489387307594e-02
3.427371331779908992e-02 -6.933959643996794042e-02
3.739122754125875914e-02 -6.880813559092192888e-02
4.755073361927275588e-02 -6.542754696922936652e-02
5.364840354060893685e-02 -8.082503547610703221e-02
5.538714456209967163e-02 -7.897567112860448546e-02
6.148908474057514228e-02 -8.017461583935753255e-02
6.237704176321173105e-02 -8.601319184559144682e-02
6.292620371138252233e-02 -8.860072548679208404e-02
6.445255254184360794e-02 -8.571525502867569091e-02
6.560197753580469804e-02 -7.909260927939711083e-02
6.527854239942264269e-02 -7.456443479870691893e-02
6.553132732194860699e-02 -7.216104628323691261e-02
6.669388062868228384e-02 -7.073738315269989529e-02
6.811403048867736842e-02 -6.840455309980734977e-02
7.133188978576432415e-02 -6.862641604986512156e-02
7.530963724163154682e-02 -6.983886572408415372e-02
7.696089331781552634e-02 -7.163621816544557541e-02
7.936428183328551877e-02 -7.188900308797153971e-02
8.165172662082512134e-02 -7.400802965345179563e-02
8.349973660973476763e-02 -7.519749204129015652e-02
7.641871341213386792e-02 -6.920623700121011912e-02
7.365261595172339915e-02 -6.418886641489464362e-02
7.164540441263687887e-02 -6.124910036213008363e-02
6.890914509172783864e-02 -5.215647668221192607e-02
7.147961378098090235e-02 -5.027052405781638061e-02
7.215285470125380740e-02 -4.790168165685384366e-02
7.279109373015325846e-02 -4.647757431333744693e-02
7.675540993938891055e-02 -3.999819036793834937e-02
7.754678577961031383e-02 -3.697688917192294700e-02
8.488650266967384672e-02 -3.197804095305113031e-02
9.039925994458172798e-02 -2.838450411646183461e-02
9.362525161185633604e-02 -2.806673141338299204e-02
9.540151899413872039e-02 -2.640960165723349115e-02
9.769494833314117110e-02 -2.377723302464463534e-02
1.093365114302539964e-01 -1.967346167720872285e-02
1.144848529399277864e-01 -1.938930275464104819e-02
1.171713001706001511e-01 -2.161382651765208010e-02
1.196125835423969136e-01 -2.198202126854226571e-02
1.212408696459890967e-01 -2.376775947393468952e-02
1.232480811850756031e-01 -2.670752552669923563e-02
1.248763205066462240e-01 -2.849324007784323487e-02
1.268835320457327442e-01 -3.143300613060778792e-02
1.285233696976018636e-01 -3.321495138120156287e-02
1.303651481355070918e-01 -3.493058930613845980e-02
1.326767904129815823e-01 -3.807721049201359675e-02
1.334041808382702698e-01 -3.690512942438013005e-02
1.364933746842426354e-01 -3.412652689678592755e-02
1.345777030110832106e-01 -3.218584508925907001e-02
1.304625128346863505e-01 -2.650560439562607562e-02
1.289136357752749540e-01 -2.542891549176408070e-02
1.222365969301672656e-01 -2.185550985478284039e-02
1.201429007467023913e-01 -2.063810045958616377e-02
1.177779376424789720e-01 -1.995718728777548870e-02
1.145241209345019273e-01 -1.748429179854382731e-02
1.131186465534442798e-01 -1.655227599494395879e-02
1.110985860452777113e-01 -1.518923416659411114e-02
1.067937104046667030e-01 -1.453802126389277388e-02
1.002427503242256657e-01 -1.411297851065110298e-02
9.783936180875564548e-02 -1.386019358812512828e-02
9.342693043382979678e-02 -1.406892066907819774e-02
8.983403321722789603e-02 -1.397020154722413213e-02
8.390227261363915334e-02 -1.208255272703116952e-02
8.165357014034774208e-02 -1.117170591919483535e-02
7.875457353385485748e-02 -1.094744199632227341e-02
7.566195756979300635e-02 -8.498280940309679496e-03
7.335092256815495260e-02 -8.215210725302669187e-03
7.185526261568114803e-02 -2.550580249859380356e-03
7.479502866844570108e-02 -5.433687107728676653e-04
7.658076687383812142e-02 1.084917392819328193e-03
7.683932757050256079e-02 3.490202385688663273e-03
7.480825428821917533e-02 4.108145409775156194e-03
7.265408014637926570e-02 2.122373456160221456e-03
6.965556473927002334e-02 -1.419086381339886927e-03
6.663685022970258776e-02 -4.798131350308715705e-04
6.641813239521583700e-02 2.989658099772696687e-03
6.038019160081561226e-02 6.894365932855624733e-03
5.402389848930300165e-02 4.059354677213501683e-03
5.069382813664818216e-02 3.240825630329871327e-03
4.713645855582762612e-02 3.114661463113118072e-03
4.550817245223542917e-02 4.900399668505537980e-03
4.201486634496588712e-02 1.221033241685715205e-02
4.135722989298037944e-02 1.031963331875614467e-02
3.942600834814927874e-02 4.520574647811999650e-03
3.833888688303021403e-02 2.361001382527048390e-03
3.769011738704659831e-02 3.070092514573754985e-04
3.170387119113982771e-02 -3.518701600453223548e-03
2.694389934582174656e-02 -2.938579197030752690e-04
2.485014381931112751e-02 2.189183166679092764e-03
2.131606351933989715e-02 1.271674968647648184e-03
2.005712596714660095e-02 -1.084924735598965769e-03
1.677006303480311697e-02 -8.857848226733450571e-04
1.609346274821473605e-02 -2.290495682494068670e-03
1.193087180240992584e-02 -5.031631192342352933e-03
7.454465572965657955e-03 -3.235035056449927452e-03
5.564627901928646293e-03 -2.813625539796203983e-03
4.006442078791973629e-03 -1.241379668716830094e-03
