-1.235689155805599860e-03 -4.092613872660685187e-03
2.074086096608325502e-04 -8.440088460808370732e-03
-1.003436925701250591e-03 -2.006858806257584907e-02
-7.337452994368574193e-04 -2.016884361433819370e-02
5.260838776358210027e-04 -2.684594542369793738e-02
-4.816834681195352602e-03 -2.801952618844531437e-02
-7.697485450963521304e-03 -2.825066085101923460e-02
-1.037850634648626764e-02 -3.008042042693066798e-02
-1.389647668126014514e-02 -3.265229948085084100e-02
-1.489853221266598284e-02 -3.537619947163510303e-02
-1.402487662727437516e-02 -3.939022649977948209e-02
-1.668900826483352140e-02 -4.081866798001385771e-02
-1.935317965574066476e-02 -4.224715121663456113e-02
-2.163419644872895467e-02 -4.404032966478823446e-02
-2.247911119519304529e-02 -4.772243750496525660e-02
-2.105062795857233840e-02 -5.038660889587239650e-02
-1.915697857824381553e-02 -5.349363258352297229e-02
-1.775414277708747476e-02 -5.837659320571544214e-02
-1.803508168886385279e-02 -6.108277231641946053e-02
-1.757653495665468038e-02 -6.777952423918703895e-02
-2.157616183484667438e-02 -6.924082525575966929e-02
-2.363824989431072623e-02 -7.124243050748838013e-02
-2.617657675744924223e-02 -7.670331764738584635e-02
-2.739651401985017734e-02 -8.143692407082828155e-02
-2.532572624234344719e-02 -8.413873244431778475e-02
-2.389728476210906463e-02 -8.680286408187692926e-02
-2.246880152548836121e-02 -8.946703547278407609e-02
-2.250324589028232861e-02 -9.350337835093115724e-02
-2.379910426060468515e-02 -9.623445753849844964e-02
-3.451539031177091460e-02 -9.625728456814208744e-02
-3.724646949933820700e-02 -9.496142619781973437e-02
-3.993558272349496258e-02 -9.537495022254646737e-02
-4.123144109381730871e-02 -9.810602941011375977e-02
-4.523102821866130385e-02 -9.956728867030006924e-02
-5.061205627728618955e-02 -9.919173718073212576e-02
-5.713280716743449755e-02 -1.002873792452390334e-01
-5.665447235566341277e-02 -1.012644453392709670e-01
-5.821306738817509652e-02 -1.063538151727194264e-01
-6.145806311686638490e-02 -1.091595442329710286e-01
-6.701973478215730862e-02 -1.112204384714563787e-01
-7.288352484618754179e-02 -1.140370604691342132e-01
-7.358319799279809670e-02 -1.138404475856126669e-01
-7.085211880523079042e-02 -1.151363059559350338e-01
-6.941575962190776883e-02 -1.181209736222330470e-01
-6.795352977193154509e-02 -1.167220679436515723e-01
-6.021498623312238063e-02 -1.097169551095415196e-01
-5.629486718207397933e-02 -1.082843592740243138e-01
-5.336656772157648276e-02 -1.121677225717696152e-01
-5.075385597332878612e-02 -1.108207171504872468e-01
-4.955579494781010147e-02 -1.041099659390589127e-01
-4.822711879753580760e-02 -1.027143422387764710e-01
-4.288941044881208059e-02 -1.013270827039602917e-01
-4.015833126124478125e-02 -1.026229410742826587e-01
-3.743250203713294200e-02 -1.037051624309225373e-01
-3.613660391346258660e-02 -1.009740414869689240e-01
-2.945822986734655813e-02 -9.976764294226959928e-02
-2.810457213047466013e-02 -9.938693669749480708e-02
-2.544044049291552256e-02 -9.795849521726043840e-02
-2.142903944801803282e-02 -9.697798037016042150e-02
-1.869791850406440914e-02 -9.827387849383079077e-02
-1.726947702383002659e-02 -1.009380101313899353e-01
-1.580821776364371711e-02 -1.049375972562339165e-01
-1.425699635048890100e-02 -1.125963591280289139e-01
-1.189131012589304467e-02 -1.142486379049285905e-01
-1.009878767279150970e-02 -1.165029602599233632e-01
-7.368323725409191456e-03 -1.177721231907330468e-01
-4.637900532894038280e-03 -1.190412871230618758e-01
1.558182170067167933e-05 -1.202631933721384078e-01
5.669799866820645316e-03 -1.219682933889644494e-01
7.071546909061505494e-03 -1.246330810215757340e-01
1.038869354861125978e-02 -1.280258539713376442e-01
1.254595296963209074e-02 -1.298970614817615832e-01
1.452918034470924123e-02 -1.312112977287354931e-01
1.595766358132994986e-02 -1.338754691196426261e-01
1.614910291413528334e-02 -1.405787849990082772e-01
1.695361773013519258e-02 -1.439531314664751760e-01
2.034148311827521996e-02 -1.458742702475225861e-01
2.176992459850959558e-02 -1.485384018850817445e-01
2.319836607874397813e-02 -1.512025335226408751e-01
2.589010528614760914e-02 -1.508958687596225756e-01
3.126584162493072083e-02 -1.510577434821600284e-01
3.352799132098437107e-02 -1.528462009404893684e-01
3.731270685630002498e-02 -1.589534695622972782e-01
3.957857814377317013e-02 -1.598064358825282139e-01
4.458191694834715696e-02 -1.611266276951723309e-01
4.772350316991728209e-02 -1.628133012297033333e-01
5.980277076847852202e-02 -1.638794351403621563e-01
6.386934719971699981e-02 -1.651425154840805987e-01
6.527219085164963353e-02 -1.667649934717522486e-01
6.684237657302602442e-02 -1.643211521649842466e-01
7.361382597260218708e-02 -1.625512184002368410e-01
7.615643421244458477e-02 -1.627025425871816422e-01
7.630534879807417126e-02 -1.611488143614246971e-01
7.466345278047895051e-02 -1.563251495752459863e-01
7.592474076610544742e-02 -1.532742301073399815e-01
7.458337831879385815e-02 -1.530666756807487483e-01
7.202803417475153736e-02 -1.545726162481031174e-01
6.808117993084243647e-02 -1.560058690801916503e-01
6.144284361632854075e-02 -1.588415249495731540e-01
5.338280440372365765e-02 -1.603758561032452012e-01
5.065172521615636525e-02 -1.590799977329228343e-01
4.792060427220274504e-02 -1.577840996092524928e-01
4.655395758980800103e-02 -1.511096635364876373e-01
5.055354471465198923e-02 -1.496484042763013278e-01
5.027969773158559585e-02 -1.482921205561825162e-01
4.913893474679015272e-02 -1.442846574846362306e-01
5.253258007353588804e-02 -1.420899445588738041e-01
5.967778860458809731e-02 -1.359546396988339789e-01
6.744336998474347034e-02 -1.344008340588186134e-01
7.001517062288606374e-02 -1.303020968441994942e-01
7.187915818165981074e-02 -1.278510355857813141e-01
7.533861469537392330e-02 -1.294229739119016342e-01
7.837316602817114009e-02 -1.300165331523665257e-01
8.140203463364957537e-02 -1.282049768275613233e-01
8.363579374338554751e-02 -1.244887392173281010e-01
8.629996513429270821e-02 -1.230602559807073837e-01
8.803871555470649257e-02 -1.198639688930459440e-01
9.066328982865114183e-02 -1.157372242488098890e-01
9.276003763332166252e-02 -1.107949746398607521e-01
9.399026044374013400e-02 -1.053929844777237723e-01
9.528615856741050327e-02 -1.026618635337701452e-01
9.715518070922718463e-02 -9.932874076810775665e-02
9.794929080656479548e-02 -9.575476442639542507e-02
9.394966392837279801e-02 -9.721606544296806929e-02
9.278507667785819424e-02 -1.052889665796747642e-01
9.084463903753192682e-02 -1.100670300775772881e-01
8.892350025648448897e-02 -1.134548954657173120e-01
8.543922007864636348e-02 -1.184846637207096903e-01
7.782377691523335861e-02 -1.217986554033814450e-01
7.573364167280435821e-02 -1.237475287756944209e-01
7.224087815885521513e-02 -1.251696226812624158e-01
6.906857016542976291e-02 -1.265838416416472378e-01
6.464097150843436945e-02 -1.280289083937892480e-01
6.049764334867700072e-02 -1.236409068537563383e-01
6.305894205687037624e-02 -1.191148141020379608e-01
6.531326441186514897e-02 -1.173222916489364276e-01
6.338779564847037140e-02 -1.183584293462741910e-01
6.173858346945720887e-02 -1.197619707496452995e-01
5.788974195076428825e-02 -1.262705941265215015e-01
5.932496376952838685e-02 -1.302975724392783363e-01
4.625444321495773836e-02 -1.378345767374347108e-01
4.330606087718907177e-02 -1.309584524432382269e-01
4.340574979440989939e-02 -1.274015817414211604e-01
4.194444877783726211e-02 -1.234019548632291768e-01
3.931082353172092592e-02 -1.206338053276210104e-01
3.521820965906023726e-02 -1.193981161718154216e-01
3.220628776948433053e-02 -1.142874288852499254e-01
2.955336366408917170e-02 -1.129094774594042727e-01
2.818920399726805581e-02 -1.128628281670797928e-01
2.689334562694569927e-02 -1.155939073546470852e-01
2.692747639852107605e-02 -1.169827924727861457e-01
2.449596704070463454e-02 -1.224410138760887168e-01
2.711055056434098429e-02 -1.276950997957340406e-01
2.177025798875669924e-02 -1.289755398221898164e-01
1.890230136680213016e-02 -1.275493699771165779e-01
1.344014299166754710e-02 -1.249576532364718440e-01
9.313398347431483398e-03 -1.223330789625272086e-01
3.632269482386321895e-03 -1.195328956649594626e-01
2.874300079573625022e-04 -1.106621618379765026e-01
5.635640286630311420e-03 -1.097022578402595955e-01
8.366719474197604686e-03 -1.109981162105819485e-01
1.137764196536866432e-02 -1.106301458700070794e-01
1.609904245976142081e-02 -1.091778591662148912e-01
2.035108069877719639e-02 -1.060266929988419732e-01
2.164693906909955293e-02 -1.032956138112746808e-01
2.564656594729154693e-02 -1.018343127947020366e-01
2.783433175975518273e-02 -9.950892928928342651e-02
3.085537202265558471e-02 -9.411635229818018922e-02
3.105886145447459348e-02 -8.825851779982016310e-02
3.066595028216929572e-02 -8.423267685162227902e-02
3.189621284593577993e-02 -7.883064493309896448e-02
3.128354916876589092e-02 -7.021345983149872294e-02
3.025183866506239369e-02 -6.411875148682623371e-02
3.026567017743493626e-02 -6.141913633272028106e-02
2.883722869720056065e-02 -5.875500469516113655e-02
2.921248639057841268e-02 -4.466157056621659904e-02
3.387279768934631230e-02 -4.398583985445080058e-02
3.528286129292913798e-02 -4.590211967951980665e-02
3.801328448544429028e-02 -4.717128361184864255e-02
4.147939431626708473e-02 -4.574984469981362156e-02
4.082615508156849787e-02 -4.309337362854431114e-02
3.673354120890781616e-02 -4.185768447273870846e-02
3.182515738395894078e-02 -4.331456614645338293e-02
2.086277873802035859e-02 -3.332147601994148167e-02
1.943805884920547788e-02 -2.972185324428393977e-02
2.069737684663723598e-02 -2.659076895266303600e-02
2.186939942921455049e-02 -1.990736817428036959e-02
2.213935704457323239e-02 -1.784292012066372723e-02
1.784596808233189155e-02 -1.931139933250023213e-02
1.657680415000305219e-02 -2.204182252501538097e-02
1.418564711852649332e-02 -2.370411401158119269e-02
1.039908176717999760e-02 -2.513342786879937951e-02
8.547006341265844798e-03 -2.154430702309105550e-02
8.636367954082799572e-03 -1.865578030662055214e-02
9.513276709158477798e-03 -1.192621060390104334e-02
8.245082365100370875e-03 -9.258100238123569484e-03
5.620821684374313100e-03 -7.959616886073489841e-03
4.159562424188001026e-03 -3.960029761229499901e-03
2.731079187567292833e-03 -1.295858370322356323e-03
