-1.956550119395604123e-03 -2.570020943343217460e-03
-5.158500280777644949e-03 -4.513928253065512507e-03
-8.175963120698783934e-03 -6.550628984124809602e-03
-1.137211519657245658e-02 -5.839426024159109600e-03
-1.311742635080138594e-02 -6.839925283642032776e-03
-1.258322926878064837e-02 -1.066219099313662697e-02
-1.647318594352155038e-02 -1.314138296780831099e-02
-2.237514998511005646e-02 -1.186440389317315776e-02
-2.380788689049869247e-02 -9.800657856840594082e-03
-2.490336957717152050e-02 -1.189347910057801314e-02
-2.431372491289723187e-02 -1.675480138421536758e-02
-2.749258995341057749e-02 -1.871031453015284743e-02
-3.060755444416243115e-02 -1.783770936959494166e-02
-3.255255160989938695e-02 -2.038466269097899755e-02
-3.499776321464476148e-02 -2.205897812707208541e-02
-3.547081628944328408e-02 -2.458026738767902022e-02
-3.479824924514249990e-02 -2.847209734717071755e-02
-3.214794330486282770e-02 -3.067127263592734493e-02
-3.195554200264444367e-02 -3.770193153120236090e-02
-3.345882990784571770e-02 -4.414024437530636447e-02
-3.396244254074436142e-02 -4.744067244470962647e-02
-3.365572482059405596e-02 -4.970399316681206603e-02
-3.457931977812119667e-02 -5.237442601919491819e-02
-3.477510960903134468e-02 -5.480396849712142193e-02
-3.447155259129935923e-02 -5.851028199540517921e-02
-3.532112551354509716e-02 -6.163686982128174785e-02
-3.331530516626139693e-02 -6.293416780904788344e-02
-2.682471510752062333e-02 -6.163236964606594315e-02
-2.399649596791211814e-02 -6.692569991784821926e-02
-2.428309726858426248e-02 -7.128870183367655433e-02
-2.322599512136700947e-02 -7.355366618276899804e-02
-1.838742190709935498e-02 -7.806641651241774671e-02
-1.760358042943439144e-02 -8.386320753291638674e-02
-1.949991402081511019e-02 -8.527897822862016974e-02
-2.114456282179500921e-02 -8.774579060353897286e-02
-2.411587291888828838e-02 -8.980565012447210005e-02
-2.240639608893956955e-02 -9.200852466079888214e-02
-1.985070397219116170e-02 -9.258554484173596444e-02
-1.758244536283421616e-02 -9.792962969210161628e-02
-1.510989334558864548e-02 -9.959162397162343860e-02
-1.365950207426704435e-02 -1.014764428947036584e-01
-1.158801921820919525e-02 -1.044247207534847732e-01
-1.223003719703487889e-02 -1.076556549543569996e-01
-8.482858487814371601e-03 -1.203160389693028326e-01
-1.010969137348056122e-02 -1.225462539181297744e-01
-1.190850315620710712e-02 -1.242565629547978112e-01
-1.379909710526107218e-02 -1.256896791290435245e-01
-1.346266953263947595e-02 -1.275778709133933431e-01
-1.078082777706917961e-02 -1.285361214443573596e-01
-8.362694202330123519e-03 -1.286972557018306318e-01
-6.790972847418485364e-03 -1.305419850089991618e-01
-4.422170216835137960e-03 -1.321229003702233673e-01
-2.256581630750787663e-03 -1.395389057886855522e-01
-2.473239412568751204e-03 -1.435903856549552438e-01
7.771695564307014000e-04 -1.458601189498090200e-01
6.049229548913463012e-03 -1.474993746525861682e-01
8.195399536966208390e-03 -1.532298532934207036e-01
8.930964542843113779e-03 -1.546975923163702582e-01
1.367662271621205086e-02 -1.542231413255926442e-01
1.605456090992633811e-02 -1.542629804972949215e-01
1.877621877766431913e-02 -1.555156782013085437e-01
2.235265539802147941e-02 -1.617919118098223863e-01
2.732964179192726856e-02 -1.610870734720514230e-01
3.015726394320233580e-02 -1.666690376055513512e-01
2.971000931445370169e-02 -1.653174123431933873e-01
3.143591936956055544e-02 -1.626314391886393429e-01
3.522340295405659849e-02 -1.621664270877586356e-01
3.731804459998827594e-02 -1.650685522037118880e-01
3.672217936399045646e-02 -1.683226451944579705e-01
3.853494070445474123e-02 -1.681650181835270541e-01
4.098900943658712048e-02 -1.703522083672114051e-01
4.304886895752025461e-02 -1.733235184643046878e-01
4.451662320629332786e-02 -1.752026506276146978e-01
4.650825877745341091e-02 -1.750626954815262537e-01
5.357537058882497205e-02 -1.793379130721647341e-01
5.387892760655694363e-02 -1.830442265704484983e-01
5.204571296768892991e-02 -1.846505685009779407e-01
5.045328293816421505e-02 -1.869847505559434908e-01
4.780178074813168365e-02 -1.879774872772525529e-01
5.303906417624097702e-02 -1.870134897118493067e-01
5.550657664569234179e-02 -1.909842900865019732e-01
5.514593581082925799e-02 -1.948910841462800358e-01
5.744580617756798319e-02 -1.963218413731796785e-01
6.049875123702023322e-02 -1.965421072346531239e-01
6.554138264079062415e-02 -1.974881958853406116e-01
6.889982200653232969e-02 -1.978765061779183820e-01
7.060129141472290537e-02 -1.958138652234240051e-01
7.624635434291210379e-02 -1.957915818576275724e-01
8.570073684415664694e-02 -1.985078217361408437e-01
9.007038099049709257e-02 -1.984077411454016615e-01
9.237377382960169914e-02 -1.982223006262848752e-01
9.766213266196983878e-02 -2.003175672520845496e-01
1.014727925352492538e-01 -1.998064552909325220e-01
1.039539392973879428e-01 -2.001581957810505130e-01
1.065727678655585958e-01 -2.009258400793698107e-01
1.093895684367812149e-01 -2.008973793592079005e-01
1.184137689127001819e-01 -2.049863978930154540e-01
1.221001732183571026e-01 -2.058429394320738792e-01
1.255562430595771883e-01 -2.064681352516858637e-01
1.282610787681015274e-01 -2.074956973153516127e-01
1.305243994902039739e-01 -2.071889795952013003e-01
1.330972930350231009e-01 -2.078179833292076728e-01
1.356243748205133159e-01 -2.083083643836385890e-01
1.379335601845012027e-01 -2.081402518441542171e-01
1.406383430104690135e-01 -2.091678314067294542e-01
1.438640608883427763e-01 -2.095616286243385529e-01
1.477808171573460339e-01 -2.106495687653998916e-01
1.503939060831899210e-01 -2.113998675851772591e-01
1.526572268052923675e-01 -2.110931498650269467e-01
1.553218671327919187e-01 -2.119994168429216730e-01
1.626464618200726964e-01 -2.146705658430871910e-01
1.693831738020918076e-01 -2.169594907371257264e-01
1.720822169857328665e-01 -2.179697248211590610e-01
1.736934663518697464e-01 -2.202243476921692256e-01
1.780710323126787620e-01 -2.217750500394173319e-01
1.821605614001035323e-01 -2.230365215366143516e-01
1.852135064595557823e-01 -2.232567873980877693e-01
1.904671743348400614e-01 -2.253635333085409753e-01
1.943009929979933048e-01 -2.248062686045610437e-01
1.967936719273420398e-01 -2.251926825528533793e-01
1.994009683283026468e-01 -2.259256533929983324e-01
2.025669248891097673e-01 -2.246281459052948959e-01
1.910623242504817798e-01 -2.171685915749352325e-01
1.900367601916412019e-01 -2.110480581814198620e-01
1.918929512845536645e-01 -2.095109749010355682e-01
1.957349549720959203e-01 -2.025872141565566165e-01
1.907832109801786691e-01 -1.970352632022938921e-01
1.757030330920208439e-01 -1.881826008108840043e-01
1.758376710819976874e-01 -1.846965858988067477e-01
1.757042141159501636e-01 -1.823759916316314011e-01
1.772568809158637515e-01 -1.797473449047067573e-01
1.811068391426076118e-01 -1.770891171499585359e-01
1.822526290306266672e-01 -1.731147288534738982e-01
1.829682897758766746e-01 -1.705131017133739713e-01
1.865853498240988284e-01 -1.687778871536430025e-01
1.861451751379010477e-01 -1.641939721643652095e-01
1.831099980432058794e-01 -1.585076616558696028e-01
1.773074521545569826e-01 -1.566594604858057294e-01
1.701456680764725504e-01 -1.534345435355776721e-01
1.646274221569047347e-01 -1.535494587733303440e-01
1.565022471669489379e-01 -1.500857599517826102e-01
1.539923668095294629e-01 -1.496473624504209565e-01
1.526979086985061906e-01 -1.477108863605720301e-01
1.501221656117457393e-01 -1.457370436451909945e-01
1.490141849932974105e-01 -1.403550744105900860e-01
1.517779401469706302e-01 -1.381908685146613081e-01
1.541726852740750442e-01 -1.358411461575246004e-01
1.561722274338801786e-01 -1.347372767802365034e-01
1.568208347606614705e-01 -1.311196781868625427e-01
1.561448036871763978e-01 -1.261715902251573651e-01
1.617844910160723959e-01 -1.233441121243534777e-01
1.647690151927238555e-01 -1.205108534369507683e-01
1.638038038786582551e-01 -1.184654291363506501e-01
1.616949015145117963e-01 -1.167984537522162164e-01
1.598632798931632626e-01 -1.150397844679579007e-01
1.585514763035980601e-01 -1.131090480204357263e-01
1.558610453637596927e-01 -1.107886130295551025e-01
1.525252694600980896e-01 -1.026831751902203965e-01
1.493689238311936285e-01 -9.697928398479697953e-02
1.467498448188135629e-01 -9.371237140917333674e-02
1.371610115954214892e-01 -8.913727032992448118e-02
1.354055789556726508e-01 -8.685349630941829879e-02
1.317113265045522785e-01 -8.428841325332958601e-02
1.280978648707871703e-01 -8.173502720137072741e-02
1.251601309837410969e-01 -8.163047833272225884e-02
1.226640409077646293e-01 -8.018778888330688193e-02
1.212482702120608324e-01 -7.829145529192615971e-02
1.195205981979413357e-01 -7.649833026896984967e-02
1.153013113920392102e-01 -7.385709361492842628e-02
1.138976169693223517e-01 -7.170681711891391252e-02
1.114435482371899794e-01 -6.951962693522954762e-02
1.113244785409188975e-01 -6.590610685828279802e-02
1.159414993034721675e-01 -6.353238156626847544e-02
1.158402984050713042e-01 -5.968224656432032788e-02
1.134367873184945474e-01 -5.811275760519309108e-02
1.096796280737127594e-01 -5.791405978916002589e-02
1.028003916708952331e-01 -5.746029648774544918e-02
9.983390340211981129e-02 -5.732683168798686363e-02
8.098524853390738631e-02 -4.818311021062050142e-02
7.770202189257485736e-02 -4.773148113079115490e-02
7.457323439564694789e-02 -4.524841786654356518e-02
7.237772790281339630e-02 -4.361015857878038776e-02
7.106630358210526410e-02 -4.150627004397959563e-02
6.613493694650060539e-02 -3.717800703579173666e-02
5.696464718748583955e-02 -2.863846237037388082e-02
4.984320810152245013e-02 -2.280467906120033084e-02
4.265492775594159625e-02 -1.851188077363403670e-02
4.067365938131232289e-02 -1.391877733866876514e-02
3.816357653024002317e-02 -1.621055878093310282e-02
3.309800405607212642e-02 -1.519514109863437726e-02
3.064771051360103485e-02 -1.127637715960755696e-02
2.577141219139284303e-02 -8.160322812841047310e-03
2.390862208532630595e-02 -4.796935067219800473e-03
2.035311330471799643e-02 -4.800702423169999483e-03
1.707579114263203801e-02 -4.250954546353036094e-03
1.597199214681003371e-02 -2.251447770194901082e-03
1.223865906170156122e-02 -1.717998733263303253e-03
6.160905549744424836e-03 -1.652757883277747742e-03
3.597600505918471022e-03 7.482327065721858933e-04
