-3.987000816882397755e-03 -6.374506202071419545e-04
-7.301678804725537757e-03 -1.543960965234072828e-03
-9.348295211005748853e-03 -3.982718367471185100e-03
-1.385457986629720292e-02 -3.662909570517058292e-03
-2.673777921907577459e-02 -1.076629135018184087e-03
-3.000191614399857348e-02 5.508497208073585274e-04
-3.072329824492699840e-02 -6.211198816840026631e-04
-2.788813027743509976e-02 -5.174099300226976672e-03
-2.697743023025997444e-02 -7.159774133132174381e-03
-2.635678123501174891e-02 -9.105883145962400532e-03
-2.609757303725144043e-02 -1.218445568827545775e-02
-2.437720678259609405e-02 -1.321705355496651489e-02
-2.215721145750487037e-02 -1.470197138069918689e-02
-1.987925645730049401e-02 -1.619480268386568056e-02
-1.752484170884746270e-02 -1.799352649622885242e-02
-1.633083754379607497e-02 -2.093381561249505612e-02
-1.302743554404416776e-02 -2.422118586001056895e-02
-9.871932333353214753e-03 -2.902474082937031574e-02
-8.224557722606232191e-03 -3.297236613237550934e-02
-6.413221987432341821e-03 -3.398784634291259626e-02
-4.601886252258450584e-03 -3.500332655344967625e-02
-2.851549420458991940e-03 -3.819683877139994077e-02
-1.940854207417909991e-03 -4.018254901033758292e-02
-1.262205296890045719e-03 -4.213654092870322554e-02
-8.445744916838424663e-04 -4.405493101691188018e-02
-1.121371901372969233e-03 -5.149211755475267827e-02
-2.570642822648110375e-03 -5.345102879659139467e-02
3.119342434709839189e-04 -5.830593431734604898e-02
5.604283166485881772e-04 -6.232847963438602201e-02
8.196542174251240844e-04 -6.540705459376609798e-02
1.309622066999298990e-03 -6.831029488169329533e-02
8.139917160924306852e-03 -7.887462883154160165e-02
2.807337265144116325e-03 -8.417380059527346248e-02
5.317117689765529093e-03 -8.699828502131222441e-02
1.183009423160249693e-02 -9.512613092446217666e-02
9.845472302418304886e-03 -9.754377852579595998e-02
2.702419280218603705e-03 -9.662761981755836616e-02
2.636618779814936552e-04 -9.458100341127813337e-02
-1.189573033211627001e-03 -9.656894759972210751e-02
-9.667052454148148538e-03 -9.677055902051744096e-02
-1.467148438884430944e-02 -9.490547039098037874e-02
-1.932783961856957347e-02 -9.308790613325262919e-02
-2.399875768961338973e-02 -9.159334478967448567e-02
-2.921550231203657103e-02 -9.020156019508508705e-02
-3.194708404206515751e-02 -8.900132267334580349e-02
-3.428306952944756847e-02 -8.750056822447739580e-02
-3.568868733279949995e-02 -8.849046588973331906e-02
-3.395642590777613046e-02 -8.943607355177299323e-02
-2.989986615652438090e-02 -9.066945324193273481e-02
-2.820324680182450042e-02 -9.187610958119248050e-02
-2.578023328669125369e-02 -9.338874633154674310e-02
-2.162767429239979833e-02 -9.608296079620538832e-02
-1.979126960053864334e-02 -9.713143794326567493e-02
-1.573470984928689032e-02 -9.836481763342541651e-02
-1.333277556315857516e-02 -9.981550014685013072e-02
-1.122880580639098319e-02 -1.012845765153130295e-01
-7.971521420432871319e-03 -1.044770358295422918e-01
-4.624333326559393678e-03 -1.061453921103594489e-01
-2.900025619136339938e-03 -1.071489900194106948e-01
-7.094031788660345571e-05 -1.087170694531421206e-01
2.845137605081520665e-03 -1.102970263542253637e-01
5.642637561957613949e-03 -1.114471517003544770e-01
7.604264749661486869e-03 -1.126604525693649106e-01
1.101331434443262626e-02 -1.149576994393942952e-01
1.491779043860926891e-02 -1.190362316003037574e-01
1.659460918025543533e-02 -1.203879110484599446e-01
1.833079918916433876e-02 -1.213044809297603305e-01
2.036754153123480904e-02 -1.226166518878409606e-01
2.365318656124154942e-02 -1.297129504109538478e-01
2.595075186830185857e-02 -1.323607336476906593e-01
3.112792583651601691e-02 -1.340426047002394039e-01
3.286411584542492381e-02 -1.349591745815398314e-01
3.459637727044828637e-02 -1.359047822435794917e-01
3.890692515074142127e-02 -1.400387570878661725e-01
4.690414238162038396e-02 -1.498465182909230198e-01
4.718958771297111082e-02 -1.538150325167353671e-01
4.760718794627892547e-02 -1.557333823647775450e-01
4.792955396390434497e-02 -1.596478252591957969e-01
4.879272963927013679e-02 -1.619815767970718690e-01
5.270876475253649662e-02 -1.679230563628128226e-01
5.462715484074515820e-02 -1.675054255576066131e-01
5.654550468878731528e-02 -1.670878253242987777e-01
5.850745515888731985e-02 -1.663511507607269568e-01
6.017632018293317397e-02 -1.677608204558946603e-01
6.186502122606519355e-02 -1.690254718763000152e-01
6.592161154921534483e-02 -1.702588918066262336e-01
6.768283994291310335e-02 -1.712084183842833562e-01
6.944623528784968358e-02 -1.751719205505907762e-01
7.072736505081780867e-02 -1.774740867440932623e-01
7.414433295715680550e-02 -1.797133385329770239e-01
7.613099852964953784e-02 -1.809595960983441942e-01
7.785134708128867154e-02 -1.819921915479682517e-01
8.392893585940543189e-02 -1.840038027804491161e-01
9.047059150478425904e-02 -1.860787750078750635e-01
9.219889377402369635e-02 -1.870533802104875631e-01
9.741566896834527589e-02 -1.884452050452434524e-01
1.018136608948172345e-01 -1.899911169402165034e-01
1.042656719505232754e-01 -1.915077128463546774e-01
1.059464192760549844e-01 -1.928303545137715902e-01
1.088428247280337074e-01 -1.939053695396681654e-01
1.134735046876770986e-01 -1.915830842960810632e-01
1.162710046445531858e-01 -1.927332096422101626e-01
1.196181927384266513e-01 -1.944015659230273196e-01
1.228754771243847632e-01 -1.975940252372565820e-01
1.250516863553544078e-01 -2.006979570296876236e-01
1.278077623096795790e-01 -2.051810614826661550e-01
1.283255466540412504e-01 -2.072312783563017291e-01
1.282208543925770772e-01 -2.103783545121961363e-01
1.257404875157253077e-01 -2.129646568491996572e-01
1.306593909167180489e-01 -2.137249057207765979e-01
1.317790192282269623e-01 -2.120164040645908521e-01
1.388637538981160879e-01 -2.068678470357850907e-01
1.421311380605141672e-01 -2.050094077813639226e-01
1.417173688409259780e-01 -2.037120253768320566e-01
1.384130688263872644e-01 -2.056245005566149087e-01
1.364748781251249043e-01 -2.061871544707175319e-01
1.314967985972012587e-01 -2.045620047174971923e-01
1.287262879436218421e-01 -1.997519381945851435e-01
1.268811329145680122e-01 -1.959545737722115100e-01
1.260615176210935495e-01 -1.933017784759697710e-01
1.258022917203170110e-01 -1.902232035165896673e-01
1.252344306063776502e-01 -1.881070732502406473e-01
1.237610814792339115e-01 -1.841831723100406382e-01
1.230365100952440921e-01 -1.808342590098895308e-01
1.226034844230944887e-01 -1.764319894793715815e-01
1.248919857900652186e-01 -1.702740172032546628e-01
1.305811621816447277e-01 -1.690712627010105829e-01
1.319618391703737126e-01 -1.673984031151483642e-01
1.271549046229859259e-01 -1.593262256076058148e-01
1.307751518488607934e-01 -1.522864580888547148e-01
1.390507941255406110e-01 -1.529141103135133739e-01
1.407711426771797170e-01 -1.539467057631373759e-01
1.416546631260915401e-01 -1.528855239572344815e-01
1.389840181353038939e-01 -1.501572644864656580e-01
1.372557158660644983e-01 -1.491826592838531862e-01
1.353191576350478709e-01 -1.480023553513659940e-01
1.338390664079875392e-01 -1.449934674684195679e-01
1.330392517275667819e-01 -1.421956490632813874e-01
1.305682099315295663e-01 -1.362741958228243788e-01
1.321366078135231270e-01 -1.314951704950247935e-01
1.348131628786024550e-01 -1.305015345520811054e-01
1.373555242325502912e-01 -1.278941224141742494e-01
1.351463583052238959e-01 -1.248152290065320802e-01
1.326443680501060429e-01 -1.225827144834308463e-01
1.299564748440331097e-01 -1.204134682192428141e-01
1.282286239992541099e-01 -1.168389225999649228e-01
1.266256723679217155e-01 -1.153791761352194606e-01
1.241027004539648343e-01 -1.124347021509391198e-01
1.261679315933793843e-01 -1.089939744757624784e-01
1.296750240857299508e-01 -1.084091884289338920e-01
1.325782643736571065e-01 -1.079192205793597231e-01
1.360855825782378570e-01 -1.060344643241984686e-01
1.380673336613915947e-01 -1.051527666517301646e-01
1.421613888313087715e-01 -1.030822050157797487e-01
1.459668972887115945e-01 -9.187231183918979915e-02
1.464194051368839788e-01 -9.007272542930340464e-02
1.460018049035761711e-01 -8.815437558126124062e-02
1.455447985844927627e-01 -8.522606150251274548e-02
1.484314629596912571e-01 -8.139523164055369187e-02
1.467011524531757205e-01 -7.675672610537430385e-02
1.457075165102320324e-01 -7.408017104029490651e-02
1.445635891147583896e-01 -7.120579531674217644e-02
1.378033922703298664e-01 -6.726918970646843243e-02
1.342520976766608809e-01 -6.406616211273699624e-02
1.355167490970662358e-01 -6.237746106960498360e-02
1.377784868729704792e-01 -5.857945976193835308e-02
1.402459233787494430e-01 -5.457320249249455330e-02
1.396493526006009622e-01 -5.050313280364524676e-02
1.392336727139025787e-01 -4.489184484229689215e-02
1.362938704505915755e-01 -2.747236770870132780e-02
1.286646854266713380e-01 -2.427390075001439537e-02
1.238118235604564188e-01 -2.281361012477664194e-02
1.206927274474462602e-01 -2.120593429907182900e-02
1.171675241422871910e-01 -1.954281095585578068e-02
1.014690678628873549e-01 -1.961533344982517232e-02
1.019361385411471366e-01 -2.549951698384698637e-02
9.722557899259824665e-02 -3.230180528801789019e-02
9.140258465691748768e-02 -3.729764177445552692e-02
8.698939299260280422e-02 -3.997461284673175380e-02
8.023248300140158051e-02 -3.990888491485087425e-02
7.589485308177988665e-02 -4.008482106556433139e-02
6.893074003252250281e-02 -4.132034195796736864e-02
6.491470626903485253e-02 -4.195382858825653927e-02
6.296071435066920297e-02 -4.263247749878439768e-02
5.303983384258281059e-02 -4.107113531960436548e-02
4.690284322530493405e-02 -3.949459341381275634e-02
4.468511725575247812e-02 -4.037361054644832831e-02
4.301621682567416394e-02 -3.896393601714655958e-02
4.129586827403505106e-02 -3.793134056752251598e-02
3.839946282205632111e-02 -3.685632554162596164e-02
3.573382989077363708e-02 -3.560601608444299848e-02
3.200560839557253789e-02 -3.391517381660537345e-02
2.723942070281388725e-02 -3.441670068526926640e-02
2.256125662275881849e-02 -2.908025920387105265e-02
2.089235619268051125e-02 -2.767058467456928045e-02
1.707222275228794522e-02 -2.383994510757685495e-02
1.195499478372721337e-02 -1.847309449345626436e-02
4.826735160441486018e-03 -7.927154398646125283e-03
2.914255146524599455e-03 -4.622889790139832721e-03
