3.264495963016628317e-03 -5.212559405943929802e-03
5.461541153118149548e-03 -9.070944499531642669e-03
8.101098959694514115e-03 -1.293029905759671659e-02
9.227074659628343306e-03 -1.582743359083576065e-02
9.916834332835872817e-03 -1.838023188265086594e-02
9.069962264315443654e-03 -2.064821694425885215e-02
1.017973257778634864e-02 -2.278556088813420491e-02
9.473939242838493036e-03 -2.518015959427676032e-02
7.761724652995544149e-03 -2.919013222967975496e-02
3.707734752293872019e-03 -3.181535655933410978e-02
2.682771974971567917e-03 -3.695147895669131238e-02
-6.785744285999087497e-04 -3.859470082718279710e-02
-4.475586710863868785e-03 -4.100717165842819589e-02
-6.720132221189344807e-03 -4.013418216612930217e-02
-1.000962979790405091e-02 -3.832338166476424030e-02
-1.255422119073662524e-02 -3.778478121748183455e-02
-1.376535332710616261e-02 -3.965981636743697025e-02
-1.444680793539355676e-02 -4.342517568914913001e-02
-7.182254643975066744e-03 -5.108624021389013281e-02
-3.982576928040116801e-03 -5.509926668502487107e-02
-3.149473454920850412e-03 -5.754488551982383376e-02
-2.410124917246029164e-03 -6.009503455886371082e-02
-1.395003761082834037e-03 -6.618480140536173173e-02
-3.131876671320124074e-03 -7.084241034487082089e-02
-7.965922601564680294e-03 -7.798399891886394208e-02
-1.046366678123855296e-02 -7.739313500430385073e-02
-1.961934930406572866e-02 -7.861868249327390312e-02
-2.335407981965564178e-02 -8.080406961887393047e-02
-2.502911242246021184e-02 -8.044219971919321088e-02
-2.562999463641667253e-02 -8.321387481767116012e-02
-2.872128060314659698e-02 -8.507119810772398316e-02
-3.385753370931640638e-02 -9.103597313834750626e-02
-3.177221202850688542e-02 -9.411493892978467501e-02
-3.212647581697974236e-02 -9.675898597590704142e-02
-3.237240998887430665e-02 -1.033394507932186429e-01
-3.297897573139303706e-02 -1.072946545607325330e-01
-3.507384232958751097e-02 -1.137911203877036703e-01
-3.239720057485332566e-02 -1.180610435382648121e-01
-3.514581208528454875e-02 -1.223954931813687336e-01
-3.656006765731403124e-02 -1.256635326190238544e-01
-3.413320697964471184e-02 -1.263228571974880643e-01
-3.111069554079176278e-02 -1.267809547299288131e-01
-2.891007825633100728e-02 -1.268410041001957200e-01
-2.566135531367582517e-02 -1.278983482211130118e-01
-2.418265823832617401e-02 -1.329986462991927798e-01
-2.091732856257333059e-02 -1.343633162764405475e-01
-1.844372198459087384e-02 -1.370832199732592294e-01
-1.635861693848376236e-02 -1.381338653481830603e-01
-1.407661148340088111e-02 -1.389650510984782039e-01
-1.125601941121926082e-02 -1.412983276330378735e-01
-1.197750233407799715e-02 -1.436788454365784673e-01
-1.104496363755318351e-02 -1.466759138024920361e-01
-9.931208390202459282e-03 -1.498073490459973789e-01
-1.301338828257187982e-02 -1.518331902549083234e-01
-1.525594005121279871e-02 -1.542163418014907694e-01
-1.430977411801134629e-02 -1.583859428827300020e-01
-1.313518228777318247e-02 -1.617228802705416302e-01
-1.386859627933774257e-02 -1.648944754407342672e-01
-1.284322225263071805e-02 -1.671259217529829644e-01
-1.312137840622307899e-02 -1.693382943645794503e-01
-9.864053728237377749e-03 -1.705542615272379603e-01
-6.062539843601978673e-03 -1.728245802647348228e-01
-3.500099248990059912e-03 -1.723132620072230226e-01
-1.147714630932605839e-03 -1.730660922164971860e-01
2.141782945782088991e-03 -1.748768927178622479e-01
1.125456974315202502e-02 -1.817818900090733270e-01
1.250593458874754184e-02 -1.847915572842449838e-01
1.510590382708038894e-02 -1.849741863155616450e-01
1.738955636716525699e-02 -1.839957232808259457e-01
2.234039384736615300e-02 -1.797510934985017961e-01
2.662295521018186520e-02 -1.823682718478428499e-01
2.979702803120480234e-02 -1.871035079453297612e-01
3.340999475145001174e-02 -1.922326372593015920e-01
3.960023829212324514e-02 -1.992408495368970522e-01
4.488982014083664485e-02 -2.051294980261640921e-01
4.700488042275267203e-02 -2.082068265125715800e-01
4.959901250038710463e-02 -2.124215843687597693e-01
5.203640814594445718e-02 -2.164956762975321636e-01
5.466081259304624018e-02 -2.203508734498328681e-01
5.890543910568483282e-02 -2.253016504209067183e-01
6.106016475523055875e-02 -2.283768658829753162e-01
6.180417503769970733e-02 -2.309217564396575106e-01
6.287532550024250988e-02 -2.356562944867355014e-01
6.460376434966057235e-02 -2.387545448837662676e-01
6.780343879590992884e-02 -2.427675108457739706e-01
6.877150993439566651e-02 -2.428345385659392286e-01
6.768986953672234685e-02 -2.406657868265213995e-01
6.950067330777298658e-02 -2.373763497589337357e-01
7.021169650535778739e-02 -2.349864446869918411e-01
7.066537496457429846e-02 -2.239702125331317906e-01
7.583492496938999683e-02 -2.227612235975939825e-01
8.141461693036128322e-02 -2.252784828143837292e-01
8.592613144828785410e-02 -2.285445219667037453e-01
8.763666055343569128e-02 -2.281836173918752597e-01
9.085598086839120902e-02 -2.286957104991820811e-01
9.214389097363277770e-02 -2.317381759743168124e-01
9.317865226874111340e-02 -2.339591625612915948e-01
9.661923136869141060e-02 -2.370941257697020410e-01
9.718917910238925040e-02 -2.345776675623526542e-01
9.607940551923274675e-02 -2.324402631093502314e-01
9.495838421765612214e-02 -2.300947072592663123e-01
9.402469377143327089e-02 -2.258797066087304128e-01
9.380277938593399589e-02 -2.213130447996035643e-01
9.424803848445449661e-02 -2.169489783875367672e-01
9.511245813082919165e-02 -2.145458384551907627e-01
9.786106964126040086e-02 -2.102113888120868135e-01
9.914644077265512279e-02 -2.069503138047325275e-01
9.985519071406430414e-02 -2.040584475338235448e-01
1.003729003305196127e-01 -2.014950497147820763e-01
1.012458930925041051e-01 -1.992505647135836278e-01
1.058701266210676367e-01 -1.928262109377012479e-01
1.072050547275233134e-01 -1.895624580578510188e-01
1.104008038790803559e-01 -1.896383408681926175e-01
1.118318084795991846e-01 -1.927526331501639711e-01
1.128183672310856950e-01 -1.926098116590910514e-01
1.136913599930701735e-01 -1.903653266578926306e-01
1.143396886178241478e-01 -1.879191552149844235e-01
1.143713692947932875e-01 -1.773731323573556895e-01
1.147302106150841772e-01 -1.727900477465377505e-01
1.150399715495629277e-01 -1.711625563570894626e-01
1.147070947077468844e-01 -1.685904734596807564e-01
1.153658830577747596e-01 -1.661536892851738223e-01
1.205387280131201971e-01 -1.591180474794875177e-01
1.198953112140413724e-01 -1.565030908432778756e-01
1.248107698844174718e-01 -1.523399015508664078e-01
1.276688537907628151e-01 -1.546314029631430664e-01
1.261851942499971346e-01 -1.579031927301667582e-01
1.283782724760276772e-01 -1.596638534385049768e-01
1.309706069834319087e-01 -1.588774999159101864e-01
1.325529030754605542e-01 -1.530152254415891588e-01
1.313681327139892552e-01 -1.494899231412442075e-01
1.345143853101985199e-01 -1.444181366719588244e-01
1.371128381723419887e-01 -1.394206766803605113e-01
1.417355415278962749e-01 -1.363719930049992479e-01
1.448181971395749446e-01 -1.343560785626115028e-01
1.486211153148646325e-01 -1.331563068836659203e-01
1.542366617716061927e-01 -1.310929754307271211e-01
1.501934813997689022e-01 -1.291340165330455980e-01
1.457811920141960371e-01 -1.270607355464015431e-01
1.415561926242084323e-01 -1.245895821391537622e-01
1.367162251641477477e-01 -1.196610226805650129e-01
1.337145669035907369e-01 -1.143447186034509400e-01
1.323041482402883551e-01 -1.121639360726176260e-01
1.292397766565659412e-01 -1.101023540102435833e-01
1.253575407623110094e-01 -1.049579479145176797e-01
1.227790982725874280e-01 -1.007572709609314415e-01
1.205785577875128356e-01 -9.701838303957720233e-02
1.173788800715779013e-01 -9.300535656844247101e-02
1.131342535589393156e-01 -8.805457959736863460e-02
1.091240765288816750e-01 -8.284250410057042435e-02
1.065978688867150470e-01 -7.868870624954921178e-02
1.044730346898862100e-01 -7.497060862670225367e-02
1.002284049075620326e-01 -7.001977114650134726e-02
9.807367925801631359e-02 -6.694455568443277715e-02
9.717492214552943264e-02 -6.457209114773858338e-02
9.643557360785461052e-02 -6.202194210869869939e-02
9.568217605698417505e-02 -5.948751127729042659e-02
9.352745040743844218e-02 -5.641229581522185649e-02
9.241767682428195241e-02 -5.427489136221944066e-02
9.149548016051257948e-02 -5.192854424930370971e-02
9.075613162283774349e-02 -4.937839521026383266e-02
9.000635524929533060e-02 -4.681888752254338704e-02
8.787144797370408100e-02 -4.374263149300851306e-02
8.676167439054757735e-02 -4.160522704000609723e-02
8.581600628608937464e-02 -3.928496873114809690e-02
8.507668963782087646e-02 -3.673484831182895205e-02
8.430076395109366294e-02 -3.415187245310526837e-02
8.214687369383387450e-02 -2.980396975812274474e-02
7.885612869492278354e-02 -2.410564308015257506e-02
7.772523699632485905e-02 -1.881751058821474684e-02
7.687877929073329286e-02 -1.428462709344021156e-02
7.529412218094802545e-02 6.116817826562708123e-03
7.548076476586526584e-02 7.722727654671894364e-03
6.578153157038744980e-02 -2.947958581792231667e-03
6.339799182052142934e-02 -7.138396584432125068e-03
6.414269364311273036e-02 -9.419812677898577180e-03
5.934083285164497290e-02 -1.568469410015626772e-02
5.680556821808663975e-02 -1.513563719728553032e-02
5.557543267016428618e-02 -1.647481187171714878e-02
4.974276776768686570e-02 -2.445581847838688982e-02
4.657581964216529757e-02 -2.482083959921121616e-02
4.396088097576447695e-02 -2.436062331267052281e-02
4.236032689264721679e-02 -2.427309467787522670e-02
3.877274687583952273e-02 -2.347765395403212177e-02
3.563316019955017899e-02 -1.542465143202004056e-02
3.836570120532004774e-02 -1.079279942942321276e-02
4.004988806215054042e-02 -7.644380586281076737e-03
3.767878941641755047e-02 -6.912466557869158777e-03
3.475018822469488206e-02 -6.076440861134145555e-03
3.016737088832021838e-02 -4.434960191370952015e-03
3.028493978151088062e-02 -6.427081915506903213e-03
3.182369195688850017e-02 -9.694670113948351473e-03
3.462088537091994461e-02 -1.509156863877727552e-02
3.206200712405871817e-02 -1.815301550544468762e-02
2.877518741983997250e-02 -1.639177197914060136e-02
2.492198310592041999e-02 -1.482025193643416588e-02
1.968940252150324505e-02 -1.201078587330668516e-02
9.606649786146970529e-03 -4.452274224158799150e-03
2.550149039039881389e-03 7.393485376748236328e-04
