-1.996935085850147333e-03 -2.768523025130023660e-03
-5.380721091862798386e-03 -7.283613830937207476e-03
-7.202394847370808054e-03 -1.172045758621181703e-02
-1.008170174334417808e-02 -1.373640849257894321e-02
-1.107796800857027003e-02 -1.723935186547033427e-02
-1.183574301109590124e-02 -2.361179801593556518e-02
-1.350343396052831532e-02 -2.602707076045961826e-02
-1.415858476657606314e-02 -2.978041518151966840e-02
-1.459191141183798814e-02 -3.642597145508110618e-02
-1.430250703515299412e-02 -4.094251038553949062e-02
-1.600709948257686768e-02 -5.232390221464697927e-02
-1.584268329067674980e-02 -5.457915903451605183e-02
-1.768043091182291623e-02 -5.746452681077409558e-02
-1.639515349366789387e-02 -6.334184649269603007e-02
-1.923686538978695154e-02 -7.388866070025897070e-02
-1.819362143335244431e-02 -7.818862272598910146e-02
-1.975844742292613004e-02 -8.127427728810822372e-02
-1.934071783625259874e-02 -8.728474018117168831e-02
-1.692272537136911906e-02 -8.975926172970154215e-02
-1.581083795699396097e-02 -9.687405865990944553e-02
-1.340305066212522413e-02 -1.021755138314930228e-01
-1.235980670569070995e-02 -1.064754758572231674e-01
-1.095281068049725436e-02 -1.074906558693452252e-01
-8.014973097404886129e-03 -1.108540938846633572e-01
-7.067498181792304483e-03 -1.157136580635699519e-01
-3.474004820847201129e-03 -1.178261722861302790e-01
-5.971652736628407614e-03 -1.250912254665915990e-01
-8.183943043499730674e-03 -1.239574471778216724e-01
-1.162971138302710573e-02 -1.241229025431955096e-01
-1.307645705691304686e-02 -1.239009180941753052e-01
-1.467966449385316868e-02 -1.281831576038084952e-01
-1.658773242668814749e-02 -1.286373954647173912e-01
-1.887125378838038978e-02 -1.312480686633241689e-01
-2.323013559026397556e-02 -1.355898738988284835e-01
-2.894700639948881438e-02 -1.414720309307592461e-01
-3.168775840530708293e-02 -1.459691704913724797e-01
-3.543450035813863752e-02 -1.478558572413296024e-01
-3.844866744633769484e-02 -1.534645636013151349e-01
-3.932498022274500543e-02 -1.565656779757816641e-01
-4.088980621231869117e-02 -1.596513325379007864e-01
-4.294379388248161650e-02 -1.648099887441310529e-01
-4.102101245747540731e-02 -1.693180876227943499e-01
-3.812315273888530059e-02 -1.663709597475409585e-01
-3.524384584291192363e-02 -1.643550088411738219e-01
-3.218408492054879166e-02 -1.585173182054619434e-01
-3.138123360323513689e-02 -1.532277450576412514e-01
-2.991218034762091818e-02 -1.507016685801308431e-01
-3.144572494358657128e-02 -1.475465281475642765e-01
-2.960213683010634936e-02 -1.452253475901139901e-01
-2.803731084053266362e-02 -1.421396930279948956e-01
-2.424653543952434362e-02 -1.401453436924562368e-01
-2.311913553789473469e-02 -1.386807512068533310e-01
-2.073057891178729795e-02 -1.350449012514796376e-01
-1.788047550405858291e-02 -1.378365663712824429e-01
-1.851317405732785110e-02 -1.423936889500906355e-01
-1.968814960615427462e-02 -1.452580891426570875e-01
-1.850784694964823993e-02 -1.480839595236694006e-01
-1.524270960703767545e-02 -1.560792532443007197e-01
-1.294573387301445506e-02 -1.577650959647346474e-01
-1.176919793820072058e-02 -1.547793740820233299e-01
-1.492789253236806619e-02 -1.499765875780031121e-01
-1.693694383908127266e-02 -1.450377496509581698e-01
-1.711263996403428536e-02 -1.406046444140864882e-01
-1.602102608503168379e-02 -1.375916006291110216e-01
-1.251151996819784527e-02 -1.335012078535438296e-01
-9.142429952069390867e-03 -1.316522926323840104e-01
-5.820791287517752301e-03 -1.347550519641717848e-01
-4.497978384234365377e-03 -1.300920119841555977e-01
-1.716847462298628276e-03 -1.308559643347267654e-01
4.150355314080043760e-03 -1.283210148573791232e-01
8.508755627736083391e-03 -1.329195394284761467e-01
1.194578309090540101e-02 -1.357220515332897559e-01
1.399813363160622506e-02 -1.385755969129862930e-01
1.677260158254727587e-02 -1.408743377652291462e-01
2.078048337024064607e-02 -1.459504469524370851e-01
2.372092420593159209e-02 -1.503830988658364509e-01
2.610887504819148566e-02 -1.521357118710799927e-01
2.951210612962568841e-02 -1.560331993902516756e-01
3.283979415346531538e-02 -1.591753830360171373e-01
3.724369590209234554e-02 -1.638073029372340561e-01
3.954067163611556940e-02 -1.654931456576680116e-01
4.274129356980694433e-02 -1.678072261613599014e-01
4.509577705818405141e-02 -1.698676924457154236e-01
4.418825180378436329e-02 -1.675044717741177858e-01
4.127785259071700685e-02 -1.637937284040046904e-01
3.185082071164920675e-02 -1.557550712534820081e-01
2.953569320662445541e-02 -1.539509315225472685e-01
2.810082586336387980e-02 -1.505182843927768965e-01
2.573852006961997729e-02 -1.490644543208508588e-01
2.836369478529684324e-02 -1.453922971303365785e-01
2.523006352436569719e-02 -1.462767528271135542e-01
2.219446770114358314e-02 -1.446436922590735585e-01
2.502057471081510151e-02 -1.429386470731676961e-01
2.473199694751234551e-02 -1.401373584986299325e-01
2.352308506561251802e-02 -1.329163669696347139e-01
2.238220302994664568e-02 -1.300844231607666823e-01
2.325598827065579813e-02 -1.256517671126456959e-01
2.905260180720959512e-02 -1.291012786902879517e-01
3.324409442441587231e-02 -1.377414772960918465e-01
3.255119246500105812e-02 -1.411171420187435077e-01
3.345233563912287933e-02 -1.442280364430418016e-01
3.556968351855450267e-02 -1.476366672409087921e-01
3.912072788587792060e-02 -1.497355186657682857e-01
3.813664446897770122e-02 -1.454264789079685871e-01
3.580708022777689958e-02 -1.340586616120904573e-01
3.697465859141949029e-02 -1.307514199594288218e-01
3.980670262733976977e-02 -1.331624084628845461e-01
4.217308379519807415e-02 -1.396407364249933614e-01
4.283330898296382888e-02 -1.306597028091438795e-01
4.279354781327465718e-02 -1.276386241587101344e-01
4.669511070656074542e-02 -1.292598909674586849e-01
4.902536530294302614e-02 -1.311626155519054482e-01
5.113877362487693340e-02 -1.369128895191093487e-01
5.210042516442887905e-02 -1.404181233574555709e-01
5.370155469600562670e-02 -1.375690628163381279e-01
5.455657455400655942e-02 -1.345923225733657580e-01
5.795634800775465584e-02 -1.357053254631053751e-01
5.920998738615027013e-02 -1.333535857636554134e-01
5.941475901059041498e-02 -1.294271840598053835e-01
5.928068526587684794e-02 -1.232924912647139215e-01
5.915871393287681912e-02 -1.172366711661455979e-01
6.006745488969319341e-02 -1.126371919929088361e-01
5.839868917722262215e-02 -1.100476826973765115e-01
5.640632534785427338e-02 -1.050861079336987414e-01
5.811480467786881571e-02 -9.925394913789876983e-02
6.315304993708636960e-02 -9.513079501934856852e-02
6.649793512978775800e-02 -9.312413440514245855e-02
6.043231091281991291e-02 -9.502356538180915801e-02
5.714792625768950335e-02 -9.361031526509537570e-02
5.914183481732688402e-02 -9.082206804869261130e-02
5.655986324330700837e-02 -9.267128822913701935e-02
4.464121656703739366e-02 -9.575136241115876634e-02
4.083279908654444817e-02 -9.250130731285781394e-02
4.477326094657302358e-02 -9.161413189572142901e-02
4.901784908830730120e-02 -9.257732816554239963e-02
4.559594871649551295e-02 -8.987340091424077249e-02
4.109233467641129622e-02 -8.814270226696944988e-02
4.319462807323858761e-02 -7.974764223914240779e-02
4.792189558823201773e-02 -7.583364007843131083e-02
4.795527054292171576e-02 -7.578816640516562730e-02
4.318982261965664815e-02 -7.655974046359285967e-02
3.829144773847906191e-02 -7.593905192284403083e-02
4.206602911295083402e-02 -7.265558583870489195e-02
5.014102952976260547e-02 -7.109364457743691523e-02
5.193881124898726970e-02 -6.952618713197528111e-02
4.544149338149799933e-02 -6.624474671987654051e-02
4.861872514256380257e-02 -6.248785596507482748e-02
5.318513018567385536e-02 -5.884072607664823235e-02
5.573330168482107383e-02 -5.808645724199414107e-02
5.489474478149276165e-02 -5.393672326322806326e-02
5.902204688291056572e-02 -5.229436044044631637e-02
5.415278722550614932e-02 -5.094266155577391320e-02
5.113797832231103957e-02 -5.431135834814630747e-02
4.648633843624613154e-02 -5.490403463144948037e-02
4.391581963108458220e-02 -5.077786779583603333e-02
4.813629121386328591e-02 -4.750671299036436646e-02
5.377219104577139058e-02 -4.306986510036814320e-02
6.358687588431501114e-02 -4.114005195222885519e-02
6.987868008531583630e-02 -4.255601396144292198e-02
7.223313950512519344e-02 -4.461648393893596909e-02
7.183066499856673170e-02 -4.225649681393628398e-02
6.752422066550649304e-02 -4.049554398394988181e-02
6.483727802297514775e-02 -3.929333893205239070e-02
6.147995356284875063e-02 -3.819399884001363488e-02
5.716788912540507472e-02 -3.915837009992499673e-02
5.379849414999204188e-02 -4.179440376319340511e-02
4.898461620444263115e-02 -4.225051479723337250e-02
4.437731472583905656e-02 -4.194841005284644098e-02
4.354023777188571753e-02 -4.556821021114974141e-02
4.259717508609901088e-02 -4.876027193214763772e-02
3.630266682045705379e-02 -5.416597961377183496e-02
3.179062055643688822e-02 -5.461615406314711263e-02
2.945670360013616026e-02 -5.426793383049844516e-02
2.707815582466058246e-02 -5.178733516097531325e-02
2.972949310822950095e-02 -4.710210362540762086e-02
2.791187493639599518e-02 -4.512071890452919870e-02
3.062925242530697978e-02 -4.218110837535803126e-02
3.091717685261699544e-02 -3.892811316874703748e-02
3.094063594085823612e-02 -3.329395438649083994e-02
2.925635360641160726e-02 -3.546960843036922606e-02
2.872223990665432811e-02 -4.001160391781987541e-02
2.759117764510628235e-02 -4.303070075522087007e-02
2.369316477869940624e-02 -4.393153897005811631e-02
2.166502275456318877e-02 -4.123576305197561992e-02
2.290884649356259017e-02 -3.684720878265675820e-02
2.252439946238566498e-02 -3.105365182217386527e-02
1.877367822777033235e-02 -2.765348514466970872e-02
1.672132768706951350e-02 -2.479993976497318203e-02
1.592365939137557057e-02 -2.078519027405278594e-02
1.400641349941881761e-02 -1.762839705630583204e-02
1.175533655884424683e-02 -1.492645161803695525e-02
9.736272708361633915e-03 -1.610403824732109523e-02
9.253164080197918973e-03 -1.821648827397769066e-02
3.192758915998290207e-03 -1.844006914013370316e-02
1.639995613852091331e-03 -1.397609980197780585e-02
3.781508592424742340e-03 -9.913979396092929136e-03
6.952088903492537227e-03 -1.150615135649852953e-02
7.168650152502489305e-03 -4.631490646312351987e-03
4.173850537721656914e-03 -3.395794171964321411e-03
