4.252170429220444338e-03 -8.111211308036966926e-04
6.964023766351438646e-03 -3.895937741093349373e-03
1.121731224386758249e-02 -4.692610986219431478e-03
1.493373677521530468e-02 -6.929770137001542950e-03
1.714898270765678398e-02 -9.513965927247257370e-03
2.213260201221585802e-02 -1.218025302476991555e-02
2.298665127705519159e-02 -1.527478141737389182e-02
2.329425387278251033e-02 -2.050154046061285207e-02
1.912612048873767179e-02 -1.916422598930971402e-02
1.511278772713942412e-02 -1.852158405902305793e-02
1.098460575687410304e-02 -1.666437399036325290e-02
4.011710193190429728e-03 -1.307280959082184404e-02
4.034518248798384495e-05 -1.453013770641274106e-02
5.017560518397892223e-03 -1.529530306829882287e-02
9.189747674837246694e-03 -1.620195333244640185e-02
1.510033302195120178e-02 -2.101443155313977018e-02
1.914351123156125822e-02 -2.652834257084698069e-02
1.875605936339395236e-02 -2.397812350776766868e-02
2.142580039756931606e-02 -2.184691825940256182e-02
2.622555123232202245e-02 -2.041696233308272837e-02
2.946980536186871377e-02 -2.211906310882123458e-02
3.290819177170361404e-02 -2.545344388280217779e-02
3.483776303444351130e-02 -3.184838461526556808e-02
3.153048008395985258e-02 -3.632027606633587979e-02
2.495047721504909180e-02 -3.290904100445652541e-02
2.064413967802213035e-02 -2.996796651915999490e-02
1.671833091885168918e-02 -3.209219565981152184e-02
1.048241389150463346e-02 -3.006327726056304273e-02
7.600734083033067884e-03 -2.984900829682564025e-02
1.298434023343706702e-02 -3.392610040085564799e-02
1.694250588229152810e-02 -3.493978025616746586e-02
1.985858754286676936e-02 -3.470634445630583348e-02
2.355947058096952498e-02 -3.692537367359857020e-02
2.939475991787990697e-02 -3.953605820990863801e-02
2.720794826600799604e-02 -4.322730023919745673e-02
2.275613269499468169e-02 -4.123383206024860276e-02
1.950493530560122937e-02 -4.163762074092411392e-02
2.044344802465489219e-02 -4.542868522201068404e-02
2.230133330807206396e-02 -4.743338975789858358e-02
2.091694547911455634e-02 -5.041879452321106070e-02
2.002760291957184427e-02 -5.297983244155902993e-02
2.298765469571673048e-02 -5.044239209680184688e-02
2.785850202824266195e-02 -4.928423947089836943e-02
3.007374796068413778e-02 -5.186843526114408298e-02
2.868974421187767479e-02 -5.544707459801420657e-02
2.349013870980344587e-02 -5.782686428876290807e-02
1.769828579004532540e-02 -5.767459153135572753e-02
1.328326655015746836e-02 -5.850945642420243148e-02
8.264633011483809091e-03 -5.922771068796263416e-02
5.464762521248540603e-03 -5.804400577660429050e-02
4.294402138121478779e-03 -6.085944333014980945e-02
-3.570445161269552399e-04 -5.856493220628852803e-02
-1.236740570200958126e-03 -6.131555547184356497e-02
-5.871200863374561110e-03 -6.528834629220868491e-02
-1.023349067159953947e-02 -6.902782485272536406e-02
-1.171552105095794577e-02 -7.479493395687426827e-02
-1.710511802564840256e-02 -7.671704698519442311e-02
-1.339124512028030782e-02 -7.971183083368056643e-02
-1.065235261578146263e-02 -7.557880942551102599e-02
-7.195108480755428061e-03 -7.091990807961816301e-02
-2.648766625222135230e-03 -6.702265488348901901e-02
1.037020376831436540e-03 -6.386309371751076880e-02
6.400695976284251874e-03 -6.196320122730743923e-02
1.042465433236728495e-02 -6.042033393809419228e-02
1.772725869203449836e-02 -5.947090125196851512e-02
1.784189262263789766e-02 -6.383782443219677971e-02
1.127855378668937529e-02 -6.767443852613103106e-02
1.347344343892908046e-02 -7.027161068076873129e-02
1.090849266134565412e-02 -7.248833604458898572e-02
1.015361407586749115e-02 -7.578848602722748629e-02
1.439426221067842578e-02 -7.567865656004937880e-02
2.021307204077477451e-02 -7.418903064248455470e-02
2.413680153282462063e-02 -7.536712477784485165e-02
1.612719003032617518e-02 -8.910411684025006107e-02
2.091681094880254443e-02 -8.538052395564822705e-02
2.266778741533934105e-02 -8.219328577749394904e-02
2.645886390497877161e-02 -8.122328277653334538e-02
2.587621979070445222e-02 -8.543249510367424693e-02
2.182213632170748943e-02 -9.174516851443646759e-02
2.462214222844706993e-02 -9.544690936021599237e-02
2.478361950029527028e-02 -9.605492171019164305e-02
2.664970025491852565e-02 -9.137055489389218910e-02
2.670067055549661325e-02 -8.884919180081239654e-02
2.783138323638036787e-02 -8.519541362867484591e-02
3.163320167884169087e-02 -8.440055374066297855e-02
3.482895495605001918e-02 -7.870224642751288968e-02
3.792490372825897682e-02 -7.603483558277873700e-02
4.135291435456091291e-02 -7.937808332721514593e-02
3.824364817714553250e-02 -8.202995874901164441e-02
4.175889875681958185e-02 -8.228564712300702466e-02
3.994939078572759539e-02 -8.503743950038110400e-02
4.158001216037528203e-02 -8.902212616951420132e-02
4.122099177638743200e-02 -9.236964236009548301e-02
3.953333097623339815e-02 -9.561502131869409338e-02
3.695721318635547537e-02 -1.041186814350620882e-01
3.632710242211300428e-02 -1.069611234196938543e-01
3.395857907318297619e-02 -1.125753495776338764e-01
3.732351497735655887e-02 -1.132746643880118281e-01
4.062624365036048013e-02 -1.140273324469638777e-01
3.944253873900213647e-02 -1.168272029371991427e-01
4.033513307705550999e-02 -1.204912553394755087e-01
4.282575311309103072e-02 -1.202493334113285545e-01
4.209888266913422439e-02 -1.132011083852611788e-01
4.217204318749429720e-02 -1.100446815280876900e-01
4.456335931974115400e-02 -1.086377981154514616e-01
4.789401252653828489e-02 -1.125231725877510053e-01
4.485803796529837240e-02 -1.068833186026180576e-01
4.412395383941621757e-02 -1.039287355779433680e-01
4.338988327504649661e-02 -1.009741683734549783e-01
4.342964895518357238e-02 -9.645688521971579332e-02
4.310654476369245314e-02 -9.225069185828586871e-02
4.395725155787473526e-02 -8.732604048605782654e-02
4.483285997644408105e-02 -8.450248554171883864e-02
4.560849137241870799e-02 -8.153079808195010103e-02
4.695210343210009379e-02 -7.756409551014510628e-02
5.334443643796468737e-02 -7.481838976290688947e-02
5.924278626571299888e-02 -7.960087450621798622e-02
6.283493906496349923e-02 -8.484041989104595949e-02
6.408178922106057274e-02 -8.606937667262209990e-02
6.425813422823051235e-02 -7.999610120206553099e-02
6.703377942020488645e-02 -8.546340769617023769e-02
6.420008956999025129e-02 -8.975865630131529826e-02
6.428219561561308859e-02 -9.508427742003779104e-02
6.560846381824479712e-02 -9.946928739829337396e-02
6.760283078305956428e-02 -9.853307363923834161e-02
6.903655967069913246e-02 -9.720512698894123726e-02
6.748698403152253444e-02 -9.216616620629917989e-02
6.984847387005020669e-02 -8.664343465817653245e-02
7.131198975824111497e-02 -8.102259026876698633e-02
7.429328223710152113e-02 -8.142125768522016915e-02
7.936491629929463831e-02 -8.209198145102240829e-02
7.670306263950318892e-02 -7.898679528584481857e-02
8.087911557602076029e-02 -7.546542316815305074e-02
8.059386326552712976e-02 -7.303442502896194399e-02
7.940651270969180386e-02 -6.955108391788655808e-02
8.196664488868496412e-02 -6.733398813155312690e-02
8.450128211944737955e-02 -6.611001611698701097e-02
8.712844168116005983e-02 -6.387144360668586818e-02
8.789919326422222789e-02 -5.970333588883176834e-02
9.005197034464818007e-02 -5.689562021102838318e-02
9.079129387536895301e-02 -5.357732447471422188e-02
9.089879817336594947e-02 -4.833650283189283581e-02
9.271927423659129253e-02 -4.282784912988636672e-02
8.975044510142930754e-02 -3.965306181462607132e-02
8.518524619161528533e-02 -3.642576466445548999e-02
8.378390147940711907e-02 -3.374190709417702883e-02
8.389591091457916650e-02 -2.989115299002573570e-02
7.996519387991543604e-02 -2.987469641847700225e-02
7.495391010944942034e-02 -2.948946152213682489e-02
7.219089058729903641e-02 -2.467683041566783725e-02
7.269467551145897266e-02 -2.108379906555207448e-02
7.613739812431982723e-02 -2.196827280549183692e-02
7.877868083015912570e-02 -2.086874011761607334e-02
8.233233064688594283e-02 -1.873526056019973740e-02
8.195148557528783573e-02 -1.518560387519778988e-02
7.677559019350806147e-02 -1.782385996139845136e-02
7.129174196302379141e-02 -1.564937070940512417e-02
7.432898458647009543e-02 -9.461899421042320110e-03
7.466944127352109772e-02 -5.033107827721256325e-03
7.640003747868670536e-02 -1.418174187109710448e-03
7.979845233586689568e-02 2.380874364217381786e-03
7.776161279638221790e-02 6.404073832350234453e-03
7.873309202140148233e-02 1.003376933506805284e-02
7.930093885749979477e-02 1.401896667009537925e-02
7.816738964110192533e-02 1.527311357699730546e-02
7.782582226016397653e-02 1.095578663099594507e-02
7.713312847764565439e-02 8.118155621687547091e-03
7.543102544323329606e-02 4.873872110442134184e-03
7.254410848859696448e-02 -1.184708305110585697e-03
7.136040131856476176e-02 -3.984608177044576642e-03
6.958428831775752277e-02 -8.191641810282857677e-03
6.854430214657820930e-02 -1.176767409033217630e-02
6.512373966936182978e-02 -1.702014723696368068e-02
6.107482127095965885e-02 -1.564357082858959525e-02
5.651758120678620351e-02 -1.596633296402295496e-02
5.149307621991490447e-02 -1.751701987073903469e-02
4.669663170450685796e-02 -1.811676950081539395e-02
4.244274939609152253e-02 -1.279245469156302210e-02
4.055158455208047324e-02 -4.291604870865893366e-03
3.754091266287001155e-02 -1.094227437486288649e-03
3.381404182537891406e-02 2.518959080593320948e-03
3.315859398828059634e-02 3.000321481227060175e-03
3.434482946494300110e-02 -4.659987052245825271e-04
3.628053430491425674e-02 -3.505683902093241142e-03
4.135179352864745000e-02 -1.151979980539168114e-02
4.262443145260293859e-02 -1.742117581118783620e-02
4.464472652478262277e-02 -2.395870543565067554e-02
4.367142142704082131e-02 -2.805313637647026404e-02
3.887195032265490513e-02 -2.768418425999216725e-02
3.473892891448535775e-02 -2.494529175549332553e-02
3.538486963697524273e-02 -2.063683660682419027e-02
3.713744348212380531e-02 -1.931885945988637276e-02
3.367112329567215762e-02 -2.050509493654877752e-02
2.341144082869299481e-02 -8.709740853029345614e-03
1.504176832519625757e-02 -4.957557400246500462e-03
1.080694792946836590e-02 -3.164781888775812686e-03
9.550444487146361391e-03 -1.746231849899444657e-03
6.593652352108758143e-03 -2.414762373021590598e-03
4.799448503443411521e-03 -3.689577678973810968e-04
