2.201364083957335366e-03 -2.686755003414100906e-03
4.172915564536939896e-03 -8.380569410446144993e-03
5.645005059961362946e-03 -1.157928948518877760e-02
6.886571002490769061e-03 -1.362638025040465058e-02
8.256201247781489241e-03 -1.631327158554950196e-02
8.090442763932054540e-03 -1.964024591399065808e-02
7.195409691549709691e-03 -2.347918531376034720e-02
7.375438963086658820e-03 -2.853352062500006531e-02
7.094343181284183328e-03 -3.095198969564137356e-02
7.492022898125236599e-03 -3.659487635493696017e-02
7.569505266775760147e-03 -4.063836410185936443e-02
7.212777662058343989e-03 -4.949317029200502038e-02
8.147516143630229718e-03 -5.316543566203901089e-02
7.892108258676778024e-03 -5.604457204600090531e-02
7.880028878976007289e-03 -6.013924067316357702e-02
8.034438452453589868e-03 -6.506559439416627344e-02
7.714971639440536266e-03 -6.745849251157479132e-02
7.792454008091056344e-03 -7.150198025849721639e-02
7.089227632621402340e-03 -7.463709914519908728e-02
5.836298200136939320e-03 -8.067696427702177042e-02
5.926385887296738847e-03 -8.362002325731250629e-02
4.519514304264731115e-03 -8.756137309654074552e-02
5.620654152110810160e-03 -9.139994234319574751e-02
5.377958692382417416e-03 -9.384400188688148126e-02
5.135263232654039417e-03 -9.628806143056718725e-02
4.777396097566881383e-03 -9.865536907493130392e-02
4.419528962479730289e-03 -1.010226767192954067e-01
2.193460660500717429e-03 -1.035310484005391718e-01
1.925447522886561359e-03 -1.073442511586332332e-01
1.682752063158168832e-03 -1.097883107023189669e-01
1.402045888433455260e-03 -1.143692857948246655e-01
5.716171368822794497e-04 -1.218550364233146749e-01
-1.039500838977435110e-03 -1.284323889007206454e-01
-3.201091314955558254e-03 -1.335895243901938090e-01
-5.221695658047034554e-03 -1.401157641203006066e-01
-6.794783464947329321e-03 -1.447225341505225527e-01
-7.792275787463377908e-03 -1.480496448106944640e-01
-1.006901848483721801e-02 -1.532963615024819648e-01
-1.170613599478215541e-02 -1.575832751784616848e-01
-1.206400312986931518e-02 -1.599505828228257875e-01
-1.306150522343725237e-02 -1.632776446723225583e-01
-1.399502627064642436e-02 -1.665919747743282997e-01
-1.510771949353619144e-02 -1.696759516228674713e-01
-1.605398219098539553e-02 -1.732589766528382924e-01
-1.833072488835923650e-02 -1.785056933446257932e-01
-2.316596833544865355e-02 -1.875916220996445005e-01
-3.247859786559220002e-02 -2.033961231546426440e-01
-3.457640207697224022e-02 -2.073760292333359234e-01
-3.759568701777606797e-02 -2.105755284563854968e-01
-3.515162747409035504e-02 -2.108182239161138782e-01
-3.169699302954884224e-02 -2.092949047956225994e-01
-2.824240739568246311e-02 -2.077715954461832049e-01
-2.376411547194538787e-02 -2.060433578254245168e-01
-2.056544420787792191e-02 -2.045712781010519954e-01
-1.371970830804598168e-02 -2.040326414540470923e-01
-4.634831496492832804e-03 -2.030457675725739763e-01
-2.267523852128727410e-03 -2.034036347076611240e-01
9.978379223536460775e-05 -2.037615018427482994e-01
3.401255234536277716e-03 -2.046310418658908170e-01
6.689946118671032636e-03 -2.054366106137265058e-01
9.325948691000195134e-03 -2.058072193990536647e-01
1.338247027143578405e-02 -2.071244804889078028e-01
1.708117346161077549e-02 -2.109754018445736401e-01
2.016558866205429845e-02 -2.144169537107754320e-01
2.268715002835360040e-02 -2.188694700190621789e-01
2.538762058978318720e-02 -2.220551561944431040e-01
2.719276596140586880e-02 -2.272499809906244894e-01
2.941973997237068081e-02 -2.300646687736004614e-01
3.089182946779510733e-02 -2.332633888483431062e-01
3.241514858828638268e-02 -2.367180232928846051e-01
3.378477883357712541e-02 -2.394049146280294582e-01
3.365715762540286843e-02 -2.414266584356420942e-01
3.642285593612534095e-02 -2.515861009431695217e-01
3.739574153027289821e-02 -2.537868222105507110e-01
3.779267125797338561e-02 -2.552710787384286362e-01
3.819033145500281418e-02 -2.609139946885877248e-01
4.004672590565541701e-02 -2.665310669562039880e-01
4.110897840054501817e-02 -2.676824720725555218e-01
4.274610568154186413e-02 -2.633956072072509702e-01
4.438322319148678419e-02 -2.591086935312712503e-01
4.538071551400284925e-02 -2.557815828710993111e-01
4.701783302394779707e-02 -2.514946691951196467e-01
4.809212599061202936e-02 -2.482187394810365100e-01
4.933299549735878364e-02 -2.464398760780124598e-01
5.173795347465646316e-02 -2.426647035547263853e-01
4.788705163880224019e-02 -2.463633774540378851e-01
4.385644193969918947e-02 -2.468375363408904788e-01
4.255075374470038141e-02 -2.439714825352683192e-01
4.215309354767095285e-02 -2.383285665851092305e-01
4.239578900739931350e-02 -2.358845070414235245e-01
4.274080731968210589e-02 -2.332869047911684535e-01
4.419881110397636675e-02 -2.291024016863444090e-01
4.680876546324226617e-02 -2.268498566562982266e-01
5.192636110027155916e-02 -2.224983581134504507e-01
5.825994678636907398e-02 -2.203987228102979035e-01
6.464558021961505641e-02 -2.232126801239449343e-01
6.184429642326695620e-02 -2.288305705136428336e-01
5.833897774643015399e-02 -2.332585482265021881e-01
6.041199992393624790e-02 -2.338084364259228887e-01
6.370004799149481256e-02 -2.309543645761969188e-01
6.563134379573341837e-02 -2.259764403020276258e-01
6.948226515139925563e-02 -2.222777371118526413e-01
7.210509755848448776e-02 -2.204218686000085359e-01
7.426737953001684434e-02 -2.192570887220441633e-01
8.935317582439554485e-02 -2.161706184453446311e-01
9.206597904087288065e-02 -2.165924081767606479e-01
9.366593318291810411e-02 -2.192664702089127393e-01
9.637866820060581041e-02 -2.193555742172451639e-01
9.907825257286122234e-02 -2.172181716375428395e-01
1.021491955878872371e-01 -2.169361214019279727e-01
1.094554135927853084e-01 -2.157064351829587889e-01
1.118994731364710005e-01 -2.159491306426871426e-01
1.136651663084025793e-01 -2.151298852447621479e-01
1.160324739527666960e-01 -2.154877523798492955e-01
1.248625370169645504e-01 -2.207069404659526557e-01
1.260528684600472071e-01 -2.224981559121389785e-01
1.276004242216408624e-01 -2.182624231163995121e-01
1.332816917490474984e-01 -2.177240007709669023e-01
1.396151411034142198e-01 -2.147926316291477455e-01
1.359939008279266448e-01 -2.148188649187683374e-01
1.304277367770891594e-01 -2.151013534404390137e-01
1.280604779434001972e-01 -2.147434765342999541e-01
1.256931702990361222e-01 -2.143856093992128065e-01
1.233258626546720055e-01 -2.140277422641256311e-01
1.199987519945000941e-01 -2.130302499416096007e-01
1.158654297699163171e-01 -2.116618079056666324e-01
1.130113872110538459e-01 -2.083737793579197028e-01
1.107716033510593723e-01 -2.054951007798252460e-01
1.092612791561551056e-01 -2.031025435905164378e-01
1.073286100001628190e-01 -2.004285302373423616e-01
1.044231332857131073e-01 -1.957201677580463761e-01
1.022470869454901177e-01 -1.914979071477244110e-01
1.010822777766621633e-01 -1.893356056563804402e-01
9.986630718155706243e-02 -1.872500755183211518e-01
9.862475588445941688e-02 -1.852029945130110877e-01
9.524587020644909030e-02 -1.807890148585291901e-01
9.514308954802729035e-02 -1.784473658201505830e-01
9.397828037919933597e-02 -1.762850643288065844e-01
9.281347121037142323e-02 -1.741227628374626135e-01
8.940714457942965099e-02 -1.591009962461285565e-01
8.893342397863282511e-02 -1.575656075828369695e-01
8.925289079164587525e-02 -1.551727094654284378e-01
8.917540842299538639e-02 -1.511292217185060405e-01
8.941810388272372623e-02 -1.486851621748203067e-01
8.844528648736586784e-02 -1.468171266305227374e-01
8.864947451830433589e-02 -1.436821246874371016e-01
8.884085270021314928e-02 -1.404831319492329533e-01
8.976149569960296948e-02 -1.367721253290251349e-01
9.432797595408910774e-02 -1.275071315931823324e-01
9.951029285556582671e-02 -1.273014826235860097e-01
1.019543523992515743e-01 -1.275441780833143912e-01
1.043984119429372942e-01 -1.277868735430428004e-01
1.068424714866230141e-01 -1.280295690027711542e-01
1.092865017394451937e-01 -1.282722449426879074e-01
1.117305612831309275e-01 -1.285149404024163167e-01
1.144433644996082633e-01 -1.289367301338323057e-01
1.177320553837430256e-01 -1.297422988816679945e-01
1.228888888530425688e-01 -1.304067645530007369e-01
1.285325352725305847e-01 -1.341677637782524857e-01
1.272141833971333347e-01 -1.319031394343541108e-01
1.240913678746156934e-01 -1.284359970951079455e-01
1.180384689092798395e-01 -1.257883242041188121e-01
1.144806447452756948e-01 -1.226411551627311358e-01
1.067638884955288830e-01 -1.178312489133391538e-01
1.043066587207506779e-01 -1.155284385489389748e-01
1.010819197238083250e-01 -1.143773937488017090e-01
9.710171175663856458e-02 -1.104497399477773062e-01
9.179054652971370409e-02 -1.055242529619857261e-01
8.363837257743954312e-02 -9.870548088695185740e-02
8.005487035348682334e-02 -9.493133095041925151e-02
7.858303406756084186e-02 -9.322974545137388547e-02
7.187727155076252539e-02 -8.898271255593773188e-02
6.671964909625556495e-02 -8.399318603020104745e-02
6.679585560280561218e-02 -8.071744139267530982e-02
6.463355411146162743e-02 -8.188225056150323644e-02
6.243219002750429597e-02 -7.919549555808913510e-02
6.023082594354696451e-02 -7.650874055467503376e-02
5.898926487539742775e-02 -7.446161073868982905e-02
4.894298771179934893e-02 -6.582616914200453695e-02
4.358046629912877556e-02 -5.981308275842259908e-02
4.338803623960296035e-02 -5.702359577556473380e-02
3.930580730835528391e-02 -5.507933427075403787e-02
3.614464020859015081e-02 -5.175295407991104685e-02
3.407123819505820245e-02 -4.904060866930109314e-02
3.174161985740234920e-02 -4.471600568661313752e-02
3.038486765993097388e-02 -4.242579086967035451e-02
2.814508379993646905e-02 -3.954711229157587687e-02
2.486869627998597454e-02 -3.597762757996367938e-02
2.209142507440818581e-02 -3.274076045849394490e-02
2.092661590558025572e-02 -3.057845896714996708e-02
1.976183602761584501e-02 -2.841617699561761745e-02
1.826405863534239643e-02 -2.475678960755440389e-02
1.578094627009521064e-02 -2.066257878625913855e-02
1.233802111798833895e-02 -1.592869396685982902e-02
1.100681064873478519e-02 -1.343372620639535567e-02
8.805446564777450261e-03 -1.074697120298125433e-02
6.604077606440245975e-03 -8.060255250336488195e-03
5.362516538290709213e-03 -6.013125434351281745e-03
4.120970115572932142e-03 -3.966005378271888517e-03
