-2.023818980632718402e-03 -2.413078101854407211e-03
-5.668248998743465397e-03 -1.141029942272606297e-03
-4.965159080553805185e-03 -5.832584812807425564e-03
-1.051020590821210784e-02 -7.762772039991759285e-03
-1.352160305672164137e-02 -6.615605046653453766e-03
-1.693915469130835225e-02 -8.307114243946507950e-03
-2.109877676854655243e-02 -6.777575385018824207e-03
-2.267295874723761206e-02 -4.564120293121371429e-03
-2.755397684036867134e-02 -5.716225629453772217e-03
-3.284002633816029970e-02 -4.421081853955372010e-03
-3.061517208417402144e-02 -6.808470469807682834e-03
-3.472729559701176472e-02 -9.277631852576326971e-03
-3.822625850026250410e-02 -1.068113135376393130e-02
-4.340095263612634563e-02 -1.231740773081558410e-02
-4.742444474036181662e-02 -1.065547939024412243e-02
-4.653283267604714502e-02 -6.718832755587328918e-03
-4.817758957055513769e-02 -9.521791038431395154e-03
-5.222323246291020460e-02 -9.434324509084747457e-03
-5.385661889239635319e-02 -1.143172652411308422e-02
-5.024107555618994442e-02 -1.345417048908544196e-02
-5.450532351458418218e-02 -1.632403115422663420e-02
-5.758752720059239633e-02 -2.107830664010015495e-02
-5.924524862072325093e-02 -2.480277391773253251e-02
-5.898262717592975268e-02 -2.739450657988510771e-02
-6.130341049348290300e-02 -2.965691966236974966e-02
-6.038088556888421277e-02 -4.000986763476992170e-02
-6.118303060298568158e-02 -5.407412132354689344e-02
-5.943183226783372436e-02 -5.932367581721258859e-02
-6.093486052580475432e-02 -6.767095881306377236e-02
-6.257961742031274699e-02 -7.047391709590784814e-02
-6.356028418559303561e-02 -7.206544292684384512e-02
-6.459077118009745599e-02 -7.892998927415034727e-02
-6.591424773679437077e-02 -8.622991212769055835e-02
-6.717453349774515914e-02 -8.903827945796707888e-02
-6.721557350537170350e-02 -9.195537317000594679e-02
-6.853776199400150870e-02 -9.916374108784729857e-02
-6.982071418952350006e-02 -1.035832220018171740e-01
-6.865658863133430878e-02 -1.076098515208797624e-01
-7.026524612353066135e-02 -1.104499394508767773e-01
-7.197868880229250921e-02 -1.181350330192864617e-01
-7.365778858892743641e-02 -1.233790589449133279e-01
-7.503898074139382646e-02 -1.274065006703945513e-01
-7.637413375564648665e-02 -1.355363775830241979e-01
-7.774122593207327681e-02 -1.459364667722647391e-01
-7.681557717590652146e-02 -1.517298431902543432e-01
-7.602652949654727099e-02 -1.533462667795328638e-01
-7.646066094681178149e-02 -1.586078079155243126e-01
-7.672743646801466477e-02 -1.606488758572468534e-01
-7.501924526956568751e-02 -1.637492486611467069e-01
-7.400733577924932527e-02 -1.625427096102195212e-01
-7.540103485367223579e-02 -1.587814223461732621e-01
-7.348053320736937233e-02 -1.572031188640859167e-01
-7.329771199392073888e-02 -1.507172666916388459e-01
-7.290253438408698938e-02 -1.490931016347293858e-01
-7.121714150981568736e-02 -1.442703332495425261e-01
-6.958397513178815608e-02 -1.422912203970431444e-01
-6.554815681316200626e-02 -1.430743623722724178e-01
-6.776470538439127722e-02 -1.544147040536577864e-01
-6.623379526112900539e-02 -1.597038909662765460e-01
-6.467025949515234351e-02 -1.626740710677988533e-01
-6.313763212247754109e-02 -1.678411971487311916e-01
-6.288331342400779733e-02 -1.718916485490537549e-01
-6.610979519865617382e-02 -1.734515784580857312e-01
-6.454454218326696746e-02 -1.762996977279216726e-01
-6.476107164581552944e-02 -1.821441760301895640e-01
-6.491154652505258527e-02 -1.885022884475818505e-01
-6.725784329576511844e-02 -1.908436959680056833e-01
-6.570976172643938629e-02 -1.949123490592330477e-01
-6.599020873256444819e-02 -2.013967904988323843e-01
-7.002366056897406377e-02 -2.004427926334002574e-01
-7.239908031799580090e-02 -2.000797773813734748e-01
-7.002583957274513549e-02 -2.049352065193547068e-01
-6.764169531558517079e-02 -2.090156220092130590e-01
-6.608255092894073368e-02 -2.118636553379737164e-01
-6.453446935961500153e-02 -2.159323084292010531e-01
-6.296921634422579517e-02 -2.187804276990369667e-01
-6.077710035806025562e-02 -2.213260624899625606e-01
-5.444892587020366131e-02 -2.257732694403939699e-01
-5.095420346692457886e-02 -2.277085131252943873e-01
-5.000399744787762529e-02 -2.222100998115867088e-01
-5.125760535782893784e-02 -2.171689469358502600e-01
-4.635492858317306203e-02 -2.136061446942773556e-01
-4.291148248338964161e-02 -2.118112070680970016e-01
-3.677946192061588848e-02 -2.106767018351425047e-01
-2.911678264479268530e-02 -2.083429557302563517e-01
-2.686642437021388025e-02 -2.132577171825673357e-01
-2.077739836740202448e-02 -2.104074191167012997e-01
-1.426767763339188526e-02 -2.088936804395025160e-01
-1.129856703748305380e-02 -2.048031156013682685e-01
-6.831843644048645782e-03 -1.992564925717247026e-01
2.111780181645099303e-03 -1.969834994290698693e-01
4.551374290951188881e-03 -1.953880968587352884e-01
6.212959391252520502e-03 -1.913890020217426102e-01
1.148115987097634606e-02 -1.913471441264563422e-01
1.311252253448512602e-02 -1.894962379821243659e-01
1.474010798292965489e-02 -1.879138135206717131e-01
1.878970102056139874e-02 -1.877205066141770518e-01
2.143175157515358684e-02 -1.895217064932705198e-01
2.323295145424705832e-02 -1.868796559386783351e-01
2.792904290223356331e-02 -1.841196262709929587e-01
3.018724338303652166e-02 -1.810994579340421129e-01
3.549042506611946313e-02 -1.785738097665269253e-01
4.200014580012961102e-02 -1.770600710893281138e-01
4.637476503188247418e-02 -1.745885301235709230e-01
5.128360231434029443e-02 -1.727592575072816050e-01
5.444122074134317285e-02 -1.704537036601976308e-01
5.830906328539868511e-02 -1.684267138929476937e-01
6.231931998155738894e-02 -1.692949222111556351e-01
6.483413869172546806e-02 -1.640870931991387782e-01
6.687660265189834807e-02 -1.620832267383544856e-01
6.855807258895499356e-02 -1.597080638060405788e-01
7.257438655883222123e-02 -1.588428771333792178e-01
7.413963957422141371e-02 -1.616909964032151314e-01
7.835574174844708861e-02 -1.574714881524853227e-01
8.116270322834001627e-02 -1.510225544842684897e-01
8.401082249817594383e-02 -1.494573014688793111e-01
8.828580261035984256e-02 -1.458246071653684917e-01
9.197496443411705414e-02 -1.439171513110406309e-01
9.381886279569241760e-02 -1.417090901527677249e-01
9.743511212622410489e-02 -1.376093375215878545e-01
1.033577857607846096e-01 -1.357394143357582295e-01
1.067140959947504159e-01 -1.375323334778358886e-01
1.088513051494804929e-01 -1.370374769636300838e-01
1.118435642053371148e-01 -1.356390684230869836e-01
1.158152130461430201e-01 -1.305737829988335708e-01
1.224459251062260667e-01 -1.265347324988897182e-01
1.215850056175674376e-01 -1.213465446076923554e-01
1.179955160104232542e-01 -1.200752693937570253e-01
1.131206993826122109e-01 -1.160147644181671184e-01
1.167681672912157520e-01 -1.127333496520831341e-01
1.192919688567787712e-01 -1.112245577439273381e-01
1.205522540936986436e-01 -1.084162276613870601e-01
1.193714722118666138e-01 -1.055735174389835912e-01
1.157360576221639625e-01 -1.036606592249822989e-01
1.146049009469592705e-01 -9.729062562758053478e-02
1.169086323390552962e-01 -9.320291937825760098e-02
1.183919396988596662e-01 -8.842614933996342796e-02
1.154723496280337103e-01 -8.162196804735089017e-02
1.126693913451896484e-01 -7.997721115284289750e-02
1.158091577345708584e-01 -7.243426923858747868e-02
1.223022698317592638e-01 -7.079821190647647700e-02
1.193269836557844937e-01 -6.882143461834980269e-02
1.173718504594056383e-01 -6.635237743463859306e-02
1.126400831092118221e-01 -6.340479507807640636e-02
1.102791204090437377e-01 -5.767665147979242346e-02
1.066926581286871817e-01 -5.401878208092825845e-02
1.063082845064283882e-01 -5.314052446280970177e-02
1.010403900192384380e-01 -5.315798456682222645e-02
9.947625318976585640e-02 -5.023052761877695033e-02
9.790988398846005303e-02 -4.746174602715035745e-02
9.564532447521748026e-02 -4.529352943727113501e-02
9.123195218999233247e-02 -4.401066318282439299e-02
8.700173004345503058e-02 -4.663075998492970109e-02
7.745476703772898042e-02 -4.623398343203084793e-02
7.736526642798470521e-02 -3.914609473739559531e-02
7.904436621461963242e-02 -3.390206881176872217e-02
8.443558340001902640e-02 -3.292806780323384586e-02
8.135042950288316754e-02 -3.138309623293222828e-02
7.888532141638673889e-02 -3.305753048894226331e-02
7.663978047519073855e-02 -3.648071642117412666e-02
7.281751032397731915e-02 -3.049399109110983302e-02
6.917321292724494530e-02 -2.660946755241636388e-02
6.594375993867894470e-02 -2.534325762161242571e-02
5.988493117763352136e-02 -2.647879257537729888e-02
5.705514521356280788e-02 -2.283767854200323064e-02
5.341655342422992753e-02 -2.115065335287670545e-02
5.223577154239791853e-02 -1.830794313047323651e-02
4.991491070981841222e-02 -1.666996876850916978e-02
4.739879671979322501e-02 -1.502928468405843009e-02
4.552956468922698952e-02 -1.339766419732383966e-02
4.272660640638292068e-02 -1.175290730281584525e-02
4.110365758375532363e-02 -1.300576379394163123e-02
3.401527791366362741e-02 -1.269852784333113174e-02
3.182841219355204282e-02 -1.021399078545587487e-02
2.780165747264204054e-02 -8.783966850767680953e-03
2.377816536840656955e-02 -7.122038510196219280e-03
2.548508107552948862e-02 -1.074735510664922601e-02
2.564755984855648929e-02 -1.134780901383915588e-02
2.909465307909263679e-02 -1.449708543374612912e-02
2.993599171049392965e-02 -1.543668603139975067e-02
3.395120307771359175e-02 -1.638435469259758373e-02
3.267400369392512577e-02 -2.039492995803125069e-02
2.906306336246065533e-02 -2.238283967648505013e-02
2.421638816145652712e-02 -2.109387737003464575e-02
2.260165360701057308e-02 -1.829390340188025849e-02
1.735762768138369647e-02 -1.661480361524533128e-02
1.361429170454735160e-02 -1.152644083305746046e-02
1.210608727662844733e-02 -7.226398458367522086e-03
9.050579382240415971e-03 -4.442776310327020868e-03
6.019387488743022790e-03 -6.005453713612887538e-03
8.435041726731708558e-03 -7.846162822847897733e-03
7.746287074468552990e-03 -1.168194519511795738e-02
7.353687089774055621e-03 -1.572329522595715054e-02
3.321303269972972205e-03 -1.469603158735511769e-02
-2.040911699679282898e-05 -1.446590884513871897e-02
-4.775306669156239095e-03 -1.489953552894675466e-02
-3.815200174979336504e-03 -1.086616963361241098e-02
-1.658084656673025842e-03 -8.522100560009958012e-03
7.963107482748136906e-04 -2.837301174970998600e-03
