7.912132493538549761e-04 -6.553699836681674100e-03
1.005238912506336429e-03 -9.008613041340518199e-03
1.219264575658817991e-03 -1.146352624599936143e-02
2.682060069103255669e-03 -1.530592924927117252e-02
4.344350544020407143e-03 -1.934804597825598091e-02
5.691464135774085796e-03 -2.293295817102735182e-02
5.752587715560600334e-03 -2.661740975217663507e-02
7.017245739598197002e-03 -3.059640009240433348e-02
8.281903763635793669e-03 -3.457539043263203882e-02
8.373508173499761426e-03 -3.823886416472699334e-02
7.992240215116536844e-03 -4.170558119505252126e-02
5.564656945394430565e-03 -4.450321996205186537e-02
3.256915929095766018e-03 -4.518350218954041847e-02
6.640161222080195706e-03 -4.647106474619155242e-02
8.107077818662052071e-03 -5.000148732309761535e-02
7.730690089691750685e-03 -5.204837665834462918e-02
2.780303793440505600e-03 -5.374660691225045112e-02
-6.381755936084292785e-03 -5.272730373593214476e-02
-1.198565674020100544e-02 -5.103140084047143310e-02
-1.371715044804425881e-02 -5.071300894052886005e-02
-1.593534126536123863e-02 -4.963967985545435918e-02
-1.839025447002007665e-02 -4.985370551860683619e-02
-2.142051051424761349e-02 -5.046434746301386304e-02
-2.406211944712219331e-02 -5.080707302535435871e-02
-2.732893856049956743e-02 -5.453173394771331645e-02
-3.186841736502449979e-02 -5.681792632599271670e-02
-2.840268326242238392e-02 -6.398986012568290416e-02
-2.967012643892375998e-02 -6.726369126541378862e-02
-2.967249127894909869e-02 -6.991834303047490817e-02
-3.294213553807874562e-02 -7.329646194815919724e-02
-3.819542176296932684e-02 -7.466951124279229413e-02
-4.024811344536517038e-02 -7.383621013563802793e-02
-3.924684014061598225e-02 -7.515824744290290627e-02
-3.657790127280464987e-02 -7.739913498440927075e-02
-3.806620047618068658e-02 -8.017317761554010325e-02
-4.036487603829062853e-02 -7.953754443042888866e-02
-4.615206759906179818e-02 -8.240281344734522173e-02
-5.001893034102197072e-02 -8.394429146084224358e-02
-5.245808470152264757e-02 -8.418117735080539454e-02
-5.491299790618148213e-02 -8.439520301395786461e-02
-5.459390259438945403e-02 -8.700253323440219899e-02
-5.766266853745135451e-02 -9.033772012422597308e-02
-6.237156901324753672e-02 -9.245966225703036723e-02
-6.268449990848215525e-02 -9.379955182957712412e-02
-6.052511166392215980e-02 -9.455930097640820320e-02
-5.783685036853875028e-02 -9.548282872719990322e-02
-5.515544522105284009e-02 -1.010033021381322171e-01
-5.246779466956901644e-02 -1.016405824142210257e-01
-5.086591042536193347e-02 -1.055950721496935196e-01
-4.912743884419897011e-02 -1.097476993545728474e-01
-4.771170789037566112e-02 -1.118013988760890448e-01
-4.275502731681863483e-02 -1.173609494967308153e-01
-3.831380975857463095e-02 -1.254342567608552894e-01
-3.425204268564295551e-02 -1.247870441161069988e-01
-3.196260536033374011e-02 -1.243329744436567075e-01
-2.562641556668852905e-02 -1.259006904203177069e-01
-2.066676612223961734e-02 -1.298337968043027646e-01
-2.034753170806237813e-02 -1.323679231198978401e-01
-2.027199384292453777e-02 -1.355759671388728216e-01
-1.984393529242561502e-02 -1.404857542612414079e-01
-2.094093806107311107e-02 -1.428326884107708750e-01
-2.072691239792062712e-02 -1.452876016154297234e-01
-2.018760126059722035e-02 -1.495923697216027803e-01
-1.936302213655832771e-02 -1.529248073959071363e-01
-1.890895246410802255e-02 -1.552142447212163934e-01
-2.018207120512840319e-02 -1.611787335824322043e-01
-1.997347657807930013e-02 -1.632832748373084231e-01
-1.627548726765759221e-02 -1.639266770080623215e-01
-1.513062553541511153e-02 -1.672181969104538091e-01
-1.293899206233942688e-02 -1.651790196634050634e-01
-9.528395784186917059e-03 -1.617037345662266645e-01
-8.289590819762790094e-03 -1.597255877582075267e-01
-5.534336547230536869e-03 -1.567020668811484885e-01
-8.490433198886176980e-03 -1.486223532390086588e-01
-1.002616062876350925e-02 -1.436386103097092304e-01
-1.166219170720955538e-02 -1.396345862068850419e-01
-1.454851872619617945e-02 -1.334009978516203787e-01
-1.462761089475725883e-02 -1.302122830116043961e-01
-1.327335796596378244e-02 -1.192286838868908683e-01
-1.114235365226769713e-02 -1.156012434745127826e-01
-5.804762055820747967e-03 -1.130459090802922589e-01
-4.565980346968151991e-03 -1.110677783036506661e-01
-5.915507269909316872e-04 -1.076928216897302809e-01
5.403954250776113293e-03 -1.114570597377383537e-01
7.491626951140947614e-03 -1.148686996255166570e-01
7.774233294725448225e-03 -1.172763362977009838e-01
8.441055378999877748e-03 -1.198743983127400492e-01
1.147705856711107343e-02 -1.259092617102697820e-01
1.457445509808498289e-02 -1.271409311390075680e-01
1.705604244328486063e-02 -1.269085174857743081e-01
2.036701826891130010e-02 -1.268519070087845146e-01
2.585403226443037245e-02 -1.305226423145023906e-01
2.794301999332261463e-02 -1.313758988608599854e-01
3.069728968230601637e-02 -1.306013940134009566e-01
3.452270986337049180e-02 -1.332479224242837379e-01
3.467832913785455495e-02 -1.379745567515904547e-01
3.712793390461059662e-02 -1.386578853593215255e-01
4.071093382772873054e-02 -1.422247358225614544e-01
4.333015792141111516e-02 -1.479566925784187859e-01
5.428722958075663657e-02 -1.643650223905392116e-01
5.650542039807360251e-02 -1.654383514756137263e-01
5.991189722891415020e-02 -1.668166966165080534e-01
6.170384060049197844e-02 -1.670596934653201804e-01
6.415875380515083382e-02 -1.668456678021676964e-01
6.303191289801911290e-02 -1.633112513430791668e-01
4.768081756963820500e-02 -1.431869580633939598e-01
4.443585523317319930e-02 -1.383248002245639485e-01
4.366026385422479283e-02 -1.350878609501622030e-01
4.362896068736565186e-02 -1.306802127625130150e-01
4.556269788586162633e-02 -1.274923071948300679e-01
4.294240743814284333e-02 -1.211146748402891771e-01
4.017972896214478534e-02 -1.186236414498644531e-01
3.973518035402000964e-02 -1.153777168359360755e-01
4.097398531844413661e-02 -1.133995700279169239e-01
3.999332621422292677e-02 -1.082018056198942590e-01
4.537730330032377357e-02 -1.048331896448792683e-01
5.138783216267721332e-02 -1.046075385604614133e-01
5.366495908676788273e-02 -1.104629327775861203e-01
5.411901272784060829e-02 -1.127523468473238394e-01
5.457308240029089957e-02 -1.150417841726330548e-01
5.563156042174482313e-02 -1.212819749057427315e-01
5.792099774705406628e-02 -1.208279052332924403e-01
6.021043507236329556e-02 -1.203738355608421351e-01
6.732917990916344186e-02 -1.187715416681265623e-01
6.992658612980680310e-02 -1.155027184899244663e-01
7.328603091823460147e-02 -1.117085791312798226e-01
7.617847399163163447e-02 -1.104903340368968839e-01
7.817550361010981719e-02 -1.079895001943578098e-01
7.941430857453393721e-02 -1.060113533863386581e-01
8.160000308832553173e-02 -9.888378758541153946e-02
7.863557594205297652e-02 -9.613273871510809310e-02
7.543870777925404392e-02 -9.312602194765845498e-02
7.163771318384411224e-02 -8.924294222279952060e-02
6.760801133262220319e-02 -8.468564949045576107e-02
6.686866948902715768e-02 -8.146869771801248938e-02
6.794199857410167243e-02 -7.925050690069551651e-02
7.028036296259902727e-02 -7.071365739002734296e-02
7.247220842852809819e-02 -6.695435734165498809e-02
7.535369786807921688e-02 -6.271964679123723241e-02
7.676443519757203404e-02 -5.949880865292054427e-02
7.378916781237111755e-02 -6.042565968149363892e-02
6.854350941494127825e-02 -6.179345068428147847e-02
6.321120351198650233e-02 -6.419336760574845258e-02
5.853419969807120010e-02 -6.266790511814164522e-02
5.631600888075422029e-02 -6.159457603306713741e-02
5.177267778668202119e-02 -5.876280973650344075e-02
5.134738421119392632e-02 -4.676320714744145596e-02
4.983743991739083418e-02 -4.294208811467415537e-02
4.820140883894478284e-02 -3.893806401184995991e-02
5.003730964964499262e-02 -3.548595773951249144e-02
4.879194408457491333e-02 -3.093158369364924429e-02
4.686431622745630687e-02 -2.740961586538615338e-02
4.340166178535215941e-02 -2.382165982097605647e-02
4.110270086711359516e-02 -2.787402171474972351e-02
4.037447197555651957e-02 -2.950019962806623916e-02
4.281266192996132508e-02 -3.134932375443789249e-02
4.302669481730776041e-02 -3.380419767214763727e-02
4.429135284134535361e-02 -3.778318801237533220e-02
4.446073111794594107e-02 -4.017333445033253320e-02
4.278997064605531003e-02 -4.739558776135758406e-02
4.324404031850560826e-02 -4.968502508666682027e-02
4.367524976414523946e-02 -5.199022125613422807e-02
4.388927542729772341e-02 -5.444513446079307650e-02
4.265970869967430912e-02 -5.751298412637374791e-02
4.074385630202240899e-02 -6.069418702409656169e-02
3.641815535893731109e-02 -6.145589680272785932e-02
3.169722818222575622e-02 -6.065765793451541321e-02
2.971908137420659762e-02 -5.941885297009129319e-02
2.634406995699235116e-02 -5.577051395054265226e-02
2.754760068962125441e-02 -5.284425444953137069e-02
3.116031438213606730e-02 -5.031445704549789011e-02
3.241809739192669931e-02 -4.807031709923541285e-02
3.001012609033456083e-02 -4.676244587563790911e-02
2.547060223531352058e-02 -4.673288463469253695e-02
1.892022402058779126e-02 -4.864597675292377243e-02
1.473016085672191819e-02 -4.582925408007429424e-02
1.270277178886657088e-02 -4.125751496514214883e-02
1.614721955879935139e-02 -3.624129389232742110e-02
1.979936325044150819e-02 -3.624741831559633032e-02
2.377835359066921353e-02 -3.498276029155873712e-02
2.698741792534460962e-02 -3.423197670677259608e-02
2.919871678590484076e-02 -3.420273284635717836e-02
3.198948472308646429e-02 -3.230703070859181070e-02
3.335102535440008509e-02 -2.881093280574430204e-02
3.042136672208222217e-02 -2.961642475063603827e-02
2.557530488542200664e-02 -3.183291994838947231e-02
2.197134637957032927e-02 -3.319316323837869648e-02
1.949394425914624529e-02 -3.352948917409070279e-02
1.635029154975206969e-02 -3.361686749311201122e-02
1.253472453381713689e-02 -3.424613429349635668e-02
1.030373955880464071e-02 -2.962365586595177430e-02
9.411019333092952160e-03 -2.669789959253104569e-02
8.539332274762263461e-03 -2.380265462895324660e-02
8.061392918909327659e-03 -2.129923254491223467e-02
7.422662424450952694e-03 -1.753513143230302912e-02
7.344747799503676365e-03 -1.434001281958313147e-02
7.267744867637068555e-03 -1.054279707373754343e-02
5.626471528723341227e-03 -6.531168399024139641e-03
3.638811280543904556e-03 -3.863100729458409971e-04
