1.976607997961157305e-03 -3.940691257015154457e-03
2.677974303930129828e-03 -7.855700820832339781e-03
3.084357165515765400e-03 -1.033690696376416036e-02
4.268068726185949777e-03 -1.417821693610521287e-02
5.594148606308735165e-03 -1.704103555767658845e-02
6.721797156564724568e-03 -2.049849107451826372e-02
8.249109197668646337e-03 -2.384622239076300554e-02
9.046888599562152855e-03 -2.638437586147586791e-02
9.457916604397244298e-03 -3.009726894694507091e-02
1.046805312201144755e-02 -3.573587909937055856e-02
1.058769115071058094e-02 -4.051749663642935373e-02
1.033613935245230805e-02 -4.521314010393114036e-02
1.143412702101274242e-02 -4.673181452265533220e-02
1.328074076383591040e-02 -4.859921196554674305e-02
1.508009300047080149e-02 -5.403290789256261911e-02
1.642549970678808952e-02 -5.764195385221798640e-02
1.639620949693219865e-02 -6.031556326728365613e-02
1.298517463974477835e-02 -6.425573336450803030e-02
1.064475771010489277e-02 -6.083765944983964002e-02
5.448751136683980048e-03 -5.594893170704158536e-02
-1.714678837466030142e-04 -5.287699832815771078e-02
4.089759239414700841e-03 -5.715808097145123889e-02
5.939176505668583399e-03 -6.010504303281352656e-02
2.008293219154072898e-03 -5.915740594964985499e-02
-2.496691702115231507e-03 -5.699113978700458272e-02
-9.636840130476520896e-03 -5.118005455930522973e-02
-1.380175026815798518e-02 -4.772034201719319024e-02
-1.695416150035206071e-02 -4.466373855516266728e-02
-1.995643162945922103e-02 -4.194872121147915495e-02
-1.851862821517999066e-02 -4.486776846320542772e-02
-1.574639072021499775e-02 -4.828473044573385747e-02
-8.348947120458385246e-03 -5.496458282360595221e-02
7.363165768064544765e-03 -6.663520643320887393e-02
5.773492048322952271e-03 -7.052862154724486021e-02
6.645698599740523099e-03 -7.326945343461292726e-02
2.818254156115501674e-03 -7.644559707700336604e-02
-7.945659399385007369e-04 -7.968494949604996991e-02
-4.706224678808617126e-03 -8.168177480567791193e-02
-9.532441126060688802e-03 -8.304192558170900296e-02
-1.366409248358832658e-02 -8.402352509424210192e-02
-1.673712583025432563e-02 -8.531103238401002709e-02
-2.000891557816310978e-02 -8.818432368793810427e-02
-2.322600305920338379e-02 -8.980258887364626907e-02
-2.206504308918166846e-02 -8.989956121556165469e-02
-1.949898097693822732e-02 -8.869017682211528808e-02
-1.566168161619069243e-02 -8.819333324493665305e-02
-1.281466894591515825e-02 -8.692091012478571355e-02
-9.540634137093844183e-03 -8.491124839876967867e-02
-6.746149919964818630e-03 -8.405484471459524765e-02
-3.778120736717559616e-03 -8.530203913820116890e-02
-1.990923913308359407e-03 -8.549012755214514814e-02
8.140750274729626401e-04 -8.142980404279992479e-02
2.772645695594765612e-03 -8.456051227529488845e-02
-5.556862011067507240e-04 -8.853669542890191257e-02
-3.695149382942105112e-03 -9.214867776247458175e-02
8.085699508043717350e-04 -9.047781018411302223e-02
2.543619611106385115e-03 -9.179340986761549970e-02
6.135904446644876650e-03 -8.957425519818369708e-02
9.686805262397860106e-03 -8.648577144027193297e-02
1.005869257046544847e-02 -9.019297695964773043e-02
8.209561418344691122e-03 -9.405665280238706405e-02
6.330276955517148176e-03 -9.746828460002907035e-02
2.299742192456661141e-04 -1.048381432834729066e-01
-2.961157007201676173e-03 -1.119917834846578392e-01
-4.328102356256507272e-03 -1.162773288651550441e-01
2.356420419855551063e-03 -1.062106902947564241e-01
6.060615625807157063e-03 -9.965128180985347028e-02
1.056748824666534602e-02 -9.416790338615370348e-02
1.358590483859122011e-02 -9.193720179668898873e-02
1.655279509681348640e-02 -9.665346951262371311e-02
1.642893262737912807e-02 -1.008560962623364088e-01
1.682366802827623201e-02 -1.061093937591139624e-01
1.749224407427026756e-02 -1.079972436427088373e-01
1.807021152565749939e-02 -1.051236977311226090e-01
1.812958458250232482e-02 -1.011994571835225509e-01
1.872552333022195134e-02 -9.743322220287750635e-02
2.300549095732282862e-02 -9.274017894460198641e-02
2.701062072521015142e-02 -9.828696802962512413e-02
2.741754161627068045e-02 -1.048849747516097802e-01
2.721105898627909983e-02 -1.107542459017279574e-01
2.747369504413954555e-02 -1.164759433887313789e-01
2.772046046335536681e-02 -1.205486330563912689e-01
2.760999634861631760e-02 -1.243295470276649939e-01
2.818271063867673620e-02 -1.278101699323430929e-01
2.870674724381254428e-02 -1.315155328774783028e-01
2.986970654739376160e-02 -1.312690703587006402e-01
3.056785131973416281e-02 -1.238885991032653011e-01
2.994565515487793844e-02 -1.192097167598804019e-01
3.014858509513857268e-02 -1.164414717440456631e-01
2.983133845064343814e-02 -1.097765710969236530e-01
2.946274614059593913e-02 -1.056621661699968517e-01
2.923931681300994539e-02 -1.016488283426658229e-01
2.909071712161997308e-02 -9.854964921283385082e-02
2.963668251995440345e-02 -9.507191881950390056e-02
3.441910155456803094e-02 -9.637526524144146567e-02
3.604322301016299468e-02 -9.905762960584751919e-02
3.781274431515072726e-02 -1.030481193403490203e-01
3.967081868240576736e-02 -1.065399078750207534e-01
4.117959922676458356e-02 -1.105644051642399872e-01
4.373793550199558261e-02 -1.136384884480135388e-01
4.611878088686359456e-02 -1.169985061868136500e-01
5.100423358537838070e-02 -1.217141380249342486e-01
5.398596845397003047e-02 -1.254493531182325761e-01
5.528117458786537680e-02 -1.281398126453325570e-01
5.774874281685429128e-02 -1.269480692631590191e-01
5.518398833342924581e-02 -1.241927979444098773e-01
5.324539098751572552e-02 -1.198259808106902774e-01
5.154243236818394081e-02 -1.169163213020658204e-01
4.959887193017221974e-02 -1.123089824572786055e-01
4.746425393504513646e-02 -1.089048538070855471e-01
4.541785776270395453e-02 -1.059931799363743599e-01
4.286794788964830988e-02 -1.022568559949887934e-01
4.085828616363228194e-02 -9.898282118616748282e-02
3.946122915342991505e-02 -9.501455252710315491e-02
4.242510909822798382e-02 -9.354329906620253987e-02
4.812521521950291481e-02 -9.557169860384175097e-02
5.207301638945323330e-02 -9.689749949235867965e-02
5.210382679449009069e-02 -9.536720152177828591e-02
4.735358160077538653e-02 -9.417245273150683105e-02
3.979362630940629086e-02 -9.020277551123216664e-02
3.800356088348127298e-02 -8.723247735824005145e-02
3.767065577496774009e-02 -8.402655550719338728e-02
4.280285393896153534e-02 -8.331043800898335627e-02
4.679292344606419962e-02 -8.473031699017301299e-02
5.348853664988384438e-02 -8.508101051385778824e-02
5.819537458142119701e-02 -8.965075450378531818e-02
6.441937559692355320e-02 -9.197920554877254962e-02
6.434158567797793049e-02 -9.048106639056385792e-02
5.709491732122783103e-02 -8.606137451580579689e-02
6.067884352599246106e-02 -8.620712065309051042e-02
6.456986915600784749e-02 -8.742873123183769746e-02
6.827160855595791611e-02 -8.830306504209176066e-02
6.977898180188553401e-02 -8.508511715251695917e-02
6.499031634692399584e-02 -8.360499584552617824e-02
5.992253982411826357e-02 -8.234006699251908423e-02
6.119379520508560349e-02 -7.915170778302747789e-02
6.295006382138189360e-02 -7.356389330232161738e-02
5.937446347813702535e-02 -7.495412961765801629e-02
5.689870223811496069e-02 -7.801519581689221605e-02
5.342038599764543927e-02 -8.115420869439098073e-02
4.940703930989263915e-02 -8.137763185387154874e-02
4.674834844470324158e-02 -8.206994031006194235e-02
4.317837367251937258e-02 -8.171838637784265003e-02
3.913023296102121490e-02 -8.025808163374124893e-02
3.494376153454901990e-02 -7.518850639926405455e-02
3.571166614222623381e-02 -7.067990410091505582e-02
3.443370913124808863e-02 -6.737645239985666501e-02
3.569471944463181723e-02 -6.079729512346584985e-02
3.884701287474985609e-02 -5.654769772026616709e-02
4.293786336731517106e-02 -5.101177581489269725e-02
4.645588667307030267e-02 -4.809436473914987381e-02
5.027305597217397032e-02 -4.542832131772502752e-02
5.505342295023714361e-02 -4.147154685570269422e-02
5.538996934466271227e-02 -3.937821772433826306e-02
5.151416073475090229e-02 -4.178793309166331515e-02
4.827083848262721938e-02 -4.446553498585925635e-02
4.515650122378803144e-02 -4.658635561540813708e-02
4.262394941530384812e-02 -4.954323419718897892e-02
3.927846007591892508e-02 -5.193418024641585640e-02
3.666104921407040140e-02 -5.569406479026832446e-02
3.186054329405825503e-02 -6.138252614317110667e-02
3.212243800823935680e-02 -5.787944260380821493e-02
3.493337601883617777e-02 -5.498705343461690598e-02
3.249717127276958301e-02 -5.486440382971444207e-02
3.289750343056908194e-02 -4.887146590684035563e-02
3.388523772947946849e-02 -4.587368242376921312e-02
2.659975769824229203e-02 -5.386246349056515031e-02
2.421496638912953164e-02 -5.289197831457197185e-02
2.376564035533454064e-02 -5.619991666166635619e-02
2.274161574633017102e-02 -5.246977136922723745e-02
2.214130941742971023e-02 -4.840958071036861182e-02
2.195004507032085467e-02 -4.450483434659828486e-02
2.139707340364290639e-02 -3.858103540977409623e-02
2.165415292462295749e-02 -3.434183983347693925e-02
2.245220815069056894e-02 -3.028526655169802226e-02
2.433735505151034262e-02 -2.633890277700000337e-02
2.292689968661265967e-02 -2.279234689637466005e-02
2.239740313015655543e-02 -2.033319620913931133e-02
1.975084503213965850e-02 -1.676665814588389897e-02
2.062522270496286447e-02 -1.866846832248132693e-02
2.056841708809020036e-02 -2.246517630057639353e-02
2.061859375167982011e-02 -2.728465216057478909e-02
2.080304357202811608e-02 -3.079672134810387818e-02
2.009738679181696450e-02 -3.416328397747919743e-02
1.684429242249946626e-02 -3.586424326325147321e-02
1.632537217310837951e-02 -3.580473466360369755e-02
1.802912342957320099e-02 -4.013737245475944987e-02
2.060739676208597770e-02 -4.977714688882702715e-02
1.807276898821901304e-02 -5.137479401409099367e-02
1.608390599079842498e-02 -4.438674532723873439e-02
1.441368933866153494e-02 -3.790069283823634116e-02
1.277217974155734834e-02 -3.242602423852868065e-02
1.189621853236258464e-02 -2.767824555239419351e-02
1.025608298932009950e-02 -1.994157387533190481e-02
9.152425887129509233e-03 -1.456114012761588160e-02
7.630579965451309357e-03 -9.967187693049495145e-03
6.283163327258191495e-03 -6.701582370456232729e-03
4.198843752892290025e-03 -2.017802014058247585e-03
3.915017078080787298e-03 7.013676521271571202e-04
