1.555284474450587635e-03 -3.542270057803754545e-03
3.804456584707975944e-03 -5.906094738521689737e-03
8.566920119894299787e-03 -5.700235638246025152e-03
1.323620094297077790e-02 -7.241596679527178768e-03
1.770314447915338762e-02 -1.058086165580955119e-02
2.102581633999919125e-02 -1.408138530071788470e-02
2.671722455814295322e-02 -2.154628593656098337e-02
3.045556030791441923e-02 -2.542773861058063647e-02
3.300366948179815629e-02 -2.715054977337898537e-02
3.456657988547539445e-02 -3.287726454490619288e-02
3.618996978710060930e-02 -3.931101569399052253e-02
3.732542490254892736e-02 -4.446422977456331027e-02
3.567144092827898710e-02 -5.044672182329828364e-02
3.201029481381387903e-02 -4.967214498893300634e-02
2.923962021459723670e-02 -4.733773192304455146e-02
2.947262774007364944e-02 -5.293603848133401901e-02
2.901514476317591448e-02 -5.928140562629525406e-02
2.674047323131021475e-02 -6.431962718478512198e-02
2.206851872355618596e-02 -6.264070306946159516e-02
1.987010910663400756e-02 -5.860341253345621032e-02
1.745560199909360413e-02 -5.196909577040766115e-02
1.153031489659794677e-02 -4.971104567872966506e-02
1.062930720714174229e-02 -5.445712067121426248e-02
7.354789037402188583e-03 -5.474481639629211888e-02
8.473454985640317683e-03 -5.733780131202673158e-02
2.376805525648597196e-03 -5.563058140862850443e-02
-1.370508696468035958e-04 -5.170811748182439771e-02
-6.283337125678597687e-03 -5.040536852852679078e-02
-1.045769384606430423e-02 -5.222716277668833229e-02
-8.205945392070191496e-03 -5.547950457022670506e-02
-7.555388541659035237e-04 -5.791156916916961189e-02
3.223879157756585380e-03 -6.030185391098204922e-02
1.967142342543357243e-03 -6.340938642520929647e-02
-3.075941143223966112e-03 -6.484744626232548381e-02
-6.594289415117979627e-03 -6.291272140645677580e-02
-1.121592731363162468e-02 -6.105146208484216186e-02
-1.680783110766990995e-02 -5.897827657346022684e-02
-1.681720535684605444e-02 -5.569722587064171448e-02
-1.336865303273591758e-02 -5.388440355974651735e-02
-1.666745810712857295e-02 -5.316389414314384027e-02
-2.051513763024549047e-02 -4.980340266783832986e-02
-2.410455729815438181e-02 -5.129928654563135904e-02
-2.834972415889281533e-02 -5.092319801531546702e-02
-3.301846728724138619e-02 -5.138657172972569548e-02
-3.680610574169929095e-02 -5.141626946012139987e-02
-3.004017123075365323e-02 -5.410109114722651269e-02
-2.440025976006525085e-02 -5.408260056642882896e-02
-2.092326003974676399e-02 -5.573345266926930247e-02
-1.717027680645709722e-02 -5.745155678766163121e-02
-1.531934602902208786e-02 -6.007331203420850779e-02
-8.465042076110981112e-03 -6.488401233122977063e-02
-6.834818235349759963e-03 -6.736010455577094713e-02
-4.323590589855541566e-03 -6.693827624034340285e-02
-4.216184050936705799e-03 -6.912648895726515585e-02
-9.315485854027975160e-03 -7.041001715780732806e-02
-1.404310466508747537e-02 -6.958979953606726776e-02
-1.970211083802963017e-02 -7.045731405219574084e-02
-1.582786755417161725e-02 -7.137669676439481470e-02
-1.140294562679772770e-02 -7.083436581538996024e-02
-7.332264351214681265e-03 -7.200304890553257953e-02
-4.958674710409415910e-03 -7.451842248435500138e-02
-1.202999812424994418e-03 -7.534243220698894072e-02
2.132621840608223563e-03 -7.796702154110010663e-02
6.530294406323349822e-03 -7.948329175163650062e-02
4.709039583347949740e-03 -8.160061345360759832e-02
8.035904440917909786e-04 -8.215802500582644607e-02
-3.207298621862276870e-03 -8.242572033770284579e-02
-1.082949901685744711e-02 -8.314744925010161825e-02
-1.544436753790428933e-02 -7.939176735512268324e-02
-1.770968453106927867e-02 -8.445575341956641779e-02
-2.500514074419131483e-02 -8.571470236792304298e-02
-2.580088357842066221e-02 -8.792541235686390788e-02
-2.207242567757781299e-02 -9.088819844330385533e-02
-1.427725195944084050e-02 -8.903910403113779459e-02
-4.052180376726847479e-03 -8.577343864902320369e-02
2.561994114093684710e-05 -8.621046115816452526e-02
5.208699609802020306e-03 -8.843241272668127262e-02
1.190130392232417733e-02 -9.267862200749461821e-02
1.572959811366148042e-02 -8.929497643218292646e-02
1.834525728100212805e-02 -9.087290058513992907e-02
2.500676211091685391e-02 -9.588501804661984929e-02
2.900763484804401784e-02 -9.973655830987179782e-02
2.684018941066313932e-02 -1.052096466097775518e-01
2.807851725127981715e-02 -1.098442323289929856e-01
2.888138640494212345e-02 -1.134124681007032259e-01
2.711772638011393857e-02 -1.218079789403572200e-01
2.498542345072505069e-02 -1.252341890654289358e-01
2.587134706818959573e-02 -1.296616636994751270e-01
2.794423520653017620e-02 -1.349366505522630322e-01
2.583043897682782072e-02 -1.407875664028822305e-01
2.879209728412973623e-02 -1.360643459796981314e-01
3.283190816229019510e-02 -1.334421684900514993e-01
3.355178618179825017e-02 -1.321448858695717099e-01
3.991644112748900242e-02 -1.303315798940446468e-01
4.418669770255927165e-02 -1.314276291326073598e-01
4.607529498902828563e-02 -1.326905415350027873e-01
4.873944324208100143e-02 -1.295337368664654654e-01
5.327209635705364155e-02 -1.248001409396624628e-01
5.554901206580054734e-02 -1.225825986622918473e-01
5.566932160090207193e-02 -1.259180579612655115e-01
5.818579736669469288e-02 -1.275539503285400000e-01
6.243549069673502011e-02 -1.294849623340811884e-01
6.733975447893661426e-02 -1.309408143108569400e-01
6.880581988542544547e-02 -1.368121310524465228e-01
7.328596225048314428e-02 -1.359106883391092424e-01
7.438201148904585724e-02 -1.316404317640390009e-01
7.215921374692825518e-02 -1.261538777695362379e-01
6.835894273721390690e-02 -1.248868032515540183e-01
6.860372929989731750e-02 -1.199603307920037859e-01
6.463124260474674421e-02 -1.171884152379037564e-01
6.267661467387333762e-02 -1.131498870851225247e-01
6.768456105128629885e-02 -1.116152813706997732e-01
7.211653875859730389e-02 -1.089888806319491282e-01
7.087023686035438808e-02 -1.041421339173645016e-01
6.691425420259060342e-02 -1.017761379883210526e-01
6.321959825834558289e-02 -9.826517217596884846e-02
6.478723341265416047e-02 -9.328743011542696417e-02
6.444039700027180684e-02 -9.106240437475614236e-02
6.287922746173822686e-02 -8.524027341317627626e-02
6.317886289068129491e-02 -8.184676108231593583e-02
6.441761978128297816e-02 -7.716733017162599739e-02
6.412030622698686178e-02 -7.401659280936426222e-02
6.046760499062881627e-02 -6.977951054272860110e-02
6.388568407697774176e-02 -6.788301835915526439e-02
6.760134706850462472e-02 -6.680413332800456960e-02
7.137793154215996139e-02 -6.589264163723888845e-02
7.538879381059965246e-02 -6.562493380866551984e-02
7.874939893584409489e-02 -6.757697454344964438e-02
8.334985077263357134e-02 -6.675569778181271452e-02
8.276949433384256372e-02 -5.915128625173930038e-02
8.314627015247745556e-02 -5.417677734653897348e-02
8.254601069812091130e-02 -5.088476482493563963e-02
7.921806725363927937e-02 -4.738980863941243127e-02
7.405724509318692417e-02 -4.741255696266174352e-02
7.346768225898177296e-02 -4.471084504514891839e-02
7.584399242745681891e-02 -4.212541203398519063e-02
7.779621551479080910e-02 -3.948651238840737016e-02
7.812730743560783453e-02 -3.764177147229730291e-02
7.488878529584030996e-02 -3.909015820288683912e-02
6.992307684802187562e-02 -4.308459749864694543e-02
6.727484803126602964e-02 -4.662566335330464024e-02
6.508275289224817184e-02 -4.861549505635736484e-02
6.205428970582327342e-02 -5.192311155477235401e-02
5.953718254293601658e-02 -5.228874164141074365e-02
5.799860612400090792e-02 -4.888255361817619299e-02
6.153934707649965502e-02 -4.488908674055850506e-02
6.491381143774120621e-02 -4.075927186470990754e-02
6.948002464334555872e-02 -3.669878927050364975e-02
7.001899629037294792e-02 -3.413315840181720823e-02
7.181322892875854902e-02 -3.054930959477075714e-02
7.547266110626452140e-02 -2.931591972456045261e-02
7.923985174700777512e-02 -2.837867782865832397e-02
8.184076386099414790e-02 -2.624006042136511549e-02
8.276154838877469722e-02 -2.106756384965599582e-02
8.702175226809043262e-02 -9.886092343068749594e-03
8.853318550804824272e-02 -4.874115400273115045e-03
8.447304040274232484e-02 -9.133175635041007948e-03
8.105315725227188461e-02 -1.302796814719585534e-02
7.874566714859120020e-02 -1.797607558234488173e-02
7.637905962690358375e-02 -2.075848934852734737e-02
7.303812658729373630e-02 -2.333775220884157231e-02
6.807242351243823764e-02 -2.626045625622135810e-02
6.428065552762526891e-02 -2.836221206631503455e-02
6.391245458057037698e-02 -2.392495711832095390e-02
6.500123691764608802e-02 -1.879339950519876359e-02
6.594201287014796187e-02 -1.609975742952177505e-02
6.594033145505080740e-02 -1.099688173412547570e-02
6.453736341971512414e-02 -1.442375950041054761e-02
6.285780790729697531e-02 -2.109723646207744413e-02
6.075244043681284067e-02 -2.670085262556719588e-02
5.850338580910837555e-02 -3.454394932952460640e-02
5.581928033666706812e-02 -3.962912294905395622e-02
5.459904995020237184e-02 -4.355816823979712787e-02
4.997836291460959479e-02 -4.415352405975014882e-02
4.735852204794621656e-02 -4.774257412772052456e-02
4.308607168358605938e-02 -4.827315665719510152e-02
4.399418223306840459e-02 -4.275533348157681268e-02
4.458594953911958897e-02 -3.843164978701836543e-02
4.197872294722890946e-02 -3.454314495525346446e-02
4.019050668603366822e-02 -2.889845071780953317e-02
4.251865416824766875e-02 -2.681171253266652690e-02
4.393225018842416424e-02 -2.369446141010777412e-02
4.527658059078329411e-02 -1.982598024084187768e-02
4.406781145917009618e-02 -1.627424135610971989e-02
3.967517970843522507e-02 -1.180704000879917795e-02
3.888137627415799019e-02 -1.468412688948638606e-02
3.997213602881968114e-02 -2.117687070932815566e-02
4.032535024875433249e-02 -2.542273915920298735e-02
3.674702216845804337e-02 -2.891225234457566948e-02
3.351112668026656055e-02 -2.597069177141602889e-02
3.219081801453238523e-02 -2.234289300200117956e-02
2.963441169500431738e-02 -1.916496219597973658e-02
2.614911094944000550e-02 -1.486697809432128634e-02
2.377618894984806150e-02 -1.162226962144565813e-02
2.099377875886993677e-02 -9.255671923310872240e-03
1.622087814511838713e-02 -5.426277359144219756e-03
1.309013762752843715e-02 -3.915521389912717497e-03
9.130014630113925111e-03 -2.509760690054510263e-03
5.767087393125735692e-03 -5.512783777518234091e-04
