-2.697942393963607445e-03 -5.688531301083408348e-03
-5.036693032065249834e-03 -9.818662895818345421e-03
-6.862484442810765778e-03 -1.362800416798280213e-02
-8.031859761861584804e-03 -1.569306996535026894e-02
-9.560426836774372356e-03 -1.931653546906621222e-02
-1.072980215582519138e-02 -2.138160126643367728e-02
-1.227878210418870478e-02 -2.479109373868143909e-02
-1.453044852867541210e-02 -2.743962030047283548e-02
-1.675155746305570861e-02 -2.995567790516719467e-02
-2.089025785964644666e-02 -3.367094346034806007e-02
-2.694654971844762104e-02 -3.858541696601543169e-02
-3.604711715169411218e-02 -4.503024076310804119e-02
-4.683147102367481163e-02 -5.062742930044120820e-02
-4.577273223571647759e-02 -5.618070264991975593e-02
-4.553769304337804830e-02 -5.872126398256640595e-02
-5.125878242889611580e-02 -6.203897775980646984e-02
-5.422664236828917544e-02 -6.471527082255097707e-02
-5.319174756232611379e-02 -6.850288230776853393e-02
-5.292979101748090942e-02 -7.318729284393844792e-02
-5.268643125718863729e-02 -7.549591205625921786e-02
-5.908174033399112013e-02 -7.664778515158726657e-02
-6.087897051899544137e-02 -7.753828814213538367e-02
-5.855307845627405472e-02 -7.912473726340708835e-02
-5.756316126783869724e-02 -8.284042736474230006e-02
-5.631534011363445447e-02 -8.723511395519899236e-02
-5.750270282000413680e-02 -8.927141705103824876e-02
-5.384496266787968527e-02 -9.344609222226668566e-02
-5.132890506318533996e-02 -9.566720115664698043e-02
-4.881284745849097384e-02 -9.788831009102728908e-02
-4.569718587855335634e-02 -1.010682147565128003e-01
-4.235586470336286796e-02 -1.054407694867097595e-01
-3.898503827991556259e-02 -1.124624149623912189e-01
-3.695833250462692704e-02 -1.136557795640208979e-01
-3.139158168765419921e-02 -1.204245184415113634e-01
-3.084505942474067078e-02 -1.246575643571651848e-01
-3.121541255382080660e-02 -1.292372801243881764e-01
-2.930475516946233483e-02 -1.290293862519827639e-01
-2.612598833673615562e-02 -1.283752458258067275e-01
-2.144278395961803779e-02 -1.279940090509080197e-01
-1.859186283688517294e-02 -1.340670143907070622e-01
-1.744568888456094272e-02 -1.349507711099300344e-01
-1.580648376038450501e-02 -1.325918869217397877e-01
-1.050651338985823281e-02 -1.346258697489226552e-01
-8.616634248042927963e-03 -1.419134071838283884e-01
-7.962493821866905436e-03 -1.450921740165545815e-01
-5.437458615608493917e-03 -1.472743324699931355e-01
-2.921401010914146008e-03 -1.494954414043734303e-01
-1.004947381463036898e-03 -1.507577546076485087e-01
9.115062479880722129e-04 -1.520200678109235592e-01
3.547769962373078893e-03 -1.554997744640307378e-01
5.225237945652854397e-03 -1.595790850923811122e-01
7.199216978160374349e-03 -1.608054235210185090e-01
1.302979500811702988e-02 -1.679960348610051724e-01
1.763717580500833229e-02 -1.732306947167025490e-01
1.987586082637271892e-02 -1.736646193237961766e-01
2.248072508817005460e-02 -1.717622050318685090e-01
2.439717871762115201e-02 -1.730245182351435873e-01
2.929245758218730969e-02 -1.790928138844647688e-01
2.729732874426063494e-02 -1.816609320490994717e-01
2.520943146928867132e-02 -1.825665293875050332e-01
2.775912403118995994e-02 -1.828259439992224455e-01
3.074386791569905589e-02 -1.826932958835972287e-01
3.280927205790785950e-02 -1.851961901581566650e-01
3.414084507612049485e-02 -1.868242713015299539e-01
3.613398948960561824e-02 -1.880386242381084649e-01
3.938756657129519057e-02 -1.914390624553926890e-01
4.227276989570463023e-02 -1.934293180037967574e-01
4.288193270435294857e-02 -1.965361634526406331e-01
4.109194890522330917e-02 -1.997095882699927716e-01
3.763948523625659792e-02 -2.034024910734205660e-01
3.542617590978162229e-02 -2.059203463907602338e-01
3.264123212462837625e-02 -2.089957434225357125e-01
3.793099391665346459e-02 -2.199390172233125773e-01
3.570988498227316288e-02 -2.224550748280069434e-01
3.732431561561622840e-02 -2.239062647473605283e-01
3.946840403773981681e-02 -2.247327902286713197e-01
4.181363896621313053e-02 -2.246866156791136881e-01
4.324677484570926822e-02 -2.250374455336004997e-01
4.549923737922628025e-02 -2.209612761008221127e-01
4.896648351146831724e-02 -2.233277716669502533e-01
5.164409620005578488e-02 -2.245275431612198669e-01
5.421298568721542172e-02 -2.225676034662358027e-01
5.882697333436249371e-02 -2.211692868405601142e-01
6.357503524690413799e-02 -2.190469397774491567e-01
6.679269622978595278e-02 -2.180817201055560706e-01
7.095245898016955266e-02 -2.215022771089381337e-01
7.307440631501151140e-02 -2.223893358838001377e-01
7.617708774214006218e-02 -2.241835491068704111e-01
7.977713825225336841e-02 -2.278074391567407042e-01
8.184220404962083695e-02 -2.289768144757915180e-01
8.380658576157774819e-02 -2.302091547996888699e-01
8.812145529200186844e-02 -2.353066509273848417e-01
1.004800172738833514e-01 -2.532663999806919475e-01
1.004327715441050289e-01 -2.513886630166221603e-01
1.001366850410316395e-01 -2.491130176313090805e-01
9.984059853795826389e-02 -2.468373722459960284e-01
1.029323921448878770e-01 -2.437301259741526116e-01
1.065341869609274655e-01 -2.471328415307093296e-01
1.084192278919713093e-01 -2.452204318637158931e-01
1.098054626894852670e-01 -2.427663284332311766e-01
1.133990955617655283e-01 -2.403122382485660680e-01
1.151559440634171705e-01 -2.409141046435083755e-01
1.176344360813091489e-01 -2.371567354163074126e-01
1.173719109400392646e-01 -2.348601016960454591e-01
1.158766164864793863e-01 -2.306668648485219741e-01
1.143813220329194663e-01 -2.264736280009984615e-01
1.122864236041163227e-01 -2.213215954223697324e-01
1.119903371010429333e-01 -2.190459500370566803e-01
1.143373760451163318e-01 -2.167312606031834010e-01
1.175538326982829007e-01 -2.159134893852114323e-01
1.194936800988083692e-01 -2.149737683915325104e-01
1.224822996880227388e-01 -2.136849974123715135e-01
1.240683059646789377e-01 -2.164876936745525893e-01
1.249971719013729526e-01 -2.183676165388508950e-01
1.280079101050274892e-01 -2.213797436554424680e-01
1.295053263069038119e-01 -2.177490982628077776e-01
1.295391135075590894e-01 -2.141134192996067831e-01
1.292915104375965962e-01 -2.116274222937743199e-01
1.321781710012355504e-01 -2.101756139057474049e-01
1.342615005074255241e-01 -2.078657542216096332e-01
1.360428374670576701e-01 -2.036974491610094584e-01
1.360179424935260561e-01 -2.002452043880297017e-01
1.372412799745334200e-01 -1.982664266952468557e-01
1.394882305611701567e-01 -1.915261617788339976e-01
1.406576058802209706e-01 -1.894610959814665152e-01
1.422776163632961943e-01 -1.871142155837962895e-01
1.428074798022440917e-01 -1.850289413906235358e-01
1.414271293413590092e-01 -1.803370052230081622e-01
1.417434599588988098e-01 -1.754043092641482671e-01
1.428685011025632445e-01 -1.644706966679761739e-01
1.440733807966464441e-01 -1.606495410855723893e-01
1.417719202507161658e-01 -1.607550387508316914e-01
1.389622698775814236e-01 -1.611783440894926644e-01
1.364004919530480420e-01 -1.605263315276252156e-01
1.354465213738573481e-01 -1.567081384057058824e-01
1.366638569596047292e-01 -1.547197633923724225e-01
1.317618668710845986e-01 -1.483422480482277650e-01
1.292466466310505102e-01 -1.469542224809332887e-01
1.292245280166103849e-01 -1.426533243851807464e-01
1.288965872208274466e-01 -1.378634018432013664e-01
1.278491509322904895e-01 -1.319229712400935006e-01
1.276920792765828261e-01 -1.295603898658161668e-01
1.288956249312306346e-01 -1.207783971713473625e-01
1.284073695233715895e-01 -1.193365013359608956e-01
1.226802965410546953e-01 -1.226446470527739890e-01
1.211395368057444910e-01 -1.188266364682705051e-01
1.206003977977599811e-01 -1.153091804406318616e-01
1.166760992871011121e-01 -1.161894864247445119e-01
1.153102797858730350e-01 -1.120753256086961386e-01
1.152227707582458016e-01 -1.053344851529937759e-01
1.154704629535884541e-01 -1.014650275801644158e-01
1.112032744442901094e-01 -9.984553797934639374e-02
1.082535231239954293e-01 -9.845585077296825638e-02
1.063911719044429022e-01 -9.334509649720573732e-02
1.062197335280329474e-01 -9.099149966735724238e-02
1.057124862051729425e-01 -8.799431590548800752e-02
1.026340882257674864e-01 -8.520457346005949617e-02
1.014732817085724770e-01 -8.121562306414445431e-02
1.007381888902310341e-01 -7.790740944447950567e-02
1.005907145550740123e-01 -7.553882617494217522e-02
1.004432402199169766e-01 -7.317024290540484477e-02
1.001903123991977201e-01 -7.086760728988292235e-02
9.929461095921859881e-02 -6.763321373204941866e-02
9.801434255281540886e-02 -6.962756832338402868e-02
9.351158633786203767e-02 -7.243011511060117036e-02
8.282235438651369686e-02 -5.721436001749054256e-02
7.877708834195110144e-02 -4.943408959467450459e-02
7.758372374032142249e-02 -5.146079536996314707e-02
7.709323407815638074e-02 -5.289457219097411927e-02
7.688151665745143748e-02 -5.682155516685991059e-02
7.578299154206223631e-02 -5.930914131110318760e-02
7.244074616098847286e-02 -5.825160727630072227e-02
6.874475681902089685e-02 -5.447430639823875459e-02
6.651665595783133600e-02 -4.877870077136137184e-02
5.913652376832629481e-02 -4.070985096198687786e-02
5.462685427460861609e-02 -3.556745586480816734e-02
5.139542860195318169e-02 -2.979240431733355329e-02
5.109934209887978529e-02 -2.751675893202048390e-02
4.746914247492771410e-02 -2.099743636711456224e-02
4.584468997487968489e-02 -2.468086592804705562e-02
4.264617022638007848e-02 -2.542070692401189602e-02
3.760578500948075220e-02 -1.916307615451324359e-02
2.873549792354750804e-02 -1.937522006298432811e-02
2.491383345439285649e-02 -1.851077679380698157e-02
2.375302693719783323e-02 -1.452182639789193971e-02
2.087850126279032145e-02 -1.205808561988616114e-02
1.937528304547847177e-02 -1.185111206849530537e-02
1.475825436759332573e-02 -8.669809129121850907e-03
1.397034796524777335e-02 -9.542673398944927221e-03
1.165578186034853247e-02 -1.671868324186724999e-02
8.855758067888033769e-03 -1.713596838680704615e-02
6.285560816462807884e-03 -1.644920952661256541e-02
3.258133200614480619e-03 -1.374097115555517577e-02
2.494902530164292906e-03 -1.053707289918147730e-02
3.757215733439371683e-03 -8.620619269730371223e-03
4.425080265048995411e-03 -7.075917177176298083e-03
1.554986208070470314e-03 -7.743755217146724816e-03
-9.662267002016856291e-04 -4.192099014764174604e-03
1.310556517870718578e-03 -1.434491357929195158e-03
