-9.879072786930277478e-04 -4.950065272828613021e-03
5.035119394332833107e-03 -1.368921462786981333e-02
6.485843360929497044e-03 -1.793102430434592026e-02
7.096152831582711214e-03 -2.108499627075595406e-02
7.857920318389874370e-03 -2.371952205993788088e-02
8.470324634949708692e-03 -2.641386505793777428e-02
9.169407942671452261e-03 -2.889845550243852132e-02
1.143588259715881857e-02 -3.430682636576933703e-02
1.257309185016172032e-02 -3.899690266643533743e-02
1.307101449381279853e-02 -4.272889846034087086e-02
1.331466310992494503e-02 -4.704647522568675827e-02
1.537513907250892195e-02 -5.169077946731295836e-02
1.404609071531773452e-02 -5.836516919454044772e-02
1.228313888213766226e-02 -6.053765257607202077e-02
7.224306338299232161e-03 -6.192091727714172517e-02
5.271557628970937465e-03 -6.639162236392630312e-02
3.485948316970802034e-03 -6.935124187495815551e-02
-7.853533102357540519e-05 -6.924927659152202430e-02
-2.211056212911145617e-03 -6.685202856013737482e-02
-4.041822841972882510e-03 -6.336186776730462489e-02
-4.821089979389618640e-03 -6.008157779447629437e-02
-7.844317610185566961e-03 -5.726756384794290389e-02
-8.151066098411806696e-03 -5.880457554105464335e-02
-5.236378793985700837e-03 -6.455739443000310662e-02
-3.878405971155476917e-03 -6.957832276129254090e-02
-2.266643985590404038e-03 -7.422568255705962181e-02
2.382635988907546209e-04 -7.963682086618313616e-02
-3.092753387985181911e-03 -8.004151487724066316e-02
-6.750279018940612621e-03 -7.721742262255093525e-02
-9.021805176140689636e-03 -8.053114168642722115e-02
-1.284507201293670804e-03 -8.466237473581796069e-02
-3.131639404545155702e-04 -8.838729319137134111e-02
-7.155374790642123756e-03 -8.974025303677064802e-02
-5.445517847787050177e-03 -9.260881110640531433e-02
-8.935812177531823886e-03 -9.409599726423643895e-02
-1.059840930328902892e-02 -9.160431063498102044e-02
-1.797754027374553684e-02 -9.081275063460202135e-02
-2.084185399077229453e-02 -9.024110638072856128e-02
-2.546292169370634531e-02 -8.871241560251015568e-02
-2.489769600136142180e-02 -9.122408001277546030e-02
-2.062828033814292569e-02 -9.267361914175947790e-02
-1.490264873822426568e-02 -9.212547139331248025e-02
-1.000878983352847425e-02 -9.472728648026200460e-02
-1.241135638130660968e-02 -9.793418862650825341e-02
-1.608946491896550562e-02 -9.955417361070934001e-02
-2.200887515443156542e-02 -1.025551152520380455e-01
-2.453765207302220988e-02 -1.019936750289032190e-01
-2.459377730045807231e-02 -1.038316511137988840e-01
-1.998895274950742221e-02 -1.035557126720231674e-01
-1.771115091013796689e-02 -1.029647276672490258e-01
-1.303581244049690883e-02 -1.023354224308737070e-01
-8.174791762570715603e-03 -1.005362690896989125e-01
-3.530721431122763477e-03 -9.787827422320602433e-02
3.849841996549652808e-03 -9.935124719006281635e-02
7.464877218454698746e-03 -1.022534863465920513e-01
1.159276742191855600e-02 -1.032147335426370216e-01
1.236372812750865906e-02 -1.058630369451483699e-01
1.387191249458999062e-02 -1.101163233745594688e-01
1.183310275746314762e-02 -1.134914198828875787e-01
8.688425826804476934e-03 -1.157316816230838652e-01
-3.085367075332115863e-04 -1.137658529192896312e-01
-1.855309365432432226e-03 -1.162921591635569796e-01
-4.746523602471002662e-03 -1.173522143011509616e-01
-1.233772224823627243e-02 -1.206169816667039124e-01
-1.306097958023861097e-02 -1.222501213819029986e-01
-9.748530587812311021e-03 -1.242286202779146198e-01
-6.701195590366033038e-03 -1.269966654089523528e-01
-4.272290344263110842e-03 -1.291812223921580405e-01
-3.008529202577712221e-03 -1.314409349236837221e-01
-6.479947554061214884e-04 -1.294325315610862503e-01
2.656502571172012720e-03 -1.273944294495894525e-01
7.814516398745028833e-03 -1.254992180175287242e-01
9.973821500609290902e-03 -1.203527623803889446e-01
1.166784319809395683e-02 -1.182262731636691266e-01
1.737019231019088991e-02 -1.169116871531302310e-01
2.008753414036557397e-02 -1.163337391369249213e-01
2.502035375412357474e-02 -1.173182046201702716e-01
2.818738027200282797e-02 -1.191272836645353717e-01
3.223171528132959957e-02 -1.236955258477772934e-01
3.339930889456837332e-02 -1.296254294572884158e-01
2.946153569365399585e-02 -1.313489405833842549e-01
2.354091206983083967e-02 -1.313622789563238247e-01
2.262996062628861577e-02 -1.348190798298840309e-01
2.126799901837768056e-02 -1.368833854653539461e-01
2.321497368590103721e-02 -1.351509330561785072e-01
2.730217420549810661e-02 -1.349688478176452322e-01
2.625831793611162895e-02 -1.393759971808807840e-01
3.153399580803150498e-02 -1.428038441892660049e-01
3.203532582425430014e-02 -1.478360147963155014e-01
3.089260774117233432e-02 -1.535617840275947388e-01
3.233534283601247061e-02 -1.523201898737172322e-01
3.489621607742519893e-02 -1.484697169610425527e-01
3.461962765423305666e-02 -1.408744204216663964e-01
4.035692180792774947e-02 -1.379327307802600822e-01
4.198956076077605543e-02 -1.458584114255311592e-01
4.198512498111903885e-02 -1.518680952450021382e-01
4.184724662405987089e-02 -1.575135740522013439e-01
4.040877399671819609e-02 -1.635686532535040039e-01
4.368703446985401639e-02 -1.606141916750545851e-01
4.579806560895031964e-02 -1.582094496913548920e-01
4.449574973057475458e-02 -1.516073787303640064e-01
4.535566260873199335e-02 -1.469544000149101692e-01
4.445238745103725908e-02 -1.424992162252929628e-01
4.521870185264503794e-02 -1.351867406238730085e-01
5.071527535968802652e-02 -1.350678589042912103e-01
5.323001275470858051e-02 -1.350111015364919842e-01
5.613670381140117849e-02 -1.366726264928478096e-01
5.882051552220766283e-02 -1.384031915744499130e-01
6.166808647049300263e-02 -1.401664388397691752e-01
6.551032846582996449e-02 -1.437114949177718537e-01
6.947724611017692953e-02 -1.444314971561450056e-01
7.240916265636600235e-02 -1.431226382528887897e-01
7.009181711812896565e-02 -1.397654195439946290e-01
7.178396777306186860e-02 -1.372740893783006288e-01
6.995415092453363681e-02 -1.361142743876387062e-01
6.500965597151581177e-02 -1.332573878330106931e-01
6.149131428666040899e-02 -1.293766596177050032e-01
5.975412242096354160e-02 -1.257020356032381991e-01
5.855957723082812205e-02 -1.227063062621274458e-01
5.584817133768552738e-02 -1.195273335627392713e-01
5.792285464207612422e-02 -1.181579418169678569e-01
6.269459569724294967e-02 -1.200393250401308731e-01
6.811647464307023225e-02 -1.227196252409895327e-01
7.067288888218010989e-02 -1.234419297834593032e-01
7.744222610998235945e-02 -1.265106501646692527e-01
7.750370785632552939e-02 -1.251099043905052055e-01
7.480661072078469143e-02 -1.218142856180015748e-01
7.298314413075780716e-02 -1.192905117637559353e-01
6.960294437855593652e-02 -1.202410349341422324e-01
6.616498720847656390e-02 -1.148348791174642614e-01
6.213808398508494091e-02 -1.163613495488452498e-01
5.912053450344301186e-02 -1.133692344435854593e-01
5.376093388592380340e-02 -1.126670338952466127e-01
5.984690678356880539e-02 -1.025147341145803692e-01
6.267850266700149275e-02 -9.615514786224117760e-02
6.814186186497746267e-02 -9.349337074792332669e-02
7.243227390757721318e-02 -9.287686116177563955e-02
8.331612750976431780e-02 -8.951939352486906754e-02
8.900404432979887315e-02 -8.945961278549727225e-02
9.862788171988788599e-02 -9.018534180512963183e-02
1.020917751742929230e-01 -9.019254781361173146e-02
1.003451674935024324e-01 -8.595142901642750799e-02
1.039638356318375312e-01 -8.647048488217222439e-02
1.090132155930267355e-01 -8.449085174280812627e-02
1.126634502492418061e-01 -8.212743439860017980e-02
1.158302689227642956e-01 -8.059957647805536529e-02
1.208484038025827989e-01 -7.525890692583271646e-02
1.232805490643374691e-01 -7.413410932205831416e-02
1.275346658944132294e-01 -7.048116759511059704e-02
1.217159831857876490e-01 -6.969930703755812529e-02
1.179958656043446213e-01 -7.118544402266703541e-02
1.131547624968835264e-01 -7.391763733315541429e-02
1.092644014963815441e-01 -7.492466593563758270e-02
1.084559975653466846e-01 -7.626598043622370704e-02
1.084783690637969450e-01 -8.318916551987295960e-02
1.060328798028946362e-01 -7.978544063009199161e-02
1.029515721106677439e-01 -7.823544440607789474e-02
1.003452126260697685e-01 -8.047262796439819121e-02
9.670508113678839834e-02 -8.083951633421802840e-02
9.287957308255641309e-02 -8.306340321538786819e-02
8.975980687231376043e-02 -8.303824935467571389e-02
8.486201059767482791e-02 -8.482707294252958552e-02
8.243082555361570807e-02 -8.545315974845933693e-02
7.603562433845308111e-02 -8.687144560052643960e-02
6.916790731858374341e-02 -8.908565707676964485e-02
6.176006600941517932e-02 -8.271992174285702770e-02
6.394788141996447794e-02 -7.985552374384818908e-02
6.631367319190727139e-02 -7.379430016624596855e-02
6.816220670991787745e-02 -7.159708751681012617e-02
6.627840223187678181e-02 -6.906127175291990050e-02
6.554255196264943684e-02 -6.376717914657041575e-02
6.458908934441989769e-02 -6.022209154105343659e-02
6.210373276001909110e-02 -5.767675216064037380e-02
6.231006070406961556e-02 -6.203168014448469381e-02
6.326950870799864790e-02 -6.617543450231611057e-02
6.364177367808651620e-02 -7.029759978661895281e-02
6.003070598207949776e-02 -7.429098698754231511e-02
5.712716856030037454e-02 -7.195494488909767727e-02
5.181525049058870874e-02 -7.541469979793979928e-02
4.800411774721675962e-02 -7.350993010977902031e-02
4.505600118722742631e-02 -7.172661649458994537e-02
4.195115776005932384e-02 -6.884254379652489375e-02
4.245861373958169371e-02 -6.213861999865762098e-02
4.062815264948251709e-02 -5.939536046036437977e-02
3.555846565513630375e-02 -5.668676080417650587e-02
3.313320731799140190e-02 -5.500779640775588231e-02
3.034933535082375011e-02 -5.445220628363962867e-02
2.593604050861644111e-02 -5.379846710843540214e-02
1.967554380195273359e-02 -4.740181365280557446e-02
1.907593508343452537e-02 -4.512227250584148475e-02
1.834130347051961263e-02 -4.281580245263638673e-02
1.533462783646999048e-02 -3.692512329229712120e-02
1.445246825355329771e-02 -3.210969521528317383e-02
1.193352024452459803e-02 -2.609530141096947156e-02
1.091709719545371979e-02 -2.313511160755870807e-02
6.732502675459712919e-03 -1.416539438598211388e-02
5.095819810469240894e-03 -1.039133679382469276e-02
4.120208894276307723e-03 -4.681963588382126798e-03
3.323959809984541273e-03 -1.995738438335427356e-03
