-2.560289235465426552e-03 -8.354905128358323246e-04
-5.578395439399093381e-03 -8.910229990344565015e-04
-9.902855831857928365e-03 -4.263542594189645451e-04
-1.115679087879818676e-02 -1.782045998068913003e-03
-1.327932022312708696e-02 -2.551255228061966984e-03
-1.532863162823975070e-02 -3.039136350206459759e-03
-2.399765241513177050e-02 -1.263548390006443345e-03
-2.644539323760072141e-02 -2.128330547124388655e-03
-2.643227281664246517e-02 -3.693657855589462923e-03
-2.689768327655756713e-02 -1.102157862984090922e-02
-3.446674429025698566e-02 -1.656080219442312984e-02
-3.639891146121929100e-02 -1.659857551386698105e-02
-3.843363114032258276e-02 -1.703021418266682449e-02
-4.220158829257456001e-02 -1.881292818729819391e-02
-4.705942442793745878e-02 -1.808931808089638688e-02
-4.915266212798424100e-02 -1.874597889789296132e-02
-5.071868823210629040e-02 -2.176257087213287825e-02
-5.631476912452298977e-02 -2.595302818294956126e-02
-5.723344269233603815e-02 -2.763627223495913540e-02
-5.909772946553559086e-02 -3.087557727532979149e-02
-6.265684686440374518e-02 -3.439472794700884628e-02
-6.328184441280411410e-02 -3.633461545522779362e-02
-6.272997991839378285e-02 -3.906138647496835981e-02
-6.569255363612883092e-02 -4.213502516510065493e-02
-6.809177234250976540e-02 -4.235162818038376575e-02
-7.734871615401527067e-02 -4.745156645264665685e-02
-7.935410126419381593e-02 -4.777066787993906188e-02
-8.367856165665264745e-02 -4.730599914032357356e-02
-8.629512509861630987e-02 -4.812684383101835384e-02
-8.824193809171966552e-02 -4.822089135696044915e-02
-9.026196902403926803e-02 -4.859626699075109135e-02
-9.241377884116123986e-02 -4.947798170909798593e-02
-9.572324169160932594e-02 -4.903717660134038203e-02
-9.926465217513855133e-02 -4.925689854698172415e-02
-1.027081918209659522e-01 -4.956213224727175348e-02
-1.116438519689228331e-01 -4.765706331284631087e-02
-1.163128298697806012e-01 -4.782362439660313436e-02
-1.219482831965611330e-01 -4.731814270666722527e-02
-1.143158741833479597e-01 -4.984517514436100777e-02
-1.117061839748528657e-01 -5.412874328701774984e-02
-1.055404271698552054e-01 -5.813636378792206433e-02
-9.743556653752180607e-02 -6.138712297039745219e-02
-9.573767666337117122e-02 -6.224952233171224258e-02
-9.338853722741462249e-02 -6.430264587709559609e-02
-8.989485488825793569e-02 -6.611301045050554936e-02
-8.576534131883055412e-02 -6.778847162301036844e-02
-8.227781195516413459e-02 -7.169978306223470654e-02
-7.709399183226704755e-02 -7.370972203298355174e-02
-7.347315818261546116e-02 -7.549309287268833601e-02
-7.051903535094763975e-02 -7.476010077186180658e-02
-6.741459078683947892e-02 -7.598856748627969004e-02
-6.430243705696372936e-02 -7.787984799318442564e-02
-6.157176901172625727e-02 -7.985205560507299682e-02
-5.846732444761809644e-02 -8.108052231949088029e-02
-5.530119442182103440e-02 -8.322614837202806093e-02
-5.121794798254733494e-02 -8.531007779138728708e-02
-5.123640594495908196e-02 -8.722761031169756762e-02
-4.934505172431719044e-02 -8.850082992657541670e-02
-4.703212941752717147e-02 -9.138554695929770877e-02
-4.552459054525408860e-02 -9.297933930651906820e-02
-4.559932271416407973e-02 -9.488222600468830537e-02
-4.413572130831417556e-02 -9.664484097140438323e-02
-4.256957856581231742e-02 -9.801363351340711128e-02
-4.090096916445475766e-02 -9.898853836307575094e-02
-3.862274975713751030e-02 -1.010832902928162913e-01
-3.362231222659093494e-02 -1.031055883466183154e-01
-3.201227494230855092e-02 -1.043055470976372717e-01
-3.057795400925170798e-02 -1.061806675527071919e-01
-2.889470995724213384e-02 -1.070993411205202334e-01
-2.734324479003493250e-02 -1.085243537728895064e-01
-2.311812750438811334e-02 -1.149103885967989180e-01
-2.039595230580142776e-02 -1.148379235493713485e-01
-1.757513376011876627e-02 -1.162328720480643729e-01
-1.395430011046719029e-02 -1.180162428877691572e-01
-1.173231198500553768e-02 -1.200963601668576936e-01
-7.990521960932906592e-03 -1.195683648900497664e-01
-1.761575755384872741e-03 -1.228715376283655292e-01
3.880061335980444608e-03 -1.256614346257515780e-01
5.989543973088247084e-03 -1.277122714320470531e-01
7.643507552304754787e-03 -1.287434504882139508e-01
9.224253192305029506e-03 -1.300559576522293814e-01
1.067321994750293143e-02 -1.318748039008010575e-01
1.254681500139004716e-02 -1.320620844827075369e-01
1.608824694724059201e-02 -1.318423681228106936e-01
1.953176513074666998e-02 -1.315371288367761793e-01
2.284120651887343659e-02 -1.319779283587892427e-01
2.548476369454227494e-02 -1.312842349785893759e-01
2.795107911780277815e-02 -1.328873048174037674e-01
3.479579947628981540e-02 -1.352093348453344279e-01
3.881891760821100379e-02 -1.347545575077427338e-01
4.727206496457141832e-02 -1.355128173815446924e-01
5.446049768825290960e-02 -1.358217531335292050e-01
5.842734161367585388e-02 -1.353523299737964536e-01
7.091295830728766569e-02 -1.390824093037729137e-01
7.246442347449487398e-02 -1.405074219561421867e-01
7.394267070248583540e-02 -1.422137627163600482e-01
7.632495684763783428e-02 -1.422930907064239026e-01
8.202971991664863294e-02 -1.399932151068549735e-01
8.488134433630716014e-02 -1.396540566022308472e-01
8.678423103447639730e-02 -1.397287887711408660e-01
9.485823354141811881e-02 -1.403282871979243118e-01
1.120543921332809029e-01 -1.439627087155496699e-01
1.151973517371325390e-01 -1.441198822191372408e-01
1.192767440755519853e-01 -1.436797507036866317e-01
1.333083717565376747e-01 -1.479323179985650716e-01
1.368020540956943754e-01 -1.497426825719750387e-01
1.391511935316509241e-01 -1.517958061173583784e-01
1.422556380957590849e-01 -1.530242728317762757e-01
1.452406405151399071e-01 -1.549425470723861942e-01
1.480984598708722788e-01 -1.568877609505695825e-01
1.526094591249379795e-01 -1.584822950180905798e-01
1.576176058212521713e-01 -1.611674068643794422e-01
1.654850861029924514e-01 -1.641761739985310165e-01
1.723298064614794955e-01 -1.664982040264616492e-01
1.750581336714974179e-01 -1.687101001903525688e-01
1.800585712020439932e-01 -1.707323982441545929e-01
1.880824944385612596e-01 -1.736016232316044960e-01
1.889973129414609931e-01 -1.737796263219179294e-01
1.882327424572644292e-01 -1.711777087020953381e-01
1.878866472962668621e-01 -1.690451722814218793e-01
1.864084000682759146e-01 -1.673388315212040456e-01
1.883975094522988836e-01 -1.599268702973550282e-01
1.902086465351029709e-01 -1.578150897496702898e-01
1.918949302179890903e-01 -1.554906032121993464e-01
2.050502544358185908e-01 -1.584938742059340822e-01
2.076105436712840091e-01 -1.576583836930982307e-01
2.098409826828128710e-01 -1.573978543828810084e-01
2.114910492365324746e-01 -1.559049613327489758e-01
2.176136000045743035e-01 -1.570778955609682392e-01
2.202987426399576898e-01 -1.564551110379186205e-01
2.210301785505069116e-01 -1.566454732112852188e-01
2.195812117953089837e-01 -1.548266269627135427e-01
2.163010620514643489e-01 -1.542732790277039634e-01
2.134910230915203488e-01 -1.546833463894783378e-01
2.113083654398389688e-01 -1.529138488625204906e-01
2.067973661857732681e-01 -1.513193147949994932e-01
2.007764983957039950e-01 -1.483706340076168528e-01
1.911086298278037443e-01 -1.448933011083528843e-01
1.816758539907519510e-01 -1.418977084912912412e-01
1.781598166636866043e-01 -1.394808043318926660e-01
1.709089259689221263e-01 -1.368728074503169634e-01
1.628850027324048044e-01 -1.340035824628670047e-01
1.591439544286317731e-01 -1.315281173578823348e-01
1.507092221100404805e-01 -1.288523137922810424e-01
1.466259756707667949e-01 -1.267683843729217885e-01
1.434598456449697190e-01 -1.246227583203846218e-01
1.403554010808615304e-01 -1.233942916059667244e-01
1.382436205331768198e-01 -1.215831545231626509e-01
1.359191339957058486e-01 -1.198968708402765176e-01
1.314081347416401757e-01 -1.183023367727555342e-01
1.281456592793240867e-01 -1.144495974506063857e-01
1.245248256296725142e-01 -1.126662266109016014e-01
1.228855078725970551e-01 -1.115787733482364874e-01
1.211136275498360532e-01 -1.096158003032983164e-01
1.165679253962976086e-01 -1.072313011327955951e-01
1.134064341162970557e-01 -1.046062868047647060e-01
1.095096099002503820e-01 -9.926683819706833001e-02
1.048236360152588059e-01 -9.534400545180571340e-02
9.947858676431385605e-02 -8.518225021374503658e-02
9.798951702594158042e-02 -8.167088242157072298e-02
9.575058516776194240e-02 -7.988673907247181849e-02
8.944527688928942399e-02 -7.133731902927047119e-02
8.607874586062763678e-02 -6.949996072215533505e-02
7.923402550214060647e-02 -6.717793069422470231e-02
7.706831158317718755e-02 -6.511245923727722318e-02
7.381895654181937216e-02 -6.282504722359313898e-02
7.166784552035436462e-02 -6.070329038865837634e-02
7.030444461593682304e-02 -5.878654154923126929e-02
6.885547786073892285e-02 -5.696769530065958625e-02
6.440534863432535728e-02 -5.490840760829691219e-02
6.275138505510884090e-02 -5.387722855213002843e-02
6.131706412205201878e-02 -5.200210809706010823e-02
5.967774636497655272e-02 -5.091465483439498729e-02
5.808235490283523289e-02 -4.965842187687778686e-02
5.664803396977839689e-02 -4.778330142180785972e-02
5.465880891143465314e-02 -4.642457005228135813e-02
5.237283741370717116e-02 -4.366699315856491931e-02
5.087994436357515249e-02 -4.201692660484531577e-02
5.127681759065411127e-02 -3.887626491157062519e-02
4.962285401143760183e-02 -3.784508585540374836e-02
4.804210837143733925e-02 -3.653257869138831077e-02
4.659314161623943212e-02 -3.471373244281662079e-02
4.658002119528117935e-02 -3.314840513435154956e-02
4.496998391099880227e-02 -3.194844638333258630e-02
4.505624855743613211e-02 -2.884707223919550506e-02
4.315097906346374024e-02 -2.462670937366593510e-02
4.273861379111242725e-02 -2.205637013721333320e-02
3.330502252002386782e-02 -1.767886455719070576e-02
2.779053673915345482e-02 -1.486197382609947236e-02
2.468609217504529399e-02 -1.363350711168158369e-02
2.402943135804871955e-02 -1.154026941163479626e-02
2.263825303904281466e-02 -8.114510394883492350e-03
2.244860083282224084e-02 -5.842431827508398970e-03
2.053106831251194642e-02 -5.823973865096647613e-03
1.848175690739928614e-02 -6.311854987241139955e-03
1.635922756307038595e-02 -7.081064217234194803e-03
6.134156959306327934e-03 -4.359820127005014506e-03
4.022376411621581688e-03 -2.548683044200927145e-03
1.697889874150629438e-03 -8.623993613147976555e-04
