-1.641877985539892454e-03 -3.956463608346951280e-03
-4.095763352233011516e-03 -6.829216319712893245e-03
-7.672330821456352368e-03 -1.341041388229345828e-02
-1.189381441367602481e-02 -1.549241662450644499e-02
-1.095556500913542550e-02 -2.019486960161900879e-02
-1.037734271816164247e-02 -2.253486858265733167e-02
-1.033430611076038494e-02 -2.710901533030410718e-02
-1.376625571044955490e-02 -3.005654755912821885e-02
-2.028228349009847040e-02 -3.202464554209959874e-02
-2.514270763361823105e-02 -3.294025375474617101e-02
-2.757379777218310971e-02 -3.527886434934101451e-02
-3.089199664886489727e-02 -3.630802334109977519e-02
-2.959061235787763602e-02 -3.660203244227898389e-02
-2.592624768086569664e-02 -3.540751079189913275e-02
-1.754744674272483429e-02 -3.994034492513074547e-02
-1.639171012103608771e-02 -4.612498072838990687e-02
-1.854437646464450126e-02 -4.839600796039499053e-02
-2.153979544032259830e-02 -5.092244083519656406e-02
-2.595698705428943487e-02 -5.324509837640215709e-02
-2.861277433190794958e-02 -5.340186733322398877e-02
-3.235184150826094646e-02 -5.343023927542584622e-02
-3.813532860772119587e-02 -4.935000258488527608e-02
-3.809845374887428637e-02 -5.096751538554505218e-02
-3.800327881590888357e-02 -5.667769753259508519e-02
-4.287108068460544763e-02 -5.726979951039234268e-02
-4.668519057339183542e-02 -5.688435903859424825e-02
-4.706958287183876655e-02 -5.844149379202005085e-02
-4.480575179470210057e-02 -5.989451969758888272e-02
-3.906556449761831862e-02 -5.996486145947878266e-02
-3.787190484373151311e-02 -6.551003492803714190e-02
-3.441800363882033253e-02 -6.390915560695127617e-02
-2.936751143870703837e-02 -5.866778715095674612e-02
-2.072091835035621415e-02 -5.345814783798204239e-02
-1.820049318787476250e-02 -5.312076191630926009e-02
-1.394194855995007330e-02 -5.228010563094187546e-02
-1.272513969780560833e-02 -5.653881806213787581e-02
-2.020464406336827320e-02 -5.960486060904315181e-02
-1.754269503719542087e-02 -6.240472559920831608e-02
-1.947128141685482497e-02 -6.817416520857379203e-02
-2.200039567283943939e-02 -7.100927184975397433e-02
-2.349887637201733895e-02 -7.396522997710602843e-02
-2.534314591125945426e-02 -7.633418593482695080e-02
-2.694695143491678685e-02 -7.927504839873308895e-02
-2.895726405896464559e-02 -8.280251314447997779e-02
-2.791129001732359227e-02 -8.225380175421338758e-02
-2.567558606100035085e-02 -7.940352243147018318e-02
-2.386114926197096392e-02 -7.649286506149298448e-02
-2.209199484672962066e-02 -7.389815002433018643e-02
-2.041307419907151602e-02 -7.118304663986592395e-02
-1.808696867189374738e-02 -6.807700308764709496e-02
-1.636292883716916266e-02 -6.542207780652162241e-02
-1.432276509932178810e-02 -6.243630070599392318e-02
-1.125788012528390267e-02 -5.605047095206818625e-02
-8.630219968478831591e-03 -5.159039676693432525e-02
-8.491747403259359292e-04 -4.717030521352721245e-02
2.595792549693669900e-03 -4.863138466390776182e-02
5.122225424495236053e-03 -5.162680363958586927e-02
9.097078646026064003e-03 -4.601629258482455020e-02
1.321031581774456849e-02 -5.031392570735906955e-02
1.457121615947277148e-02 -5.206747644279084708e-02
1.602867982060984797e-02 -5.652189689573400982e-02
1.569470185474097085e-02 -6.297668463165589925e-02
1.369174858228311073e-02 -6.682766937928918960e-02
9.208879169020993058e-03 -6.473415133925522480e-02
7.268368149875525930e-03 -6.364991405232377220e-02
7.326160207630381602e-03 -6.887107326966918075e-02
4.810417622105614410e-03 -7.536247266946276280e-02
3.334673506525646751e-03 -7.797236038818858295e-02
3.603700247720111396e-03 -8.190713558628875957e-02
6.884965621024684637e-03 -7.944853550201508297e-02
1.120008633008177761e-02 -8.646216614613078111e-02
9.256141092001221593e-03 -9.290118239897181274e-02
1.194775966166522312e-02 -9.661886923754646472e-02
1.291262002747273381e-02 -9.251164438469780538e-02
1.323706527693220385e-02 -9.043537239279264561e-02
1.588092791506466595e-02 -8.342492653967387151e-02
2.006279662272407449e-02 -8.574400832180427423e-02
2.190944431800575729e-02 -9.460722663081019834e-02
2.023747039727791935e-02 -9.858624064589698033e-02
1.891248752619967277e-02 -1.005191107448904358e-01
2.150050065782059885e-02 -1.004601164775501959e-01
2.607757360803882735e-02 -9.402231620133162660e-02
2.830428500494017521e-02 -9.442206735819970442e-02
2.926836039237176376e-02 -9.200756582171551456e-02
2.689416793366957575e-02 -8.513774969517123870e-02
2.928795221514101169e-02 -8.212203069568982383e-02
3.165048322933236569e-02 -8.157391810694106238e-02
3.478029316491348250e-02 -8.129699185716908472e-02
3.557171895370137699e-02 -7.802475118391027920e-02
3.682954485388666849e-02 -7.487308503481106270e-02
3.913805951329357019e-02 -7.732672558011577379e-02
4.353818664943997357e-02 -7.943524849844148250e-02
4.589805465603508799e-02 -8.471764775951391713e-02
4.463129944750793970e-02 -9.093124053945567109e-02
5.092483583432175220e-02 -9.838965990283911334e-02
5.120202527906895368e-02 -1.009552180194241283e-01
5.207268671447006642e-02 -1.053792793422041185e-01
4.743574373338148992e-02 -1.111098569047613838e-01
4.577998606101812973e-02 -1.125385176254500852e-01
4.478407237182571027e-02 -1.187372009188040201e-01
4.193223685936771361e-02 -1.198869619687965293e-01
4.383499725613614062e-02 -1.212344768730278105e-01
4.823504737416545174e-02 -1.235310852665354869e-01
4.878514254432578939e-02 -1.215677790192617597e-01
5.117864986378491826e-02 -1.191162934651896488e-01
5.450355064600857086e-02 -1.199152831560124505e-01
5.588960575754255145e-02 -1.160564896849558408e-01
5.941099953988928511e-02 -1.149221012604215442e-01
6.367690351940398508e-02 -1.144049649769405819e-01
6.509991050790196743e-02 -1.119755988313617806e-01
6.402562316858936842e-02 -1.085971713371305103e-01
5.721751022464252601e-02 -1.077288880577689650e-01
5.480323974250966151e-02 -1.062005562447915358e-01
5.323205749898909933e-02 -1.036645136354634456e-01
5.235366435828175957e-02 -9.966926499842537757e-02
5.162535664244120859e-02 -9.650164118938719948e-02
5.295110611830857600e-02 -9.287606154106636813e-02
5.011062270694999210e-02 -8.569759002173028828e-02
4.617903229984678115e-02 -7.900763341573519005e-02
5.052179837648485689e-02 -7.495459272094227854e-02
5.227362511893055008e-02 -7.735530996230692569e-02
5.229780412695255593e-02 -7.381188755662104750e-02
5.618677515786393850e-02 -7.498727464560935030e-02
5.656919864193637321e-02 -7.775599552723541641e-02
5.631172418651175793e-02 -8.142722991306053371e-02
6.199598495896688904e-02 -8.863710873591092165e-02
6.600494547955711166e-02 -9.066267105963891904e-02
7.079779542097448808e-02 -8.946868956624659530e-02
7.753131041777154564e-02 -8.898277440942181649e-02
7.225784507159069281e-02 -8.828068364455049499e-02
6.615821569542083835e-02 -8.453131254044923826e-02
6.051022637374506991e-02 -8.025553563143282554e-02
5.993200408277128688e-02 -7.791553665039449572e-02
5.787899045786477903e-02 -7.611654949494042754e-02
5.597855746214998318e-02 -6.969082789444214221e-02
5.103674268078437631e-02 -6.761215608991595627e-02
5.452109380101290842e-02 -6.523640744149898640e-02
5.340144705979513878e-02 -6.236200775526406365e-02
5.316946298071889565e-02 -5.966859278104659492e-02
5.338979938232138456e-02 -5.494409741355783111e-02
5.366332228283916816e-02 -4.909866231011172227e-02
5.772673931694771721e-02 -4.718211761822374561e-02
5.811946672876840830e-02 -4.387958106588180779e-02
6.010653935940440951e-02 -4.182664445909241996e-02
6.182389105562420550e-02 -3.734358886897218982e-02
6.481844803480926731e-02 -3.669796478571703963e-02
6.979129776597296775e-02 -3.668519191677502289e-02
7.347034087522139045e-02 -3.632576821127575517e-02
7.617806653450885646e-02 -3.768118262408455543e-02
8.010711098230119398e-02 -3.351511754012988925e-02
8.451607664163526823e-02 -3.274978092920819567e-02
8.794836645441676815e-02 -2.904991140620602486e-02
9.250829790869745384e-02 -2.723137706470069724e-02
9.556406279098565715e-02 -2.428367242605556156e-02
9.372863177493120923e-02 -2.377876885452907471e-02
8.659465766100725437e-02 -2.799603324943772745e-02
8.201973970202162956e-02 -2.973181154679026619e-02
7.691770797786201541e-02 -3.252058763083123111e-02
7.208781076777670549e-02 -3.247324104096475927e-02
6.814471882988959450e-02 -3.448765581403825942e-02
5.862044056109026041e-02 -3.419740864879237952e-02
5.999147702729541731e-02 -3.025585452703324907e-02
5.890347780443064979e-02 -2.397347156836663815e-02
6.339616150266419448e-02 -2.112420827835068821e-02
6.254692528253463779e-02 -1.917530350130116149e-02
5.911018394714780133e-02 -1.615690312063670225e-02
6.414028073175387368e-02 -6.183416750588189431e-03
6.903194437551664342e-02 -2.800183753622171104e-03
7.230676643170484696e-02 2.050784691605304216e-03
6.981634641925714424e-02 1.547882075077211799e-03
6.423429809185186856e-02 1.971735221850182389e-03
6.172175867091086315e-02 2.439332936283239092e-03
5.801973415667607825e-02 1.169600770198697161e-03
5.583729371738524461e-02 -3.716533414052408299e-04
5.044177467544713744e-02 -3.333342219065120200e-03
4.604337153228681839e-02 2.536798282353422158e-03
4.627932538073595281e-02 8.495089971689975816e-03
4.493342531074976526e-02 1.016586628938215796e-02
4.360081989310630318e-02 7.992264373278988240e-03
4.303304307002089879e-02 2.812069268865912872e-04
3.734437692339663550e-02 -2.101057450214136729e-03
3.872612205246539485e-02 -7.646307936889606451e-03
3.818211161274228521e-02 -1.275433360633226529e-02
3.487099512563818227e-02 -1.467124604538673840e-02
2.985962356075859761e-02 -1.664003822157986145e-02
2.539096944086256108e-02 -1.632201791564995286e-02
2.049504045135255512e-02 -1.261081466513517060e-02
1.561283711243180265e-02 -1.180358525264253028e-02
1.235396810963284436e-02 -1.466845222246804074e-02
1.082597650974774853e-02 -1.633038541042283395e-02
1.354864379624691646e-02 -1.795664594911608805e-02
1.019252188736706477e-02 -1.962526727557566478e-02
4.685085274148662396e-03 -2.055563093857582999e-02
1.060181445462763349e-03 -1.772523901497620805e-02
1.809263082623861394e-04 -1.561079916948456860e-02
-1.901598217351313383e-03 -1.251778707463324473e-02
-1.890940309473646171e-03 -5.694210720073981241e-03
1.173604451471909086e-03 -6.071826032631180096e-05
7.780015428388548093e-03 2.163130185083605647e-03
