1.064422943611651037e-03 -5.401298727211186791e-03
3.255457429076026241e-04 -9.831274517759338097e-03
-2.468731666336631755e-03 -1.257566114741636223e-02
-1.134128837728152171e-02 -7.845601496065578162e-03
-1.589010997865454231e-02 -8.232972064425933198e-03
-7.905196983911235223e-03 -1.481724276012037593e-02
-3.702420068116981343e-03 -1.888768322373335709e-02
-4.753468394155546152e-03 -2.270673529713435751e-02
-6.242440535080159142e-03 -2.749144527665804000e-02
-9.261651183222472869e-03 -2.910460050010784186e-02
-1.466870303530098084e-02 -2.454475694277293701e-02
-1.598719779876954863e-02 -1.940702228135823132e-02
-1.944690615630889630e-02 -1.813547737092016318e-02
-1.841443233383350045e-02 -1.390792807896430901e-02
-2.020012293879247176e-02 -1.383397261251996524e-02
-2.520465540953892303e-02 -1.690337233079959242e-02
-2.714591137818500241e-02 -1.488307838456290506e-02
-2.784748419046445891e-02 -1.742671480213056276e-02
-2.676050661629678085e-02 -2.040967841140878952e-02
-2.612866600915301346e-02 -2.303739692530614933e-02
-2.184609857964385851e-02 -2.719274150596668466e-02
-2.686108709724889521e-02 -3.224452632701158700e-02
-3.120983756376181223e-02 -3.172848542925622850e-02
-3.111494176707126774e-02 -3.384348719410197603e-02
-2.754260208159626383e-02 -3.446331666349315009e-02
-2.299587474828836131e-02 -3.583545082546424343e-02
-2.452717346072391669e-02 -3.987835568926264423e-02
-2.372642508315044724e-02 -4.196413181315744589e-02
-1.745214998035723650e-02 -4.148540963218592947e-02
-2.101338582170384980e-02 -4.869440580069643587e-02
-2.229882124017287109e-02 -4.606059477685347375e-02
-2.475031361200106389e-02 -4.728774441636026532e-02
-2.962915387479225088e-02 -4.580864696618756893e-02
-3.357795687962526754e-02 -4.522827034441265215e-02
-3.371117054299543198e-02 -4.635975368975331357e-02
-3.490590669415037650e-02 -4.935993195576623971e-02
-3.411222324448609511e-02 -5.162741428338277205e-02
-3.902802588738261969e-02 -5.641507260898357551e-02
-4.245895500983532661e-02 -5.618338057243629780e-02
-4.393419334085101047e-02 -5.997787366286561062e-02
-4.699641646769232156e-02 -5.986423650861173729e-02
-4.660699666585976092e-02 -6.064241862939092481e-02
-4.597613496532894362e-02 -6.375903732385108935e-02
-4.142070781920979133e-02 -6.544553842110951980e-02
-3.653503413658697185e-02 -6.542396404822695133e-02
-3.513687732099647631e-02 -7.142832913154779917e-02
-3.846031413395460674e-02 -7.359203451376676586e-02
-3.890652626873910419e-02 -7.583091076117309814e-02
-3.487213474426730658e-02 -7.635567340739245201e-02
-3.360705165775208780e-02 -7.982740723104364555e-02
-3.177023525497840034e-02 -7.816471756468514054e-02
-3.020797660319730904e-02 -7.253092123696326665e-02
-2.133529371259096363e-02 -6.477063685545488003e-02
-1.971248518482537904e-02 -7.049773248737242759e-02
-1.811172837445670925e-02 -7.743790939432572407e-02
-1.488962172291763940e-02 -7.720829999960532319e-02
-1.217226642885557882e-02 -7.771629057418914799e-02
-9.335888818589070312e-03 -8.024906327275052598e-02
-7.677325855704031539e-03 -8.176169606137660695e-02
-8.542258243227572254e-03 -8.828130825826398242e-02
-4.857065843380774760e-03 -8.563566758610054175e-02
-2.723694163344131652e-03 -8.270869588339969936e-02
2.520926847921472775e-03 -8.289016045740246752e-02
4.881045224138188567e-04 -8.857329826589904753e-02
-1.902969256443473459e-03 -9.119518536551787791e-02
-7.052846372861109811e-03 -9.294964613064658765e-02
-1.072293649892593938e-02 -9.570376300297009364e-02
-1.103083133511267681e-02 -1.004896602982441184e-01
-9.075672034673231206e-03 -9.890597670571840694e-02
-4.735870850400388660e-03 -1.016318621371709446e-01
-3.526062200826111763e-03 -1.065160654727236034e-01
-4.557512082095651132e-03 -1.122658493343790392e-01
-6.538757219871759764e-03 -1.139567422050794809e-01
-8.803018291732739656e-03 -1.166138474183040230e-01
-1.032767654647066997e-02 -1.208090383781423305e-01
-9.756778416001881185e-03 -1.251688289155047651e-01
-1.169831077378206269e-02 -1.275943539434842289e-01
-1.394989688989147110e-02 -1.296605932674936845e-01
-1.217748569573090522e-02 -1.303907872656772660e-01
-8.685219555290625212e-03 -1.285564010365913001e-01
-4.414458487388717503e-03 -1.209260011856968103e-01
-1.332167564510251465e-03 -1.168715932348938086e-01
2.829527953878714381e-03 -1.113327891081613147e-01
9.040236666840518673e-03 -1.086462456723673309e-01
1.235527180400115832e-02 -1.105486057441464609e-01
1.575909249897184533e-02 -1.025501638691759254e-01
1.837662652462853513e-02 -1.091524082463787432e-01
1.567954226391539418e-02 -1.145320543112961637e-01
2.138457586902153817e-02 -1.190158660954728775e-01
2.028611846032576937e-02 -1.242689723630723969e-01
2.020233982637178669e-02 -1.270108786468599205e-01
2.036927680627682521e-02 -1.293683141943156034e-01
2.330134898147522005e-02 -1.254826494761104028e-01
2.542496199454326658e-02 -1.226406618380015134e-01
2.798384362938146144e-02 -1.217082176930688736e-01
2.751972231362963608e-02 -1.177084833571520051e-01
3.077746506033659374e-02 -1.179788577438399683e-01
3.291974763020613648e-02 -1.176460373128252884e-01
3.154451055243108482e-02 -1.156148962578730927e-01
3.020608943181711178e-02 -1.119419028203240407e-01
2.720633563601574517e-02 -1.104131743694074658e-01
2.553709044355653365e-02 -1.065920215392919673e-01
2.510421858711945481e-02 -1.024099185327148748e-01
2.557677997107594622e-02 -9.753959160925029792e-02
3.028876436479391657e-02 -9.876195342940562172e-02
3.156614946009142497e-02 -1.030271596256994576e-01
3.216824552663268000e-02 -1.061542355303056184e-01
3.393115798620430223e-02 -1.073275824310021415e-01
3.967709285034412559e-02 -1.133760998044748003e-01
3.966299640288040163e-02 -1.108571159185203214e-01
4.148474394022678979e-02 -1.062035537586038109e-01
4.651278167737644270e-02 -1.089636348670530164e-01
4.759245632690801281e-02 -1.117701278488857780e-01
5.111216015826718778e-02 -1.079552938992045519e-01
5.352528947528650827e-02 -1.001875752758097510e-01
5.901633335450891249e-02 -9.939173591319665213e-02
5.818099228892154723e-02 -9.544584421309407207e-02
5.071743799768579225e-02 -9.632535781211609693e-02
4.417621952415803910e-02 -9.441795875918675141e-02
4.593062861250810786e-02 -9.074157056969625601e-02
5.032426080635699767e-02 -8.894514470732399480e-02
4.644225178222394917e-02 -8.369930297195339597e-02
4.199102106766139375e-02 -7.948328882429629705e-02
4.426541375346027679e-02 -7.535686128462212863e-02
4.125931550857985658e-02 -7.412358074276255426e-02
4.402767694368129453e-02 -6.782230272867649512e-02
4.973701874169302040e-02 -7.385972850805735956e-02
5.342613989882673275e-02 -7.511282888112209843e-02
5.469233834679411432e-02 -7.731395815500466395e-02
5.915521644291035080e-02 -7.452336273573952063e-02
6.254573691007400682e-02 -7.687863437700019620e-02
6.612738387260076733e-02 -7.966907958679268764e-02
6.415687117081736446e-02 -7.493176838051171518e-02
6.842583761226475603e-02 -7.440211637305320369e-02
6.666290205375297040e-02 -7.121762672884807133e-02
6.595695940368424826e-02 -6.722458286927426863e-02
6.930718059715643142e-02 -6.506741790746205234e-02
6.678100332169976949e-02 -6.604494686350609323e-02
6.266002127203608441e-02 -6.405355562989650808e-02
5.848652951368128738e-02 -6.173933564491525250e-02
5.183036904176915177e-02 -6.293531195188657723e-02
4.923613071009086406e-02 -6.084357478883284376e-02
5.233227359505675941e-02 -5.991076268098344260e-02
5.543865762909448019e-02 -5.864853138271017285e-02
5.797792934646173874e-02 -5.866774374967480971e-02
6.031886921141602770e-02 -5.537202402596337614e-02
7.005967596993882551e-02 -5.073145461253340815e-02
6.918559604691598697e-02 -4.748363008657442708e-02
6.470118479174495618e-02 -5.133243682221934334e-02
5.519969093867686111e-02 -5.316627375249279031e-02
5.706971596505170524e-02 -4.352830643435547792e-02
5.977469613274587201e-02 -4.114214665451108865e-02
5.326417631512349316e-02 -4.410079591973026930e-02
4.946464289248347218e-02 -5.266684954507468847e-02
4.672015985852761427e-02 -5.458701076728407486e-02
4.438280373334731188e-02 -5.547943368579255630e-02
4.041284584179075795e-02 -5.160099059361855645e-02
4.215598485581061733e-02 -4.865338653683776854e-02
4.565413393377170531e-02 -4.484643188384678653e-02
4.846028737698982597e-02 -4.226869920277497722e-02
5.090789602612398601e-02 -3.915394326830239080e-02
4.863320219411765982e-02 -3.697831697105297827e-02
5.100125183761446135e-02 -3.509762253886637012e-02
5.569937778059562417e-02 -3.415917730423442128e-02
5.954980414191232696e-02 -2.935262154674659826e-02
6.157462616289388624e-02 -2.539041414897787174e-02
6.130575306192612844e-02 -2.407163650772583055e-02
5.588659231673569205e-02 -2.484128200246516968e-02
5.109669179552864954e-02 -2.534907675925764797e-02
4.985785908418199908e-02 -2.107797251974907055e-02
5.739042510172330525e-02 -1.491336228392676176e-02
5.564401979735499049e-02 -1.398640982688491990e-02
4.717262910956308147e-02 -1.779802116975010354e-02
4.206688331275230258e-02 -1.712625952700937496e-02
4.415944782188584161e-02 -1.281370457611826115e-02
4.540226351588269593e-02 -8.403678582965104504e-03
4.230821339438507744e-02 -6.616175236663991537e-03
4.105598524845670977e-02 -2.822195181035199851e-03
4.069607697455226297e-02 7.351206736053979372e-04
3.998997608752793281e-02 -3.829467173084906677e-03
3.985064148991004224e-02 -6.575342111163378495e-03
3.892394097200164993e-02 -8.679894317799922293e-03
3.629432628976205638e-02 -1.527260156800661420e-02
3.251575482594828287e-02 -1.218750088228542222e-02
3.172631410354079251e-02 -1.042331651667595914e-02
2.517530737545489380e-02 -7.550547572996282701e-03
2.280589923619012055e-02 -4.489349891957668433e-03
2.109592246011800926e-02 -4.265650166690254652e-03
2.026295734285509312e-02 -7.744673937678808393e-03
1.668366574406052530e-02 -5.564043572230681529e-03
1.770394709288756335e-02 -1.682925043657980055e-03
1.637364689868278655e-02 -3.283172298681812790e-03
1.313838049312064833e-02 -9.241643681008507305e-03
1.309637399427621487e-02 -1.288026296132246083e-02
1.053732898489353510e-02 -1.651601898069256918e-02
5.881191579405523583e-03 -1.765902202332862020e-02
3.820329270564063687e-03 -1.271849987857326912e-02
2.585696721585906219e-03 -9.821917222062135494e-03
1.948705469762804622e-03 -5.347780524317587506e-03
