-3.526345653784713607e-04 -5.668657106774995652e-03
8.656439282740457713e-04 -7.880818897050403948e-03
5.903598765190234228e-04 -1.114712102654056083e-02
3.268187995144241839e-03 -1.626777828427712277e-02
3.661803915974818496e-03 -1.934250855472936445e-02
6.394179779486668623e-03 -2.358460492141447457e-02
6.429844494215393967e-03 -2.730469744830917034e-02
1.176622804586302529e-02 -3.621535344485688618e-02
1.243711514189753571e-02 -4.152123210457859398e-02
1.556569723533666322e-02 -4.996471809283127563e-02
1.533658111349541116e-02 -5.353794950589922663e-02
1.904760786632389916e-02 -6.163367466496749714e-02
2.023750291853256694e-02 -7.064641078476625868e-02
2.050966903348589929e-02 -7.616395170998056796e-02
2.133195839768984095e-02 -8.248428225051090967e-02
2.141726636291414396e-02 -8.623190948556729019e-02
2.297650911520437642e-02 -9.512499383335236425e-02
2.269774974286755190e-02 -9.867069053825862357e-02
2.275288218905269222e-02 -1.013412736618019006e-01
2.415026595323109190e-02 -1.047130836880754562e-01
2.542795571092459905e-02 -1.130604456576511929e-01
2.424813555426070730e-02 -1.186597954773860736e-01
2.385352509684061928e-02 -1.221412351929506424e-01
1.805465102481193865e-02 -1.355222939702491469e-01
2.178470661110567391e-02 -1.392141268043822211e-01
2.091872584020882525e-02 -1.414387284315108129e-01
2.328686607196478464e-02 -1.452840546623607176e-01
2.317360103520679088e-02 -1.489215430647704008e-01
2.082628872258646124e-02 -1.513199135781176929e-01
2.097008666216372552e-02 -1.572639177665095256e-01
2.185117883898822499e-02 -1.635952689328901977e-01
2.729669015207390748e-02 -1.681736666049182261e-01
2.421877064764862628e-02 -1.692363283016417030e-01
2.047109291081146420e-02 -1.693216082559726721e-01
1.467432570437580096e-02 -1.697851386560292886e-01
1.183499598141884990e-02 -1.676476555560695580e-01
1.314133277627755128e-02 -1.695840158839246326e-01
1.844636545002074565e-02 -1.810091165356499110e-01
1.962152897096927293e-02 -1.899704268539018637e-01
2.248500912226124651e-02 -1.951074804015357766e-01
1.549205222092317480e-02 -1.987810051260321398e-01
1.913877869813193286e-02 -1.988777335895913490e-01
1.881008998869080143e-02 -2.020062443858591239e-01
1.772047402433268165e-02 -2.051021981871601618e-01
1.489321527817461313e-02 -2.072344316827964272e-01
1.437273165294858206e-02 -2.120742609305361903e-01
1.509785791637355962e-02 -2.161118489860554825e-01
1.667161635867971808e-02 -2.193217577897460246e-01
1.488691637470945621e-02 -2.220322481676709203e-01
1.449230591728935258e-02 -2.255136878832355030e-01
1.413567862066378127e-02 -2.281073791347302537e-01
1.722771820339184454e-02 -2.261220067529207400e-01
1.832920583792379404e-02 -2.322510235101285514e-01
1.485425812194788794e-02 -2.332882191363503666e-01
1.288103522961136019e-02 -2.344658736583308811e-01
1.288359326704327512e-02 -2.381676695518630260e-01
1.292810470562939969e-02 -2.440566043239314753e-01
9.744524493038267399e-03 -2.438272021154814506e-01
6.702128160805790463e-03 -2.458401092054526560e-01
8.516204173079307271e-03 -2.483826650027808058e-01
1.069429702113319954e-02 -2.511271233193657637e-01
1.031803369885642835e-02 -2.545754843685268387e-01
1.247780190265439584e-02 -2.573530998641893608e-01
1.208319144523430609e-02 -2.608345395797539434e-01
1.030908571720421003e-02 -2.629016858371155951e-01
1.376350813527239640e-02 -2.667002999757275838e-01
1.769963152703616857e-02 -2.707228353944096111e-01
1.498047098675821254e-02 -2.723090604252277891e-01
1.542726024121839241e-02 -2.725568727986829032e-01
1.798172994319154061e-02 -2.746228677015344899e-01
2.101268202696719364e-02 -2.774292787849731989e-01
1.919947254182949661e-02 -2.814006042433526145e-01
2.052705961919583724e-02 -2.822451889284344761e-01
2.104913475615763710e-02 -2.876632750584628972e-01
1.903829204307493778e-02 -2.875433497279214490e-01
2.222805141698713099e-02 -2.913899143474984466e-01
2.606100910815524127e-02 -2.950523121300046570e-01
2.509732934146486835e-02 -2.995597460236648635e-01
2.561787599655267894e-02 -2.974897864004595327e-01
2.928289910712399829e-02 -2.975534081867219904e-01
3.203879019589156441e-02 -3.012459029755932272e-01
3.659732452475001480e-02 -3.016103659248675073e-01
3.857348684265375638e-02 -3.047188915790135511e-01
4.997501750657110803e-02 -3.025385185128269261e-01
5.340138780581229344e-02 -3.030324154712381590e-01
5.907004491258729256e-02 -3.033850500366166436e-01
5.905606637682043331e-02 -3.070776078553496546e-01
6.191559603133649226e-02 -3.037947959043196255e-01
6.705187809912786789e-02 -3.051072673149868297e-01
7.062510951219580502e-02 -3.053363834368281182e-01
7.795492014851049256e-02 -3.050740038197694570e-01
8.234796014179011914e-02 -3.053466750715403411e-01
8.606805266868479409e-02 -3.053110103568116296e-01
8.746213366724757410e-02 -3.065819685235503522e-01
8.927922235198980372e-02 -3.029157112850233702e-01
9.556575750882634335e-02 -3.036759683178926195e-01
9.857499666198124566e-02 -3.016447365836654737e-01
9.939988229155015398e-02 -2.984019496794310666e-01
1.007543071033715903e-01 -2.954528064901760231e-01
1.033178858656890048e-01 -2.975022592998228799e-01
1.079309454485466585e-01 -2.969880828453716481e-01
1.103409397733920855e-01 -2.949058011777270782e-01
1.090021512478996368e-01 -2.911553380859396301e-01
1.135588162457231431e-01 -2.862171621112459818e-01
1.146484322100812525e-01 -2.831212083099449717e-01
1.142641638891542105e-01 -2.748798254068086089e-01
1.154530663545034752e-01 -2.718389410218309266e-01
1.199339600765915725e-01 -2.662960940530001430e-01
1.218522045933598530e-01 -2.679875451547643617e-01
1.219504520122489943e-01 -2.639089797503311186e-01
1.238317346564711541e-01 -2.573570018021864025e-01
1.272189929312951828e-01 -2.544101503073383230e-01
1.277853583998262155e-01 -2.494875991426995232e-01
1.285061077965651000e-01 -2.445207803916122080e-01
1.316311980348032762e-01 -2.425538056467267389e-01
1.315458900695789524e-01 -2.388061784116703723e-01
1.314606101152480111e-01 -2.350585006748332206e-01
1.317393694875848287e-01 -2.315128039699269613e-01
1.339697018514992566e-01 -2.247216795499087927e-01
1.352821507712790583e-01 -2.195853189694433050e-01
1.370337440779525184e-01 -2.168565319581558237e-01
1.423155188045818476e-01 -2.052660887304273152e-01
1.456380026793988591e-01 -1.990807278899661137e-01
1.467276971564311083e-01 -1.959847515977776733e-01
1.505742617760080782e-01 -1.927949922238654801e-01
1.544503399598861071e-01 -1.897081124639402316e-01
1.578890240362569031e-01 -1.867465294378319873e-01
1.605081998426026724e-01 -1.787861933406679482e-01
1.584243081788730967e-01 -1.740382188202933555e-01
1.595096185737165384e-01 -1.700526554911971910e-01
1.620401466805238277e-01 -1.720837106639200031e-01
1.594581927721697157e-01 -1.700673870224573281e-01
1.576585496764665584e-01 -1.644167642125580753e-01
1.632239555618966442e-01 -1.616393130045521709e-01
1.632166010417103186e-01 -1.616136393601158572e-01
1.598277327708012563e-01 -1.622225106594348265e-01
1.586104290701544628e-01 -1.587991570392004725e-01
1.585582277822270014e-01 -1.550698264375066637e-01
1.606076805918738859e-01 -1.525062476751892493e-01
1.622899946224005963e-01 -1.506045957534064283e-01
1.600250468428991713e-01 -1.445443996307703982e-01
1.595492026657129303e-01 -1.422031124088542209e-01
1.588356186995750208e-01 -1.388859959307746361e-01
1.571756280008196061e-01 -1.331396797328800174e-01
1.545202070392180382e-01 -1.312556932479186089e-01
1.549148174966381297e-01 -1.277742535323540540e-01
1.552425034021801820e-01 -1.258569850678259716e-01
1.520325945984896676e-01 -1.274307435101321440e-01
1.500472222166801262e-01 -1.243387039274040790e-01
1.481353168881180959e-01 -1.211143271881747752e-01
1.471111600236258143e-01 -1.179279336097399794e-01
1.467766960318863390e-01 -1.180237447901493347e-01
1.437488153896697707e-01 -1.143534763360259665e-01
1.409125571082719131e-01 -1.113521358653815768e-01
1.383120877705797114e-01 -1.091740512846372940e-01
1.346077843413964192e-01 -1.054748414394304362e-01
1.258103220844353221e-01 -9.905893930985687490e-02
1.227143682831343119e-01 -9.796932334549876553e-02
1.191644207712655446e-01 -9.422589641562412188e-02
1.160775410113402961e-01 -9.034981823174610682e-02
1.119525215903844906e-01 -8.955499032880236132e-02
1.081195863901038140e-01 -8.589267105897029075e-02
1.049812808286317706e-01 -8.203132440635239886e-02
1.026225357438287772e-01 -7.855910728277461230e-02
9.901258204958081344e-02 -7.839619899552105475e-02
9.696300318021035258e-02 -7.542003850876961846e-02
9.321532544337321480e-02 -7.550531846310057360e-02
9.202377389983688871e-02 -7.207458783179244988e-02
9.013768375824707246e-02 -7.161270370602380864e-02
9.001746407378732884e-02 -6.788896756435254531e-02
8.741794277744202590e-02 -6.707469868161122784e-02
8.523984992938815619e-02 -6.433024036502631160e-02
8.321780576817937314e-02 -6.130443662777929764e-02
8.081019718003294716e-02 -5.897366088835773179e-02
7.764866247991392134e-02 -5.605156701403055802e-02
7.321777134183163338e-02 -5.151660667951819816e-02
6.938481365066352657e-02 -4.785420889701200164e-02
6.692666427245541616e-02 -4.413211076231911972e-02
6.337378560232899416e-02 -4.144743131059500790e-02
6.343740738859141026e-02 -3.778240820002366773e-02
6.029657454788444476e-02 -3.556427182082488869e-02
5.663755403712984055e-02 -3.357804518572726077e-02
5.466139171922607121e-02 -3.046951953158121007e-02
5.235033903967267754e-02 -2.687226374990182506e-02
4.892568826162090739e-02 -2.356623092753436233e-02
4.389954502647626378e-02 -2.205518651488481974e-02
4.193257028159084326e-02 -1.893009627664666086e-02
3.687122097329241510e-02 -1.170836410262830057e-02
3.282975797893998571e-02 -9.553336105564790362e-03
2.948564268771329544e-02 -5.750988570655587301e-03
2.565270748743261539e-02 -2.088669300823507626e-03
2.123230534095752950e-02 5.146051354027642065e-04
1.871836982913569966e-02 2.536523236887976412e-03
1.592426826205520923e-02 3.859650969957842837e-04
1.485000950549242305e-02 1.609298149118133531e-03
1.215307529996233551e-02 -2.489164351490489148e-04
4.896473641179713635e-03 1.074280655116758422e-05
1.817551332855320279e-03 -2.263161221912046977e-03
2.661875194918136931e-04 4.799184226443882592e-04
