-4.149669716667692999e-04 -4.844528753198071476e-03
-5.620338081753466089e-04 -7.571374786447709546e-03
-1.010603877325072725e-03 -1.009653187646939766e-02
-1.968450323831383211e-03 -1.324576302906610957e-02
-4.787728986434456463e-03 -1.471363464959114971e-02
-8.034036006054222703e-03 -1.846841099933038341e-02
-8.098007184462782670e-03 -2.584459263372619955e-02
-5.551304286725057720e-03 -2.959213650338247265e-02
4.262664898061412772e-03 -3.188376710802602598e-02
2.537196906049884668e-03 -3.844730046873605367e-02
5.027302001116189592e-03 -3.754023985267946478e-02
1.445256378962605365e-02 -3.773436737121509121e-02
1.845065149431217646e-02 -3.762914084170550927e-02
2.253094680780895476e-02 -3.918675299832680148e-02
3.429753373299110342e-02 -4.590813088042470375e-02
3.735278859860804296e-02 -4.951344491684874644e-02
3.852995096786608620e-02 -5.197752444198657645e-02
4.087137494563635592e-02 -5.489869586228103560e-02
4.371395304252678055e-02 -5.909678950678493720e-02
4.767357643094312369e-02 -5.990757311920905104e-02
4.456649450318390937e-02 -6.616721596895677737e-02
4.031122200206092854e-02 -6.830543148286555288e-02
3.690806700663982337e-02 -6.717775358353464399e-02
3.400036136205545484e-02 -6.757584246549638851e-02
3.034350861025600712e-02 -6.967788201452139452e-02
2.454235622157799682e-02 -6.804885631630076814e-02
1.814255399470399502e-02 -6.659369595085266880e-02
1.425042531969473829e-02 -6.667789537311644144e-02
1.215819921616288248e-02 -6.709308851706641263e-02
9.431377398423717098e-03 -6.694603787657661675e-02
5.939565332148879530e-03 -6.488626660657118017e-02
1.147711457846978906e-03 -6.820451806917236792e-02
5.925786822487128479e-03 -7.057334579802580776e-02
1.231248643231865059e-02 -7.369650277799878746e-02
1.670213891669699094e-02 -7.376130539814869380e-02
2.498960062885751884e-02 -7.349304784293284043e-02
3.172089098385980077e-02 -7.634135673099892716e-02
3.547506598804958666e-02 -8.000070370754634730e-02
3.939678409367795842e-02 -8.492055673252661696e-02
3.480874012194360573e-02 -9.356613158775495265e-02
3.075567926694519269e-02 -9.505862037078298410e-02
2.888353981745594989e-02 -9.699920094133920867e-02
2.508086333177607721e-02 -1.010019985902668310e-01
2.000075401942591480e-02 -1.023129234797297143e-01
1.058818327290888921e-02 -1.078006223855831058e-01
8.954946039315216100e-03 -1.093496845840977727e-01
1.277070911769310688e-02 -1.107533264472545798e-01
1.662006309996156422e-02 -1.109391259200289553e-01
1.877374822495165782e-02 -1.119431554566817505e-01
2.498493983161203039e-02 -1.120318587635118490e-01
3.237471439390940398e-02 -1.100836582601768809e-01
3.481724420206142728e-02 -1.162192247898648639e-01
3.798751865792270727e-02 -1.172830060505375555e-01
4.069527679225804634e-02 -1.160161978121805604e-01
3.965116046738199201e-02 -1.131128267595776921e-01
3.809034561504266725e-02 -1.087154596754233149e-01
4.291003119780937430e-02 -1.044970430342297557e-01
4.593230042899389132e-02 -1.053699737543237619e-01
4.938813422721986812e-02 -1.066936843381378341e-01
5.167411685744126293e-02 -1.112774563361990376e-01
5.010270180397344980e-02 -1.139704027340328329e-01
4.800366307973086971e-02 -1.153916796747228163e-01
4.541667990031356128e-02 -1.244109281057065447e-01
4.175878991924796002e-02 -1.272013500241710449e-01
4.184824210857734234e-02 -1.311199482508348946e-01
4.445461391358144360e-02 -1.303825456062784605e-01
4.751956700126155203e-02 -1.275170798364635705e-01
5.179616331923751760e-02 -1.288155153831948840e-01
5.447705652288740985e-02 -1.349037587353069112e-01
5.412369775265566535e-02 -1.374926308846529666e-01
5.344593596910306860e-02 -1.410129465495855161e-01
5.248189436493658905e-02 -1.447552498457685688e-01
4.933752060037462084e-02 -1.511736717743202840e-01
4.822839177956031453e-02 -1.563348970390725790e-01
4.808134113907049090e-02 -1.590617188568117235e-01
4.740357935551790802e-02 -1.625820345217442731e-01
4.692325866387398597e-02 -1.650859909446780460e-01
4.641120763401816035e-02 -1.675686901714935895e-01
4.642657857567580176e-02 -1.749979380613900515e-01
4.781396390044163891e-02 -1.785213654141210859e-01
4.592617726296364250e-02 -1.803136199207200641e-01
4.458765084706500792e-02 -1.830704508494568339e-01
4.098251838997477720e-02 -1.859880364744319337e-01
3.829454843435781825e-02 -1.917240653178423904e-01
3.770159944053653317e-02 -1.951862718433164945e-01
4.197945907422471340e-02 -1.991958739217888352e-01
4.339549134585848206e-02 -2.012684309866215326e-01
4.415424593204812787e-02 -1.966997673488319331e-01
4.521824108557447042e-02 -1.933918277405923258e-01
4.710910709733111962e-02 -1.895344220374114430e-01
4.809726737661446094e-02 -1.873701406278820703e-01
4.941682494778084495e-02 -1.831306101460999647e-01
5.095103882901681064e-02 -1.769904285108420405e-01
5.056974130341735513e-02 -1.699365755097524411e-01
5.455811040128192430e-02 -1.656904624102949197e-01
5.417176197955245881e-02 -1.620096725627124534e-01
5.592268650946288777e-02 -1.561292850003950516e-01
5.673626907573387640e-02 -1.538482585993063978e-01
5.727212595359827685e-02 -1.496128609244073426e-01
5.802831577039647970e-02 -1.467651370927153254e-01
5.858519173601498681e-02 -1.426356580359638970e-01
6.230531547225610228e-02 -1.336392972779046340e-01
6.646372991579892198e-02 -1.290015951832444163e-01
6.878350514917218328e-02 -1.286926455849861095e-01
7.288411927061901052e-02 -1.273008308295671687e-01
7.620688280895250577e-02 -1.290638167448275031e-01
8.249578597303568184e-02 -1.267697905702207251e-01
8.728836434265212219e-02 -1.265069008338261802e-01
9.334602963757410166e-02 -1.265847818555080884e-01
9.692694457844949762e-02 -1.256952532871470629e-01
9.944148517816731037e-02 -1.261596966234121153e-01
1.029618008430998460e-01 -1.268374584069647260e-01
1.082840935380421227e-01 -1.264694491733245607e-01
1.107147556406138100e-01 -1.263724720615623243e-01
1.181059831959665879e-01 -1.269977567415713215e-01
1.181762606672017851e-01 -1.295713609790973830e-01
1.224723524567152833e-01 -1.284710868308496234e-01
1.302882736958852761e-01 -1.319299756946871738e-01
1.327709729227008195e-01 -1.324420267245429994e-01
1.366860841093061607e-01 -1.311558460712569096e-01
1.404722941661677715e-01 -1.310926657367472159e-01
1.441193578596588476e-01 -1.319930083990903946e-01
1.491704085569348082e-01 -1.324083124060564387e-01
1.498201409351876956e-01 -1.299258028565840883e-01
1.540331775639675882e-01 -1.277133910432478869e-01
1.496769020906261460e-01 -1.265684111850938487e-01
1.466448235880491724e-01 -1.251606082112799723e-01
1.437401185965729578e-01 -1.235624148746322926e-01
1.440365910456920806e-01 -1.200626985312382156e-01
1.475600183984231428e-01 -1.186753132064723854e-01
1.500825985254610195e-01 -1.173076090281609113e-01
1.479056341792676643e-01 -1.141748686915672051e-01
1.439896914650838355e-01 -1.089373142392864174e-01
1.441720745209608412e-01 -1.038223749228439491e-01
1.491979774118631641e-01 -1.033480273048405090e-01
1.524526287737390517e-01 -1.046290418385666110e-01
1.512892893427373042e-01 -1.000151537830809706e-01
1.456401194364970453e-01 -9.235506759179379355e-02
1.463019998476054462e-01 -8.528688906947871906e-02
1.490964232393414135e-01 -8.272288421291786042e-02
1.481056899995006337e-01 -7.953365310591674342e-02
1.404778527537389743e-01 -8.132263054872160279e-02
1.373762292947330321e-01 -8.039662547511756963e-02
1.324027711006977859e-01 -7.766741646489440376e-02
1.321661612386146045e-01 -7.300726667660943636e-02
1.295179409354454969e-01 -7.339515073647355503e-02
1.231872458807453385e-01 -7.533962609138585009e-02
1.181722601136627471e-01 -7.559160672345235921e-02
1.155448692209045530e-01 -7.622309074986116650e-02
1.131965459749179753e-01 -8.145129612313330159e-02
1.079683406016458402e-01 -7.910297287714673775e-02
1.056303088252624756e-01 -7.744737059500750309e-02
1.022005894395151826e-01 -7.639378613694072784e-02
9.930340135098010557e-02 -7.330761626467163783e-02
9.566084973322135088e-02 -6.937840564328690007e-02
9.288350221386248995e-02 -6.758974112074692120e-02
9.141647814526042415e-02 -6.421976143710142471e-02
9.895547264525154929e-02 -5.809913370294981366e-02
1.012830735130911958e-01 -5.609570174249326607e-02
9.946905931324200034e-02 -5.458386493172091153e-02
9.598058502121173396e-02 -5.385849545457756238e-02
9.362111037379335088e-02 -4.883506658997803507e-02
9.050020533610350637e-02 -5.017010605897474079e-02
8.815179125387172243e-02 -5.192991383737613487e-02
8.154643778460786419e-02 -5.339211709872062478e-02
8.047739573737786034e-02 -5.653588159139806557e-02
7.529474381224822432e-02 -5.913341892228075880e-02
7.049752211912503619e-02 -5.895678704233784512e-02
6.520377343436969952e-02 -5.794277877003346094e-02
6.330021638062020839e-02 -5.611835804882534667e-02
6.187893943993023199e-02 -5.401931932458278740e-02
5.933255746731016383e-02 -5.360248368190849433e-02
5.425068643037932181e-02 -5.254642921460421501e-02
5.125684215519966946e-02 -5.036030546674541419e-02
4.798064908119075572e-02 -4.931754329382680158e-02
4.651153836046396928e-02 -4.378711429550146556e-02
5.000529363749668665e-02 -4.100173125124891016e-02
4.934522518937171226e-02 -3.975636588392695431e-02
4.547463822649549375e-02 -3.960231294538324454e-02
4.299193899967995031e-02 -3.909026191552741891e-02
3.719725008865813060e-02 -3.666166626663532047e-02
3.367693442372559492e-02 -3.598390448308273065e-02
3.045657824797072533e-02 -3.300315482009279211e-02
2.462347745412645991e-02 -2.795336343610264895e-02
2.206996193567802717e-02 -2.521190336318637412e-02
1.914404015961281014e-02 -2.364543234525888493e-02
1.688424673913189664e-02 -2.280010324475723743e-02
1.466687886833727833e-02 -2.189128909528596095e-02
1.086222659354873533e-02 -1.659036062872590658e-02
1.009489348064754495e-02 -1.272369658962493010e-02
1.418004190760228933e-02 -7.508680574057484056e-03
1.638658349082235816e-02 -1.210825930433642554e-02
1.907826657294392839e-02 -1.096850782606321149e-02
1.892801732499962974e-02 -5.217634932631366740e-03
1.850384626556138973e-02 -2.039859769847715727e-03
1.716747294352847716e-02 1.861489738164267963e-04
1.516612763519665369e-02 3.533005269762304161e-04
7.903183746537020826e-03 1.788573872608005067e-03
3.319684070898227656e-03 3.246327318541004578e-03
