1.535220594479268013e-03 -9.806020320628232225e-04
2.155211637136728552e-03 -3.441804296007586628e-03
3.662127900591870874e-03 -4.468198498101588235e-03
4.402007614335813439e-03 -6.940217254063424206e-03
7.457053435490081442e-03 -8.670303622457010279e-03
9.879134876393644640e-03 -8.215993420917210369e-03
1.146635646330790119e-02 -8.754051330198860115e-03
1.374803033972600043e-02 -5.881758248682860714e-03
1.830131413329610587e-02 -4.983141472727607019e-03
1.979657224601538007e-02 -6.540238689331320625e-03
2.063190901293240551e-02 -1.099112165082199825e-02
1.994900817194817169e-02 -1.271028820977139137e-02
2.132000343283033464e-02 -1.528764192773423604e-02
2.512885103773860110e-02 -1.808491686095470632e-02
2.431563536821808660e-02 -2.209696604558124278e-02
1.933551928807979506e-02 -2.933493461706866007e-02
1.721770621349293789e-02 -3.016724032959375301e-02
1.384724191562203277e-02 -3.193403136664534070e-02
5.828139216967342939e-03 -3.494140484322250800e-02
2.322302165145327581e-03 -3.856543603111579205e-02
-2.578183412776877733e-03 -3.848993521723529515e-02
-6.099813768590729192e-03 -3.492081815637505110e-02
-7.407600142103597414e-03 -3.128553460900467681e-02
-8.747086646823601028e-03 -3.121703876049702203e-02
-1.120343867141475672e-02 -3.263121426541176762e-02
-1.465890360906844068e-02 -3.395524866900010569e-02
-1.499833988276897366e-02 -3.588671210754348223e-02
-1.401034595269815344e-02 -3.775264495490899402e-02
-1.287143257665637058e-02 -3.937430857358224096e-02
-1.424038089922848895e-02 -4.351747886179877650e-02
-1.746466127573802901e-02 -4.714679701083042407e-02
-1.923900978304117840e-02 -4.819139960294949177e-02
-2.462022298882881807e-02 -5.013939682347628990e-02
-3.057193932369246109e-02 -5.287393319241616430e-02
-3.088450330467016822e-02 -5.696334130179563082e-02
-3.084019883791772054e-02 -6.013416177641751209e-02
-3.095067426146236311e-02 -6.220714687008149779e-02
-3.122906757424748214e-02 -6.417640559869877692e-02
-3.129375082776094524e-02 -6.627769502338691499e-02
-3.218405172488582322e-02 -6.913453940570335465e-02
-3.258034348663180202e-02 -7.187471095653122366e-02
-3.043253708463763627e-02 -7.401451835901119714e-02
-2.770985337281682212e-02 -7.433671361970185798e-02
-2.381055898770062171e-02 -7.599793159529417974e-02
-2.146659028667613489e-02 -8.029480094728076722e-02
-2.238973206276945530e-02 -8.400680837839653858e-02
-2.256373432134952881e-02 -8.669451641220324301e-02
-2.417014714913854473e-02 -8.784292074729482813e-02
-2.555521012530076116e-02 -8.912807796593227860e-02
-2.765774361517731039e-02 -8.996982805340743294e-02
-2.944300979522473938e-02 -8.939376234336977867e-02
-3.172829176848272065e-02 -8.962675148710885775e-02
-3.348525361750601809e-02 -8.900489360704001707e-02
-3.579883992178811702e-02 -8.928367492081025480e-02
-3.878680540769455926e-02 -8.783764137063378163e-02
-4.090617857246128808e-02 -9.007185966941369526e-02
-4.331997397956752205e-02 -9.105877063625758550e-02
-4.449894889853957258e-02 -9.247131174141663690e-02
-4.680757044560628771e-02 -9.318567794237017643e-02
-4.794075319454715184e-02 -9.462652337855334550e-02
-4.524169502246826874e-02 -9.650580125348098837e-02
-4.268510809225155994e-02 -9.612407085900945281e-02
-4.106966789834887860e-02 -9.697488958923417002e-02
-3.150099432593381210e-02 -9.478824371953631367e-02
-2.926591996295057480e-02 -9.171833851041506780e-02
-2.432816047242495130e-02 -9.048778300977654288e-02
-1.816126418242755211e-02 -9.429956729221376788e-02
-1.585997001868186956e-02 -1.041606428257844524e-01
-1.674381526740574902e-02 -1.058295149820734499e-01
-1.576024443576743220e-02 -1.108255266152807367e-01
-1.893093600418599767e-02 -1.152896489533242613e-01
-2.622556003584661927e-02 -1.166983895182484993e-01
-3.090792898110611767e-02 -1.142050381325272201e-01
-3.558616845205524182e-02 -1.155960040381865117e-01
-3.711988802326417897e-02 -1.189306107910385740e-01
-3.636390592471476502e-02 -1.236804916827490691e-01
-3.704035218564794701e-02 -1.268909934978186271e-01
-3.062116774047049864e-02 -1.297827714443315072e-01
-2.418853920656068718e-02 -1.285057756095449311e-01
-2.146245884023212369e-02 -1.289249689580827252e-01
-1.520632763945704152e-02 -1.277287409713414312e-01
-1.343992141548366534e-02 -1.283353192666999432e-01
-1.079010666457118697e-02 -1.283487665433392377e-01
-8.181996937222379973e-03 -1.310578495347482220e-01
-6.059867483562245832e-03 -1.354918650958726323e-01
-2.063592603990378055e-03 -1.404091914170349786e-01
-9.835429424185297264e-04 -1.483550595546655193e-01
-1.921946512948503232e-03 -1.520576979887570124e-01
4.049668145968377225e-04 -1.563650781538791779e-01
3.780498973085017270e-03 -1.577131151117850960e-01
4.181007001527030711e-03 -1.558194003792159332e-01
5.244961082157609082e-03 -1.519307222442193295e-01
7.354631845542438512e-03 -1.471694488863938000e-01
7.775629776675129640e-03 -1.444233667478798944e-01
1.098847322252681329e-02 -1.421266334556225419e-01
1.584388824978582438e-02 -1.427016907260343082e-01
1.867357812971716380e-02 -1.454106003466971997e-01
2.401338666621584059e-02 -1.498609507302827160e-01
3.207245645722615890e-02 -1.527959235231949875e-01
3.690623850045101489e-02 -1.536107581357797069e-01
4.046801804590553775e-02 -1.547258036163644546e-01
4.247495010257120590e-02 -1.549431429646817293e-01
4.453856619921092719e-02 -1.550688801826630159e-01
4.651719392485248461e-02 -1.553320117010115187e-01
4.860911435251633050e-02 -1.554119567489616049e-01
5.021549838647927644e-02 -1.542635989979697642e-01
5.359100281949135541e-02 -1.529323750578278351e-01
5.743511632460375493e-02 -1.536417889843758600e-01
6.173209912610216205e-02 -1.536185281904250133e-01
6.452740922909094845e-02 -1.538062467556285950e-01
6.670424264982717510e-02 -1.537488152934851637e-01
7.064567345568502355e-02 -1.554783123506462139e-01
7.382772636281041689e-02 -1.559789240449283021e-01
7.566483243333134434e-02 -1.564710164134326675e-01
7.968902789919908580e-02 -1.558993570799038497e-01
9.012410908138802912e-02 -1.408941281794222899e-01
9.287306671096436095e-02 -1.338698097459722347e-01
9.345674341953109920e-02 -1.320893123374995426e-01
1.033684190346436937e-01 -1.294501297214486202e-01
1.113073777258259817e-01 -1.202752206576096494e-01
1.121531874483177593e-01 -1.161251321964059530e-01
1.214427550291438812e-01 -1.004645851665963013e-01
1.228749410329113556e-01 -9.526343846487252132e-02
1.244074330639733245e-01 -9.225506753507889401e-02
1.241615336917821916e-01 -8.966642253172818489e-02
1.249284078742996934e-01 -8.799909586325228850e-02
1.245046102580807806e-01 -8.559587437842279545e-02
1.287894089207771708e-01 -7.833946179134776422e-02
1.286217511946684822e-01 -7.541945510576174294e-02
1.294802097172483291e-01 -7.380873709933408189e-02
1.289648277609670435e-01 -7.134890695245633963e-02
1.363415850275873642e-01 -5.929494666772575084e-02
1.389501729502390648e-01 -5.847067215047303812e-02
1.427613232600187243e-01 -5.235604821647703300e-02
1.452301653163186324e-01 -5.174077936129460598e-02
1.459058588304756321e-01 -5.010149792906103128e-02
1.399083971237057300e-01 -4.651045766197661052e-02
1.373605164240296606e-01 -4.692924520211261968e-02
1.341013782892999107e-01 -4.527342870552045206e-02
1.292760287794671170e-01 -4.615150772945311036e-02
1.263943201168271080e-01 -4.388506685364557819e-02
1.251640537700286770e-01 -3.939056083648449780e-02
1.237515126648696118e-01 -3.821158591751244726e-02
1.225203612631595440e-01 -3.564682448033552192e-02
1.169446603663832490e-01 -3.367724759002688889e-02
1.070535481092124153e-01 -3.452535887532842684e-02
9.915691240633885128e-02 -2.791447962038431929e-02
9.834100377109133984e-02 -1.838082512217618578e-02
1.026011208019702303e-01 -1.229062499044807251e-02
1.047265736689122484e-01 -1.146304146539801026e-02
1.060887926459347930e-01 -1.016369989406180722e-02
1.084325613190870313e-01 -8.880420713270378505e-03
1.096192482204331187e-01 -5.953624974925714186e-03
1.103782258493958279e-01 -2.319514371074837041e-03
1.121795645692156979e-01 1.704085193721348790e-03
1.089083667316051579e-01 -1.284413938440204109e-03
1.049179037328878267e-01 -6.528693231746901526e-03
1.029756949239963304e-01 -7.469476290619800861e-03
1.014303072668490679e-01 -8.655600537859509808e-03
9.953389062798874420e-02 -9.624687927756538086e-03
9.794271080081030922e-02 -1.078250784397210421e-02
9.487494251029163217e-02 -1.374905604443337620e-02
9.052540514312955311e-02 -1.774823626010078523e-02
8.708159709097954004e-02 -1.796129475332344447e-02
8.508403403133814324e-02 -1.772869361056950144e-02
7.929948857445304200e-02 -1.526080007266118234e-02
7.433410744636051448e-02 -1.112628921686033105e-02
7.325180273236697737e-02 -9.413041258124726918e-03
7.158343756520692269e-02 -4.995791916639403564e-03
7.232702215994751826e-02 9.684709692351789077e-04
7.327140551715775885e-02 4.424758706984035540e-03
7.575401386611303745e-02 9.925942905961731080e-03
7.704168948821084328e-02 1.607082139884676714e-02
7.563837705941289791e-02 1.864703330069834505e-02
7.195555242439385935e-02 1.828632878875474307e-02
6.949920039980271580e-02 1.687215328383999749e-02
6.592387558488861654e-02 1.555898195636845269e-02
6.295527257390311215e-02 1.311128263404041233e-02
6.273186898010203738e-02 1.041187538688715698e-02
6.159458341397695130e-02 7.496778861889039254e-03
6.144527632123117367e-02 4.814859453742842237e-03
6.023389425405079045e-02 1.882275089737673116e-03
6.059297982293018053e-02 -2.622282403879676749e-03
6.017320943194447158e-02 -5.042128719335126942e-03
6.039855878332837935e-02 -7.322688505118063636e-03
5.903898371403738105e-02 -1.029024854713734075e-02
5.267766212818131982e-02 -1.233921881769911404e-02
4.891170114318350859e-02 -1.643533826832927619e-02
4.221487273006503671e-02 -1.871994073603692674e-02
3.969473584400660254e-02 -1.820650453733847762e-02
3.896152747725263599e-02 -1.592847095351842754e-02
3.485292600744147040e-02 -1.310410270437934593e-02
3.325993146558342550e-02 -8.343158494654591417e-03
2.341392428841614429e-02 -1.814290084594249444e-03
2.016753720285164794e-02 -1.759093533873723209e-03
1.424272450214426715e-02 1.744807695567910039e-03
1.151758571002950773e-02 1.414531310141685025e-03
8.445052049868187471e-03 3.218714179590573873e-03
1.054698533118126431e-03 1.552708433486320923e-03
