4.061686514823130748e-04 -2.691102611234225464e-03
3.064802375056748830e-03 -5.210553896741865372e-03
2.982893076590112207e-03 -1.001263272492277159e-02
-3.797586593636177472e-03 -9.388115336950903639e-03
-6.663802366016737672e-03 -1.012675195797471672e-02
-3.406827379819113953e-03 -1.245309615994739591e-02
8.637090459294673086e-04 -1.504225092013730322e-02
2.940975408123632298e-03 -1.700341772293059370e-02
9.986155273529733617e-03 -2.097886273081545419e-02
1.383271053219962098e-02 -2.351736749901220044e-02
1.351883099207139109e-02 -2.898542506436061969e-02
1.565190064963283348e-02 -3.073137955312885486e-02
1.602381240968589818e-02 -3.535479273861402705e-02
9.201365755451159506e-03 -3.794977127788076027e-02
4.578205944201612851e-03 -3.849214467183664778e-02
-6.965405934511342042e-04 -3.834696124544911128e-02
-3.701612588131379927e-03 -3.904959325947970211e-02
-8.233024674588473868e-03 -4.083828382853858102e-02
-1.297964907507062268e-02 -4.257117110223018058e-02
-1.689982014470416821e-02 -4.288833126729955231e-02
-2.190345453714948737e-02 -4.078334629030598568e-02
-2.263152933199539044e-02 -3.710483571296806921e-02
-2.656983833018056879e-02 -3.311999596208434204e-02
-2.867590178573122678e-02 -3.126988871334886871e-02
-3.041280370667181002e-02 -3.156785138956613723e-02
-2.772886691387890096e-02 -3.836149493572153790e-02
-2.731965541689468369e-02 -4.249817946404091384e-02
-3.160156863214771961e-02 -4.918234266844399849e-02
-3.453748707639869159e-02 -4.973250985853664569e-02
-3.674261409606895817e-02 -5.026468914096349910e-02
-2.438262594076063064e-02 -5.457351767252734132e-02
-2.405671473022160875e-02 -5.848854145350960293e-02
-2.673267411028373147e-02 -5.975070677726415647e-02
-2.951558462387845680e-02 -6.051094396507120110e-02
-3.446356537723460622e-02 -6.219162071315041673e-02
-4.172861301386771721e-02 -5.909272517389588947e-02
-4.527176071526949758e-02 -5.707005184810821918e-02
-4.881490841667127795e-02 -5.504737852232054890e-02
-5.133245238565556368e-02 -5.509847219764067022e-02
-5.153036747024683506e-02 -6.043357389494252024e-02
-4.798718838293864614e-02 -6.245630058076354768e-02
-4.874638449281785274e-02 -6.632706054073225777e-02
-5.271615882640160594e-02 -6.634980762355752182e-02
-5.057409076385772223e-02 -6.806105864999330290e-02
-4.841942053951304309e-02 -6.972370787997569930e-02
-4.432089922418148975e-02 -7.269058699591840478e-02
-4.066466446535652729e-02 -7.690608694150387337e-02
-4.019888562033971380e-02 -8.073880588881492126e-02
-3.722082375762869599e-02 -8.074046480344329590e-02
-3.294089651883969072e-02 -8.703662859954586217e-02
-3.245762656994705814e-02 -9.085909534252421815e-02
-2.791838833034084727e-02 -7.761050363584369449e-02
-2.540768809030285666e-02 -7.495701720092055875e-02
-2.059322307392752807e-02 -7.501993423664832239e-02
-1.574004559808587361e-02 -7.741932732354536717e-02
-1.642196397610315439e-02 -8.619277344721786027e-02
-2.079202115933028588e-02 -9.161672114239702291e-02
-1.645203254837067364e-02 -9.322366754278567369e-02
-9.766707233129178628e-03 -9.378647526641430143e-02
-8.740359337408923346e-03 -9.657172972275430978e-02
-5.966303222633636411e-03 -9.921738668106813708e-02
-2.762833891986331714e-03 -1.020929596707809139e-01
-7.496250668391270808e-04 -1.050155297051639375e-01
2.145234178529488217e-04 -1.077549906832972054e-01
4.701825634140785644e-03 -1.100224777573372281e-01
3.915857849506054929e-03 -1.153681708215293644e-01
2.135199898405373484e-03 -1.174922420741083551e-01
5.560338878688864464e-03 -1.194843164281303577e-01
7.715009103033540136e-03 -1.211469656581127541e-01
1.553159206952280623e-02 -1.238331849773870730e-01
2.074588771452319860e-02 -1.239256571444138089e-01
2.277933786898922452e-02 -1.293133182349965604e-01
2.355333435709484197e-02 -1.285285816410673687e-01
2.753930466461649088e-02 -1.288434547887755410e-01
2.964897187698551512e-02 -1.306796637033900699e-01
3.171183419896969613e-02 -1.326963814696971999e-01
3.478830033347471429e-02 -1.349759207812850637e-01
3.826379275573400796e-02 -1.381739134803673663e-01
3.516669308016581730e-02 -1.452319941423560190e-01
3.314401975437816089e-02 -1.487751418437578133e-01
3.491016245200219414e-02 -1.513076447495456944e-01
3.831325718217548637e-02 -1.504414992262905482e-01
4.209678792549573917e-02 -1.462509305090025913e-01
4.638002986639491038e-02 -1.453907366152695502e-01
4.904096620212693158e-02 -1.480441441939383818e-01
5.164690855570311379e-02 -1.498238056498828741e-01
5.201652163355702935e-02 -1.537131243735151143e-01
5.757703184117737849e-02 -1.571850315213286775e-01
6.213593698875393562e-02 -1.564333521823237094e-01
6.895647841122969079e-02 -1.572460696675870018e-01
7.214119578154588874e-02 -1.594796044997023599e-01
7.595851523587297816e-02 -1.589875835053400910e-01
7.866010770584173917e-02 -1.611699202664033381e-01
8.271662359415342392e-02 -1.667561461538294154e-01
8.281522106261500482e-02 -1.708048738961194524e-01
8.287381382924856321e-02 -1.718647818652767056e-01
8.498594325473456113e-02 -1.694339526728468603e-01
8.730533331730615243e-02 -1.663752359887939181e-01
9.220560044367467900e-02 -1.687646352179345555e-01
9.225174499935169525e-02 -1.728442153062259012e-01
9.157784136341820536e-02 -1.797007503486314217e-01
9.199790834902146774e-02 -1.823954567166840013e-01
9.381660627039761779e-02 -1.810962824308631203e-01
9.602414735506246968e-02 -1.782974863679876176e-01
1.030188978098146996e-01 -1.748951602982125320e-01
1.093968490686614975e-01 -1.779863023295358004e-01
1.129399967700632640e-01 -1.800089756553234777e-01
1.155369849368209634e-01 -1.804230574156964195e-01
1.151308162853386385e-01 -1.777319548044622166e-01
1.146552093232850317e-01 -1.750228020232297566e-01
1.141451915189578836e-01 -1.712748894935675614e-01
1.136695685975001174e-01 -1.687658392658588635e-01
1.097307499632674682e-01 -1.654402924039991007e-01
1.122371051707605760e-01 -1.610890006911350480e-01
1.149282077819948344e-01 -1.606828320396527232e-01
1.118556401091314462e-01 -1.581597890267724127e-01
1.107935438682298435e-01 -1.546836362698053302e-01
1.086982806960708065e-01 -1.527918763916769340e-01
1.115511105329168029e-01 -1.450184945587541518e-01
1.135737838587044662e-01 -1.414753468573523576e-01
1.152364330886868765e-01 -1.393206766330076785e-01
1.173722635941470555e-01 -1.359698494788682266e-01
1.196571975538989474e-01 -1.328725782161516988e-01
1.219421425007143206e-01 -1.297752645804652882e-01
1.250048688596756274e-01 -1.272501277468912895e-01
1.319742072417444956e-01 -1.303464209968242804e-01
1.347613976379753997e-01 -1.330844349789397085e-01
1.373305941088318605e-01 -1.332912490451221010e-01
1.365253688260710530e-01 -1.300817176744978876e-01
1.359109370276241624e-01 -1.273366136463055798e-01
1.351506998398170900e-01 -1.245537031327108440e-01
1.335583612987617519e-01 -1.230368632220470437e-01
1.330909947037481056e-01 -1.205817780530493988e-01
1.291862231270985151e-01 -1.209251803674642467e-01
1.280997180011670400e-01 -1.174575312964540041e-01
1.302694526004295195e-01 -1.148045406229386278e-01
1.321959159408903350e-01 -1.127182758557620373e-01
1.324007890948411814e-01 -1.065847776876237551e-01
1.367347393601074657e-01 -1.051005110603517312e-01
1.415864677551669226e-01 -1.048767062594342103e-01
1.463757383926219402e-01 -1.046367065269610125e-01
1.479308263872506912e-01 -1.050399317563327634e-01
1.451251235302845888e-01 -1.028305997803221905e-01
1.424166242662252280e-01 -1.006464721279132085e-01
1.393870182273324321e-01 -9.678609843375889088e-02
1.417864113142294769e-01 -9.193292095791724683e-02
1.415309568835448895e-01 -8.851773370199063351e-02
1.401297342809062207e-01 -8.523519870698818834e-02
1.370535155059139920e-01 -8.292610322171918569e-02
1.397977915422085882e-01 -7.662860757282391466e-02
1.442715125415298671e-01 -6.929034611335868621e-02
1.477001654353139182e-01 -6.609692793045961190e-02
1.493836621664777209e-01 -6.394766334134246999e-02
1.449608138252533041e-01 -6.386034736526609301e-02
1.404770109700518299e-01 -6.457963082643686237e-02
1.362272796725147728e-01 -6.199587071441102493e-02
1.300823760915044702e-01 -6.469241359896317489e-02
1.272322055944015151e-01 -6.936946650148040350e-02
1.225814245069794944e-01 -7.327587642562131964e-02
1.207652715849330677e-01 -7.487951101147606592e-02
1.153434156256831766e-01 -7.584459188379784333e-02
1.132041972119736117e-01 -7.380807542911663188e-02
1.111413348899894377e-01 -7.179135766280950182e-02
1.090784725680052636e-01 -6.977463989650237175e-02
1.069886040440102964e-01 -6.786207489016245209e-02
9.720246885914257673e-02 -6.322778564892123088e-02
9.193143648876300755e-02 -6.026805282666503061e-02
8.988371739795093796e-02 -5.910733173263013618e-02
8.799890668688301054e-02 -6.120439678319836152e-02
8.161039857419895294e-02 -5.872548937627858345e-02
7.529029591868298399e-02 -5.598276785888036539e-02
7.587769682171000007e-02 -5.185998455225818149e-02
8.011393778798049647e-02 -5.040966832171676210e-02
8.209521185861086423e-02 -4.702618197082618356e-02
8.375786108859326062e-02 -4.487151174648150442e-02
8.494128780982834748e-02 -4.182200158110049859e-02
7.672211729677372305e-02 -4.360287060474317411e-02
6.509461203400046525e-02 -4.206975606020080249e-02
5.761665365311770259e-02 -3.864893553060232828e-02
5.555379133113352158e-02 -3.663221776429518434e-02
5.343512571378206122e-02 -3.483071231201310264e-02
5.538739850732488784e-02 -2.978748054281966928e-02
5.705004773730729811e-02 -2.763281031847498667e-02
5.885060195497932023e-02 -2.403206843036021986e-02
5.646187589280402680e-02 -2.327191009880748285e-02
5.140425107046408398e-02 -2.137514589580862337e-02
5.116734834633800133e-02 -1.623105365642703996e-02
4.825828816797637227e-02 -1.390601557145577059e-02
4.718918073725220097e-02 -1.342874079247468981e-02
4.387562882294843841e-02 -1.937856506308831273e-02
4.042141880793580222e-02 -2.529933389376918043e-02
3.550123472282151749e-02 -2.698721815548512162e-02
2.403039819794433249e-02 -2.284965559869490959e-02
1.855369398285824228e-02 -1.954025447788624095e-02
1.563283101122597829e-02 -1.657498011372671512e-02
1.271193665368730227e-02 -1.360965238953383560e-02
9.633971205513295472e-03 -9.907180540451431677e-03
6.405954998395942471e-03 -3.868938360491071173e-03
3.543147701401778635e-03 -2.022673325787671585e-03
