7.933722854041121066e-04 -1.930700846602389359e-03
-4.586083677255538889e-04 -6.206365304811854722e-03
-1.446131592387182299e-03 -1.112559671188878378e-02
1.406129784210419687e-04 -1.498699840509356250e-02
-9.967155827772368557e-04 -1.771107153710006071e-02
-6.524360694116370166e-03 -2.073475534217986138e-02
-1.318933436665377726e-02 -2.648251227926616547e-02
-1.773864861144688887e-02 -3.737880480729217220e-02
-1.694527632604277828e-02 -3.930950565389455809e-02
-1.819725697917244298e-02 -4.358517011210401998e-02
-2.035726200963760765e-02 -4.748172504991406834e-02
-2.228796285624000048e-02 -4.827509733531817893e-02
-1.990784600002766525e-02 -5.406719987512534353e-02
-1.987269275542240254e-02 -5.781394947639873633e-02
-2.036645436775321241e-02 -6.027356517993719826e-02
-1.957308208234910182e-02 -6.220426602653958414e-02
-2.184773920474566283e-02 -6.765241229055259098e-02
-2.389309214327944159e-02 -6.999737590215966698e-02
-2.593844508181321340e-02 -7.234233951376674299e-02
-2.821310220420977788e-02 -7.779048577777974982e-02
-2.741972991880566729e-02 -7.972118662438212877e-02
-2.791349153113647716e-02 -8.218080232792060458e-02
-2.840725314346729050e-02 -8.464041803145906651e-02
-2.761388085806317644e-02 -8.657111887806145933e-02
-2.988853798045973051e-02 -9.201926514207445229e-02
-3.011784216432250236e-02 -9.512244779448038312e-02
-3.034714634818528461e-02 -9.822563044688631395e-02
-3.262180347058184909e-02 -1.036737767108993069e-01
-3.182843118517773850e-02 -1.056044775575016997e-01
-3.232219279750854490e-02 -1.080640932610401755e-01
-3.281595440983935824e-02 -1.105237089645786375e-01
-3.202258212443524765e-02 -1.124544098111810303e-01
-3.315991068563352295e-02 -1.151784829431875268e-01
-3.248119049216080523e-02 -1.186607751159928781e-01
-3.180247029868808056e-02 -1.221430672887982294e-01
-3.293979885988635586e-02 -1.248671404208047259e-01
-3.214642657448224528e-02 -1.267978412674071187e-01
-3.264018818681307249e-02 -1.292574569709455945e-01
-3.249038285027641693e-02 -1.314526152460160080e-01
-2.976630971826990657e-02 -1.325899438072142833e-01
-2.817956514746168192e-02 -1.364513455004190690e-01
-2.916708837212330860e-02 -1.413705769074959928e-01
-3.132709340258847674e-02 -1.452671318453060412e-01
-3.325779424919086957e-02 -1.460605041307101448e-01
-3.439512281038915181e-02 -1.487845772627166552e-01
-3.265857290304426813e-02 -1.548411372309918543e-01
-3.092202299569940180e-02 -1.608976971992670535e-01
-3.205935155689768057e-02 -1.636217703312735638e-01
-2.967923470068534186e-02 -1.694138728710807285e-01
-2.964408145608007916e-02 -1.731606224723541143e-01
-3.013784306841090291e-02 -1.756202381758925901e-01
-2.934447078300679232e-02 -1.775509390224949968e-01
-3.048179934420505721e-02 -1.802750121545014794e-01
-3.033199400766841206e-02 -1.824701704295719207e-01
-3.018218867113175649e-02 -1.846653287046423342e-01
-3.131951723233004914e-02 -1.873894018366488168e-01
-3.052614494692593161e-02 -1.893201026832511957e-01
-3.101990655925674495e-02 -1.917797183867896715e-01
-3.151366817158755829e-02 -1.942393340903281473e-01
-3.072029588618344423e-02 -1.961700349369305263e-01
-3.299495300858000524e-02 -2.016181812009435470e-01
-3.005076805082632432e-02 -2.124441672397590353e-01
-2.672747357267322987e-02 -2.223621289012390201e-01
-2.786480213387151905e-02 -2.250862020332455027e-01
-2.469131299225506976e-02 -2.328090054196550740e-01
-2.439170231918176904e-02 -2.371993219697959288e-01
-2.435654907457650287e-02 -2.409460715710693146e-01
-2.197643221836416416e-02 -2.467381741108765070e-01
-2.311376077956243252e-02 -2.494622472428829896e-01
-2.243504058608971133e-02 -2.529445394156883409e-01
-2.046918649488205580e-02 -2.558979167315576508e-01
-1.774511336287556279e-02 -2.570352452927558984e-01
-1.377825193585500985e-02 -2.666887495257678209e-01
-1.063991603884382325e-02 -2.706648033109040341e-01
-7.501580141832635794e-03 -2.746408570960401918e-01
-3.534718714812082416e-03 -2.842943613290521143e-01
1.913427549200928971e-03 -2.865690184514486649e-01
4.787306017744078629e-03 -2.899015052877173537e-01
9.062970475953545726e-03 -2.911534859408470566e-01
1.871647470896549426e-02 -2.871866245138264828e-01
2.416462097297850803e-02 -2.894612816362230334e-01
2.726780362538443192e-02 -2.896905858200858330e-01
2.946296190045486971e-02 -2.895407804835491983e-01
3.218703503246136965e-02 -2.906781090447474458e-01
3.604843672566614143e-02 -2.890913644739392385e-01
3.915161937807207226e-02 -2.893206686578019826e-01
4.123212556121112066e-02 -2.907224546474683202e-01
4.202549784661522431e-02 -2.926531554940707269e-01
4.395619869321761713e-02 -2.918597832086666233e-01
4.535798468288393392e-02 -2.897792770255275818e-01
4.933403846802009857e-02 -2.866409411285163467e-01
5.898754270103204189e-02 -2.826740797014958284e-01
6.171161583303853837e-02 -2.838114082626940760e-01
6.648104190357882748e-02 -2.826037732122853030e-01
7.072155311718303361e-02 -2.801090042641415367e-01
7.185888167838130891e-02 -2.773849311321350819e-01
7.378958252498370174e-02 -2.765915588467309227e-01
7.746602563704657607e-02 -2.690629063995789161e-01
8.564743739118167720e-02 -2.596830519531506121e-01
1.010930441640008060e-01 -2.533360736699176718e-01
1.022303727251990951e-01 -2.506120005379112170e-01
1.051837500410683635e-01 -2.486461464467035476e-01
1.074935604080701906e-01 -2.469447497839639682e-01
1.067001881226660592e-01 -2.450140489373615338e-01
1.078375166838643484e-01 -2.422899758053550512e-01
1.159394295906733263e-01 -2.382084622864030776e-01
1.240413424974823181e-01 -2.341269487674511596e-01
1.251786710586805795e-01 -2.314028756354446492e-01
1.290400727518853652e-01 -2.298161310646364142e-01
1.297982917926842061e-01 -2.280000823099654073e-01
1.300275959765470057e-01 -2.248968996575594903e-01
1.323022530989435563e-01 -2.194487533935464696e-01
1.342329539455459353e-01 -2.186553811081423659e-01
1.363929589760111138e-01 -2.147588261703323176e-01
1.385529640064762924e-01 -2.108622712325222970e-01
1.404836648530786714e-01 -2.100688989471181933e-01
1.396902925676745677e-01 -2.081381981005158144e-01
1.417004922616030838e-01 -2.020464848876353248e-01
1.446187163328670755e-01 -1.963338811951542973e-01
1.465494171794694822e-01 -1.955405089097501659e-01
1.476867457406677575e-01 -1.928164357777436833e-01
1.506401230565370397e-01 -1.908505816865360138e-01
1.529499334235388530e-01 -1.891491850237964067e-01
1.521565611381347494e-01 -1.872184841771940556e-01
1.532938896993330247e-01 -1.844944110451875452e-01
1.588215348106721547e-01 -1.814707272401077376e-01
1.643491799220112848e-01 -1.784470434350279300e-01
1.654865084832095601e-01 -1.757229703030214474e-01
1.599329024853807790e-01 -1.622080643768047115e-01
1.588399195269033781e-01 -1.558870469800614500e-01
1.585403088538300531e-01 -1.514967304299205952e-01
1.553668197122136108e-01 -1.437739270435110517e-01
1.565041482734119138e-01 -1.410498539115045691e-01
1.581703916915462582e-01 -1.396129146772329965e-01
1.585495012119456926e-01 -1.387048902998974653e-01
1.558254280799391822e-01 -1.375675617386991900e-01
1.542386835091309472e-01 -1.337061600454944044e-01
1.552262067337925877e-01 -1.287869286384174805e-01
1.560990778665228285e-01 -1.254192885575435290e-01
1.541683770199204495e-01 -1.262126608429476327e-01
1.514443038879139392e-01 -1.250753322817493574e-01
1.494784497967062697e-01 -1.221219549658800752e-01
1.491788391236329725e-01 -1.177316384157392204e-01
1.514534962460295509e-01 -1.122834921517262136e-01
1.487294231140230405e-01 -1.111461635905279521e-01
1.467635690228153988e-01 -1.081927862746586699e-01
1.460848488293426672e-01 -1.047104941018533186e-01
1.472221773905409425e-01 -1.019864209698468221e-01
1.432553159635203965e-01 -9.233291673683485801e-02
1.401169800665091891e-01 -8.835686295169868643e-02
1.372431015979660440e-01 -8.502437611542998375e-02
1.340696124563496017e-01 -7.730157272902044019e-02
1.352069410175478770e-01 -7.457749959701392983e-02
1.342989166402123735e-01 -7.419839007661450936e-02
1.321037583651419323e-01 -7.434819541315114411e-02
1.293796852331354497e-01 -7.321086685195286881e-02
1.269995683769231110e-01 -6.741876431214570420e-02
1.243901473368480004e-01 -6.472984442474447042e-02
1.220451837252409105e-01 -6.268449148621069167e-02
1.204584391544326755e-01 -5.882308979300590601e-02
1.215957677156309646e-01 -5.609901666099940259e-02
1.203881326652221778e-01 -5.132959059045913430e-02
1.181578211455464739e-01 -4.773264632572239013e-02
1.162271202989440810e-01 -4.852601861112650072e-02
1.135030471669375984e-01 -4.738869004992822542e-02
1.120661079326660120e-01 -4.572244663179387408e-02
1.108936261268624601e-01 -4.469977016252697777e-02
1.089629252802600673e-01 -4.549314244793109530e-02
1.062388521482535708e-01 -4.435581388673281306e-02
1.037440832001098601e-01 -4.011530267312862080e-02
1.015137716804341700e-01 -3.651835840839186970e-02
9.958307083383177716e-02 -3.731173069379598722e-02
9.685899770182528068e-02 -3.617440213259770498e-02
9.277748418287333487e-02 -2.807248922578872014e-02
8.869597066392137519e-02 -1.997057631897973876e-02
8.597189753191487871e-02 -1.883324775778145999e-02
8.438515296110665753e-02 -1.497184606457668474e-02
8.204018934949958153e-02 -1.292649312604290252e-02
7.995968316636054007e-02 -1.152470713637658746e-02
7.916631088095643642e-02 -9.594006289774203305e-03
7.371816461694341571e-02 -7.319349167377645765e-03
6.978645643452811853e-02 -1.412594535639091764e-03
6.638366310904889045e-02 3.207026198364538311e-03
6.252226141584411867e-02 1.620281627556317133e-03
5.707411515183111184e-02 3.894938749952871204e-03
5.472915154022403583e-02 5.940291688486648222e-03
4.969526804121571911e-02 5.376223586945314686e-03
3.618036211499898319e-02 -1.773824108834716050e-04
3.345628898299248671e-02 9.599461503148054575e-04
2.997399681018713194e-02 2.812259568420842084e-04
2.649170463738177717e-02 -3.974942366306387755e-04
2.376763150537527375e-02 7.398343245676382600e-04
2.297425921997115969e-02 2.670535171170027727e-03
2.142266789376819774e-02 2.785187263101414519e-03
1.922750961869777384e-02 2.635381926564766761e-03
1.650343648669126695e-02 3.772710487763043363e-03
1.457273564008887932e-02 2.979338202358931906e-03
1.211311993655041393e-02 3.473099814689745678e-03
7.722803386409559170e-03 3.173489141616447993e-03
