-1.082742025373896379e-03 -2.667561366405856327e-03
-2.165484050747792759e-03 -5.335122732811712655e-03
-9.536540320294162321e-03 -8.494706141127494545e-03
-1.703726271123319133e-02 -1.166439367705519523e-02
-1.657985926322740750e-02 -1.359186851632451266e-02
-1.578744959271142709e-02 -1.546702021221438815e-02
-1.675654956401258916e-02 -1.808655823052423769e-02
-1.783929158938648424e-02 -2.075411959693009359e-02
-1.965039586986042780e-02 -2.169809054200289369e-02
-2.152566317312982688e-02 -2.249054906638265489e-02
-2.366182759396040156e-02 -2.736691939499952264e-02
-2.582731164470819865e-02 -3.270204212781123443e-02
-2.773765405635952169e-02 -3.404506671081016650e-02
-2.961280575224939371e-02 -3.483747638132614344e-02
-3.266690421516354331e-02 -4.182057342887447043e-02
-3.591519704480097136e-02 -4.982342198933534944e-02
-3.511146815938279847e-02 -5.426091910761726006e-02
-3.352659996448705687e-02 -5.801133810677653463e-02
-3.501023169079844899e-02 -6.305832075101221179e-02
-3.717571574154623915e-02 -6.839344348382392358e-02
-3.910952459692251804e-02 -7.010363803135243044e-02
-4.098479190019191365e-02 -7.089609655573218816e-02
-4.224360325062990335e-02 -7.314700892633119178e-02
-4.332634527600379842e-02 -7.581457029273705461e-02
-4.118755498738287113e-02 -8.214356581980776506e-02
-3.801786745145517565e-02 -8.964428821074678366e-02
-3.878225731662455350e-02 -9.554819975156443601e-02
-4.094774136737235060e-02 -1.008833224843761478e-01
-4.290506552033735571e-02 -1.029605713890546920e-01
-4.478021721622723467e-02 -1.037529810595706758e-01
-4.203466990637519385e-02 -1.118347463532079339e-01
-3.728016302941553062e-02 -1.230857721359267104e-01
-3.794169381697360538e-02 -1.321384711381514698e-01
-4.118991989309528368e-02 -1.401411552373690306e-01
-4.126496620355946110e-02 -1.453519531119765174e-01
-3.968009800866371950e-02 -1.491023721111357780e-01
-4.048187741053868582e-02 -1.538612146667954483e-01
-4.264736146128648986e-02 -1.591963373996071462e-01
-4.299033072471552391e-02 -1.623995889522094060e-01
-4.219792105419954004e-02 -1.642747406480992989e-01
-4.252303906768461345e-02 -1.666222782525325630e-01
-4.360578109305849465e-02 -1.692898396189384258e-01
-4.315261956720771452e-02 -1.725808120688810954e-01
-4.156780022617576065e-02 -1.763311154606608255e-01
-4.146494114856447144e-02 -1.794799029220679465e-01
-4.254768317393835958e-02 -1.821474642884738093e-01
-4.405473890589587521e-02 -1.838112556323308611e-01
-4.592989060178574029e-02 -1.846036653028468588e-01
-4.643080414861967820e-02 -1.859538673509228968e-01
-4.563839447810369432e-02 -1.878290190468127896e-01
-4.577408085041164559e-02 -1.900963695611306847e-01
-4.685682287578552679e-02 -1.927639309275365198e-01
-4.831573965226750728e-02 -1.945413154716025550e-01
-5.019100695553690289e-02 -1.953337739959823127e-01
-4.941283660779563491e-02 -2.000277345676431950e-01
-4.545073940135195556e-02 -2.094036086544720787e-01
-4.089230948226570822e-02 -2.156476542270039098e-01
-3.555702228821069205e-02 -2.178132050312674428e-01
-3.111873303942476118e-02 -2.221882258858168813e-01
-2.794909435736083955e-02 -2.296888326693763693e-01
-2.497715538107461025e-02 -2.346613010126513965e-01
-2.230959401466875089e-02 -2.357440430380252916e-01
-1.945438821623335715e-02 -2.392253729896705317e-01
-1.628470068030565474e-02 -2.467260953806095503e-01
-1.234941707230561257e-02 -2.523406117720844444e-01
-7.014294339493901652e-03 -2.545060958228322345e-01
-3.193338189078403101e-03 -2.565748632089258074e-01
-2.400928518562420958e-03 -2.584500149048156725e-01
-1.021348967440726535e-03 -2.600770378265655491e-01
1.646212398965121119e-03 -2.611597798519394442e-01
3.996676665933196829e-03 -2.630239928516345804e-01
5.581496006965150705e-03 -2.667742962434143106e-01
8.268330748804742988e-03 -2.688534815223114771e-01
1.389390144385389651e-02 -2.664762036568997794e-01
1.877240630450155087e-02 -2.649727133239728194e-01
2.143996767090741370e-02 -2.660554553493466590e-01
2.367192043126435663e-02 -2.673222787334446071e-01
2.446433010178034745e-02 -2.691974304293345277e-01
2.548648747383654156e-02 -2.705067865943917016e-01
2.736163916972642052e-02 -2.697143769238757316e-01
2.990084079397249336e-02 -2.694896567203322046e-01
3.523596352678421556e-02 -2.716551407710800503e-01
3.997700368636365048e-02 -2.733127497285035012e-01
4.185215538225352250e-02 -2.725203400579875312e-01
4.384750548269484433e-02 -2.720120444724793973e-01
4.651506684910068634e-02 -2.730947864978532924e-01
4.907856948565458149e-02 -2.739312848048396920e-01
5.095372118154445351e-02 -2.731388751343237220e-01
5.321326670040184975e-02 -2.726750797970824980e-01
5.854855389445685898e-02 -2.748406306013460587e-01
6.391012746777942344e-02 -2.765931290407997456e-01
6.953558255544904643e-02 -2.742159000292517801e-01
7.495198530362462419e-02 -2.720832945916668022e-01
7.761954667003048702e-02 -2.731660366170406973e-01
8.034177916583100376e-02 -2.741140848841478461e-01
8.409219816499027833e-02 -2.725292166892521184e-01
8.789052490486601310e-02 -2.710580394022928941e-01
9.322564763767773877e-02 -2.732235234530406842e-01
9.862063359800146700e-02 -2.753191557560440428e-01
1.098716593807202435e-01 -2.705646488790843796e-01
1.211226851634390339e-01 -2.658101420021247163e-01
1.223081216663036014e-01 -2.631215289315249062e-01
1.233908636916774826e-01 -2.604539675651190156e-01
1.343338060419242974e-01 -2.557626158007413331e-01
1.455848318246431017e-01 -2.510081089237816698e-01
1.454006437389268047e-01 -2.489875229312424609e-01
1.446082340684108347e-01 -2.471123712353525959e-01
1.455583744294699777e-01 -2.445008452507027308e-01
1.466411164548438451e-01 -2.418332838842968402e-01
1.518537015385988953e-01 -2.394295551783742759e-01
1.574791566262685460e-01 -2.370523261668263382e-01
1.559911207034065384e-01 -2.317876917314070362e-01
1.536138916918586006e-01 -2.261622366437374410e-01
1.551828295759793974e-01 -2.207889876522421690e-01
1.573483803802429304e-01 -2.154537004581871529e-01
1.556593955823667996e-01 -2.098721759615296001e-01
1.532821665708188341e-01 -2.042467208738599493e-01
1.537707771690967062e-01 -2.010711688067503000e-01
1.548535191944706013e-01 -1.984036074403444372e-01
1.544209952964148702e-01 -1.963763736665065929e-01
1.536285856258988725e-01 -1.945012219706167000e-01
1.543135894118441986e-01 -1.920016022882354567e-01
1.553963314372180660e-01 -1.893340409218295939e-01
1.535999872829100221e-01 -1.878831361790075927e-01
1.509324259165041593e-01 -1.868003941536336976e-01
1.478895268321754330e-01 -1.809203606683375820e-01
1.447198881501115253e-01 -1.734197538847780939e-01
1.446428435022403813e-01 -1.694340964780644554e-01
1.457256522811300470e-01 -1.667663706504153021e-01
1.443619321972076097e-01 -1.620074277835484022e-01
1.419846543317958842e-01 -1.563818570884992487e-01
1.419839689282841044e-01 -1.527880847350219506e-01
1.430667109536579995e-01 -1.501205233686160878e-01
1.428993903842318280e-01 -1.479812188312663035e-01
1.421069318598520426e-01 -1.461059515279968801e-01
1.425267811710315968e-01 -1.437185182165071351e-01
1.436095231964054919e-01 -1.410509568501012723e-01
1.463628625312708154e-01 -1.390614776966268562e-01
1.501131659230505455e-01 -1.374766583555948884e-01
1.496695966018078416e-01 -1.323063925988146317e-01
1.464999579197439339e-01 -1.248057858152551297e-01
1.464559051666900757e-01 -1.185738295984176127e-01
1.486214559709536087e-01 -1.132385424043625965e-01
1.506227107149306632e-01 -1.104730492860122593e-01
1.524978624108205283e-01 -1.096806396154962754e-01
1.524857665004639151e-01 -1.072747674971555876e-01
1.509009471594319751e-01 -1.035244641053758435e-01
1.495798088492098776e-01 -1.031452046462746214e-01
1.484970668238360103e-01 -1.058127660126804842e-01
1.451200026402421905e-01 -1.083336934301963039e-01
1.394945475525725676e-01 -1.107109224417442417e-01
1.327163676493554878e-01 -1.103606754020308167e-01
1.247136835501379409e-01 -1.071124493259091315e-01
1.178519692632094412e-01 -9.927447057304962519e-02
1.123050038618700203e-01 -8.614817748706142531e-02
1.080377987393529582e-01 -7.837466910640408790e-02
1.053702373729470954e-01 -7.729192708103019283e-02
1.031619580945145609e-01 -7.507741163309558652e-02
1.015771387534826070e-01 -7.132710824131584249e-02
1.010701495472073330e-01 -6.801419178434525703e-02
1.021528915725812420e-01 -6.534663041793940808e-02
1.025158620530346315e-01 -6.298323320742950371e-02
1.017234523825186476e-01 -6.110808151153963863e-02
1.005373304761423142e-01 -6.020292222866219234e-02
9.866217878025242138e-02 -6.099533189917817622e-02
9.651474660186314114e-02 -6.114374171222608512e-02
9.384718523545729219e-02 -6.006099968685219698e-02
9.143576467685138320e-02 -5.958438715232605015e-02
8.956061298096150425e-02 -6.037679682284203403e-02
8.744534454459160222e-02 -6.060099622299433553e-02
8.477778317818575327e-02 -5.951825419762044739e-02
8.264046400779569146e-02 -5.821130389170692254e-02
8.184805433727972146e-02 -5.633615219581705746e-02
8.056315722998870499e-02 -5.466911795963112775e-02
7.789559586358285603e-02 -5.358637593425723267e-02
7.568260271346793910e-02 -5.231154051649931219e-02
7.489019304295195523e-02 -5.043638882060944711e-02
7.249553327364392785e-02 -4.825608035478239077e-02
6.449268471318306273e-02 -4.500778752514496966e-02
5.794656052404494051e-02 -4.203690312608827917e-02
5.715415085352895663e-02 -4.016175143019840021e-02
5.602081502079477721e-02 -3.843066977859654204e-02
5.335325365438891437e-02 -3.734792775322264696e-02
5.060446359108535658e-02 -3.522788771091926036e-02
4.743482490902143495e-02 -2.772728092735976188e-02
4.395882338899472636e-02 -2.098099111332420164e-02
3.862370065618300763e-02 -1.881550706257640454e-02
3.383919283585424403e-02 -1.668521372759006194e-02
3.304678316533826710e-02 -1.481006203170018472e-02
3.152606911285067010e-02 -1.279618169358805006e-02
2.352322055238979456e-02 -9.547888863950618546e-03
1.601563678729036461e-02 -6.626185027151780538e-03
1.414048509140048739e-02 -7.418594697667760945e-03
1.221731004741460555e-02 -8.097362314111006612e-03
9.549748681008747922e-03 -7.014620288737110666e-03
6.957910148191540078e-03 -5.899878982587139151e-03
6.165451623811779754e-03 -4.024611679317738333e-03
5.335122732811713522e-03 -2.165484050747791458e-03
2.667561366405856761e-03 -1.082742025373895729e-03
