-2.781319397981509706e-03 -2.617336397369363597e-03
-6.016789809326130237e-03 -4.287979452459939229e-03
-4.183650114419333946e-03 -7.714235774199666891e-03
-5.295931329281374986e-03 -1.100073477867396891e-02
-7.191497918354841645e-03 -1.189949430184291182e-02
-8.028253927749286201e-03 -1.535101927831059553e-02
-1.095815192303497936e-02 -1.835903682349516661e-02
-1.290583776544043486e-02 -2.054811024778043296e-02
-1.486492545013568325e-02 -2.168934801303149668e-02
-1.344399017714979772e-02 -2.487280788607919638e-02
-9.512236042307371450e-03 -2.629356028586110963e-02
-6.885956517909271393e-03 -3.058907081174580198e-02
-8.160747504542450667e-03 -3.368472642086380725e-02
-7.083030834913173028e-03 -3.588629234764117992e-02
-4.988310240960644806e-03 -3.889599261324160756e-02
-5.684079752689652661e-03 -4.244414313367773917e-02
-1.428083928750403320e-03 -4.589164539499255430e-02
1.278857609678646758e-03 -5.565881783044599601e-02
3.460776213964724020e-03 -5.852968523898704339e-02
2.903839559295087747e-03 -6.216503376975672512e-02
4.479533681057930490e-03 -7.166531925950975213e-02
3.385490921874964500e-03 -7.555219787442535306e-02
3.868344641045979877e-03 -8.117966792132084997e-02
4.105181247733705359e-03 -8.737866938884267243e-02
2.181446880610300471e-03 -9.414061120451605591e-02
2.949182514574282769e-03 -1.006246099715400744e-01
1.005803953380950350e-03 -1.028325384630951467e-01
2.711629696680945478e-04 -1.052994504711695922e-01
-1.736362742372253055e-03 -1.106535147507984457e-01
-6.255172200867295702e-04 -1.191600135831044210e-01
-1.760947651475785114e-03 -1.224320222864822422e-01
-1.901341381961027879e-03 -1.263288942313364749e-01
-1.949200688440929372e-03 -1.302839835843312422e-01
-3.177165543835329224e-03 -1.334977748795684871e-01
-3.088420146491860883e-03 -1.359252629587037187e-01
-3.422999783114640329e-03 -1.411845203080849542e-01
-3.503628511055977435e-03 -1.468614780233809258e-01
-2.346146547477423981e-03 -1.545744677969052849e-01
-3.989841355845553592e-03 -1.574868719029123287e-01
-4.637111459554442427e-03 -1.584275101745676595e-01
-2.975462554173048928e-03 -1.604956817033183769e-01
-8.052573291125126112e-04 -1.624476173419747427e-01
5.991793391103031287e-04 -1.665565142597315862e-01
3.109070966800461539e-03 -1.697785747325132322e-01
5.291649266862411341e-03 -1.743439558435838366e-01
6.972157135227452160e-03 -1.780131474886743337e-01
9.527103614795594949e-03 -1.805213558360495851e-01
1.275315649603886090e-02 -1.873555213088149152e-01
2.039700717556412052e-02 -1.886715143204898693e-01
2.517656029079500674e-02 -1.904634016765965054e-01
2.792670867700545317e-02 -1.917873623324137244e-01
3.223786396436326834e-02 -1.912683090364151461e-01
3.463012780248984901e-02 -1.949731148677938120e-01
3.663342039148698159e-02 -1.977560156477969344e-01
4.149822069834602917e-02 -2.003113448430713650e-01
4.290368372506818406e-02 -2.065505859847034109e-01
4.093883937473033474e-02 -2.086642834929157142e-01
3.888357655766110088e-02 -2.103824401151453416e-01
3.671648696967717146e-02 -2.116108117360945839e-01
3.524022582588302172e-02 -2.141282274130742735e-01
3.858487162158177886e-02 -2.151479298509247073e-01
4.372808923309520063e-02 -2.162324770261235818e-01
4.723441223511878201e-02 -2.171359500361604578e-01
5.014174711138348617e-02 -2.184537613070952067e-01
5.620304689966648670e-02 -2.176141373973855542e-01
5.831960230466045475e-02 -2.205891516252242723e-01
5.765856318369942668e-02 -2.241590663397857452e-01
5.544193490463453916e-02 -2.251708477589318969e-01
5.557084915177867152e-02 -2.271233658067738914e-01
6.252690882324038468e-02 -2.264262221321664270e-01
6.896079664059899528e-02 -2.260465125711366707e-01
7.346312388791760573e-02 -2.268414304967305284e-01
7.849153519213811214e-02 -2.267728706854511278e-01
8.509212836609116037e-02 -2.302893154737516435e-01
9.202607553751979141e-02 -2.336602322328291681e-01
9.586709668734133549e-02 -2.374601974034704632e-01
9.828220097901953223e-02 -2.393562483991501233e-01
9.929321398735471704e-02 -2.409189690946971218e-01
1.018626978949859624e-01 -2.414518085826841687e-01
1.043761821897180725e-01 -2.417397752679634193e-01
1.071328489827078900e-01 -2.430920053927304314e-01
1.095753287972145301e-01 -2.430691508928638223e-01
1.116991712271922510e-01 -2.460326414314227550e-01
1.135190671835323573e-01 -2.475790299295963504e-01
1.162649789054467642e-01 -2.488841798711500242e-01
1.177250226747222905e-01 -2.514146026168516679e-01
1.215725624387166554e-01 -2.545491365146952956e-01
1.233848662954180192e-01 -2.565828317046525697e-01
1.249128129541573901e-01 -2.604950030261000693e-01
1.289522017560182088e-01 -2.616929583542352833e-01
1.417474991198144629e-01 -2.734563663558280955e-01
1.424342606409573220e-01 -2.818417562205239313e-01
1.434925331644570090e-01 -2.823531600789901397e-01
1.461183454569852935e-01 -2.839136526213011380e-01
1.471221420572528527e-01 -2.854879413591341897e-01
1.496894148393168589e-01 -2.860113664454412286e-01
1.510496700931872882e-01 -2.881483888138113292e-01
1.534647612529105587e-01 -2.900443823245298369e-01
1.544953977393264954e-01 -2.922567033223825161e-01
1.564112894960894007e-01 -2.942667347295829239e-01
1.580109112506792035e-01 -2.948922983315210855e-01
1.652437866886835582e-01 -2.990075413482413680e-01
1.678130912643636397e-01 -3.005809426022337805e-01
1.763188346104201665e-01 -2.995099477231389917e-01
1.781955733104937378e-01 -3.028667876163490535e-01
1.836177029912622605e-01 -3.029164145138693032e-01
1.836871432642024904e-01 -2.983618291385599641e-01
1.876039807381578994e-01 -2.940779132733322143e-01
1.913627817744829596e-01 -2.944381374636474979e-01
1.926194491282918475e-01 -2.965988236147744095e-01
1.949248096727452806e-01 -2.980144727898023094e-01
1.950675232438328355e-01 -2.930864091276164651e-01
2.012258141170542303e-01 -2.889841528180900343e-01
2.016025705526832412e-01 -2.888980859855770356e-01
1.984759197828183108e-01 -2.875313014050781546e-01
1.980147017411084953e-01 -2.832564712298582532e-01
2.000225795077028579e-01 -2.813311519394604554e-01
1.982237026172332106e-01 -2.817420902046158804e-01
1.949735287248968163e-01 -2.805719737354651633e-01
1.939993999553290827e-01 -2.783467440259309589e-01
1.913288574798134578e-01 -2.773712572048380176e-01
1.887141865153196540e-01 -2.766406119654015727e-01
1.875611776784884555e-01 -2.744563063845240070e-01
1.851460733868102726e-01 -2.725602553888443746e-01
1.839082742322261099e-01 -2.703953194414665528e-01
1.821995582755863152e-01 -2.683379604687524123e-01
1.800764201017841792e-01 -2.663752122740594142e-01
1.774411937620369306e-01 -2.582664824809721149e-01
1.707835037923758625e-01 -2.530684770548298212e-01
1.676485973313825151e-01 -2.488891580660331504e-01
1.642148607534604787e-01 -2.416664009314233030e-01
1.615222257266084038e-01 -2.385554627659873250e-01
1.605104443074622800e-01 -2.363388344869224722e-01
1.583648376833592386e-01 -2.334100743391314958e-01
1.562482822783652636e-01 -2.304350601112928054e-01
1.531333755488782089e-01 -2.191854536572132306e-01
1.504644043047830559e-01 -2.161781033918388217e-01
1.484302147046860643e-01 -2.110040971297995893e-01
1.453943076322976868e-01 -2.026598579130040323e-01
1.424468210809686775e-01 -1.975656539212795326e-01
1.414726923114009438e-01 -1.953404242117453282e-01
1.380382069169036330e-01 -1.878106960919331270e-01
1.364776537028396797e-01 -1.757302973661772627e-01
1.402162617764598773e-01 -1.740933885029790074e-01
1.365991958489375380e-01 -1.567846869239029883e-01
1.321849333798039150e-01 -1.535120310948497324e-01
1.293657954867087623e-01 -1.506281397973114056e-01
1.269244300297473482e-01 -1.478363193802290643e-01
1.249113510358195595e-01 -1.478303965145902066e-01
1.225245424770009944e-01 -1.459279420820535911e-01
1.188350088439457386e-01 -1.424005733957886821e-01
1.137107751708273246e-01 -1.333739003005905421e-01
1.108985315834760677e-01 -1.293488390807569499e-01
1.100061623652092008e-01 -1.274815107395819158e-01
1.074969853516892088e-01 -1.272123991215724781e-01
1.053144070516272568e-01 -1.226470180105018876e-01
1.028045154239371067e-01 -1.194249575377201861e-01
1.018303866543693870e-01 -1.171997278281859817e-01
9.918899375500332682e-02 -1.131851742971273916e-01
9.531920964045233202e-02 -1.066565945797693649e-01
9.239013441447285757e-02 -1.007753293191264859e-01
8.974267331252845648e-02 -9.786213942017871203e-02
8.699291800001890396e-02 -9.111737662103346069e-02
8.312502665735767293e-02 -9.093068445749417916e-02
8.106014676377538974e-02 -8.588260234083287814e-02
7.382346158311998974e-02 -8.023221697329478708e-02
7.283054836319856340e-02 -7.801133889797896848e-02
7.067039395303781335e-02 -7.510574109866993697e-02
6.856838633410153316e-02 -7.210756452234928782e-02
6.709131257355777089e-02 -6.811439559813110833e-02
6.473653220365960248e-02 -6.808745735494221851e-02
6.266990174670569735e-02 -6.611180044856779237e-02
6.090467807321767180e-02 -6.406735018753514921e-02
5.972337350352684149e-02 -6.188944804351462214e-02
5.750313184143082679e-02 -6.193091022835065657e-02
5.501367687042552773e-02 -5.862488554098161525e-02
5.281066191367871088e-02 -5.414346864449839231e-02
5.008772966704224533e-02 -4.573765248111227172e-02
4.392054967082632128e-02 -4.533297564973370886e-02
4.162790147843441202e-02 -4.340901107504629292e-02
4.008869554038439059e-02 -4.131286848232663955e-02
3.868137323525554228e-02 -3.918665866999312963e-02
3.626626894357735942e-02 -3.729060767431349732e-02
3.528278325729083953e-02 -3.506757595839161273e-02
3.331974070039848967e-02 -3.306825526926033404e-02
3.145092912684890191e-02 -3.104746879098453996e-02
3.037321245721962340e-02 -2.884590286420716382e-02
2.780320362536396403e-02 -2.627175926634877506e-02
2.578433042952906623e-02 -2.103479749759805395e-02
2.415097725700730141e-02 -1.896022253199037069e-02
2.195247629908713555e-02 -1.701469033019097771e-02
1.952505883686801377e-02 -1.710348008054071722e-02
1.718323451301133342e-02 -1.448712916959139958e-02
1.526289680777098874e-02 -1.119970570491104524e-02
1.360415313353128750e-02 -7.495783669052571811e-03
1.462923633805978188e-02 -4.348117521637641369e-03
1.015200523025973876e-02 -1.060087803361143156e-03
8.850302618808536526e-03 3.980962404386136988e-05
6.194751878664309791e-03 9.494055476599230076e-04
