1.199111017636568521e-03 -2.275158992450981854e-03
2.398220268439688833e-03 -4.550248366011715520e-03
9.818525006116916854e-05 -9.265431515451094321e-03
3.496899092465899448e-04 -1.377890113911052830e-02
-2.040458198339219816e-03 -1.854200098031340282e-02
3.112889715086331922e-03 -2.731389235499731907e-02
5.923962046128271840e-03 -2.789314070958220579e-02
1.108296905180885562e-02 -2.834428737331202985e-02
1.350494376312931857e-02 -2.933289716043650797e-02
1.689179085419685936e-02 -2.696420244575072761e-02
1.965835046914433601e-02 -2.759021021619049996e-02
2.252917418290242835e-02 -2.782554492792392586e-02
2.494467750814141974e-02 -2.675983105395680212e-02
2.930559425652358094e-02 -3.039288572954027684e-02
3.007797410199069058e-02 -3.159452379223590124e-02
3.312261886672052819e-02 -3.148301509506776924e-02
3.661599364688413599e-02 -3.331185213014017932e-02
3.971837088491839834e-02 -3.592673577198341600e-02
4.137987691245901406e-02 -3.933153035721840413e-02
4.223003549423287595e-02 -5.394233334074532982e-02
4.138180396592481408e-02 -5.649766950287339606e-02
4.157345529089358921e-02 -5.955170520763884701e-02
4.621935164981146038e-02 -6.721791933542051178e-02
4.347975661753042398e-02 -7.080288737070485061e-02
3.999159222920575102e-02 -6.917935644297552866e-02
3.770195933714659553e-02 -6.980814951169564408e-02
3.511327388910117503e-02 -6.899500406658458374e-02
3.190802097876521692e-02 -6.817465656782220607e-02
2.842159338772017388e-02 -6.661956100920725377e-02
2.257985732457915007e-02 -6.220233416849491742e-02
1.908821934169518258e-02 -6.044193250253687005e-02
1.295843787946111825e-02 -5.906806571837939362e-02
8.679052185388527046e-03 -5.684826506720604827e-02
1.491474788931922667e-02 -6.239686429798202427e-02
1.741454890978966913e-02 -6.330359466002621893e-02
2.113438580939438344e-02 -6.461305371023376432e-02
2.536469753579486883e-02 -6.669714089908698740e-02
2.802244201245004951e-02 -6.977988480720594133e-02
3.008870231599479472e-02 -7.114273425081116264e-02
3.239852940198180431e-02 -7.131240200118556249e-02
3.580853437905572034e-02 -6.985620208098804185e-02
3.837732480924565398e-02 -7.303253267287355965e-02
3.634317989999671233e-02 -7.653104822598584545e-02
3.393172969068804223e-02 -7.775646783418323216e-02
3.185195048229786524e-02 -8.125617635606598166e-02
2.894813606548909610e-02 -8.196903596941723658e-02
2.613497856639679026e-02 -8.265677996097814395e-02
2.270695806968335215e-02 -8.160240793942322157e-02
1.801862733931397856e-02 -7.946146520787553125e-02
1.460228862052092430e-02 -8.066672295475528498e-02
1.119762146755230899e-02 -8.188307451292189953e-02
8.853508758243673962e-03 -8.081261922674552733e-02
1.009937742490167427e-02 -8.313222131640071733e-02
9.555215153513797743e-03 -8.597664293336002017e-02
1.138358483081161610e-02 -8.651231667608814957e-02
1.498487410472511445e-02 -8.494857788051081438e-02
1.930460723536540565e-02 -8.291002986270572250e-02
2.168187377285294912e-02 -8.258717028045180208e-02
2.531799249859725126e-02 -8.194702009064956660e-02
3.094407128960758452e-02 -8.595884334168119034e-02
3.771085223708943446e-02 -9.174503242921352997e-02
3.921265253039978027e-02 -9.515388013037882897e-02
4.046354634325421279e-02 -9.856909549929167291e-02
4.253566458548100476e-02 -1.019634693008488052e-01
4.162024847020515811e-02 -1.041210238568571755e-01
4.265261305825492066e-02 -1.065716132652931719e-01
4.104542025967978375e-02 -1.102533765022746665e-01
4.399704082651070131e-02 -1.145727171240198683e-01
4.636573554119648860e-02 -1.179595642150874091e-01
4.723135369965945213e-02 -1.205855840395084200e-01
4.788571271244113775e-02 -1.234337936957693171e-01
4.885137872865617792e-02 -1.259545552705993166e-01
4.776921795062697568e-02 -1.282876098614829652e-01
4.950191577610787985e-02 -1.300013219038916590e-01
6.063579589407693676e-02 -1.405617793193779386e-01
5.983432378162373971e-02 -1.431616281976004490e-01
6.075274436685083185e-02 -1.451699232838223053e-01
6.252923950952628263e-02 -1.450107290454909770e-01
6.801309952610662402e-02 -1.470173382959649444e-01
7.470264213107204176e-02 -1.551567081428367190e-01
7.430972254602057070e-02 -1.567646265524077209e-01
7.780194005027556148e-02 -1.585478632143673128e-01
7.681343221465157522e-02 -1.627731854874332196e-01
7.191785629851360495e-02 -1.659562933199016932e-01
6.964269730606262310e-02 -1.671554043375382548e-01
6.514237432913015657e-02 -1.643248957561745660e-01
6.372775735897698302e-02 -1.607540616949901524e-01
6.024654015977087829e-02 -1.594042722437182813e-01
5.797138116731988949e-02 -1.606033832613548706e-01
5.552722060025918477e-02 -1.596381862247695238e-01
5.868475227657009990e-02 -1.617266494195578885e-01
6.756281614617194731e-02 -1.688517652976755656e-01
7.556450797153219101e-02 -1.697786388636788879e-01
7.832115829870076040e-02 -1.682134861608267362e-01
8.336739055639670604e-02 -1.705165444514933348e-01
8.669490604967944325e-02 -1.779537592026788628e-01
8.122007156686063267e-02 -1.816994034090414212e-01
7.650955498075098782e-02 -1.795818734280328621e-01
7.991972993479747045e-02 -1.817324043241880516e-01
9.160945410207479989e-02 -1.917080698911497461e-01
9.110037791388392314e-02 -1.945858407940264101e-01
9.171295007362027796e-02 -1.939881844109068998e-01
9.518837735961643842e-02 -1.951098327588341452e-01
9.861585402782072074e-02 -1.961414037104159402e-01
1.009933160230467031e-01 -1.971767729133953040e-01
1.056655380080287754e-01 -2.004823098886576171e-01
1.098099171934186491e-01 -2.023288650341306116e-01
1.136888820727160465e-01 -2.036115055912965377e-01
1.160575920560717594e-01 -2.025013146940968234e-01
1.187889636363217427e-01 -2.012906256168737751e-01
1.256618542548017525e-01 -2.018124202500347075e-01
1.249345309539382776e-01 -2.005868238414573457e-01
1.233589472553123095e-01 -1.951710253424547570e-01
1.227468424533505326e-01 -1.917396332026825023e-01
1.261417600834168484e-01 -1.896903160304288516e-01
1.280426437265252404e-01 -1.881354566789881499e-01
1.272103748539796519e-01 -1.854743507713701445e-01
1.269666280558841287e-01 -1.826157203314314192e-01
1.270712048326036181e-01 -1.808895856314365058e-01
1.263589145285274329e-01 -1.757600702534814208e-01
1.252177331803302485e-01 -1.667722463179421577e-01
1.239387259541632758e-01 -1.613489211084499775e-01
1.229946000136788176e-01 -1.569785981513622808e-01
1.222823454024644652e-01 -1.518491166994355990e-01
1.213500286721667792e-01 -1.492932690414086050e-01
1.247451672407374618e-01 -1.463536786232687847e-01
1.209168347041567199e-01 -1.394199897429270196e-01
1.174294027502353205e-01 -1.351256373107057873e-01
1.113724581438166605e-01 -1.325743117482387767e-01
1.109112119645587202e-01 -1.292418101903100303e-01
1.097946873256398365e-01 -1.266221580336365504e-01
1.100038408790788153e-01 -1.231698886336467513e-01
1.114676678394113246e-01 -1.196858469801426461e-01
1.102685568217747630e-01 -1.174106879876916643e-01
1.092361922337249935e-01 -1.149600985792556679e-01
1.085239376225106550e-01 -1.098306171273289861e-01
1.076746491479393525e-01 -1.051497298133071967e-01
1.064020113563533543e-01 -9.997738070316117276e-02
1.052174830132328459e-01 -9.333038289484719974e-02
1.043894372051531877e-01 -8.363835785158897640e-02
1.036349946417575579e-01 -8.089537251889067360e-02
1.042502314909153349e-01 -7.905355878562693450e-02
1.035180461689836490e-01 -7.628722855444632078e-02
1.022934609466900485e-01 -7.300830440239117203e-02
9.778421438749655692e-02 -6.622888992593639612e-02
9.953788980284036803e-02 -6.157323722070881522e-02
1.008046425531233387e-01 -5.796859333923989194e-02
1.012452833721998596e-01 -5.509255923364287516e-02
1.006654725317473187e-01 -5.338382819930624634e-02
1.011517137239366509e-01 -5.050663681780061254e-02
9.819822716072627855e-02 -4.656394567742479923e-02
9.695467481271893839e-02 -4.433561395288550255e-02
9.467951582026795654e-02 -4.553472497052206414e-02
9.120354470576261252e-02 -4.439027555262168440e-02
8.995558065895828403e-02 -4.108912985196443851e-02
8.582345256076387430e-02 -3.927650351377983545e-02
8.406199218170914977e-02 -3.553184840162370434e-02
7.719191916568279854e-02 -3.107223991782509173e-02
7.343224293672076519e-02 -2.324654099431752025e-02
6.854928351405234488e-02 -2.063118154943717822e-02
6.680672400207271489e-02 -1.403262037404816656e-02
7.019990483485938348e-02 -1.191486783268014965e-02
7.247506382731036534e-02 -1.071575681504358113e-02
7.595682485502566750e-02 -1.208834733628858134e-02
7.669007571346142527e-02 -1.534546633598442462e-02
7.725078178383790184e-02 -1.630140831006305843e-02
7.899714460378906566e-02 -1.720441021301521642e-02
7.798703725720326774e-02 -1.473047590609690739e-02
8.062533364958561488e-02 -1.165028452380289896e-02
8.329188109964286157e-02 -1.238158446986208257e-02
8.405177026205168378e-02 -9.942564675750024603e-03
8.745074100804831052e-02 -8.052953237726640304e-03
9.119572922230524681e-02 -9.453103131679052237e-03
9.372088383857375693e-02 -5.063248796176527712e-03
9.534441476630307888e-02 -1.575084407851834369e-03
9.274514540945158481e-02 -7.964472914001922109e-04
8.839615003485264133e-02 -3.029751433770698846e-03
8.174756151888389055e-02 -8.197692233808272569e-03
7.975369619414583722e-02 -7.437930503665819704e-03
6.436428157493315205e-02 -8.638856411171732391e-03
5.601795049572557555e-02 -3.577548640419267369e-03
5.780118715768516047e-02 -8.533113616426776804e-05
5.887720120647117056e-02 3.388903181061433175e-03
5.938441316511602897e-02 5.889954983678453992e-03
5.568795509002203575e-02 7.177192485283894439e-03
5.245121712331472785e-02 8.339173001108902972e-03
4.960297354102542050e-02 7.684778295465363729e-03
4.488754397231580623e-02 6.846038036838290701e-03
3.833587809031056143e-02 3.255653939880598542e-03
3.316066883300468338e-02 2.097087583383642692e-03
2.885008704653718378e-02 3.745411242898485319e-03
2.399108596975051480e-02 6.315714143175178361e-03
2.144455278102452497e-02 9.515389633543022696e-03
2.036656233909604763e-02 9.716319734950962239e-03
1.696597378282363455e-02 1.058876447367352973e-02
1.348942314694726030e-02 1.175604888757544528e-02
9.616095267827555124e-03 1.011689184090331338e-02
7.816333464237846043e-03 5.928035632280819617e-03
6.263425025173741112e-03 1.905252825636126381e-03
