-1.698797937864392205e-03 -2.520945268695828304e-03
-1.037555041753299070e-03 -6.632259258132440494e-03
-2.414544110177005778e-03 -9.370062961075486738e-03
-2.407470922527214872e-03 -1.155864739075069744e-02
-3.567601556703704074e-03 -1.397464222425305949e-02
-3.829862020897864885e-03 -1.621570187152500397e-02
-2.116999551291734102e-03 -1.807187030998370567e-02
-7.631896065453182580e-04 -1.999806530599427049e-02
1.914062347830923581e-03 -2.273814166080210045e-02
5.335202883684230651e-03 -2.738339623541619777e-02
4.893456610132367393e-03 -3.324717616469832077e-02
6.224994682366621077e-04 -3.715457728451966590e-02
-4.815721967078940603e-03 -3.770157905811860610e-02
-8.344098935671472039e-03 -3.657182970473969036e-02
-1.606644892474756378e-02 -3.830939051922532812e-02
-1.765796330396009195e-02 -4.090257181885866011e-02
-1.683581597312865455e-02 -4.512231502541887845e-02
-2.180628438183898274e-02 -5.261404711335963130e-02
-2.417027142046631813e-02 -5.363374614213824859e-02
-2.593029934264754616e-02 -5.584042315176488552e-02
-2.795270335281245175e-02 -5.670043190217177037e-02
-2.976520649259041876e-02 -5.863777525995445689e-02
-3.312673815160357971e-02 -6.003824851690906655e-02
-3.434282278530693955e-02 -6.288448143697572545e-02
-3.486160030618359884e-02 -6.620061106604194223e-02
-3.675281627235666565e-02 -6.773395394605870312e-02
-3.869650745612646103e-02 -6.899796317423151359e-02
-4.053524820470279927e-02 -7.080063970609222490e-02
-4.194781269515619748e-02 -7.168161008050751015e-02
-4.198567411473164840e-02 -7.387894927690283331e-02
-4.337020379352685140e-02 -7.633866456128181321e-02
-4.313867640906245138e-02 -7.848344669652256023e-02
-4.489115037519120915e-02 -8.096828062259010805e-02
-4.911089358175143443e-02 -8.179042795342154892e-02
-5.091691992607180750e-02 -8.423905534762203551e-02
-5.675386585436337228e-02 -8.560927629324957544e-02
-6.065053890922164626e-02 -9.000286949916208590e-02
-6.306179367853260997e-02 -9.149775456741120194e-02
-6.488303823934971071e-02 -9.339023181584552025e-02
-6.523509942011747331e-02 -9.564878765087671264e-02
-6.603609568587640033e-02 -9.799481107902309474e-02
-6.602776121596537484e-02 -1.035379829495321619e-01
-6.663622382962611224e-02 -1.104593366728493231e-01
-6.857518829488551404e-02 -1.143782931055708774e-01
-6.883744875907966965e-02 -1.166193527528428253e-01
-6.999757939325614020e-02 -1.190353475863451804e-01
-6.999050620560635927e-02 -1.212239320160203859e-01
-7.141997049162679412e-02 -1.236924020671194974e-01
-7.136042208638028461e-02 -1.261503201486386672e-01
-7.645681589997346816e-02 -1.337131559547261317e-01
-7.563466856914202729e-02 -1.379328991612863431e-01
-7.717256207228606613e-02 -1.405622736471058010e-01
-7.667222361089531812e-02 -1.445651584194188044e-01
-7.243841587259335080e-02 -1.481201247957418810e-01
-7.053886543650925156e-02 -1.521299537862342011e-01
-7.143312785509095542e-02 -1.551931136384249454e-01
-7.132278581131801243e-02 -1.600640151942380185e-01
-7.171150760099359589e-02 -1.642866879164488481e-01
-7.016504306096174592e-02 -1.779638327077292803e-01
-6.643345952750386030e-02 -1.923335445476450356e-01
-6.235126553660357007e-02 -1.939145069572776048e-01
-5.679628041425330981e-02 -1.987497726194674130e-01
-5.557654090323668056e-02 -2.023795056175337614e-01
-5.327478719224645193e-02 -2.048665436975892484e-01
-5.235350133161010416e-02 -2.107909572189959890e-01
-5.389252714754491635e-02 -2.136535406683501559e-01
-5.183717216614729811e-02 -2.242028301868738416e-01
-4.559849038567134055e-02 -2.232203143419206337e-01
-4.350563420174779344e-02 -2.208090124466970394e-01
-3.247883886597616176e-02 -2.183344254253557770e-01
-2.780082276119346177e-02 -2.191469770040149201e-01
-2.557724595599978473e-02 -2.193195052495123532e-01
-2.319624349801590116e-02 -2.203000344505416097e-01
-1.966325543470245907e-02 -2.204970031019775623e-01
-1.366527610222006625e-02 -2.228230077778422247e-01
-9.450083518787127587e-03 -2.265214508990033015e-01
-6.646383584610448224e-03 -2.272798456809953793e-01
-1.613363437728404558e-03 -2.270447790430072388e-01
3.239799200542883536e-04 -2.288572821827851989e-01
1.009053484230754008e-03 -2.299818160229677722e-01
3.083281167604310855e-03 -2.277139223747052799e-01
7.158401970854819281e-03 -2.271063003546626713e-01
9.661864397472384042e-03 -2.287153660738303063e-01
1.136066233533677625e-02 -2.261944208051344940e-01
1.547310863756415529e-02 -2.252999689454886767e-01
2.042753158184060225e-02 -2.282486297362262828e-01
3.003942930370042189e-02 -2.271214443620507284e-01
3.380964103307728535e-02 -2.247094642310770718e-01
3.727846959642329427e-02 -2.233812955029368386e-01
4.041386547955153757e-02 -2.241682743628666818e-01
4.754687015020282043e-02 -2.237104084157722772e-01
5.228946605176202495e-02 -2.205498601107238055e-01
5.259371826184985194e-02 -2.170891080783478588e-01
5.222500148694097372e-02 -2.082613886702377737e-01
5.133257768589995218e-02 -1.929191770343501589e-01
5.728250345444241970e-02 -1.868674612020098103e-01
6.402720663222717656e-02 -1.851340307138423791e-01
6.410232505290262839e-02 -1.826498750235248381e-01
6.741772932030618004e-02 -1.779035557467754936e-01
6.952760092358628574e-02 -1.774924820813597870e-01
6.829437992733913831e-02 -1.711628672715194699e-01
6.980603582168480592e-02 -1.683988259597780368e-01
6.966429580811304978e-02 -1.662364791389011887e-01
7.095909326821150942e-02 -1.637942466966004762e-01
7.047445379172016799e-02 -1.584370845568193464e-01
7.123752816631004348e-02 -1.547005905750187260e-01
7.449177626667133345e-02 -1.532278812871266105e-01
7.777171270955145210e-02 -1.538002796840717279e-01
7.989033907955166158e-02 -1.534341406258812601e-01
8.984441090266838403e-02 -1.502366737729839696e-01
1.042234605558154392e-01 -1.482272567421318854e-01
1.058710445583443821e-01 -1.487915652624259844e-01
1.059537720872681943e-01 -1.465854846449915205e-01
1.070042726936534239e-01 -1.445636165554251840e-01
1.045824659547625324e-01 -1.445694889324073418e-01
9.968519782068058221e-02 -1.409573677458897389e-01
9.804090315901771435e-02 -1.325178813327692884e-01
9.966859737873537406e-02 -1.298710106591906277e-01
9.943706999427098792e-02 -1.277262285239499084e-01
1.037131741514861621e-01 -1.209755373453934579e-01
1.081194630093729042e-01 -1.187191856643501908e-01
1.089892298698201673e-01 -1.169655189138370383e-01
1.099697590708494516e-01 -1.145845164558531720e-01
1.131703862951422557e-01 -1.130756139817749306e-01
1.164865159242084863e-01 -1.135943915026515899e-01
1.182122768325339218e-01 -1.164732098575037428e-01
1.195549988871018321e-01 -1.188209015190394569e-01
1.218048133010938699e-01 -1.191280965904588512e-01
1.242120533678761352e-01 -1.202432926174100969e-01
1.253365872080587085e-01 -1.195582190532336470e-01
1.228850169525266683e-01 -1.165412550905293859e-01
1.205754780379049568e-01 -1.066006042810495741e-01
1.156321429838070153e-01 -1.032304468247867979e-01
1.152210693183912948e-01 -1.011205752215066783e-01
1.131835022439255656e-01 -1.014243519825895612e-01
1.107062907717873412e-01 -9.995002158722074426e-02
1.095949804778943160e-01 -9.615938415443404941e-02
1.107037682072648244e-01 -9.324084670555303489e-02
1.126911931875922285e-01 -9.220130501987580662e-02
1.102360756522531848e-01 -8.988392614126078373e-02
1.078544768020771039e-01 -8.722609654697408010e-02
1.063660000314086973e-01 -8.532613915976187957e-02
1.047877910420435682e-01 -8.344366461462794649e-02
1.035687297667769874e-01 -8.149128716201491096e-02
1.011963397603617421e-01 -7.696782766596542424e-02
9.902213256173107714e-02 -6.867822629526369738e-02
9.690518777080116275e-02 -6.690071553100419843e-02
9.659906454057891334e-02 -6.532951123141199357e-02
9.676704216294904071e-02 -6.762652487821080305e-02
9.336944628722025630e-02 -7.266841541560246920e-02
8.703983147737992532e-02 -7.390163641184961663e-02
8.427579016563851999e-02 -7.238998051750393514e-02
8.323678440055985728e-02 -6.849204618038438885e-02
8.445286903426324487e-02 -6.564581326031775077e-02
8.458046267253541139e-02 -6.343099122184417404e-02
8.560592648078993450e-02 -6.104123399714017628e-02
8.886017458115122447e-02 -5.956852470924806769e-02
8.957844331798633930e-02 -5.942858189853612860e-02
8.726741226535841833e-02 -5.880718706592440864e-02
8.529441164198819925e-02 -5.513779544542277838e-02
8.573615791554006771e-02 -4.927401551614065539e-02
8.875017901691273359e-02 -4.561150764222472731e-02
9.017383139754464594e-02 -4.430904060228427893e-02
8.913249250900759368e-02 -4.087753753791514150e-02
8.706635470228508977e-02 -4.151307874582644414e-02
8.526032835796472364e-02 -4.396170614002692378e-02
8.104058515140449837e-02 -4.478385347085836465e-02
8.296241896535187788e-02 -5.512624013252257621e-02
8.158315192566567564e-02 -5.833039326465817159e-02
7.953451030670240229e-02 -5.905573518914308123e-02
7.774824477572279957e-02 -6.112774537284774296e-02
7.269947049174545206e-02 -6.271717122186187821e-02
6.888199905796821287e-02 -6.201651429657549508e-02
6.712820333798456829e-02 -5.755895103175966143e-02
6.745456283055255298e-02 -5.325521901401436553e-02
6.816575837973787300e-02 -5.092669177362722094e-02
6.860762027707924260e-02 -4.865063975083679798e-02
6.930827720236561185e-02 -4.483316831705954492e-02
6.888605517517777665e-02 -3.955698362925505474e-02
7.112118729327167321e-02 -3.739751919811615949e-02
7.376972620023967975e-02 -3.688149509750697497e-02
6.776433522685627875e-02 -3.786519840744683590e-02
6.520719677197434061e-02 -3.622002134565092263e-02
6.098745356541412921e-02 -3.704216867648235656e-02
5.839427226578079028e-02 -3.545065429726983186e-02
5.435526280515854541e-02 -3.600460028904807486e-02
4.736147558355652959e-02 -3.191563817535160441e-02
4.397537454913433286e-02 -3.103772628605739811e-02
3.272680461954098619e-02 -2.400356881787246710e-02
2.699341887471115239e-02 -1.897007322198547216e-02
2.560642710298706784e-02 -1.830842337474628684e-02
2.199940580587630284e-02 -1.677466019792046500e-02
1.826752291879658874e-02 -1.507880512138763847e-02
1.600029416060314361e-02 -1.468186448559052545e-02
1.415268302151719178e-02 -1.285187850373429794e-02
1.191562473109298616e-02 -9.979468446462894451e-03
5.643585028256226793e-03 -5.050991783646233309e-03
4.657054480774306532e-03 -1.422391098370650014e-03
2.520945268695828738e-03 -1.698797937864392205e-03
