-8.622822718591238852e-04 -1.703841954460978995e-03
-2.498235503063114295e-03 -3.184862216010538125e-03
-4.046555823009718826e-03 -4.691078483542863303e-03
-4.996471006126228590e-03 -6.369724432021076251e-03
-7.048999697308305085e-03 -8.007359483414347098e-03
-8.513648115924843038e-03 -1.084184031051094177e-02
-9.894122752786347133e-03 -1.239640756748208034e-02
-1.335244588387468796e-02 -1.474355374670118998e-02
-1.693915883012290721e-02 -1.427148151544628540e-02
-2.013570927476713429e-02 -1.474966144461573730e-02
-2.419789359469195003e-02 -1.172994388860309350e-02
-2.402601787160934046e-02 -6.578730096023550737e-03
-2.542049575589088242e-02 -5.932006782244285924e-03
-2.983766539789432098e-02 -1.649166309646792061e-02
-3.460866121572660908e-02 -1.848435671812936193e-02
-4.244647844676489173e-02 -2.223346954000653131e-02
-4.615500451053664022e-02 -2.306211462596624226e-02
-4.837817653036200621e-02 -2.400246790402707150e-02
-5.046851509832832317e-02 -2.193019581989107472e-02
-5.260221128389947626e-02 -1.962410167769867292e-02
-5.401171274055061727e-02 -1.774004544654919982e-02
-6.071220608018957493e-02 -2.044942726848470241e-02
-6.631971083175350334e-02 -1.947429720965544384e-02
-6.878392913716058210e-02 -2.476350917328577067e-02
-7.447612952009505238e-02 -3.011869220099393923e-02
-7.801023843452974116e-02 -4.093273015392114023e-02
-7.897120222603333517e-02 -4.915259021931553396e-02
-8.364203843477396871e-02 -6.218425135178695662e-02
-8.189093411906098186e-02 -6.721765116015340769e-02
-8.309010092868596153e-02 -7.415166240432610745e-02
-8.511592422921876455e-02 -7.597090112032196807e-02
-8.517684794951729810e-02 -7.903583958134546839e-02
-8.531296125128748353e-02 -8.214241120055444656e-02
-8.449022123656986516e-02 -8.471893730041914206e-02
-7.973431088399039746e-02 -8.294323014813476114e-02
-7.576033982402634315e-02 -8.190652279470515829e-02
-7.246575650038271366e-02 -7.809742923125224945e-02
-6.996143897470773199e-02 -7.785459168230225713e-02
-6.688048751175659778e-02 -8.400608590649616403e-02
-6.716703057052471337e-02 -8.719576454297091328e-02
-6.098225155719615848e-02 -8.992587876960859983e-02
-5.614990637411104712e-02 -8.994265397598857903e-02
-5.287705240583772531e-02 -9.084594903943966904e-02
-5.145072819251082785e-02 -9.267160673276415850e-02
-4.929231069549531302e-02 -9.511126333024608193e-02
-4.874959473465533683e-02 -9.789170017744705521e-02
-4.780924145659450064e-02 -1.001148721972724143e-01
-4.704692517625747028e-02 -1.036145571342176608e-01
-4.470374903865966670e-02 -1.112845241663238532e-01
-4.453616106955753107e-02 -1.148183957311847969e-01
-4.551887800852263966e-02 -1.196016793800072781e-01
-4.961919180080234110e-02 -1.216532224645319876e-01
-5.161315252389977321e-02 -1.217980588362161248e-01
-5.321811221525532543e-02 -1.243787482000529854e-01
-5.521790516791954401e-02 -1.262449469956941350e-01
-5.603362469714947419e-02 -1.295430286829793165e-01
-5.227790269215146918e-02 -1.319527803800951415e-01
-4.720778164648312819e-02 -1.344092186056065896e-01
-4.303549511900358476e-02 -1.361960015521646028e-01
-4.096728778186175396e-02 -1.383725643898210678e-01
-3.632995100790332305e-02 -1.407675759038529706e-01
-3.161986155122346875e-02 -1.442268163383614576e-01
-2.827273268355863511e-02 -1.464635323531164324e-01
-2.356643590600697100e-02 -1.483172153997154019e-01
-2.068924310798303523e-02 -1.541333963523976447e-01
-2.046410487440584319e-02 -1.561505377229582270e-01
-1.886748714174707464e-02 -1.573850382877735876e-01
-1.645849955488618011e-02 -1.611773026616056259e-01
-1.723152447233487414e-02 -1.664399212878100998e-01
-1.494315492559927100e-02 -1.695809610184178529e-01
-1.342853369573084911e-02 -1.711001043419682899e-01
-1.175829270958873157e-02 -1.720791965214809593e-01
-1.054117337515941312e-02 -1.674424563446159087e-01
-1.109130225873302539e-02 -1.647152170984676200e-01
-7.053072146030079162e-03 -1.609859918197200646e-01
-3.682646061831653002e-03 -1.601785285755080168e-01
4.206566812589883418e-04 -1.581990027599202431e-01
2.362057517747776381e-03 -1.582366228420356014e-01
4.446477083007879111e-03 -1.577779350021911442e-01
9.593724239057020362e-03 -1.554668346335701112e-01
1.229059031195035498e-02 -1.554612382429931827e-01
1.569307329539556747e-02 -1.610177207666665389e-01
1.780820943286801766e-02 -1.632236255151318649e-01
1.852582967436833261e-02 -1.661650645225955791e-01
1.942970057067579595e-02 -1.683777271314998991e-01
3.135110393790958155e-02 -1.721833630534432280e-01
3.282161478853811570e-02 -1.738557986664006072e-01
3.618866099526352187e-02 -1.726759020544794687e-01
3.893092721887229934e-02 -1.666684860955545688e-01
3.781577719752757250e-02 -1.642290098658288622e-01
3.617497282756716032e-02 -1.631477313813805841e-01
3.463091498151702613e-02 -1.617307743627657002e-01
3.318773629848525974e-02 -1.599634578302300270e-01
3.129685089839642081e-02 -1.587627657986718233e-01
2.914317698016979929e-02 -1.512580543690308643e-01
4.109103744429611765e-02 -1.405123575636872679e-01
5.052404379723542116e-02 -1.362742912660871164e-01
5.195000085340034657e-02 -1.382658422763208828e-01
5.505712452467003554e-02 -1.395798349256900384e-01
5.728055274789448092e-02 -1.413821825591818071e-01
5.950398097111892631e-02 -1.431845301926735758e-01
6.119524077910307169e-02 -1.440906576086795343e-01
6.257741006815742413e-02 -1.460695947594073674e-01
6.419509116769089863e-02 -1.472311433927195323e-01
6.970334950425054188e-02 -1.497031289460186709e-01
7.018398177421820983e-02 -1.469645557850995377e-01
6.778388026588137716e-02 -1.448425606827567214e-01
6.382077633579208431e-02 -1.351409890759376342e-01
6.691544273451639768e-02 -1.311478647871679171e-01
7.208521657519463555e-02 -1.314199299039776059e-01
7.452568675032536505e-02 -1.337037297954398740e-01
8.374247115065676372e-02 -1.353470702627792843e-01
8.653278421018169297e-02 -1.331237148699346007e-01
8.820521982313905829e-02 -1.316532040193060527e-01
8.906750209499818272e-02 -1.299493620648450865e-01
9.052111734727563697e-02 -1.288268338277633596e-01
8.851033386750245535e-02 -1.290300687372724908e-01
8.436421803775757955e-02 -1.286340057028644845e-01
8.217910608758932645e-02 -1.264790994014940995e-01
8.026741694041131248e-02 -1.252407680341673935e-01
7.897054929543800839e-02 -1.209626576102963147e-01
8.322477383791557215e-02 -1.172244971921450052e-01
8.640706783700378979e-02 -1.165762595939291019e-01
8.614881426714267321e-02 -1.149210867251892476e-01
8.042256007375295224e-02 -1.138643273207316092e-01
7.657633548790163114e-02 -1.137443390628169321e-01
7.135611522959807440e-02 -1.068975218531159621e-01
7.425684258243382685e-02 -9.518174574910887031e-02
8.130816181437545975e-02 -9.089780459495931664e-02
8.263023791341196633e-02 -8.932641458131240775e-02
8.380639731743858012e-02 -8.771294237894877721e-02
8.956636794875705299e-02 -8.429000997357280478e-02
9.147628509751545844e-02 -8.443709003295185589e-02
9.328904743655536125e-02 -8.223243693257899223e-02
9.508103774153520149e-02 -7.999020187347384570e-02
9.460046545864819745e-02 -7.789952633949523420e-02
9.477672251442341433e-02 -7.599801415307293195e-02
9.412099916309410452e-02 -7.385688318107058725e-02
9.366961670860682321e-02 -7.177456806439540260e-02
9.069414767148351042e-02 -7.038788310330858222e-02
8.846530002034744267e-02 -7.154002191397419719e-02
8.671031133669203361e-02 -7.357158384945700069e-02
8.345822299212475592e-02 -7.462655692420312736e-02
8.130237371203156982e-02 -7.533337342800022762e-02
7.940086152560928145e-02 -7.515711637222502461e-02
7.630429823194281869e-02 -7.572729580753832790e-02
7.215011440587415503e-02 -7.280756540250346576e-02
7.153243677031895231e-02 -6.995811306918005290e-02
7.351138675305035619e-02 -6.857589923509303798e-02
7.439558518098109141e-02 -6.687837062638679608e-02
7.600960942410990573e-02 -6.539108156411516104e-02
7.757985873213169015e-02 -6.389113409730491633e-02
7.850784492717301222e-02 -6.220621934810462161e-02
8.632463239887272488e-02 -5.806371732902008281e-02
8.830597926246422369e-02 -5.796266872444651164e-02
9.035045280062160844e-02 -5.764264957129097006e-02
9.421217906976737944e-02 -5.592548320120468291e-02
9.531285113785811780e-02 -5.254353641282966114e-02
9.387601751361020208e-02 -5.075436110125854799e-02
9.170210474365425579e-02 -4.823117295231264118e-02
8.965198276007273204e-02 -4.637599487493014594e-02
8.826976892598571711e-02 -4.439704489219874900e-02
8.659536358770643372e-02 -4.343257631540405755e-02
8.429672690198479479e-02 -4.167175991802885004e-02
8.003964813195928174e-02 -4.289561825446275983e-02
7.771509505739505885e-02 -4.295318136223693489e-02
7.554473802811688399e-02 -4.505477459294476156e-02
7.278743729464197398e-02 -4.935850367378535886e-02
6.874479413621731316e-02 -4.983796996933945872e-02
6.297671246283073621e-02 -4.066767287121305502e-02
5.215153832203500706e-02 -3.744653092271268274e-02
5.044262032732427237e-02 -3.890653236242021251e-02
4.896726477088440832e-02 -4.043376745179456944e-02
4.719593255223417105e-02 -4.468957269873453236e-02
4.804379274858720794e-02 -4.723382531401567469e-02
4.842407903786724588e-02 -4.986471690644473514e-02
5.062271311926756084e-02 -5.252146751068014624e-02
5.293890046563488883e-02 -5.581278491587675361e-02
5.178635186987275846e-02 -6.096607487169410783e-02
4.608103915209830342e-02 -6.227860380348106822e-02
3.930437510629068015e-02 -5.778929651186513750e-02
3.817850511511904771e-02 -5.404261908944985732e-02
3.724025628564313350e-02 -5.181214168426728772e-02
3.757819133950823787e-02 -4.800496579128908647e-02
3.699729834472204743e-02 -4.168051512546811638e-02
3.706471577853153593e-02 -3.755039303270220341e-02
3.467735301492762268e-02 -3.387497589486036104e-02
3.272932073640177908e-02 -3.257089044401127731e-02
2.981357129918922946e-02 -2.913845651587897503e-02
2.743030348502471100e-02 -2.742441683642528327e-02
2.577478080697344354e-02 -2.639423150444482336e-02
2.264101174343069109e-02 -2.391071430947255827e-02
8.213058089028021577e-03 -2.087681995515191721e-02
4.342825741819273354e-03 -2.459910700570426545e-02
8.260138833800639846e-04 -2.553040025913438579e-02
-2.521697227495151017e-03 -1.972885384666668920e-02
-1.571782044378641253e-03 -1.805020789818847712e-02
1.982218929032632942e-03 -9.581469389878440740e-03
3.163493584857094039e-03 -1.282761364728296927e-03
