2.205124027922095338e-03 -2.574191303012017800e-03
4.902399818446736592e-03 -6.211408942128124507e-03
7.107523846368832797e-03 -8.785600245140143608e-03
9.507121119434637849e-03 -1.256063479629363280e-02
7.049572138653401737e-03 -1.480854894492283913e-02
3.080906367643615213e-03 -1.223110788715108151e-02
7.530614163036794279e-04 -9.991306621117955825e-03
-1.242490975425631066e-03 -9.249947219426752493e-03
-3.383632871124617018e-03 -6.813954530666547701e-03
-4.820978077498137317e-03 -8.686374258203857779e-03
-3.500720497148518667e-03 -1.018573128396284277e-02
-2.188567139624407725e-03 -1.317334328452728076e-02
-1.708724336384178982e-03 -1.525537365737848587e-02
1.963820367200559691e-03 -2.097121994897529346e-02
2.622800908561013101e-03 -2.302196069821324520e-02
5.320076699085655655e-03 -2.665917833732935061e-02
8.017352489610296909e-03 -3.029639597644545948e-02
9.730324754929848066e-03 -3.180756094335338707e-02
1.243427629242076921e-02 -3.522222113687367012e-02
9.756541027451213696e-03 -3.808199784716645442e-02
6.729093513113110388e-03 -3.819274325175912171e-02
4.493565710676090605e-03 -3.758832861326025926e-02
2.985739775967114189e-03 -3.727306555141834954e-02
6.231468528160280691e-04 -3.714699057652169623e-02
3.393652108222492206e-03 -4.183463861370650266e-02
5.744253089244058703e-03 -4.357986424635519607e-02
9.436634182620423292e-03 -4.880886852600550135e-02
7.935306844023798378e-03 -5.054308963929100146e-02
8.953785872716293892e-03 -5.493174030235432187e-02
5.838257067974763313e-03 -5.596751385308420396e-02
3.633133040052666674e-03 -5.339332255007218225e-02
2.146163358890910023e-03 -5.482398011887008177e-02
2.495714475090428375e-03 -5.810235113244858335e-02
3.524031132094224399e-03 -6.251225064347785965e-02
5.070084022190066500e-03 -6.539157363621866947e-02
6.783056287509616790e-03 -6.690273860312660748e-02
8.892479397111793110e-03 -6.952123678173911803e-02
9.164275573203763472e-03 -7.277103859433704802e-02
1.178746113282319076e-02 -8.122524723324266172e-02
1.330823155038246206e-02 -8.729828726039168263e-02
1.588709372609911630e-02 -9.008027477994370869e-02
2.060444246548316996e-02 -9.756494384575112311e-02
2.231741473080271071e-02 -9.907610881265903335e-02
2.452253875872480518e-02 -1.016503001156710551e-01
2.623551102404435981e-02 -1.031614650825789792e-01
2.991704287950496324e-02 -1.089247179721938713e-01
3.350355630978541638e-02 -1.141898540472944118e-01
3.632110488110997654e-02 -1.174873937681820829e-01
3.857759323381328848e-02 -1.195730678942362457e-01
4.051911226847650094e-02 -1.209784220344982120e-01
4.246063130313972034e-02 -1.223837761747601643e-01
4.421081338314163112e-02 -1.238777140276634409e-01
4.592378564846117533e-02 -1.253888789945713511e-01
4.812890967638327328e-02 -1.279630702975833867e-01
5.082613800663879355e-02 -1.316002705149900975e-01
5.312967512136235193e-02 -1.315987875201125590e-01
5.631128221666867328e-02 -1.314166704976033884e-01
5.919113362812942342e-02 -1.334267508474948627e-01
6.175030552794360389e-02 -1.361662082301257348e-01
6.153478154168725428e-02 -1.393253667398055284e-01
5.910015657388330984e-02 -1.415949711951130230e-01
6.170115716812035744e-02 -1.444247767328357412e-01
6.463928051819776976e-02 -1.479827527155106459e-01
6.821228384743080464e-02 -1.529120417552368161e-01
7.588239504190014140e-02 -1.611144204954237658e-01
7.762193647742443581e-02 -1.626132846721226044e-01
7.933490874274398696e-02 -1.641244496390305563e-01
8.122427413671295948e-02 -1.681357074238941374e-01
8.176043903111421263e-02 -1.714825805988193230e-01
8.276120181819800192e-02 -1.733234788358742340e-01
8.742703719886370239e-02 -1.812127843976973074e-01
9.049524424515999199e-02 -1.885509080643508195e-01
9.103140913956124514e-02 -1.918977812392760052e-01
9.304402932177013863e-02 -1.984337334225134419e-01
9.424706253838752157e-02 -2.035695433639330976e-01
9.489672974308104025e-02 -2.077610384549340161e-01
9.570387409715468141e-02 -2.122926773183363980e-01
1.003432386676152005e-01 -2.133074492180401516e-01
1.035326662207423920e-01 -2.180076931932603546e-01
1.070331009174494280e-01 -2.228221016301552004e-01
1.108078882716631020e-01 -2.281872353606027581e-01
1.120378750837507376e-01 -2.326005594598140880e-01
1.153899188305673451e-01 -2.385163956160027687e-01
1.163694003286959294e-01 -2.403671465006488317e-01
1.141003847650165076e-01 -2.352988841444182411e-01
1.127953634354540158e-01 -2.311138835224540999e-01
1.099093964491219405e-01 -2.246014794928603009e-01
1.091134830351784823e-01 -2.191739313698113922e-01
1.055541359208820168e-01 -2.140511172165919518e-01
1.022739319635865562e-01 -2.041777775024643804e-01
9.966551035607401632e-02 -1.957554583560023043e-01
9.903571742826353108e-02 -1.903800574291404646e-01
1.022541403398089938e-01 -1.901938170990020438e-01
1.044621215280720911e-01 -1.927602249178774485e-01
1.071593973185967358e-01 -1.963974425569935678e-01
1.118252326992624363e-01 -2.042867481188166134e-01
1.155068120149921745e-01 -2.100500184301409001e-01
1.178251130818225995e-01 -2.100804249277068991e-01
1.198065975178411874e-01 -2.113769052105948232e-01
1.235493705325123176e-01 -2.138846470924103960e-01
1.257369654484767896e-01 -2.158215144007243902e-01
1.277473779198788628e-01 -2.173756753587265389e-01
1.304501799030293729e-01 -2.208296319520931250e-01
1.326553039309514848e-01 -2.234038232551051328e-01
1.353525322612069981e-01 -2.270410234725118437e-01
1.375576562891290822e-01 -2.296152147755238515e-01
1.402553260780969313e-01 -2.332393286082645456e-01
1.433534047587321225e-01 -2.371428011265689917e-01
1.458978127064394226e-01 -2.398503690167563263e-01
1.483979137785462199e-01 -2.424622359886237366e-01
1.510456693910016968e-01 -2.453930303259159174e-01
1.547586193536327759e-01 -2.482824846907698557e-01
1.565959849843304441e-01 -2.498393119580057942e-01
1.583089572496499953e-01 -2.513504769249136905e-01
1.605140812775720793e-01 -2.539246682279256984e-01
1.585953774264720617e-01 -2.479261466807583247e-01
1.554700308561849098e-01 -2.437964889813400149e-01
1.520594460194074349e-01 -2.392180167994822082e-01
1.493895369691516928e-01 -2.362393720030300515e-01
1.474480179344885011e-01 -2.348340178627680852e-01
1.455224748858215400e-01 -2.334213066778020318e-01
1.426119851099256486e-01 -2.314705571394038708e-01
1.400492004938732882e-01 -2.287650758343805490e-01
1.383362282285537093e-01 -2.272539108674725694e-01
1.356389524380290645e-01 -2.236166932283564779e-01
1.329345918828150896e-01 -2.202151044002223501e-01
1.309044891355105600e-01 -2.186184133052990475e-01
1.269353305154406197e-01 -2.156216883923526284e-01
1.244819694422723971e-01 -2.131107777790653968e-01
1.224666306470747618e-01 -2.115459761765856872e-01
1.192978995333523612e-01 -2.070298136849907100e-01
1.170927755054302632e-01 -2.044556223819786744e-01
1.148876514775081653e-01 -2.018814310789666389e-01
1.131746792121886142e-01 -2.003702661120587147e-01
1.104754508511572725e-01 -1.967985200445504512e-01
1.077612499445808891e-01 -1.937242067707676541e-01
1.045106054190813177e-01 -1.894911986835501050e-01
1.003740937286091151e-01 -1.833447561677409021e-01
9.545506253791243012e-02 -1.755081056704448916e-01
9.100652796718035342e-02 -1.684088661006331311e-01
8.927344130395747923e-02 -1.630343766137322126e-01
8.527727024532651134e-02 -1.548349956166753805e-01
8.262999650472897806e-02 -1.498837494363583211e-01
8.151661957388287028e-02 -1.455132304771339924e-01
7.880558327170257560e-02 -1.423341990945956592e-01
7.551552666681596304e-02 -1.324395780915128829e-01
7.339433049811038001e-02 -1.250696446366773018e-01
7.332046419071398813e-02 -1.193336120914473691e-01
6.899477670952532116e-02 -1.126809594305025752e-01
6.678965268160322322e-02 -1.101067681274905674e-01
6.602739460657837400e-02 -1.061739448558263188e-01
6.683388429080860949e-02 -1.025346402259267875e-01
6.625063910680499546e-02 -9.569837152991041151e-02
6.631825541905335408e-02 -9.336284334907529736e-02
5.839979666390451157e-02 -7.407062259285790429e-02
5.786363176950325843e-02 -7.072374941793271863e-02
5.781961863770455207e-02 -6.843990257911163055e-02
5.728345374330329892e-02 -6.509302940418644490e-02
5.656972882920073553e-02 -6.311924057888973483e-02
5.564024938099925571e-02 -5.995446115304271795e-02
5.411978096139291594e-02 -5.448153530590935795e-02
5.526948842595490186e-02 -5.293590785684094968e-02
5.256870149286006766e-02 -4.941652955456515145e-02
5.028841325687829350e-02 -4.934272077123295214e-02
4.870730214286723980e-02 -4.518874978909611512e-02
4.681302957145811600e-02 -4.256101385100258261e-02
4.597880545578864053e-02 -3.797088388396264308e-02
4.603578112355939667e-02 -3.564028202692311187e-02
4.258542445958483913e-02 -3.064132897528108052e-02
4.321631858522979874e-02 -2.517280516029893334e-02
4.196651020563350876e-02 -2.028457828189624348e-02
4.135515510669050127e-02 -1.699831948746207202e-02
3.697794810427109530e-02 -1.798569702059745964e-02
3.602718736711439662e-02 -1.483077024234160692e-02
3.396784229024470136e-02 -1.202772744898191262e-02
3.291462205486979375e-02 -6.964575417527488037e-03
2.937792395048479180e-02 -1.960371176325394638e-03
2.724823941568299893e-02 -1.584488287890328979e-03
2.884094615594871847e-02 -7.966325627377609728e-03
3.380649433548228028e-02 -2.088038836697047457e-02
3.508755436660250526e-02 -2.281098349993913518e-02
3.594185046038887027e-02 -2.708198295421828869e-02
3.943092593040539717e-02 -3.680701414576800778e-02
3.642363867321836424e-02 -3.807666980736022083e-02
3.471066640789881308e-02 -3.656550484045228977e-02
3.299769414257926192e-02 -3.505433987354436565e-02
3.067556351192135197e-02 -3.279897163923805453e-02
3.166119506134736084e-02 -3.052250743598369440e-02
3.122753440238238212e-02 -2.943240133828376598e-02
2.877584989824999440e-02 -2.869567311256185013e-02
2.461269346038710143e-02 -2.491743626691774946e-02
2.055917056287100489e-02 -2.254710227941649284e-02
1.748315059649472453e-02 -1.965322260898036064e-02
1.527802656857262832e-02 -1.707903130596834240e-02
1.208859901544544029e-02 -1.237878733074814636e-02
8.110573360906732712e-03 -6.365515531727164444e-03
5.824557103989652998e-03 -4.216062420785894431e-03
3.883038069326434898e-03 -2.810708280523929476e-03
1.941519034663217449e-03 -1.405354140261964738e-03
