-2.141614593265918180e-03 -2.234488911467942106e-03
-3.074004793001263152e-03 -1.171233512705699767e-02
-4.748621067547686807e-03 -1.363065124483547712e-02
-3.223539217245156852e-03 -1.580402538268210061e-02
-2.543107759493747587e-03 -1.835190314667280512e-02
1.138764676549020049e-04 -2.319747357437535948e-02
-1.553978599743531877e-03 -2.860144870051165022e-02
-5.142377262758893695e-03 -3.100526214662031529e-02
-8.950605131251079816e-03 -3.308721513173170509e-02
-1.513483905828556970e-02 -3.344823250369824419e-02
-1.906314824213093881e-02 -2.989533293575091094e-02
-2.013244300497517986e-02 -3.087035831598410746e-02
-2.266876455154960557e-02 -3.386857321561926454e-02
-2.564639649839371358e-02 -3.526080197930094723e-02
-2.779021366760529507e-02 -3.641517929531104536e-02
-2.881090073622033509e-02 -4.121301382903015675e-02
-3.055316076144767509e-02 -4.422546636393195202e-02
-3.117418784690428185e-02 -4.622772720632700727e-02
-3.300492157871295212e-02 -4.813359578607767642e-02
-3.345036118077277659e-02 -5.014985654824542088e-02
-4.142891060629842054e-02 -5.713192524145091489e-02
-4.575547116910460427e-02 -5.721892285128290373e-02
-4.790652838736888380e-02 -5.907959771762386070e-02
-4.791302905161892028e-02 -6.113085590555092375e-02
-4.633893424150700019e-02 -6.404449333224569718e-02
-4.627293754857843278e-02 -7.158941383225297939e-02
-4.342619703174608464e-02 -7.676427381106772085e-02
-4.251418048599592964e-02 -8.453375898545580081e-02
-3.733807674439878349e-02 -8.930533105733763632e-02
-3.388875947728878929e-02 -8.889313050752463419e-02
-3.174883038345659853e-02 -8.778751756889736912e-02
-2.964150822772968971e-02 -8.709161350554071868e-02
-2.656928815044025047e-02 -8.623703760098751225e-02
-2.344320555194277789e-02 -8.544565749749079286e-02
-1.908751952440251518e-02 -8.487011846655702352e-02
-1.437355026227683102e-02 -8.768063661296764122e-02
-1.321585403274778622e-02 -9.187655482336022639e-02
-1.077046146428944917e-02 -9.617520340079496743e-02
-9.963999742918297486e-03 -1.003431170242973930e-01
-1.341081584079634528e-02 -1.041719088203864607e-01
-1.590208878793632555e-02 -1.047586448047320568e-01
-1.807941528987144775e-02 -1.063325458264369472e-01
-1.860201009659028307e-02 -1.101784801132876246e-01
-1.686263343588188801e-02 -1.124966296410093713e-01
-1.693742804501360832e-02 -1.145424426244673749e-01
-1.548177051212625173e-02 -1.168477975535174712e-01
-1.945370748784787038e-02 -1.208604985801577658e-01
-2.020378743871982172e-02 -1.263278227795874009e-01
-2.200522207193541385e-02 -1.282359675116082620e-01
-2.265554825598509875e-02 -1.302359522017331461e-01
-2.370581378421118129e-02 -1.322040489769332472e-01
-2.111331645890516043e-02 -1.337949627826276744e-01
-1.577284367829905401e-02 -1.372445055618710663e-01
-1.142284264521059925e-02 -1.432656919379810823e-01
-1.551406429168134503e-02 -1.477892264034127157e-01
-1.900432793281722071e-02 -1.526551825845825217e-01
-1.704012398034129155e-02 -1.537542720315557554e-01
-1.509619851067148764e-02 -1.551069434018477744e-01
-1.184005833589822816e-02 -1.561323376265572327e-01
-9.019173678894975080e-03 -1.549828098719457925e-01
-6.933691882408645792e-03 -1.545600768407711101e-01
-2.180860684609036305e-03 -1.595924068033894860e-01
-1.179585045899151155e-03 -1.625486941836030985e-01
3.747864083068860224e-04 -1.647244635564485693e-01
4.463444726879876498e-04 -1.667819455133895123e-01
5.659559232462381580e-03 -1.730585480442183299e-01
5.719448323360515687e-03 -1.752623826746720903e-01
9.247233386891665075e-03 -1.795294700362037310e-01
9.289551894044010757e-03 -1.815846805882193049e-01
1.087316290547880177e-02 -1.837627213659901726e-01
1.109106889602793321e-02 -1.858319318377784080e-01
1.249909242406594019e-02 -1.879959726957765587e-01
1.442774994347010599e-02 -1.918803598505111618e-01
1.951149323953453932e-02 -1.985490612860484338e-01
2.075388310898741706e-02 -2.014362512549427442e-01
2.293290844307071044e-02 -2.048889845773609886e-01
2.451247810688925513e-02 -2.079797023278331103e-01
2.941877232048231705e-02 -2.104718011775216779e-01
3.427978837740854046e-02 -2.130387849562976610e-01
3.578446361745006576e-02 -2.160843436328316047e-01
3.688031177232790198e-02 -2.182234941621189750e-01
3.886396084904557291e-02 -2.190787021808137391e-01
4.474752828233244384e-02 -2.253203713675181463e-01
4.969437921864858221e-02 -2.277960501605423849e-01
5.351539486397885459e-02 -2.313403950131860953e-01
5.333179889585635408e-02 -2.422622130445483413e-01
5.499569023706209203e-02 -2.439263704140575972e-01
5.920623707045213208e-02 -2.404922260299127146e-01
6.133477542246546649e-02 -2.405147152469260807e-01
6.311350348479591310e-02 -2.427083130735592786e-01
6.347743999010678484e-02 -2.451622279994126463e-01
6.833040912062589289e-02 -2.511548487850336353e-01
6.855756869511116236e-02 -2.528615028358249250e-01
7.111670408323186865e-02 -2.521623751691390303e-01
7.597054645430327546e-02 -2.495256442800145025e-01
8.078862957870175387e-02 -2.505381189466250325e-01
8.343383889813431320e-02 -2.520841611976608054e-01
8.616677508332976076e-02 -2.490819690320443813e-01
8.571697271296339904e-02 -2.435190358818599965e-01
8.512730880282966262e-02 -2.374932752602702257e-01
8.453764489269592619e-02 -2.314675146386804827e-01
8.445496893663308191e-02 -2.213000691610890192e-01
8.382505484824996633e-02 -2.135629034055266939e-01
8.359284446794323920e-02 -2.074871481835603160e-01
8.684657607500323451e-02 -2.023863216952094257e-01
9.100982305858143495e-02 -2.016383891349705360e-01
9.629727730058729174e-02 -2.068606286595094657e-01
1.023274478214131200e-01 -2.084311283989271069e-01
1.063967489175593750e-01 -2.123094294426072226e-01
1.122984049562388842e-01 -2.131530407277155703e-01
1.127458331912893769e-01 -2.112350872848583194e-01
1.169660603651717229e-01 -2.075562829078901050e-01
1.169627962456723236e-01 -2.055042461554182354e-01
1.153603545353711485e-01 -2.030693853660757997e-01
1.159996606037106553e-01 -1.993603860296323804e-01
1.177718651743870776e-01 -1.974498508099574723e-01
1.206844897319598597e-01 -1.935489863387572229e-01
1.302407281970353048e-01 -1.870952515026811092e-01
1.349168377685656672e-01 -1.881651344525799852e-01
1.368553180337663822e-01 -1.895860997677537019e-01
1.389634187540381427e-01 -1.888804309206476018e-01
1.402087965858150875e-01 -1.869279507356741976e-01
1.414151795713034232e-01 -1.849723014985018843e-01
1.424849699196835962e-01 -1.830058213937557632e-01
1.451835731511698369e-01 -1.799419905561725208e-01
1.480707631200641472e-01 -1.786996006867196396e-01
1.502208040582896087e-01 -1.774671646420784010e-01
1.537867730456559390e-01 -1.771918942953278620e-01
1.548485246258905490e-01 -1.756959831732743671e-01
1.487742036480753649e-01 -1.681530444844241412e-01
1.533531476349329070e-01 -1.620681767473979018e-01
1.543091911185516807e-01 -1.578346066697771943e-01
1.584778867175157258e-01 -1.540633716818685661e-01
1.589539029791661728e-01 -1.480931590809205778e-01
1.572472772411844799e-01 -1.456107439826411498e-01
1.568171029165343067e-01 -1.391853910775188718e-01
1.515397591824937384e-01 -1.308813795055422391e-01
1.569148377669461192e-01 -1.251544952804612976e-01
1.568256577357164672e-01 -1.199933164735849517e-01
1.558147051674310668e-01 -1.143266806034065608e-01
1.559575066973365176e-01 -1.040397566666589474e-01
1.517378271943386203e-01 -1.024172533322518786e-01
1.461962229965073357e-01 -1.011213128675916700e-01
1.442452403992592613e-01 -9.985640072097107245e-02
1.410187977668257153e-01 -1.016607537494702285e-01
1.379053766493110456e-01 -1.032778206718520386e-01
1.348579658683921045e-01 -1.006197741630888570e-01
1.335781287870507206e-01 -9.771000465722547157e-02
1.380864836515621752e-01 -9.324920958705655571e-02
1.443407219248048767e-01 -9.201019525674175581e-02
1.491535165278879416e-01 -8.927204279012743160e-02
1.502785766652457722e-01 -8.525813303146932698e-02
1.486016577572191466e-01 -8.449610928636706875e-02
1.467075129449710025e-01 -8.251908716975470126e-02
1.427772413664557538e-01 -8.206826303394397504e-02
1.404950414628971522e-01 -8.384975354646510837e-02
1.365340623886654448e-01 -8.366156658923167011e-02
1.337059175280614631e-01 -8.527189854278628689e-02
1.259252827382653095e-01 -8.373853472343868731e-02
1.214981548133274025e-01 -7.683744719924687216e-02
1.210399557472390669e-01 -7.051783545089480854e-02
1.165317811313460045e-01 -6.845019431155681400e-02
1.128116056982845089e-01 -6.265586891664576275e-02
1.138190227372399693e-01 -5.937870158664829146e-02
1.151912236750308738e-01 -5.743633324606815110e-02
1.162707835545052498e-01 -5.547057216450255318e-02
1.175475131995008665e-01 -5.250938383978753787e-02
1.111429033412400513e-01 -5.009417891379924076e-02
1.038195709153936913e-01 -4.713451258353074796e-02
9.732837251509092458e-02 -4.506581123706701608e-02
9.085333021763770944e-02 -4.045575789982954612e-02
8.944067310982982411e-02 -3.564061198883461401e-02
8.811209655299838406e-02 -3.297238821761518807e-02
7.477106263532999619e-02 -3.148654698347825437e-02
7.027437540787344339e-02 -3.284604043871060253e-02
6.283119389676229682e-02 -3.249801342443296714e-02
6.047420145856077095e-02 -3.041535949620028517e-02
5.842441120912148650e-02 -3.014395024844757423e-02
5.476202688881760122e-02 -2.596427979728828037e-02
5.255914899703829218e-02 -2.539592531914189669e-02
4.904440711460535118e-02 -2.158149404325797327e-02
4.734667974165437943e-02 -2.181919221869271439e-02
4.672565265619776920e-02 -2.382145306108776270e-02
4.507050640778588468e-02 -2.574132156061113147e-02
4.358921708689626057e-02 -2.831313879133680322e-02
3.930151845976399133e-02 -3.062194821737653991e-02
3.609803073775295218e-02 -2.955167769066366704e-02
3.415021719270375927e-02 -2.824777069775446028e-02
2.856303036822074176e-02 -2.284458292860680820e-02
2.197301211236616855e-02 -1.745958628816814129e-02
1.914875873805839401e-02 -1.606614538155185651e-02
1.717288581209950454e-02 -1.511340860809142969e-02
1.278081619071325635e-02 -1.072833583485834942e-02
1.119762581624684714e-02 -7.313282692477785993e-03
9.848131449341103807e-03 -5.153908474403849985e-03
7.844258683836835902e-03 -4.552346667736992952e-03
5.940002027195368135e-03 -2.702147657138568616e-03
3.922129341918417951e-03 -2.276173333868496476e-03
2.031872605049634632e-03 -2.503868398732881154e-04
