1.171661250902121618e-03 -1.749557633848228266e-02
-2.341248517124427844e-04 -2.282516133651621079e-02
-2.363172734627190432e-03 -2.383588585766355239e-02
-3.122895767119431443e-03 -3.193715035101295230e-02
-1.592024418334100693e-03 -4.792223554808478642e-02
7.204893963278313860e-04 -5.004310640128681320e-02
1.306320021778892195e-03 -5.879089457052795453e-02
-2.466335439762058854e-04 -6.231496381471119533e-02
-9.383034162323227291e-04 -6.455809963476012714e-02
-3.419095512280320628e-03 -6.876251589713629209e-02
-8.087000372060533862e-03 -7.566540638449581468e-02
-7.706996755095797333e-03 -8.212498711320689870e-02
-9.747542072955764358e-03 -8.445845577290234107e-02
-9.254679292847334954e-03 -9.751385079918228893e-02
-1.015699093195256489e-02 -1.046644307021044745e-01
-1.119147736096097988e-02 -1.078775911280379640e-01
-1.144350728267073784e-02 -1.117749852829154344e-01
-1.336857598431583430e-02 -1.146530957742974283e-01
-1.219690938067374830e-02 -1.321487520414029448e-01
-1.371810287635988508e-02 -1.369335299977638976e-01
-1.435734492451808293e-02 -1.391730744917726859e-01
-1.517994323436241619e-02 -1.414248981712607767e-01
-1.664757370702966977e-02 -1.442592876860981921e-01
-1.646645958508059088e-02 -1.485354527520717227e-01
-1.850693032705729227e-02 -1.508688361304039716e-01
-1.843879330631976662e-02 -1.567968467808988908e-01
-1.961804809460784491e-02 -1.605984918371657910e-01
-2.059659530210141212e-02 -1.638604941138969984e-01
-2.090448986944275916e-02 -1.677089611366135713e-01
-2.279649659770644973e-02 -1.702955028252031711e-01
-2.235712229043316374e-02 -1.768563639342898008e-01
-2.405607837897001319e-02 -1.797720002217076396e-01
-2.444827196817271273e-02 -1.849152824837290154e-01
-2.516719614652055889e-02 -1.895016559284694591e-01
-2.646049549513080495e-02 -1.941527485826721466e-01
-2.592744217185260353e-02 -2.044694286057698596e-01
-2.796791291382930492e-02 -2.068028119841021084e-01
-2.796844809548198682e-02 -2.109201304187240666e-01
-2.925442926454748654e-02 -2.139133665649130545e-01
-3.017711717914942776e-02 -2.172242160451819393e-01
-2.935118633939298380e-02 -2.203259532700430900e-01
-2.715190016513595664e-02 -2.203628478608114782e-01
-2.481851678680370432e-02 -2.224033186027881970e-01
-2.377426576569948227e-02 -2.342642887208996882e-01
-2.490580319663086503e-02 -2.399569515283815901e-01
-2.580051882410539649e-02 -2.432922618983610064e-01
-2.619224497146577582e-02 -2.470674208278293704e-01
-2.824674524489030267e-02 -2.491913112846797507e-01
-3.043375223366800650e-02 -2.493377729555975031e-01
-3.248913035644676595e-02 -2.514485551182384371e-01
-3.156790421347582115e-02 -2.520445733731321858e-01
-2.930722746456213001e-02 -2.529981693437080570e-01
-2.759700016678093629e-02 -2.557512511565280255e-01
-2.708416325068088021e-02 -2.598736105367799865e-01
-2.475077987234863136e-02 -2.619140812787566497e-01
-2.255061584873736813e-02 -2.619640841637345119e-01
-2.025932641748855872e-02 -2.633759962126424603e-01
-1.462270031276965802e-02 -2.640640069822764446e-01
-7.910569584775855451e-03 -2.643117153970253597e-01
-5.332801036988623830e-03 -2.660727191118176238e-01
-9.589469166796703390e-04 -2.657798064754620659e-01
1.533283093004154810e-03 -2.676386279138370239e-01
3.760633682896800511e-03 -2.680945882761923693e-01
6.024736547864227229e-03 -2.691005428477227790e-01
8.309886386373376704e-03 -2.704207767657876849e-01
1.051610472136111155e-02 -2.705623832057253431e-01
1.284957338105655392e-02 -2.726029285235853084e-01
1.504614607862766150e-02 -2.726005035844653035e-01
1.734094155455343997e-02 -2.740647688815878724e-01
1.959547871072746597e-02 -2.749266867213206456e-01
2.183239500941350913e-02 -2.755266838154736275e-01
2.445901076073843383e-02 -2.772318282373742448e-01
2.883294480967061452e-02 -2.769389102482787690e-01
3.569160498516413260e-02 -2.827146881123774325e-01
3.756177756140666180e-02 -2.858911708501915006e-01
3.891299801750734005e-02 -2.879974160608560485e-01
4.062902078269322453e-02 -2.924075564609588396e-01
4.146414200683683215e-02 -2.997706381467596937e-01
4.365106906699131595e-02 -2.996241818285819147e-01
4.597831285258389966e-02 -3.015729744397155354e-01
4.698276080696582591e-02 -3.087142840185552184e-01
4.855225951416358710e-02 -3.136866924605724583e-01
5.242984085900142394e-02 -3.148213606228467132e-01
5.828191522092541349e-02 -3.147978102281230317e-01
6.061529859925766928e-02 -3.168382809700997504e-01
6.082721645985957049e-02 -3.190208241362230135e-01
6.243670391165783567e-02 -3.177160381333528627e-01
6.833295449208376393e-02 -3.163871924004376113e-01
7.466092389634874926e-02 -3.167921379697019590e-01
7.730823030706752974e-02 -3.176277524452475465e-01
8.138924636690421377e-02 -3.129609004072198553e-01
8.790552084997702020e-02 -3.124455898113756569e-01
9.115025173622309795e-02 -3.139514952601856757e-01
9.468110542485973224e-02 -3.146226830819905951e-01
9.723855179051429931e-02 -3.127413787080025598e-01
9.778376534459262692e-02 -3.083113158277991372e-01
1.018647068285460366e-01 -3.036445490711346951e-01
1.040629864842015362e-01 -3.034709983151837043e-01
1.061333519164055772e-01 -3.015828120154941394e-01
1.095710725129415281e-01 -3.004712799085534902e-01
1.130087931094774928e-01 -2.993597478016128965e-01
1.159696433330700410e-01 -2.974119266259750982e-01
1.224903017101740405e-01 -2.969620775725550499e-01
1.223438453919962754e-01 -2.947751505124006077e-01
1.256147943242947040e-01 -2.905834930772310254e-01
1.312104075874870879e-01 -2.884987257044397957e-01
1.360245952506802247e-01 -2.890839699333693780e-01
1.376655610342828462e-01 -2.878559980684243791e-01
1.368392889844582960e-01 -2.749280269294606671e-01
1.388797597264349870e-01 -2.725946435511284460e-01
1.410403780696623255e-01 -2.720553380497827134e-01
1.431360997935560153e-01 -2.705469779204148217e-01
1.442468354373990791e-01 -2.682757776847302655e-01
1.445980147274417982e-01 -2.660555244655547491e-01
1.466428693634497238e-01 -2.637876026296466225e-01
1.488297964236042215e-01 -2.636411463114688436e-01
1.490746056470173830e-01 -2.617962934751047466e-01
1.503162697284486371e-01 -2.595164053799810522e-01
1.511447083512152123e-01 -2.534230955791311746e-01
1.510765903296639456e-01 -2.445485474213174582e-01
1.530253829407975663e-01 -2.422213036357248606e-01
1.528789266226198151e-01 -2.400343765755703906e-01
1.545789014296431729e-01 -2.377237958694883302e-01
1.551103983785374341e-01 -2.340707868840658512e-01
1.528531545449787477e-01 -2.298284017725093498e-01
1.493231977048826153e-01 -2.262237847375951072e-01
1.488310270962502069e-01 -2.241783529896838323e-01
1.422701659871635771e-01 -2.246177272969571148e-01
1.393292708893042464e-01 -2.229336298485982415e-01
1.384363611587956788e-01 -2.207966920269753275e-01
1.373490501446237300e-01 -2.196855947162444644e-01
1.351235351820627983e-01 -2.192558455895681213e-01
1.329341831827882403e-01 -2.172057292101747805e-01
1.327877215118705156e-01 -2.150187222213970906e-01
1.270719172595434210e-01 -2.151121492405752289e-01
1.233462138445873407e-01 -2.138883877548965473e-01
1.220473466367013177e-01 -2.117786364995550008e-01
1.212984629325105090e-01 -2.096319731118922447e-01
1.191353275216549407e-01 -2.075801010337904318e-01
1.189888712034771617e-01 -2.053931739736359618e-01
1.169174139234646359e-01 -2.033351623027944977e-01
1.158769004870444513e-01 -1.982089047871714860e-01
1.124684365393955054e-01 -1.950433505909001941e-01
1.057812882363185630e-01 -1.935969688903439456e-01
9.939667527594935048e-02 -1.878288655199378265e-01
9.925021895777158543e-02 -1.856419384597833289e-01
9.507065645106496654e-02 -1.817651360254181614e-01
9.344197131057506434e-02 -1.774806569667782274e-01
9.213489588497718319e-02 -1.742664641759119060e-01
9.045628778813265269e-02 -1.721821437881433103e-01
8.984963637640699941e-02 -1.698023556980183812e-01
8.518286961974248783e-02 -1.657214142140649438e-01
8.460331264579000476e-02 -1.633529787194409888e-01
8.291159625473598638e-02 -1.612695361810266292e-01
8.169129888348357349e-02 -1.591545231822996675e-01
8.013733340961531892e-02 -1.563778095884993113e-01
7.596811697980816735e-02 -1.522634673696416086e-01
7.567520434345260949e-02 -1.478896132493326132e-01
7.137506482879718561e-02 -1.437840388185373242e-01
6.985116611335982773e-02 -1.394925423178035029e-01
6.727964828600674352e-02 -1.352712841084119932e-01
6.397977754553814400e-02 -1.303884227851952182e-01
6.330220104943366788e-02 -1.243959693107627440e-01
6.096881767110141903e-02 -1.223554985687860114e-01
6.066522167965645446e-02 -1.201790949954023996e-01
5.892115204038778781e-02 -1.180991585016649970e-01
5.775320256461005664e-02 -1.159805595296378444e-01
5.609094462101232165e-02 -1.131585101297167134e-01
5.202651461625768664e-02 -1.090371504687650955e-01
5.173360197990214265e-02 -1.046632963484561418e-01
4.952236854561578583e-02 -1.024830548049455586e-01
4.870406881166781943e-02 -9.871000788833349249e-02
4.602775920652222436e-02 -9.449568719241265013e-02
4.277830175854341332e-02 -8.879389347234707686e-02
4.193085796103634966e-02 -8.105019304823347925e-02
3.959747458270409387e-02 -7.900972230625677439e-02
3.892790450574221822e-02 -7.058323092564390555e-02
3.702352792112440644e-02 -6.689600428539983767e-02
3.590801697492453093e-02 -6.477397384457898866e-02
3.497586229041078215e-02 -6.263966421827880937e-02
3.294864216940927154e-02 -5.986830984911204606e-02
3.250926786213598207e-02 -5.330744874002538852e-02
3.024393083366646792e-02 -5.110457658139605508e-02
2.924996297817128096e-02 -4.392314419919695484e-02
2.766998417208678396e-02 -3.899085856053913224e-02
2.614851574850944604e-02 -3.689601468599965767e-02
2.521706150347853212e-02 -3.438013389614923837e-02
2.055029474681402749e-02 -3.029919241219582865e-02
2.015259033266597610e-02 -2.593227580535753529e-02
1.827128595867796509e-02 -2.337482943970296823e-02
1.712305716443166329e-02 -1.997898734523489636e-02
1.604813646343352523e-02 -1.649931367074779567e-02
1.412071056247872838e-02 -1.443165636248970422e-02
1.397425424430095466e-02 -1.224472930233522737e-02
1.166700217302445164e-02 -1.020242828576679167e-02
1.106223512925456551e-02 -8.046193836570661798e-03
8.236072831315279300e-03 -4.736467392109372163e-03
4.549332632099805339e-03 -2.326183136855367647e-03
2.333383378332251883e-03 -2.040470741976706161e-03
