1.637876187410497789e-04 -3.532603680766964547e-03
-1.311197847082883061e-03 -5.650031940010603881e-03
-1.612298162128309332e-03 -9.311580684865922511e-03
-5.022617712684186025e-03 -1.244182670940017360e-02
-9.010881401223913567e-03 -1.415687005865992609e-02
-1.238633712614155280e-02 -1.929394669195025683e-02
-1.344233782454970841e-02 -2.301076616622771756e-02
-1.528758587895798736e-02 -2.678537111528041595e-02
-1.593396937300180574e-02 -2.961834514210678893e-02
-2.051145863295658275e-02 -3.082455810218490133e-02
-2.344765297266476409e-02 -3.312666507701558793e-02
-1.970265019347093582e-02 -3.763034262598540652e-02
-1.764492894628884659e-02 -4.170558496800697013e-02
-1.615555635433283885e-02 -4.390785887278044614e-02
-1.531751330173238869e-02 -4.993529033042336251e-02
-1.662884085822744634e-02 -5.275662471812198051e-02
-1.509804055622936125e-02 -5.446427114293137667e-02
-1.472963790710047488e-02 -5.796462819907419878e-02
-2.100447477847252123e-02 -6.543570022612280046e-02
-1.922094523255702195e-02 -6.729734038934391538e-02
-1.973421190437808434e-02 -7.124172322031932514e-02
-2.448556961971451451e-02 -7.596215043657734978e-02
-2.817224281738109695e-02 -7.531789454429796415e-02
-3.095933326468138305e-02 -7.188245054093084230e-02
-2.993762334726734337e-02 -6.816819433674319029e-02
-2.931747721206407614e-02 -6.745006513564798245e-02
-3.088647465160069758e-02 -7.287757029999533676e-02
-3.148635410430048603e-02 -7.740616396891468465e-02
-3.191880410621978498e-02 -8.233645112945697786e-02
-3.068178070492103351e-02 -8.391900747702406294e-02
-2.770619740535317649e-02 -8.309743231172433964e-02
-2.389516698321342628e-02 -8.544018788747487214e-02
-2.280657621938428012e-02 -8.899998911531516177e-02
-2.552678582026945975e-02 -9.283860254397599543e-02
-2.911417005463084323e-02 -9.354973928267049099e-02
-3.117604515724366546e-02 -9.201030966891304841e-02
-3.432851601403102970e-02 -9.571675937325539729e-02
-3.252907035447338835e-02 -9.755996867748127632e-02
-3.253099189175970990e-02 -1.009494729096790389e-01
-3.315400557182504593e-02 -1.031598079035126320e-01
-3.014386923514168412e-02 -1.065789213958977799e-01
-2.938590999967385237e-02 -1.096281719398033427e-01
-2.793201687322913185e-02 -1.132302367626939060e-01
-3.028424531265377917e-02 -1.206813588785273783e-01
-3.385385744644211353e-02 -1.265830704383978933e-01
-3.793560916536518196e-02 -1.332639076674624057e-01
-4.367956480408449749e-02 -1.377379120900303622e-01
-4.494281249112969112e-02 -1.400382862735918554e-01
-4.595747601521873310e-02 -1.425532291759955272e-01
-4.506146640873248677e-02 -1.443073523883977860e-01
-4.419666914429062898e-02 -1.502292843744186812e-01
-4.683358876432915791e-02 -1.547345769175189345e-01
-4.704892636416110191e-02 -1.583898464658980987e-01
-4.856993278582987655e-02 -1.604675329657730964e-01
-4.840614516708882653e-02 -1.640001366465400345e-01
-4.993636701825521218e-02 -1.660698650895939543e-01
-5.013453113176843945e-02 -1.697238772652965300e-01
-5.278988161080221120e-02 -1.742132536947546551e-01
-5.355156130175902501e-02 -1.811253375469647209e-01
-5.707770156913530984e-02 -1.863252433263934971e-01
-5.859525432820373442e-02 -1.906882036177733886e-01
-6.307887834947668859e-02 -1.943540958411615338e-01
-6.658210295048160032e-02 -1.962147042830288124e-01
-7.006773966782796348e-02 -1.983155321005978799e-01
-7.383229330237484067e-02 -1.966075672203591862e-01
-7.423737885876727227e-02 -1.962577523933888846e-01
-7.338401999091996586e-02 -1.991965301666095423e-01
-7.683481415361366473e-02 -2.043650737311590859e-01
-7.787532731637651640e-02 -2.085292423568792519e-01
-7.469361702452943785e-02 -2.119357412646687422e-01
-7.391389105694015638e-02 -2.155181036752305268e-01
-7.541646661961366738e-02 -2.176117062887476528e-01
-7.506314419911877533e-02 -2.212598193212342301e-01
-6.394090737780698530e-02 -2.306394834248471637e-01
-6.015350844918903456e-02 -2.297153592016039358e-01
-5.536198748681559617e-02 -2.248367593984712531e-01
-5.260729353697427696e-02 -2.238244334931492885e-01
-5.049388321050565093e-02 -2.185295135407887834e-01
-4.493586906623748406e-02 -2.108091457690004500e-01
-4.319233418476453590e-02 -2.063520503082462154e-01
-3.876903165460545558e-02 -2.029234488944449688e-01
-3.595982708186232224e-02 -2.035974710100750540e-01
-3.415922708186717310e-02 -2.033362520991006395e-01
-2.708530155699186148e-02 -2.020680137945315979e-01
-1.888033890998565278e-02 -1.968101093855209593e-01
-1.430836164965820778e-02 -1.942330576932318476e-01
-9.637330428395802714e-03 -1.898289756507231252e-01
-5.729441758666821254e-03 -1.884303336668559647e-01
-3.757328824760788194e-03 -1.867422037533199297e-01
-3.305342965756816057e-04 -1.863101775074526012e-01
3.038281765450241267e-03 -1.826137862079445784e-01
6.547854251090690428e-03 -1.822533416156367769e-01
8.437084511161398875e-03 -1.804936377154477967e-01
1.174419083916399854e-02 -1.799582537803799120e-01
1.383599197325256248e-02 -1.783734815560444331e-01
1.694047890250057267e-02 -1.776632221367663023e-01
1.923479471896372486e-02 -1.762533330635476236e-01
2.213681549057386691e-02 -1.753681343015094374e-01
2.616067643409901791e-02 -1.740213780726234116e-01
3.235450846613024262e-02 -1.709805856966568616e-01
3.664396841162592677e-02 -1.680792236834688924e-01
3.914085510210695701e-02 -1.668442662861037429e-01
4.204287587371709906e-02 -1.659590675240655566e-01
4.548203580347057878e-02 -1.632234490109846503e-01
4.903173719206836700e-02 -1.619976312646291827e-01
5.244331411530078757e-02 -1.588845587264136328e-01
5.602070322679963271e-02 -1.580361873382862548e-01
5.940459242713099636e-02 -1.545456684418426430e-01
6.300956454515092842e-02 -1.540747510788499086e-01
6.485546740545682087e-02 -1.554920268483865053e-01
6.528464255550274487e-02 -1.514588403527961369e-01
7.152605887496854553e-02 -1.448268572803588783e-01
7.509209077454830072e-02 -1.438240854233864829e-01
7.851492019331982042e-02 -1.408654210209225044e-01
8.412047434565268766e-02 -1.370914873268080925e-01
9.447197724593370260e-02 -1.293478893857436529e-01
1.015459027708090212e-01 -1.280796510811746114e-01
1.041256159434820611e-01 -1.269162191457256506e-01
1.067422393588823015e-01 -1.257845632459177188e-01
1.115833521525970290e-01 -1.246453239363613241e-01
1.155344285773884372e-01 -1.254858300717741904e-01
1.159913045234295531e-01 -1.235981756398093212e-01
1.232168089357986024e-01 -1.141515517734894292e-01
1.282725264765761097e-01 -1.113493194997243335e-01
1.316727461878894612e-01 -1.080818464926637940e-01
1.352613877949273846e-01 -1.073878832402879735e-01
1.386340244997196491e-01 -1.037429562080927764e-01
1.421766865853209549e-01 -1.033628233841131783e-01
1.440291113190444450e-01 -1.015713357813766010e-01
1.476114737296062018e-01 -1.007916098137873195e-01
1.510179726373957199e-01 -9.760989952194024100e-02
1.542246918532989008e-01 -9.782359969583546977e-02
1.560880991518689143e-01 -9.842021736975600787e-02
1.597164481741958075e-01 -9.697303259436236555e-02
1.679527145760543738e-01 -1.000353558229952061e-01
1.733670096793556992e-01 -1.062538581602305854e-01
1.751990204189667888e-01 -1.060679291622955017e-01
1.787022450199717005e-01 -1.042073207204281954e-01
1.789214992044804997e-01 -1.030787455202889780e-01
1.780919583154531582e-01 -1.001122729338387585e-01
1.792170946102271123e-01 -9.769272966381456480e-02
1.781152126006764758e-01 -9.595367958971774691e-02
1.775480526299675899e-01 -9.268348350444235995e-02
1.833655381367058634e-01 -8.544429274301429400e-02
1.872199521502537212e-01 -8.461011717377599217e-02
1.871021854873574641e-01 -8.111725525237767354e-02
1.884880505172781273e-01 -7.919606247903245022e-02
1.867680807095512541e-01 -7.726070654673693194e-02
1.871721734177721197e-01 -7.359166975746558870e-02
1.892718224861141829e-01 -7.022970878152164087e-02
1.878142335967057652e-01 -6.799062935040095512e-02
1.863138980267478872e-01 -6.446097439917153338e-02
1.838527896703628650e-01 -6.100166331566968247e-02
1.776479702515402492e-01 -5.376304873668973083e-02
1.706849145762287245e-01 -4.606250913411784331e-02
1.652258558897590768e-01 -3.982143852383250582e-02
1.611996073490671033e-01 -3.430336738146623488e-02
1.598374180920381360e-01 -3.195381517966062318e-02
1.590794588565702938e-01 -2.890456463575507076e-02
1.575423864484245540e-01 -2.675752711632405079e-02
1.569593026971669580e-01 -2.350565717366391583e-02
1.518961413913433034e-01 -1.866727228010893816e-02
1.467958118243732901e-01 -2.356848179069978566e-02
1.431238246214234788e-01 -2.394945049968757664e-02
1.394960710755469846e-01 -2.057555642221876868e-02
1.383715035800503201e-01 -1.746692498858750872e-02
1.317197269753185573e-01 -1.731574742533947830e-02
1.278949293122866038e-01 -1.478423674119998428e-02
1.247438679693942537e-01 -1.450608475246467806e-02
1.222447926558960368e-01 -1.347304656102366049e-02
1.193704666975154566e-01 -1.438206330188178568e-02
1.168459899101848554e-01 -1.559319505352046303e-02
1.140447433942627931e-01 -1.490995750839271307e-02
1.111958532537942607e-01 -1.428200487334414792e-02
1.062679848966945340e-01 -1.140867176313511630e-02
1.018632457799045488e-01 -9.790689880981041579e-03
9.670517501752914913e-02 -6.365027261427133945e-03
8.981984537716046491e-02 -5.497848098848325850e-03
8.682274342860014926e-02 -4.259766299022624270e-03
8.036096454769882380e-02 -4.465518644229241052e-03
7.791624830012665315e-02 -2.997282963864610073e-03
7.434678290136920165e-02 -3.129238355321359907e-03
6.865511009650990260e-02 1.576907035427258354e-03
6.456297128919072370e-02 2.105253935882271492e-03
5.748121485568061240e-02 7.658280600430489998e-03
5.253284254532353953e-02 9.279571101959602566e-03
4.537227216387344775e-02 1.637925258431719225e-02
4.402599902048663638e-02 1.874723564511803636e-02
4.030666480085608183e-02 1.983758331616358728e-02
3.736317656893659717e-02 2.093293863035173424e-02
3.475581710777068262e-02 1.979338086536601773e-02
3.216688850560001783e-02 1.863790698673814875e-02
2.935701436205952197e-02 1.767323237286921866e-02
2.590523984771039845e-02 1.510918781495201348e-02
2.236804832732825279e-02 1.371178844652629590e-02
1.998824681667271327e-02 1.488294569714508284e-02
1.294468612940248217e-02 7.545406573800023282e-03
8.578919890991390865e-03 5.802724026375916631e-03
6.461491631747751964e-03 7.277709492199847981e-03
