-1.354856790525316634e-03 -4.115772587991774374e-03
1.898657908825774395e-03 -1.423855371379838947e-02
1.375114094132974399e-03 -1.843007490050587588e-02
3.577183472957836795e-03 -2.196444131861464283e-02
7.916254311859582601e-03 -4.365316206508014496e-02
7.059144197192632718e-03 -4.836994580574240782e-02
5.243835926495413018e-03 -5.089389368059326485e-02
1.817603523541204413e-03 -5.055400915509301180e-02
7.027887729467743828e-04 -4.892055370572979955e-02
-1.673085795738014697e-03 -4.841948229382724012e-02
-2.808871251008034347e-03 -4.669904261439519061e-02
-4.716371637441992004e-03 -4.814073699207679913e-02
-5.004987608596054433e-03 -5.063411582509473596e-02
-5.919884536772035931e-03 -5.447504895273285602e-02
-7.248124601263453625e-04 -5.394359938617751538e-02
1.529825179853640726e-03 -5.725054797119801669e-02
9.438866788696806398e-04 -6.111956931562173567e-02
-3.991212214647556732e-03 -6.514737816646663793e-02
-7.716099671883579723e-03 -6.935897713928422526e-02
-1.007768544547874706e-02 -7.146238515077810161e-02
-1.338286000013829205e-02 -7.092459088187827443e-02
-1.567833975644265451e-02 -7.075698851475129003e-02
-1.743212930919779691e-02 -6.768214345745035554e-02
-2.014720776266369293e-02 -6.278341440355653114e-02
-2.324782786513626687e-02 -5.469471883793873557e-02
-2.534846094852493889e-02 -5.673521473540583254e-02
-2.664544433702865922e-02 -6.128192595057981723e-02
-2.430086255507952001e-02 -6.464387461423415360e-02
-2.440683708500166263e-02 -6.821310327046667399e-02
-2.952320655441631470e-02 -6.970735410253341147e-02
-3.338912648747355272e-02 -6.875250797659852864e-02
-3.320720288775937112e-02 -7.249778389307355575e-02
-3.500286307148552101e-02 -7.440337941636641916e-02
-3.537070974429223219e-02 -7.599545989168263183e-02
-3.291197496816671009e-02 -7.696741912852630985e-02
-3.045920426010943066e-02 -7.778744746543711508e-02
-2.891446873029341127e-02 -8.120416811974658089e-02
-2.721572350043969732e-02 -8.436896798570266143e-02
-2.917499762474586381e-02 -8.680491968590905993e-02
-3.399664555547207700e-02 -8.551284417663035375e-02
-4.390093759145997920e-02 -8.687283775159221344e-02
-4.495581670999896501e-02 -8.714246342289296010e-02
-4.558736446700477341e-02 -8.954979404859111924e-02
-4.369053441670373711e-02 -9.239071844362795050e-02
-4.556251954119718006e-02 -9.735217462775343222e-02
-4.385275019789805495e-02 -1.004990079452018348e-01
-4.195848870124089386e-02 -1.053655247596819583e-01
-4.012536528824954540e-02 -1.071786569750757673e-01
-3.813924411979611323e-02 -1.088628635510495574e-01
-3.562218452899255233e-02 -1.067679929245688025e-01
-3.242704370918229190e-02 -1.074857303883605258e-01
-3.264225745067077938e-02 -1.120017417289214529e-01
-3.355648478495899811e-02 -1.153362935404895484e-01
-3.449247734720572306e-02 -1.178170216325522823e-01
-3.181110178443680853e-02 -1.181216897624709217e-01
-2.935315676829319820e-02 -1.200449972121801351e-01
-2.974702942785166504e-02 -1.234381786081701488e-01
-2.887467272453444339e-02 -1.250840673771958511e-01
-2.512257339900729816e-02 -1.219397701758937191e-01
-1.806906462068983907e-02 -1.184904127264778950e-01
-1.154297978158217580e-02 -1.132353235727106000e-01
-7.732049260472777415e-03 -1.142801580848822190e-01
-7.802012871530384849e-03 -1.178713693903659515e-01
-9.652973140333262828e-03 -1.190386215693353539e-01
-7.352139235593843636e-03 -1.215827574323488786e-01
-4.356649752046510768e-03 -1.284081452061087147e-01
-4.749858721102209226e-03 -1.330130887440632015e-01
-5.093072745947660115e-03 -1.376980191660706065e-01
-7.059997240086456939e-03 -1.388932287290454703e-01
-6.067780376783931361e-03 -1.409090919785513096e-01
-5.246353880487427367e-03 -1.460342545951543725e-01
-4.765127346121065914e-03 -1.520391301818493912e-01
-8.741102727544974513e-03 -1.585816917354142541e-01
-9.338359445032222081e-03 -1.599222486840185808e-01
-8.518521995301540223e-03 -1.635137323217486227e-01
-1.038757964539225968e-02 -1.651148830398005418e-01
-1.244472061374651828e-02 -1.671448935849298434e-01
-1.551956567104743889e-02 -1.688986831376849962e-01
-2.038608248552756588e-02 -1.707929446343421642e-01
-2.113359446786928358e-02 -1.732282326440457987e-01
-2.202065894143496669e-02 -1.759119091915132826e-01
-2.163963381339684480e-02 -1.809285021904377677e-01
-2.033191445382641349e-02 -1.828529465141177646e-01
-1.803293602451412278e-02 -1.830350610010120782e-01
-1.676525435123776483e-02 -1.849845134634832133e-01
-1.454224670523490519e-02 -1.851695878622778568e-01
-1.091802863705454776e-02 -1.851855740059632216e-01
-8.976896138303786660e-03 -1.831835315115254159e-01
-6.222552808309350127e-03 -1.799729484525837142e-01
-4.068601184750226217e-03 -1.784718848781508549e-01
1.166954087460975956e-03 -1.761358021403322260e-01
5.049263329230063366e-03 -1.721317064847705247e-01
6.932305004666508216e-03 -1.705885600015203396e-01
1.054706623515569777e-02 -1.687199596674710533e-01
1.423624277997008122e-02 -1.653146655316948543e-01
1.809429492190198219e-02 -1.659186041587681071e-01
2.639837226258700056e-02 -1.630115140148916675e-01
5.011223915928576800e-02 -1.565734149492994942e-01
5.422005660770102403e-02 -1.541410544139985850e-01
6.054432472192832621e-02 -1.556844842763265013e-01
6.173953428490318307e-02 -1.576514087704652678e-01
6.302172807794687026e-02 -1.595973625599284851e-01
6.279476165751503303e-02 -1.560470258082667094e-01
6.854718359813406769e-02 -1.537551047793702663e-01
6.892915103245164654e-02 -1.500579624282933622e-01
7.439964957818857860e-02 -1.477419692833548404e-01
7.754691259477602960e-02 -1.498518959341569312e-01
7.965890699885158632e-02 -1.537761849261598257e-01
8.123575637279875639e-02 -1.602532875255714695e-01
8.241826618724980291e-02 -1.611494115751868628e-01
8.312568747236648292e-02 -1.591839887791627051e-01
8.288730444014878740e-02 -1.569863865335923980e-01
8.064357188760404305e-02 -1.506701071365232070e-01
7.843397706834170924e-02 -1.471682193866894750e-01
7.923882959498242118e-02 -1.435071852096756473e-01
8.090291414057851349e-02 -1.383197310653649925e-01
7.811496631516967604e-02 -1.330550542984205720e-01
7.790401847592082207e-02 -1.293167757279613805e-01
8.254311745731268690e-02 -1.273699459701491121e-01
8.380802420248384399e-02 -1.249173167615579699e-01
8.455553618482557210e-02 -1.224820287518543355e-01
8.820993193658237252e-02 -1.219231439923301463e-01
9.024683666914398716e-02 -1.261723203998279252e-01
9.265133231233697864e-02 -1.280011181790308705e-01
9.212232046664535490e-02 -1.212253763354697866e-01
9.333621555972962391e-02 -1.170975676894569911e-01
9.683943069056889785e-02 -1.173114971541235341e-01
9.902305957747944976e-02 -1.170151541313716875e-01
9.903390385057611600e-02 -1.157239331997758774e-01
9.640818729364279693e-02 -1.148228953675504704e-01
9.277294511201704397e-02 -1.148248757723727420e-01
9.157773554904218016e-02 -1.128579512782339478e-01
8.860259142055026960e-02 -1.066259183839269736e-01
8.848199679168203269e-02 -9.988977272075093283e-02
9.221329934949733242e-02 -9.964988913050260022e-02
9.481072613577891384e-02 -1.069240954914397468e-01
9.788069575135242839e-02 -1.083316454725153644e-01
1.011968395085037775e-01 -1.088514396153259234e-01
1.035831069376288022e-01 -1.115590585861393202e-01
1.093761377631470993e-01 -1.126169470042926168e-01
1.149310413186229868e-01 -1.123055313298542135e-01
1.141753678222434260e-01 -1.045259279232260696e-01
1.116207200727795251e-01 -1.016288500055136101e-01
1.099615651199258304e-01 -9.977377638076863342e-02
1.076833941250113919e-01 -9.668729252708811728e-02
1.062858725030833423e-01 -8.694541674337087633e-02
1.080279524810787289e-01 -8.539023420209966575e-02
1.057480568435173185e-01 -7.949680631977200373e-02
1.045528472805424547e-01 -7.752988182563320951e-02
1.024579766540616999e-01 -7.501282223482964862e-02
1.003631060275809311e-01 -7.249576264402610160e-02
9.897216277650991434e-02 -6.971695583973312738e-02
9.879642028601128001e-02 -7.255132915796412563e-02
9.720813258676089252e-02 -7.474442554925185556e-02
9.537402966669147886e-02 -7.649056473217438756e-02
8.825821869398042807e-02 -7.745436689543000464e-02
8.553503845802547245e-02 -7.481266419481129304e-02
8.209420734679137577e-02 -7.492119032816089985e-02
8.025242161939176444e-02 -7.199031112446892255e-02
8.174385441916971751e-02 -6.926827842917075706e-02
8.526910711021379319e-02 -6.944623055255437494e-02
8.616344646278223385e-02 -7.105610840271554818e-02
8.653400795199996109e-02 -6.871174480199773726e-02
8.826900399546691589e-02 -6.757245000703378246e-02
8.501881885275523743e-02 -6.694466735189720519e-02
8.185668479564157940e-02 -6.617295242073326089e-02
7.813344643937134015e-02 -6.631889867916448966e-02
7.443214648808475775e-02 -6.642884468541719600e-02
7.056724440298814405e-02 -6.363285995251447003e-02
6.874863310976411790e-02 -6.181622906411272239e-02
6.650484564626579775e-02 -5.549991608946193422e-02
6.507766338835152542e-02 -5.358891703002004181e-02
6.389699838264158160e-02 -5.505477011225627659e-02
6.376231028631366982e-02 -5.945932784506484381e-02
5.927116558507772998e-02 -5.972903019813077113e-02
5.421605430812883458e-02 -5.307800224276505024e-02
5.575125155518750875e-02 -4.945568313434079571e-02
5.736050405572850480e-02 -4.906771443115639370e-02
5.425726124859708149e-02 -4.688579952020682090e-02
5.125876284558084084e-02 -3.826626392752147110e-02
4.877803475351810691e-02 -3.733027136527474615e-02
4.624145790852363797e-02 -3.959857169078557365e-02
4.231858878942385688e-02 -4.197103493491360221e-02
4.053341395803550934e-02 -4.392012257324087038e-02
3.873426576798742749e-02 -4.581125022103397365e-02
3.502393391484771856e-02 -4.613811804135115047e-02
3.304711221719271175e-02 -4.162900088822252959e-02
2.793465525249843803e-02 -4.180308437100794389e-02
2.620284834899451465e-02 -3.869222839484248722e-02
2.664450631987824031e-02 -3.606991325571852480e-02
2.091960616074061904e-02 -3.637624597388416231e-02
1.539992890759372783e-02 -3.206162723959835037e-02
1.588402908819903925e-02 -2.051613613257844207e-02
1.776914956374032670e-02 -1.872703292904310743e-02
1.422191422344503027e-02 -1.858509172452401867e-02
1.026072843748115741e-02 -1.863498827345171083e-02
6.887684882001242695e-03 -1.584312756317708681e-02
4.903114419231049265e-03 -1.397446717472782679e-02
3.292365364021794267e-03 -1.066570145516278906e-02
