4.085898333611884888e-04 -2.316974955215480355e-03
-1.256573469724401931e-03 -4.999648489323985610e-03
-3.487765916003555001e-03 -5.894681960222573035e-03
-5.524824801262334488e-03 -7.890581292493141496e-03
-7.670234738605158538e-03 -9.272058400929128127e-03
-9.793076132800265093e-03 -1.078151409566229825e-02
-1.528335786262495846e-02 -1.325441784595388951e-02
-2.430211456027490946e-02 -1.547837125014885941e-02
-2.627595947974508545e-02 -1.783273563365964445e-02
-2.857036589181284267e-02 -1.836930405331801616e-02
-3.047875101366713524e-02 -2.109486884189468170e-02
-3.277540325756217454e-02 -2.161870190772738690e-02
-3.209771314986590435e-02 -2.755760184745191521e-02
-3.460509634241431404e-02 -3.339814350120493686e-02
-3.573724928087836095e-02 -3.685800631653852327e-02
-3.858193106608923117e-02 -4.228288216682041939e-02
-4.285722314816464706e-02 -4.715491690632966915e-02
-4.504326473003898712e-02 -4.830598568082768857e-02
-4.703969197076625364e-02 -5.053229334703622511e-02
-4.952240050077152955e-02 -5.149810465200108794e-02
-5.331580338475530589e-02 -5.693190152445039981e-02
-5.290721355139411941e-02 -5.924887647966587539e-02
-5.974101563665395326e-02 -6.929738405403257362e-02
-5.935104304531286373e-02 -8.258606507591084722e-02
-6.122845273219933854e-02 -9.065177423202996909e-02
-6.416689066178686562e-02 -9.314981705381529531e-02
-6.517379309984260016e-02 -9.447569306242217801e-02
-6.563566079391543184e-02 -9.694616993412651096e-02
-6.628957449843909944e-02 -9.945051339866180229e-02
-6.354169337633448766e-02 -1.037307793984533766e-01
-6.068975516829382827e-02 -1.190799453741048092e-01
-5.796419037971715926e-02 -1.209883304959591122e-01
-5.589103631458688243e-02 -1.321455794420997032e-01
-5.326733322523059810e-02 -1.354973689234337808e-01
-5.105086555830822687e-02 -1.446230608104884241e-01
-4.857047607074404388e-02 -1.500064073509084217e-01
-4.708656921466727180e-02 -1.521337541868674481e-01
-4.567945135846044474e-02 -1.542747230353420651e-01
-4.330962760223673602e-02 -1.585820221563666865e-01
-4.101238454441905740e-02 -1.656212061309334238e-01
-3.659979481707173465e-02 -1.651202719488732984e-01
-3.389083233651932203e-02 -1.670843520989187259e-01
-3.266506283643575564e-02 -1.740352769645651665e-01
-2.761073714479264987e-02 -1.781464642575757984e-01
-2.587192414231840112e-02 -1.826178875898807064e-01
-2.182887153845434330e-02 -1.866829669206516995e-01
-1.935871529626711357e-02 -1.896131105852817966e-01
-1.782363263187248387e-02 -1.917314327596036094e-01
-1.566981580270955868e-02 -1.955621214324128887e-01
-1.402973765304463098e-02 -2.011200776391098843e-01
-1.163102122170612575e-02 -2.034952691531806968e-01
-1.071441152506713047e-02 -2.077949201886733765e-01
-8.397436569851647950e-03 -2.073863303553121762e-01
-5.687675272722133614e-03 -2.092050992143564270e-01
-4.946247357782194466e-03 -2.114633794236565889e-01
-2.796742469552978162e-03 -2.134733505458943359e-01
-1.568870917075640024e-03 -2.156458482462582094e-01
9.419033361617525795e-05 -2.177416018774322726e-01
1.808505523630914418e-03 -2.198283170688598021e-01
2.985123136785328840e-03 -2.220098532089702370e-01
5.185881964337470812e-03 -2.240107858914613947e-01
5.876055939954489063e-03 -2.262781045405081737e-01
8.576816064663901965e-03 -2.282701356230474043e-01
9.802585564747466618e-03 -2.352210604886938450e-01
1.239560761647345334e-02 -2.375751988947644444e-01
1.457051769360030377e-02 -2.472889009975245134e-01
1.709246477096001277e-02 -2.520842373222391131e-01
1.916689858268985289e-02 -2.583839323622854067e-01
2.401818634189175489e-02 -2.659098024729015797e-01
2.919067685272547577e-02 -2.703169166062556750e-01
3.025212936441343606e-02 -2.725187616795771706e-01
3.256805329343202826e-02 -2.744993854288572677e-01
3.314306216758260148e-02 -2.767870130111151350e-01
3.586862695615925661e-02 -2.786953981329693963e-01
3.674906551935045590e-02 -2.832390013839105047e-01
3.921104084715777011e-02 -2.855238462384915299e-01
4.141993086769310550e-02 -2.947564089620551830e-01
4.364152581319814123e-02 -2.985223779450361103e-01
4.618198170239164874e-02 -2.993810730138362630e-01
4.788348340757565824e-02 -3.014700478152004259e-01
4.907291450556081069e-02 -3.036493243453742275e-01
5.135568079696511967e-02 -3.061902142146623595e-01
5.241532839655931725e-02 -3.104777724508963610e-01
5.512284386186155211e-02 -3.122838059561149349e-01
5.703122898371584121e-02 -3.095582411675382173e-01
6.143934442187007350e-02 -3.085828683050865773e-01
6.385967708923795394e-02 -3.062158272765397315e-01
6.605708107369122339e-02 -3.051287340170809603e-01
6.862011928414181450e-02 -3.061154858031833736e-01
7.039672249468116594e-02 -3.093790845954944579e-01
7.239052456527445001e-02 -3.100570511257424999e-01
7.644206001453492105e-02 -3.059371957438991041e-01
8.072813194894461197e-02 -3.056169548808186920e-01
8.321125024611256138e-02 -3.071984819343270279e-01
8.280266041275137490e-02 -3.048815069791115384e-01
8.464705624145707485e-02 -3.021672264621087511e-01
8.454567752001318492e-02 -2.997960759808512288e-01
8.735864868285996010e-02 -2.950895128954042490e-01
9.171268252333422688e-02 -2.926850237297725088e-01
9.356069511586632970e-02 -2.910392267638873820e-01
9.504300912950540414e-02 -2.873196766615554454e-01
9.713251183932625210e-02 -2.813548084049041775e-01
9.665130883094905090e-02 -2.754076826201194983e-01
9.819830731484402442e-02 -2.724290822456675865e-01
9.745640121284410151e-02 -2.678478373568113358e-01
9.936478633469839061e-02 -2.651222725682346737e-01
9.838144954791416819e-02 -2.584981276399290762e-01
9.971839762876409663e-02 -2.550022305309423420e-01
1.019179830921489449e-01 -2.539279645344236225e-01
1.023302491218409938e-01 -2.509514517105412845e-01
1.005536459113016423e-01 -2.476878529182301447e-01
9.761197329915688448e-02 -2.391651953439664080e-01
9.585923288018906308e-02 -2.252588616123727128e-01
9.784437584934246868e-02 -2.229685646530155663e-01
9.983386597900203996e-02 -2.218258136326921037e-01
9.819949286744791839e-02 -2.125578356808251190e-01
1.000296144179633473e-01 -2.096876899979270292e-01
9.991542221168871196e-02 -2.073187991266061403e-01
1.012861878876877425e-01 -2.046880415086030358e-01
1.011166702804209006e-01 -1.991611788781678660e-01
9.928197559195911515e-02 -1.963169116508361456e-01
9.677989173736048500e-02 -1.956758114311432095e-01
9.471857753815424164e-02 -1.928187404300885088e-01
9.549181072753519517e-02 -1.873235649328003349e-01
1.010662469042860612e-01 -1.801633794932930577e-01
1.056369379182481999e-01 -1.794365464860604997e-01
1.083625027068248481e-01 -1.813449316079147888e-01
1.096959965017824945e-01 -1.879336710190248338e-01
1.089036587662538524e-01 -1.834405913107268471e-01
1.066006968922159903e-01 -1.801113509503250165e-01
1.052960225617593365e-01 -1.779523971314716790e-01
1.037097640890468353e-01 -1.758430996187870798e-01
1.014242737787552640e-01 -1.709665097161172098e-01
1.008468380260174324e-01 -1.636504680981075155e-01
1.019382204609077108e-01 -1.615309138508288223e-01
9.958513308103399131e-02 -1.617347223199135098e-01
9.685956829245732924e-02 -1.598263371980592207e-01
9.601071322294332799e-02 -1.552375284409253098e-01
9.758784411826369742e-02 -1.522799576852564840e-01
9.981227151284227661e-02 -1.513465618908707566e-01
1.000340110342326089e-01 -1.481133068559262744e-01
1.007528027098423817e-01 -1.445547444073558285e-01
1.014113295626013905e-01 -1.409541227212191827e-01
9.991933165350512513e-02 -1.372838536537509257e-01
9.756666854261833444e-02 -1.341218408618233549e-01
9.679111283783477238e-02 -1.277778192824140235e-01
9.860988169687900928e-02 -1.250680579852845031e-01
9.820129186351782280e-02 -1.227510830300690137e-01
9.995607142941347056e-02 -1.200526060045133681e-01
9.791264407554754745e-02 -1.061447665488799014e-01
9.850375837216175656e-02 -9.969177687128430443e-02
9.754473560811457999e-02 -9.747186869657900599e-02
9.537984178631737919e-02 -9.178210014971108222e-02
9.519388015228404110e-02 -8.518893544708980303e-02
9.639822678749368490e-02 -8.258752520204433456e-02
9.552882028625656052e-02 -8.035181353589189446e-02
9.298246453408290368e-02 -7.818738339933042902e-02
9.216528486736051684e-02 -7.355343348889945010e-02
9.404353757778942391e-02 -7.080683908153968809e-02
9.318142403670955087e-02 -6.434612318740705328e-02
9.439714887185512993e-02 -6.068679704424733562e-02
9.658093084379282267e-02 -5.952291478491858467e-02
9.866546455628874557e-02 -5.779577233196375730e-02
9.842321563271186347e-02 -5.544946378189997971e-02
9.579608928035940330e-02 -4.923402203753310391e-02
9.278992774654296061e-02 -3.907293379783008391e-02
8.844059691566447112e-02 -3.948352132040038043e-02
8.579941255145416557e-02 -3.745472148052657324e-02
8.498221910662241696e-02 -3.282069343909054665e-02
8.672498400426441323e-02 -2.997916473247033003e-02
8.670040806079984397e-02 -2.759447036970232026e-02
8.460207898088850653e-02 -2.557547458582733538e-02
8.332303162009328801e-02 -2.341200154710070674e-02
8.072004723111073088e-02 -2.272271552570633707e-02
7.687686570298785105e-02 -2.241051599424864066e-02
7.486815288588653805e-02 -2.037571671892650024e-02
7.398593289981868215e-02 -1.814226466271070051e-02
7.130099975577354476e-02 -1.646428787479437689e-02
6.898402480055805530e-02 -1.687287770815556684e-02
6.626071962191804054e-02 -1.497730607113200232e-02
6.559609448495741513e-02 -1.270548198032133216e-02
6.187253856938467605e-02 -1.284733406503900041e-02
5.853550634401738506e-02 -1.181234747955330587e-02
5.714121575075067211e-02 -9.669197152147122193e-03
5.366026460784439206e-02 -9.015910204833440383e-03
4.825009629213256046e-02 -9.098869975803955748e-03
4.262234485766884517e-02 -8.322592138018624491e-03
3.044937202377324958e-02 -1.009963759233061149e-02
2.774412994651702380e-02 -8.306495702947834167e-03
2.542715499130154475e-02 -8.715085536309022385e-03
2.272415874587259757e-02 -6.934679000751914173e-03
1.839602757389670676e-02 -7.315184686683153664e-03
1.516431348256443677e-02 -6.129586618856860090e-03
1.269609622079674767e-02 -5.680532409614765139e-03
1.016466499324045376e-02 -4.873013149132454473e-03
7.610665222536439761e-03 -3.937515302352960316e-03
5.165016503916472490e-03 -3.616439679408049290e-03
2.925895352877203558e-03 -1.622272048617429867e-03
2.316974955215478620e-03 4.085898333611877840e-04
