1.231493616201666686e-03 -4.274035336249761355e-03
-3.330160037301582374e-03 -7.661277892093047194e-03
-5.807248592340739056e-03 -1.087660212017925454e-02
-9.874706915306280877e-03 -1.151407757458232199e-02
-1.222117711007373632e-02 -8.082158574590211225e-03
-1.190293220717838184e-02 -1.078153270067622183e-02
-1.529032196341742131e-02 -1.344929537869964629e-02
-1.959390954651900676e-02 -1.351542104243111733e-02
-2.234591833126870625e-02 -1.632937300128981667e-02
-2.346970649643811621e-02 -1.942419669598018789e-02
-2.761726873598983195e-02 -2.029201327366166041e-02
-3.027320935718994660e-02 -2.070013485484847870e-02
-3.243985287236453297e-02 -2.376522187624245316e-02
-3.509983868888411768e-02 -2.668590661704734954e-02
-3.907339961174940979e-02 -2.853829031297816857e-02
-4.149211216051275353e-02 -2.943661189206230044e-02
-4.983467469744310568e-02 -3.453260419135359416e-02
-4.798931251443615958e-02 -4.030426820476847721e-02
-5.566619001668288852e-02 -4.508820059665937657e-02
-5.927242932357149052e-02 -5.086652614751358686e-02
-5.873307474416561424e-02 -5.781473149556722729e-02
-5.887433813763659485e-02 -6.277322451638767120e-02
-6.303875487939322730e-02 -6.368950670144059301e-02
-6.262374327561449905e-02 -6.644297780621306881e-02
-6.462911042279773088e-02 -6.959131412107445736e-02
-6.800371192933238329e-02 -7.441055889092663966e-02
-7.033747288546855769e-02 -7.721374047312119793e-02
-7.269114936250052617e-02 -8.155910263486483569e-02
-7.432680520830185766e-02 -8.436722274105391828e-02
-7.943637355469325423e-02 -8.774743034564308486e-02
-8.414009000895546209e-02 -9.113283603856110748e-02
-8.369257704476866511e-02 -9.607865089993199159e-02
-8.604234289024666194e-02 -1.001196490739182793e-01
-8.756356388759164999e-02 -1.028723894195293642e-01
-8.946042776434627586e-02 -1.048490412960936258e-01
-9.293268782845566511e-02 -1.074872892962101117e-01
-9.455198871552335238e-02 -1.102874945608002394e-01
-9.373891164431598366e-02 -1.114467408187847924e-01
-8.938365206319429102e-02 -1.202587320729864712e-01
-9.105120270911110092e-02 -1.227092289887144333e-01
-9.093933548274139855e-02 -1.247321446300191095e-01
-9.192041671791439938e-02 -1.309137640141125325e-01
-9.173148860990185116e-02 -1.348252345624730564e-01
-9.049999499370020573e-02 -1.390992698987228160e-01
-9.222680882770079025e-02 -1.414271802186920501e-01
-9.026207292934691762e-02 -1.426744045924832893e-01
-8.831808110757084773e-02 -1.445870740218211936e-01
-8.493553709658510642e-02 -1.495140288016811037e-01
-8.613630485864053055e-02 -1.525956429145191029e-01
-8.785525371372125691e-02 -1.549399323238365711e-01
-8.108877623593302442e-02 -1.706512695335166696e-01
-8.038658870422989156e-02 -1.731648379269444260e-01
-7.700795532479808025e-02 -1.783961566945616861e-01
-7.492154221232040501e-02 -1.868743973571014572e-01
-6.872252882596445456e-02 -1.962460444191537479e-01
-6.533776031371678339e-02 -2.035110764087880164e-01
-6.494276088275839631e-02 -2.074942107566000449e-01
-6.501895758412022663e-02 -2.115037082585707051e-01
-6.090160662902159572e-02 -2.179907532166733553e-01
-5.324812393863413706e-02 -2.316596096764408363e-01
-4.694003487417224701e-02 -2.363605342395432296e-01
-4.593066425950379644e-02 -2.414881809010090696e-01
-4.382125729592587643e-02 -2.415966193984446231e-01
-3.878959751325273403e-02 -2.448684244866514981e-01
-3.891588083638892331e-02 -2.486702764405188948e-01
-3.635742083608210079e-02 -2.482690207513093827e-01
-3.424192552893379204e-02 -2.500986310036377724e-01
-2.611806375436562938e-02 -2.543846585986335174e-01
-2.157601084762747826e-02 -2.584782239277529370e-01
-1.787695838552143257e-02 -2.587046578358070392e-01
-1.519729737013909496e-02 -2.583455512681420152e-01
-1.320429053484119784e-02 -2.602345003032977000e-01
-9.720801535870847096e-03 -2.608072314721313067e-01
-2.252560248119111434e-03 -2.614883198536435693e-01
7.529510847441377814e-04 -2.635527132832071739e-01
3.255331185689355148e-03 -2.605772192451557001e-01
7.074013511147068771e-03 -2.606549870982413641e-01
1.134804884739682926e-02 -2.594234934820396909e-01
1.349627820262703018e-02 -2.612373239138492953e-01
2.068683150012300478e-02 -2.585944065172692818e-01
2.311277184713587951e-02 -2.602737795629054274e-01
2.440743700929155421e-02 -2.584070736915952127e-01
3.024106298031277104e-02 -2.564813238970531373e-01
3.580214577039846080e-02 -2.549092609293538425e-01
4.090274838122338191e-02 -2.553649026528742594e-01
4.033800833452433343e-02 -2.513227389492482811e-01
4.395573921404179185e-02 -2.487350801878110695e-01
4.725926389622019802e-02 -2.453315701048580932e-01
5.040046326078559402e-02 -2.419259363905973403e-01
5.565209440793594808e-02 -2.385475656489334240e-01
5.745011928716224625e-02 -2.363666762389150522e-01
5.955957030944819541e-02 -2.333292670325027851e-01
6.216752722589666963e-02 -2.284676043564710657e-01
6.203419780041802278e-02 -2.240251492121708154e-01
6.118529458325620146e-02 -2.187290735223538507e-01
6.489989644994080542e-02 -2.146123939005408487e-01
6.405634967259191126e-02 -2.104732717781238049e-01
6.687394120468587166e-02 -2.076073963345654860e-01
6.935102975972502748e-02 -2.043920721064792778e-01
7.654341684671273072e-02 -2.019196575068790966e-01
7.486171422733919889e-02 -1.963611706875243168e-01
7.651444349730135430e-02 -1.928591655295677221e-01
7.811478730803743387e-02 -1.905823666503798641e-01
7.927920023227305601e-02 -1.874880682312252411e-01
8.341832235469009982e-02 -1.866445214538763608e-01
8.523155010134061960e-02 -1.886204114920975172e-01
8.479024318982988917e-02 -1.860209011825468828e-01
8.663175143662113498e-02 -1.839298643202053052e-01
8.815297243396610916e-02 -1.811771239745942341e-01
8.995099731319240732e-02 -1.789962345645758346e-01
9.193482792507697010e-02 -1.771992877833652447e-01
9.507602728964235916e-02 -1.737936540691045195e-01
9.837955197182077227e-02 -1.703901439861515155e-01
1.019972828513382168e-01 -1.678024852247142762e-01
1.037636724947833544e-01 -1.655562258424404243e-01
1.035403318272477419e-01 -1.633654033748868362e-01
1.087995246731716797e-01 -1.590860514395025238e-01
1.116679711551462756e-01 -1.557418272032642381e-01
1.143745918629791580e-01 -1.523549285699456468e-01
1.193288000522391978e-01 -1.515706043383021340e-01
1.207857464732998432e-01 -1.528518698021474886e-01
1.204182872201241122e-01 -1.514466927168236221e-01
1.173179786687223863e-01 -1.507490189606374154e-01
1.161955752980445705e-01 -1.465129625500439237e-01
1.195102296465795633e-01 -1.438199052526808741e-01
1.218847146302863282e-01 -1.435177753293821745e-01
1.213563294214071026e-01 -1.394882959320729032e-01
1.247780002468372451e-01 -1.369955187473645142e-01
1.245332786649495371e-01 -1.342605021020188139e-01
1.311341592026791236e-01 -1.301283704133439079e-01
1.344627998817236048e-01 -1.320061717983954663e-01
1.348093095746958903e-01 -1.359724017813235264e-01
1.336271518930138014e-01 -1.369881421608275807e-01
1.357753846645735896e-01 -1.347184522261876127e-01
1.362508706462335906e-01 -1.315340324747211465e-01
1.346800575663643085e-01 -1.246212235199231355e-01
1.370214270105195864e-01 -1.212296022111323673e-01
1.376745216602736632e-01 -1.178080253070893091e-01
1.376752527623311129e-01 -1.121008379372548103e-01
1.413951900116475757e-01 -1.088284964224238704e-01
1.402492997361613480e-01 -1.086067069785187217e-01
1.368013352044490094e-01 -1.112533211024761964e-01
1.336023597882293190e-01 -1.093934489013156652e-01
1.332073603572709597e-01 -1.054103145535036229e-01
1.349052526353269332e-01 -1.037518067098805452e-01
1.347503836011160472e-01 -1.009733066969698695e-01
1.383760293222324467e-01 -9.840200289426624669e-02
1.397701369687754935e-01 -9.888682072028617820e-02
1.370433947976172073e-01 -9.566914744917316693e-02
1.388510839497437976e-01 -9.211233606740355795e-02
1.441397474148666535e-01 -9.089396152799678053e-02
1.467798084901898448e-01 -9.045315415995734687e-02
1.474448659073998025e-01 -8.799375822600183361e-02
1.481495496825255276e-01 -7.807407956170549224e-02
1.505591687646160859e-01 -7.505276574969253767e-02
1.529065483410184667e-01 -7.119440527285234022e-02
1.502992236010191052e-01 -6.407739942697862623e-02
1.492088963834677928e-01 -5.830330850210968530e-02
1.486793989239575675e-01 -5.310479049991325556e-02
1.437686690980412574e-01 -4.456161429270024538e-02
1.403805903676651201e-01 -4.006079805243816655e-02
1.406030668549196894e-01 -3.635356811096529528e-02
1.389403795951076881e-01 -3.560548339567734533e-02
1.357933924365807010e-01 -3.474891646714187154e-02
1.312601676282099672e-01 -2.934026657951237932e-02
1.280106091201781704e-01 -2.700073399828235160e-02
1.247755219187092063e-01 -2.448280790908819587e-02
1.213811704183181267e-01 -2.046904321640864027e-02
1.189296049677711631e-01 -1.825756103046761308e-02
1.122028512879650608e-01 -1.517086119323932808e-02
1.095072793046279885e-01 -1.362191251823359310e-02
1.068671442360111384e-01 -1.406269415420860133e-02
1.047352698395145748e-01 -1.224094888080009581e-02
1.019825294939034899e-01 -1.071972788345511296e-02
9.832709496312788677e-02 -8.374947351217154959e-03
9.552398737422704289e-02 -6.041212127145413786e-03
9.012529661909327028e-02 -4.782042626749746957e-03
8.712539821694373354e-02 -4.479421580530577526e-03
8.508813968597461752e-02 -3.186614338481255984e-03
8.105441609948337012e-02 -3.727084584847703119e-03
7.678045475652729712e-02 -4.958603933113805637e-03
7.421557285502207446e-02 -3.346408917160370589e-03
7.075584181917882187e-02 -4.072931022189136933e-03
6.513873206584414044e-02 -2.758165912693108946e-03
6.221395226704071885e-02 -2.610767386406232047e-03
5.994635261279319255e-02 -1.237856227770736802e-03
5.450906988194744590e-02 -2.649142370950010456e-03
5.271219709403054260e-02 -6.653374911298996644e-04
4.999209267259301787e-02 8.717389214774129771e-04
4.537891273592351005e-02 -2.214093356277787911e-04
4.135306027521924027e-02 -1.531274758649095154e-04
3.565378774698368947e-02 -1.687513325410980357e-04
3.300084337148136843e-02 1.854564583730505724e-03
2.880691195181777839e-02 8.534120908072457363e-04
2.459615016056389269e-02 -1.962558721665407814e-04
2.163978191522481984e-02 -2.960288407483658299e-04
1.368170833981906254e-02 -5.478206108733061838e-03
6.152863471096033446e-03 -5.088608764187286040e-03
3.378370741663905968e-03 -5.251631147150352327e-03
