1.109763955065281357e-03 -2.265397877961829697e-03
1.094473965788192579e-03 -4.145584448291476758e-03
1.079183976511103584e-03 -6.025771018621123819e-03
2.188947931576385158e-03 -8.291168896582953515e-03
4.554970472315622684e-04 -1.335391164612361944e-02
1.357365359203663259e-03 -1.806202306658628159e-02
2.066628017359673202e-03 -2.333266145922012827e-02
-2.446398284334224478e-04 -3.008298512527434951e-02
8.651241266318569030e-04 -3.234838300323617660e-02
-6.910110931739611153e-04 -3.872878535093530333e-02
-2.247146312979780760e-03 -4.510918769863443700e-02
-1.137382357914499837e-03 -4.737458557659626063e-02
-1.715199319362773357e-03 -4.906216649310982114e-02
-1.167962336468678260e-03 -5.113495871725556169e-02
-1.005936661206764931e-03 -5.433280488574366435e-02
-2.739387545551585489e-03 -5.939554763528433201e-02
-1.629623590486307819e-03 -6.166094551324616257e-02
-1.644913579763395512e-03 -6.354113208357581311e-02
-1.660203569040482989e-03 -6.542131865390546364e-02
-5.504396139752018493e-04 -6.768671653186728032e-02
-2.283890498320025660e-03 -7.274945928140796880e-02
-2.121864823058110597e-03 -7.594730544989605758e-02
-4.656318301221477017e-03 -8.702052922878075747e-02
-1.447920664584213292e-02 -1.157094048095112099e-01
-1.336944269077685633e-02 -1.179748026874730404e-01
-1.338473268005394706e-02 -1.198549892578026771e-01
-1.340002266933103085e-02 -1.217351758281323276e-01
-1.229025871426575253e-02 -1.240005737060941582e-01
-1.575716048295539365e-02 -1.341260592051754796e-01
-1.617295176914175514e-02 -1.390114862901771497e-01
-1.581832044006375657e-02 -1.416468054864941095e-01
-1.697395436296029667e-02 -1.450219673195211889e-01
-1.923935224092213417e-02 -1.461317312745864794e-01
-2.076490748217376878e-02 -1.487517604816262773e-01
-2.229046272342542073e-02 -1.513717896886661585e-01
-2.455586060138724436e-02 -1.524815536437314212e-01
-2.571149452428379140e-02 -1.558567154767585283e-01
-2.535686319520578935e-02 -1.584920346730754603e-01
-2.500223186612778384e-02 -1.611273538693923923e-01
-2.615786578902432394e-02 -1.645025157024194717e-01
-2.504810183395905429e-02 -1.667679135803813439e-01
-2.506339182323613982e-02 -1.686481001507109667e-01
-2.507868181251323228e-02 -1.705282867210406172e-01
-2.396891785744794529e-02 -1.727936845990024617e-01
-2.570236874179276931e-02 -1.778564273485431224e-01
-2.554034306653085382e-02 -1.810542735170312112e-01
-2.557092304508503527e-02 -1.848146466576905123e-01
-2.788219089087812935e-02 -1.915649703237447266e-01
-2.455289902568227878e-02 -1.983611639576302044e-01
-2.382834637824919263e-02 -2.017516157799344456e-01
-2.384363636752626775e-02 -2.036318023502640684e-01
-2.273387241246099463e-02 -2.058972002282258851e-01
-2.331168937390927162e-02 -2.075847811447394664e-01
-2.276445239101517609e-02 -2.096575733688851861e-01
-2.260242671575326059e-02 -2.128554195373733027e-01
-2.433587760009807768e-02 -2.179181622869139634e-01
-2.660127547805991519e-02 -2.190279262419792261e-01
-2.848146204838956225e-02 -2.190126362527021753e-01
-2.923659467437682985e-02 -2.193825575710572351e-01
-2.812683071931155673e-02 -2.216479554490190795e-01
-2.870464768075983372e-02 -2.233355363655326609e-01
-2.777219939023354428e-02 -2.242832746453359838e-01
-2.627722412753608419e-02 -2.254236185789554869e-01
-2.516746017247080414e-02 -2.276890164569172759e-01
-2.632309409536734424e-02 -2.310641782899444108e-01
-2.821857065497409070e-02 -2.329290748709969827e-01
-3.011404721458081982e-02 -2.347939714520495269e-01
-3.126968113747737726e-02 -2.381691332850766341e-01
-2.958210022096381675e-02 -2.387469502465248972e-01
-2.827973061208244668e-02 -2.404498211523155571e-01
-2.697736100320106967e-02 -2.421526920581062170e-01
-2.528978008668751609e-02 -2.427305090195544801e-01
-2.418001613162223604e-02 -2.449959068975162968e-01
-2.155998692458238955e-02 -2.465214621387679383e-01
-1.855474640991038385e-02 -2.469219634356772108e-01
-1.628934853194855328e-02 -2.458121994806119481e-01
-1.460176761543499624e-02 -2.463900164420602390e-01
-1.365402933563162995e-02 -2.454575681515339114e-01
-1.175855277602489736e-02 -2.435926715704813672e-01
-7.227757020101241436e-03 -2.413731436603508140e-01
4.585309395493650936e-03 -2.454178623904887391e-01
8.908209508324133052e-03 -2.456410480228589932e-01
1.004855344194359630e-02 -2.441460727601615366e-01
1.231395131990541819e-02 -2.430363088050962461e-01
1.400153223641897524e-02 -2.436141257665445370e-01
1.607432446056471231e-02 -2.430668887836504033e-01
1.870964365688163739e-02 -2.427122574545723943e-01
2.208480548990875494e-02 -2.438678913774689483e-01
2.435020336787057510e-02 -2.427581274224037133e-01
2.735544388254260162e-02 -2.431586287193129581e-01
3.056858004030780368e-02 -2.411164164737213955e-01
3.345766484754917475e-02 -2.326785118911536276e-01
3.572306272551099837e-02 -2.315687479360883372e-01
3.686340665913044601e-02 -2.300737726733908806e-01
3.875888321873718900e-02 -2.282088760923383364e-01
4.328967897466085013e-02 -2.259893481822077554e-01
4.386749593610912712e-02 -2.243017672656942019e-01
4.859089734584887826e-02 -2.215197123833924642e-01
5.331429875558861553e-02 -2.187376575010907265e-01
5.389211571703689946e-02 -2.170500765845771451e-01
5.615751359499873002e-02 -2.159403126295118547e-01
5.729785752861819154e-02 -2.144453373668143981e-01
6.070359934019946974e-02 -2.118405981490516232e-01
6.976519085204679893e-02 -2.074015423287905446e-01
7.034300781349507592e-02 -2.057139614122769633e-01
7.355614397126027104e-02 -2.036717491666854007e-01
7.753970274428984011e-02 -1.993794290324091001e-01
8.042878755153121118e-02 -1.909415244498413322e-01
8.269418542949302786e-02 -1.898317604947760417e-01
8.460495197837686332e-02 -1.860866773433938748e-01
8.651571852726067102e-02 -1.823415941920116523e-01
8.878111640522250159e-02 -1.812318302369463618e-01
8.935893336667077858e-02 -1.795442493204328083e-01
9.106180427246141074e-02 -1.782418797115514486e-01
9.276467517825205678e-02 -1.769395101026700612e-01
9.334249213970033376e-02 -1.752519291861565076e-01
9.560789001766219208e-02 -1.741421652310912171e-01
9.674823395128162584e-02 -1.726471899683937605e-01
9.788857788490110123e-02 -1.711522147056963039e-01
1.001539757628629179e-01 -1.700424507506310134e-01
1.007317927243111949e-01 -1.683548698341174599e-01
1.024346636301018409e-01 -1.670525002252361002e-01
1.049079571511568609e-01 -1.635000227276699747e-01
1.077970419583982181e-01 -1.550621181451021791e-01
1.100624398363600487e-01 -1.539523541900369163e-01
1.119426264066896992e-01 -1.539676441793139949e-01
1.136454973124803591e-01 -1.526652745704326353e-01
1.153789481968251762e-01 -1.476025318208919745e-01
1.176443460747869929e-01 -1.464927678658266841e-01
1.195245326451166573e-01 -1.465080578551037904e-01
1.214047192154462940e-01 -1.465233478443808690e-01
1.236701170934081107e-01 -1.454135838893155785e-01
1.248257510163046646e-01 -1.420384220562884714e-01
1.282314928278859567e-01 -1.394336828385257243e-01
1.316372346394672488e-01 -1.368289436207629772e-01
1.327928685623638028e-01 -1.334537817877358701e-01
1.350582664403256472e-01 -1.323440178326705796e-01
1.361986103739450671e-01 -1.308490425699731230e-01
1.380940869335518240e-01 -1.289841459889205788e-01
1.426248826894754851e-01 -1.267646180787899979e-01
1.432026996509237482e-01 -1.250770371622764443e-01
1.426554626680296700e-01 -1.230042449381307246e-01
1.426860426465838272e-01 -1.192438717974714235e-01
1.449973104923769351e-01 -1.124935481314172092e-01
1.438875465373116447e-01 -1.102281502534553648e-01
1.446732591418531111e-01 -1.060978557944409761e-01
1.454589717463945775e-01 -1.019675613354266014e-01
1.443492077913292593e-01 -9.970216345746475695e-02
1.460826586756741041e-01 -9.463942070792409622e-02
1.437011050902816112e-01 -8.691077878351231856e-02
1.401792075712696706e-01 -8.067711212179802527e-02
1.384916266547561448e-01 -8.009929516034974828e-02
1.362720987446255638e-01 -7.556849940442608715e-02
1.366878900308119149e-01 -7.068307231942441704e-02
1.385986565796957504e-01 -6.693798916804222232e-02
1.408640544576575948e-01 -6.582822521297694573e-02
1.385986565796957504e-01 -6.693798916804222232e-02
1.355934160650237308e-01 -6.653748787113294982e-02
1.329733868579839051e-01 -6.501193262988130828e-02
1.318636229029186147e-01 -6.274653475191947771e-02
1.234257183203508329e-01 -5.985744994467810665e-02
1.198732408227847213e-01 -5.738415642362309360e-02
1.180083442417321632e-01 -5.548867986401636448e-02
1.146331824087050560e-01 -5.433304594111981051e-02
1.135234184536397795e-01 -5.206764806315798688e-02
1.120284431909423090e-01 -5.092730412953852537e-02
1.101635466098897509e-01 -4.903182756993178931e-02
1.079440186997591977e-01 -4.450103181400813512e-02
1.045688568667320767e-01 -4.334539789111158115e-02
1.012242750122591545e-01 -3.842939082755573998e-02
9.787969315778621837e-02 -3.351338376399989882e-02
9.450453132475911122e-02 -3.235774984110335178e-02
9.339476736969383464e-02 -3.009235196314152122e-02
9.341005735897091322e-02 -2.821216539281187416e-02
9.304013604061582565e-02 -2.745703276682459962e-02
9.077473816265399509e-02 -2.856679672188987967e-02
6.377344349843709626e-02 -1.932172533871749295e-02
5.403316930698794790e-02 -1.472976962568547758e-02
5.160574575376421225e-02 -1.264168741226265151e-02
4.654300300422354458e-02 -1.090823652791782748e-02
4.543323904915826106e-02 -8.642838649955998653e-03
4.281320984211842845e-02 -7.117283408704356239e-03
3.982325931672350133e-02 -4.836595541465439282e-03
3.760373140659293428e-02 -3.057997855417784257e-04
3.422856957356582713e-02 8.498341373547692095e-04
3.236367299251326907e-02 2.745310696961504506e-03
3.106130338363189552e-02 4.448181602752150111e-03
2.937372246711833848e-02 5.025998564200423631e-03
2.826395851205305843e-02 7.291396442162251593e-03
2.827924850133014742e-02 9.171583012491898654e-03
2.528929797593522030e-02 1.145227087973081821e-02
1.516381247685388671e-02 1.491917264842046453e-02
1.458599551540561319e-02 1.323159173190691096e-02
1.288312460961496889e-02 1.192922212302553395e-02
1.081033238546923007e-02 1.138198514013143842e-02
9.122751468955673029e-03 1.195980210157971367e-02
6.857353590993845067e-03 1.085003814651443188e-02
4.561375734477836515e-03 5.979901050789856835e-03
2.265397877961829697e-03 1.109763955065281357e-03
