-2.305156820851209803e-04 -3.890434509336408459e-03
-3.744244101129458845e-03 -7.586263518820224837e-03
-9.044666026420077748e-03 -8.490833556876473467e-03
-1.183823147996978555e-02 -9.363366120660854275e-03
-1.268437613824803176e-02 -1.126531136846790557e-02
-1.431753895591148310e-02 -1.312055541715940500e-02
-1.468745643062062400e-02 -1.517475041442908033e-02
-1.880840662204215710e-02 -1.883466924168036849e-02
-2.272016085339116295e-02 -1.896396848193381002e-02
-2.506221721949702247e-02 -1.735836450077932538e-02
-2.696083215024736718e-02 -1.645601377319051706e-02
-2.885538125958616446e-02 -1.548620610321437344e-02
-3.071795281906666494e-02 -1.397671036357001073e-02
-3.267779078147323157e-02 -1.410878871172622714e-02
-3.473830222418421848e-02 -1.593878040603090296e-02
-3.857579235358751801e-02 -1.576780517663424475e-02
-4.097472630262401910e-02 -1.721659766522969440e-02
-4.808652954298616583e-02 -1.746096264377563698e-02
-5.384167577207645689e-02 -1.613830596704644155e-02
-5.706086364419574175e-02 -1.467252936445421693e-02
-6.213242339987875423e-02 -1.399965714380577153e-02
-6.403380873526617889e-02 -1.200268221007146953e-02
-6.792424324460258345e-02 -1.177216652798634793e-02
-6.849773796854181918e-02 -1.345328989604869206e-02
-7.001848864758414281e-02 -1.531519457885360813e-02
-7.421747920717090830e-02 -1.591265392121113398e-02
-7.770543142109735679e-02 -1.650713470100567681e-02
-7.883947521796773328e-02 -1.888842636263551519e-02
-8.257810060825478138e-02 -2.257099866525056481e-02
-8.280861222401871002e-02 -2.646136454690771467e-02
-8.670466951051873650e-02 -3.013460870870703079e-02
-8.911517352113504375e-02 -3.082674484505400908e-02
-9.019789738405957491e-02 -3.691207676482383127e-02
-9.147767332602621537e-02 -4.289544621589232859e-02
-9.350147045447057548e-02 -4.410696933106423440e-02
-9.481699443812649508e-02 -4.402902202012402150e-02
-9.287247837397349937e-02 -4.415553276740395022e-02
-9.104255124102689223e-02 -4.621597151611449295e-02
-9.155100235777516304e-02 -5.974855468633019639e-02
-9.056414069749717244e-02 -6.594521905169418996e-02
-8.996576912140552551e-02 -7.108073911085906194e-02
-9.103695605556168247e-02 -7.659128845573681676e-02
-9.180785867935799260e-02 -7.893776239774795422e-02
-8.842584283576344906e-02 -8.317757313765693217e-02
-8.877161432573053845e-02 -8.901319058782190818e-02
-9.068342490149200463e-02 -9.119048234316054491e-02
-8.841227146235183798e-02 -9.475519171124389961e-02
-8.702182520334034166e-02 -9.756815008822397606e-02
-8.464233065075583984e-02 -1.013988446902117091e-01
-8.083907853595036219e-02 -1.074802997207153776e-01
-8.062163344628399397e-02 -1.125707291197210330e-01
-7.673126756462683717e-02 -1.128012407354849617e-01
-7.127837834687697494e-02 -1.188450442178188432e-01
-6.869803397617825491e-02 -1.200472856651966375e-01
-6.561299948430973639e-02 -1.228252559343880612e-01
-6.387340019712657579e-02 -1.258394758083896670e-01
-6.326215216452683865e-02 -1.271394325367334599e-01
-6.133955407138277222e-02 -1.276370172120711022e-01
-5.958834288654264733e-02 -1.296927918903737764e-01
-5.970359869442461165e-02 -1.316379748312023479e-01
-5.627627532947924310e-02 -1.320667327491129306e-01
-5.388653576540039514e-02 -1.336300531070571396e-01
-5.323570531972746100e-02 -1.367376770835546651e-01
-5.256075218141414984e-02 -1.390569450809946150e-01
-5.064548159905907926e-02 -1.396781968343513425e-01
-4.880356288491559391e-02 -1.415362525569363039e-01
-4.685837994408702245e-02 -1.416515083648182682e-01
-4.502239042602331626e-02 -1.436107939806268441e-01
-4.491542547263059626e-02 -1.486607938610039759e-01
-4.256765847590137514e-02 -1.509324891242273536e-01
-3.878788433171831418e-02 -1.530294677327133646e-01
-3.638728341881236616e-02 -1.570758009302513636e-01
-3.494876907452270504e-02 -1.604106701961909021e-01
-2.531402175587692954e-02 -1.610041362999555525e-01
-2.348409462293031894e-02 -1.630645750486660883e-01
-2.155556733370647335e-02 -1.634609298307801439e-01
-1.969093058284117348e-02 -1.649367334462310819e-01
-1.674144314898816030e-02 -1.660028627194084783e-01
-1.364903931025351555e-02 -1.669420643626333967e-01
-1.179239694685279422e-02 -1.685527899955014119e-01
-9.855875270164373564e-03 -1.688142227601983902e-01
-8.025948137217761222e-03 -1.708746615089089260e-01
-5.984092976138244771e-03 -1.693595336070302104e-01
-1.043174917325530868e-03 -1.691897019502135169e-01
2.361217049206862633e-03 -1.705761654931469695e-01
3.314147002621427741e-03 -1.725847093510170238e-01
4.379775150348723736e-03 -1.740243957637535865e-01
7.984308222242613926e-03 -1.745087626394224711e-01
9.814235355189233206e-03 -1.765692013881330069e-01
1.187074553784673615e-02 -1.748067393302161210e-01
1.544379234462269282e-02 -1.746799599337759690e-01
1.795260874775727461e-02 -1.761374601595331879e-01
1.878187162315275369e-02 -1.781386765066142741e-01
1.944634716250006820e-02 -1.787309252063544740e-01
2.738654808436596921e-02 -1.776442778699604541e-01
5.715526715476548780e-02 -1.794984181405365198e-01
5.898519428771208106e-02 -1.815588568892470556e-01
6.611242232426257914e-02 -1.821955467790023209e-01
6.969395773212061496e-02 -1.809747414254130049e-01
7.618535746212537485e-02 -1.805357006150704047e-01
8.257949078920406860e-02 -1.817382338925283836e-01
8.702622718373627386e-02 -1.834347296981871100e-01
9.764193071432096527e-02 -1.838493424232355011e-01
9.970236946303151493e-02 -1.820194152902888940e-01
1.053634447129502966e-01 -1.822645580649058517e-01
1.066359862013529641e-01 -1.807828391604061058e-01
1.093213180763376174e-01 -1.777374934790459660e-01
1.142748655265325292e-01 -1.760225163018859507e-01
1.182257166606029281e-01 -1.756134477744303868e-01
1.186782775120275440e-01 -1.736882508022632443e-01
1.207050241365446447e-01 -1.718562584779318447e-01
1.208202799444266090e-01 -1.699110755371032455e-01
1.314839770470398739e-01 -1.601847357026611463e-01
1.352097683875192469e-01 -1.555762219631903753e-01
1.363932180893401291e-01 -1.536942626840447634e-01
1.384083539536443697e-01 -1.526289165256878577e-01
1.413574942699481474e-01 -1.514158183664274515e-01
1.471961076892074616e-01 -1.463795472518789886e-01
1.491412906300360608e-01 -1.464948030597609530e-01
1.569100150858734333e-01 -1.397336894400979801e-01
1.618064785032791719e-01 -1.382184923437192459e-01
1.645756759071299868e-01 -1.371865313200163472e-01
1.665834842606452038e-01 -1.362448522396785267e-01
1.679786730584535981e-01 -1.357407592300609867e-01
1.683750278405676259e-01 -1.338122319408371341e-01
1.704354665892781340e-01 -1.319823048078905547e-01
1.819956231043381722e-01 -1.326446772749153569e-01
1.842398711322530136e-01 -1.279032014494211889e-01
1.857452679176744004e-01 -1.247766479051874988e-01
1.877458173880798553e-01 -1.239586399691899876e-01
1.890245979909788987e-01 -1.233235483044431563e-01
1.895446198511120117e-01 -1.214023485260083135e-01
1.914026796400181696e-01 -1.195603611841855873e-01
1.895727525070715902e-01 -1.174999224354750377e-01
1.895888895155130593e-01 -1.137999479987466117e-01
1.911733900652232143e-01 -1.114339834391356032e-01
1.954378410034917635e-01 -1.108742861087042425e-01
1.979452218927844898e-01 -1.110228532197956725e-01
1.960313496251386289e-01 -1.103791642816434604e-01
1.941880325962859200e-01 -1.085435457438539836e-01
1.922428496554573485e-01 -1.084282899359720193e-01
1.904082584521028521e-01 -1.064465671353679588e-01
1.884856603589588064e-01 -1.059489824600303165e-01
1.866150944120137101e-01 -1.045744087378030068e-01
1.837727620011428975e-01 -1.034130473951610091e-01
1.805731385780680043e-01 -1.025690051274002063e-01
1.776768786509625719e-01 -1.007951678256192030e-01
1.699490237773461920e-01 -1.002018819507342201e-01
1.644591778171483054e-01 -9.402049301060215469e-02
1.586695301280652004e-01 -9.289888560664738559e-02
1.556818957949808457e-01 -9.133402219998205951e-02
1.516291240282862662e-01 -9.022504125853235413e-02
1.473911481671785484e-01 -8.919537337674138255e-02
1.445887179285073043e-01 -8.755119691041730878e-02
1.391004005393762510e-01 -8.705672455350071948e-02
1.372704734064296439e-01 -8.499628580479016982e-02
1.353332848530656163e-01 -8.474610797949116980e-02
1.334773093663405019e-01 -8.312412740722523175e-02
1.303729837115323309e-01 -8.219551382672266038e-02
1.265892123736169772e-01 -8.016599622694517424e-02
1.234545678851932532e-01 -7.727221080807548936e-02
1.212516760872952570e-01 -7.655492464465313285e-02
1.175918218214020289e-01 -7.243404714723206128e-02
1.176852346271636401e-01 -7.047627551365434617e-02
1.095520206560650217e-01 -6.967839782469115173e-02
1.002190437009637947e-01 -6.246814740969034579e-02
9.600345266605962713e-02 -5.553859185583594898e-02
9.479470865879051356e-02 -5.156287845844913231e-02
9.147692526733848528e-02 -4.871471397504473916e-02
8.908577348151947017e-02 -5.041223893438759318e-02
8.130497309052590882e-02 -4.995121163653853946e-02
7.559002086371534312e-02 -4.433195087974729776e-02
7.274330637180706494e-02 -4.267385603364413221e-02
7.086601116306932846e-02 -4.141169038371675382e-02
6.898611707530850901e-02 -4.019454855770242946e-02
6.707291168433823780e-02 -3.953960468015225299e-02
6.521493556758635457e-02 -3.795138892608020120e-02
6.315449681887581879e-02 -3.978131605902681528e-02
5.932752612451564628e-02 -3.962225857938251466e-02
5.710454659746552059e-02 -3.791083446604106427e-02
5.512405172340073545e-02 -3.839154142481713411e-02
5.118691081118351832e-02 -3.913991155952085965e-02
4.671738141104089803e-02 -3.820933048180300690e-02
4.450631963374312300e-02 -3.648738693341842948e-02
4.067549013845324357e-02 -3.620399956540064357e-02
3.884549844414856429e-02 -3.414348812268965666e-02
3.691497052489798453e-02 -3.378089815876950813e-02
3.505239896541748751e-02 -3.227140241912514890e-02
3.450697697302421846e-02 -2.700355515524509309e-02
2.848487221443779874e-02 -2.199796458069737046e-02
1.633629266775583899e-02 -2.079295861425278780e-02
1.468623868213888260e-02 -1.874317769338795098e-02
1.480149855634203815e-02 -1.679792612488011788e-02
1.309523850141451791e-02 -1.474481488695857274e-02
1.278321837824939258e-02 -1.277431503038510899e-02
1.039785975776394249e-02 -1.189952720562645859e-02
5.758559762662244889e-03 -8.882773580780625039e-03
2.018276111771454776e-03 -4.023679722174265325e-03
1.829927132946612125e-03 -2.060438748710540988e-03
