-3.257324848288130955e-03 -2.756155271013779277e-03
-1.872941760737053792e-03 -4.927869869823823731e-03
2.576391408591679078e-04 -1.181725972342763387e-02
3.362285827631478121e-03 -1.203251204281840896e-02
6.359942159305053029e-03 -1.860899237366291786e-02
7.676433306396814038e-03 -2.127147378548843032e-02
8.266685861038782987e-03 -2.691481528405425053e-02
1.053958483932834582e-02 -3.691415420489212867e-02
1.028900005069116955e-02 -3.992089426454308726e-02
1.306659578236608193e-02 -5.131875295761834793e-02
1.477598979478835992e-02 -5.408444337702696808e-02
1.439797779222166604e-02 -5.803024284152958484e-02
1.518377771473507221e-02 -6.397444597339234373e-02
1.199868732546991758e-02 -6.679936872986880214e-02
8.597971353638031444e-03 -6.324514675601963787e-02
8.145807542078055755e-03 -6.426975289840088090e-02
6.870886462000582416e-03 -6.721939535122377352e-02
4.857186902630999774e-03 -7.569920539264332615e-02
2.704704624652596624e-03 -7.805664591588835910e-02
-1.547388754013686359e-03 -8.243629668630281238e-02
-5.941090831723882908e-03 -8.316046294614710954e-02
-6.885805983273068920e-03 -7.649119283459682173e-02
-9.338714936749391293e-03 -7.676782939290387187e-02
-7.657881649237173634e-03 -7.952014205335551644e-02
-7.698765922698169381e-03 -8.378686040841432092e-02
-7.682556023652836741e-03 -8.808039236294616658e-02
-9.366612138872234747e-03 -8.873555095604430953e-02
-6.205367753273372325e-03 -9.230509082131700682e-02
-6.329531303637273530e-03 -9.634104146371447186e-02
-7.952512806243918972e-03 -9.928981233610366386e-02
-9.440176720224069395e-03 -1.017155728889635458e-01
-9.221798036564032852e-03 -1.061969195631543156e-01
-1.049128867935275426e-02 -1.110888245040856648e-01
-1.095864232550926992e-02 -1.141737919444264365e-01
-1.142599597166578211e-02 -1.172587593847672222e-01
-1.328008051832512033e-02 -1.201802731664052687e-01
-1.884255365956428660e-02 -1.186074489851105251e-01
-2.127053159472304042e-02 -1.167412436696470268e-01
-2.433278090422753837e-02 -1.163368421921932017e-01
-2.733952096387849695e-02 -1.160862574035560341e-01
-2.879318341269461803e-02 -1.173142085307414539e-01
-3.087839828072046558e-02 -1.202085233031873479e-01
-2.934905904391301584e-02 -1.259792339341236911e-01
-2.508238336829060611e-02 -1.260201336097072633e-01
-2.081566501323178775e-02 -1.260610178831682582e-01
-1.643274530135198711e-02 -1.258544747152488541e-01
-1.367129108419818523e-02 -1.298053790583661715e-01
-1.052160445277746173e-02 -1.329048646285427571e-01
-1.188202166180878441e-02 -1.370629406346558776e-01
-1.281811109702783204e-02 -1.385862466441859508e-01
-1.066430978276792021e-02 -1.364733296033870391e-01
-7.226177041283267030e-03 -1.338020886102567475e-01
-4.758956172039661113e-03 -1.357331936257809013e-01
-1.157439999954465275e-03 -1.413330220207920651e-01
-6.381028680539708097e-04 -1.471521195163413287e-01
-1.449537026881136080e-03 -1.506852713886314699e-01
-2.980296258225583177e-03 -1.530791664458052703e-01
2.823483345900140457e-03 -1.523203577276717458e-01
6.865224660465613256e-03 -1.591838972780224015e-01
4.902957718757174760e-03 -1.668864631379907149e-01
2.636156134865323079e-03 -1.697593361364453934e-01
-6.597972152356924511e-03 -1.673856022790138343e-01
-9.282924645091783500e-03 -1.693187218970900465e-01
-5.159221246326930500e-03 -1.696641277844377627e-01
-5.057356449865210886e-03 -1.739978510973996251e-01
-1.032987222081160894e-02 -1.772362474430119739e-01
-2.506790293020381456e-03 -1.776929366559422407e-01
2.822567322605676332e-03 -1.813573010542471609e-01
8.661339847182595447e-03 -1.917768757145823511e-01
5.394489623216913547e-03 -1.945285575061316552e-01
8.146171414766220295e-03 -1.977954077300973224e-01
1.025908845556513550e-02 -1.999492090443572290e-01
1.500305909563398772e-02 -2.063933907740398421e-01
1.912479322252274780e-02 -2.106753212344612824e-01
2.259257276406458070e-02 -2.159045640831364909e-01
2.534872803507836128e-02 -2.191618889314246033e-01
2.696426371476202261e-02 -2.192585454370366005e-01
2.428854924216727190e-02 -2.158299380712295212e-01
2.125923019455436616e-02 -2.045229210972542011e-01
1.848163446287945724e-02 -1.931250624041789266e-01
1.873221925151663525e-02 -1.901183223445279957e-01
1.898280404015380285e-02 -1.871115822848770094e-01
1.884933963437727608e-02 -1.824494277174897594e-01
2.313675008016734605e-02 -1.781676408947601986e-01
2.490022349503525148e-02 -1.720384564225650170e-01
2.944169529699776702e-02 -1.706287592808031217e-01
3.201490160617970204e-02 -1.718023916073415924e-01
3.527222645446783517e-02 -1.690462363363278153e-01
3.925222435573360452e-02 -1.691905920694214693e-01
4.236822839076319347e-02 -1.699628954186202523e-01
4.348610811073887888e-02 -1.769806113624188548e-01
4.455836393252187583e-02 -1.771706281363459312e-01
4.441779588533940892e-02 -1.712622584422269223e-01
4.060682624800496243e-02 -1.650820323914950205e-01
4.102220653264038175e-02 -1.606485704788321034e-01
4.163869954790645062e-02 -1.586557657899405338e-01
4.917314314168640815e-02 -1.545457579584097463e-01
5.585227396030559288e-02 -1.537160526539790850e-01
5.961883742596776198e-02 -1.491954693840989998e-01
5.864502343837039999e-02 -1.471759171064327687e-01
5.423976360648206929e-02 -1.474300290711809680e-01
5.215359415445783298e-02 -1.436859207540576167e-01
5.713976748243890930e-02 -1.406615168336093347e-01
5.976293308083777123e-02 -1.398492129379264592e-01
5.723515449984926950e-02 -1.366991424875303451e-01
6.183719035195224534e-02 -1.325883683313788808e-01
6.716610738037397110e-02 -1.335578490428819542e-01
6.649915754171535631e-02 -1.372285785655338597e-01
6.587510208425226277e-02 -1.392004276511488170e-01
6.773231933357641565e-02 -1.399448647812122637e-01
7.388913221744934645e-02 -1.329810357630777096e-01
7.697543806076390105e-02 -1.344595483476383746e-01
8.412183530457104097e-02 -1.347494052097699679e-01
8.734711018362273371e-02 -1.339411273377037470e-01
8.140876742178224101e-02 -1.299907603041246251e-01
7.828645687421263710e-02 -1.250399194453899465e-01
7.511159507862122386e-02 -1.205348025509485055e-01
7.544268614612784085e-02 -1.170722501367007645e-01
7.591003979228434784e-02 -1.139872826963599650e-01
7.859189082423785611e-02 -1.091547468615448879e-01
8.251597866380835922e-02 -1.093192793752456732e-01
8.552050530573011844e-02 -1.099579155389211610e-01
8.728739377225253060e-02 -1.107586834209440541e-01
9.227557773821604137e-02 -1.121198600859526079e-01
8.880571336601993104e-02 -1.113962441639432255e-01
8.547439337472713394e-02 -1.075087394453764084e-01
8.373785386576225453e-02 -1.036384569399067535e-01
8.354090208421872943e-02 -1.007932235378485170e-01
8.093728714517647860e-02 -9.723585055513812858e-02
8.658159537428387897e-02 -9.362619352410729567e-02
8.796377085225338954e-02 -9.044817438125911380e-02
8.773834819949018204e-02 -9.017386785995530618e-02
8.058918298271507130e-02 -9.359950904195712962e-02
7.911961576633956550e-02 -9.121353613161167773e-02
7.886550380159139395e-02 -8.680827629972334702e-02
7.840562221369358487e-02 -8.551215203619438876e-02
7.561835746864919994e-02 -8.251896443633348344e-02
7.712804897226055445e-02 -7.965058428403551383e-02
8.111263141695142231e-02 -7.663197684390289643e-02
8.648414966288357764e-02 -7.627416177171772449e-02
8.945354661530569018e-02 -7.204125934777673435e-02
9.153417244508886552e-02 -6.972557230460051103e-02
9.751855610216850212e-02 -7.018982448997566903e-02
9.994546205097268321e-02 -7.249108696268022345e-02
1.006253955266477040e-01 -7.757251053902322613e-02
9.804702282297031446e-02 -8.058946704580474685e-02
9.858995996910600856e-02 -8.297000661478760863e-02
1.003882038990901171e-01 -8.055073255320052694e-02
1.083968889723890550e-01 -7.468892646333617769e-02
1.105858883606728182e-01 -7.429412561472760468e-02
1.058211601494223053e-01 -7.245714481831337650e-02
1.031294770195615301e-01 -7.115237125435813770e-02
1.006559506982737384e-01 -6.867821406416801944e-02
9.789979542725996131e-02 -6.542088921587990713e-02
9.293097474302890182e-02 -6.446371031240960559e-02
9.310252077309323637e-02 -6.885925976482211441e-02
8.748042460716738689e-02 -7.012151511483161181e-02
8.578463154211921071e-02 -6.465587371028541641e-02
8.694545308889636837e-02 -6.290130245391838126e-02
8.438258459377083465e-02 -5.774857057213147321e-02
8.221492225391317799e-02 -5.719518005316118203e-02
7.994818852429762257e-02 -5.509688798875480437e-02
8.011170581987279993e-02 -5.993000514439231902e-02
7.799683543956831278e-02 -6.353051375007751078e-02
7.448987210599648801e-02 -6.187188381352538846e-02
7.518224178492681486e-02 -6.497300148060873581e-02
7.151385030250935471e-02 -6.726898304201768541e-02
6.848691806012865979e-02 -6.696244551224883601e-02
6.612147160340844931e-02 -6.496301650254018845e-02
6.313970736250315574e-02 -6.984054510774968805e-02
6.087567534232304900e-02 -7.445114806437586052e-02
5.668208582773488768e-02 -7.384645641889313328e-02
5.459837393929298233e-02 -7.326276992476692118e-02
5.149120367824001898e-02 -6.835388295202189657e-02
4.846932333207241289e-02 -6.806134427739506110e-02
4.786558142426488444e-02 -6.378225863385306171e-02
4.564232445716311787e-02 -6.077520313975096067e-02
4.531673801961712267e-02 -5.728881052998453099e-02
4.341238296669356483e-02 -5.347908917058147305e-02
4.509612998585735971e-02 -5.137772988396070023e-02
3.880872610373117815e-02 -4.183923347341456794e-02
3.794116238194758517e-02 -3.505519660010300576e-02
3.929911568900103236e-02 -3.165674122025430998e-02
3.863356013979162701e-02 -3.031627204809961285e-02
3.583909609150328496e-02 -2.923034979849211193e-02
3.160619366756228787e-02 -2.626095284606998898e-02
2.925380504053035069e-02 -2.412246942323360843e-02
2.803397330312439734e-02 -1.697555977337617678e-02
3.018777461738430742e-02 -1.486264273257725810e-02
2.890002180010948357e-02 -1.241105677995210828e-02
2.704374610648701757e-02 -1.361836483423824358e-02
2.608929699136587274e-02 -1.745603832041512163e-02
2.194148354614143884e-02 -1.737224373338810274e-02
1.889184857504705439e-02 -1.700279671435294543e-02
1.448658874315871502e-02 -1.725690867910111698e-02
1.068898999613779495e-02 -1.315042168528576978e-02
7.348144629167449940e-03 -9.258443487254495313e-03
5.235227588368532130e-03 -7.104642172994586960e-03
2.617613794184266065e-03 -3.552321086497293480e-03
