-3.251629288624410200e-03 -4.988255550144603083e-03
-4.890308337256815685e-03 -9.650663406105163683e-03
-4.945108211017763301e-03 -1.272351356207811895e-02
-4.712418710381929832e-03 -1.488808967659987180e-02
-1.879057628285914347e-03 -2.180778603605656313e-02
-2.653928802899013176e-03 -2.447892380167802917e-02
-2.143863838873859458e-03 -2.765452566117018382e-02
-6.873165523136625147e-05 -2.821903577289043216e-02
2.375415727475303166e-03 -3.000280737358143254e-02
2.566189591540687931e-03 -3.307194326688543684e-02
3.675138938852036147e-03 -3.643163627049544884e-02
4.808711944822253656e-03 -3.710547375309486418e-02
7.774470200452221133e-03 -3.722412921293508092e-02
9.215973145590385801e-03 -3.876114569339315918e-02
1.094336615630160138e-02 -4.014969101205385221e-02
1.328567495181247685e-02 -4.148306998386094152e-02
1.407867072062564569e-02 -4.474282279534456952e-02
1.137676178296008478e-02 -4.689629255105427774e-02
9.007673032685015180e-03 -4.595635313732095856e-02
7.635598665623894062e-03 -4.553836909501918218e-02
5.099067164388624770e-03 -4.478435896212764472e-02
2.635911468784367991e-03 -4.153365163540472665e-02
8.783115393018035193e-04 -4.526773927694936056e-02
-2.788063745903502071e-04 -4.713905524489647725e-02
3.562316781094299750e-04 -5.034877770197143665e-02
7.903834752055515292e-04 -5.240876397625005706e-02
4.381810382262629191e-04 -5.487693838415407671e-02
3.926715534549454940e-03 -5.663829224204618151e-02
6.041948869142390981e-03 -5.983863956193512940e-02
4.090337183678945630e-03 -6.222962859597842844e-02
3.551471056578848866e-03 -6.405220406704763281e-02
8.884978615367215490e-04 -7.049219659855628095e-02
-2.271194241129564483e-03 -7.096927693514265556e-02
-6.171357375124851899e-03 -6.410836013312580517e-02
-6.243663331972492889e-03 -6.107672202460679572e-02
-8.650252671548697495e-03 -5.917450158983374869e-02
-9.754615571094586018e-03 -5.827098105309815729e-02
-1.268306359456203639e-02 -6.103711372645514999e-02
-1.808500840244717592e-02 -6.051661538599775736e-02
-1.926955417984278426e-02 -5.950627121500236261e-02
-2.314947314726746239e-02 -5.892990588058066859e-02
-2.596961844980236536e-02 -5.912345007082907972e-02
-2.815151288136254204e-02 -5.843283090029017385e-02
-2.663853227167989335e-02 -5.993273950673405626e-02
-2.440419050361432307e-02 -6.105815100062397804e-02
-2.254681286098730864e-02 -6.237921435305573969e-02
-2.068399552114434659e-02 -6.534758456644636226e-02
-2.312127699582343723e-02 -6.810622845611996601e-02
-2.402462457203660348e-02 -6.857520443991541037e-02
-2.086243015528756878e-02 -7.105874174798874898e-02
-1.657207135563885589e-02 -7.730456700016735683e-02
-1.451431749339738425e-02 -8.017168489477644044e-02
-1.432712459721911281e-02 -8.235988072710856422e-02
-1.101996517667135946e-02 -8.683901809478716816e-02
-1.084196565213567734e-02 -9.036028944813825903e-02
-1.007857732355909273e-02 -9.361063768425290088e-02
-1.158186311720514790e-02 -9.511711311247868228e-02
-7.258893586251796010e-03 -9.726204897944315531e-02
-4.942900121778463253e-03 -9.945059647934209601e-02
-3.093093144849267447e-03 -1.024257210671370710e-01
-3.025211040291937194e-03 -1.038755422568155146e-01
-6.379670890800990092e-04 -1.040717584091871706e-01
1.077875572254403860e-03 -1.029747127553388569e-01
6.797733339901152394e-04 -9.983998586783386642e-02
1.410178341171322526e-03 -9.489008863747654121e-02
8.630948081878816493e-04 -8.992681453055569041e-02
4.035942356133653645e-03 -8.535899544349741241e-02
6.777345583730518506e-03 -8.558586712373042471e-02
8.958787041658282033e-03 -8.538566386463838920e-02
1.238185947401989478e-02 -9.059663102777321120e-02
1.669195935988279991e-02 -9.254198814726388722e-02
1.856236795802846534e-02 -9.385633679103186355e-02
1.972438609496438358e-02 -9.553844876555435406e-02
1.852815511338394908e-02 -9.763628012764236086e-02
1.731839630985908610e-02 -9.970815102224830917e-02
2.064337385587684121e-02 -1.032044965721958113e-01
3.127556567780241659e-02 -1.142763055872828976e-01
3.082611731532343760e-02 -1.293026042573146850e-01
3.161645713665002522e-02 -1.334630016087428594e-01
3.142502673169308980e-02 -1.368130440400250614e-01
3.105983452440493411e-02 -1.392880124880740422e-01
3.122515195647264721e-02 -1.396064490535363911e-01
3.153185778899436631e-02 -1.371618943634427545e-01
3.437201844433148551e-02 -1.350521181226819467e-01
3.572685214931585473e-02 -1.332596923705376413e-01
3.853114631740795631e-02 -1.268535918362692083e-01
4.413570398399747213e-02 -1.247607483663184663e-01
4.856426297205712617e-02 -1.232949455519315590e-01
5.136433728196965198e-02 -1.243658986120697307e-01
5.320110307582257697e-02 -1.258379557790036130e-01
5.572156812832911033e-02 -1.261795282684814168e-01
5.905944450363739828e-02 -1.251397143165736969e-01
6.292063361124818066e-02 -1.307337534527916734e-01
6.320051713524221793e-02 -1.338473701056276388e-01
6.538871296757434171e-02 -1.336601772094493656e-01
6.752345442349644289e-02 -1.364213597664643840e-01
6.605559673556304912e-02 -1.389654679339023258e-01
6.625055385056645429e-02 -1.388642552808613817e-01
6.939258339166896883e-02 -1.400217000426626779e-01
7.266316120225417563e-02 -1.479107323063457713e-01
7.473938852174638603e-02 -1.534991912815074078e-01
7.495789792715611133e-02 -1.562403584857202099e-01
7.680870452094847034e-02 -1.554032820957035044e-01
7.829709640269429116e-02 -1.539952812370347923e-01
7.681015711144405234e-02 -1.524819035475227791e-01
7.348849368976685670e-02 -1.479112951776389850e-01
7.410757213289963230e-02 -1.446857406186998207e-01
7.734538779939059694e-02 -1.439618420990188830e-01
7.947704092679859500e-02 -1.467328864320880666e-01
8.151515031443003212e-02 -1.463678509572599040e-01
8.379051799986367288e-02 -1.486847487330356377e-01
8.722155537323632302e-02 -1.481740578348556270e-01
9.266594069976405446e-02 -1.482517444396845574e-01
9.635345002454771823e-02 -1.478059572152085888e-01
9.348269526824846964e-02 -1.451051006891531103e-01
9.095989948020209714e-02 -1.381478991218699770e-01
9.052574768310596431e-02 -1.360879128475913358e-01
8.851121390706574721e-02 -1.291721565466300570e-01
8.555896418681870064e-02 -1.208950861788851555e-01
9.516788764545584811e-02 -1.159313560803899440e-01
9.750785249530637133e-02 -1.160365996164514080e-01
1.018778899238946545e-01 -1.169690400189437179e-01
1.053990205594224627e-01 -1.169973736162862182e-01
1.097190906964636975e-01 -1.191685397362850923e-01
1.159025233940420146e-01 -1.215439282513696706e-01
1.171558484182387977e-01 -1.223370807526428100e-01
1.195599180471160622e-01 -1.225658037391631899e-01
1.209949158107973544e-01 -1.241061974068234514e-01
1.228653244089430163e-01 -1.254205460505914416e-01
1.330315787228461555e-01 -1.291108840699583260e-01
1.348790491771564293e-01 -1.312869064232750349e-01
1.372325624415562662e-01 -1.314181500925591106e-01
1.390723155118405996e-01 -1.330866580127121057e-01
1.429786933326422649e-01 -1.336822706254212623e-01
1.473619903170917955e-01 -1.346243442036251514e-01
1.490713057818278953e-01 -1.354695116603761573e-01
1.487241586643899272e-01 -1.307324761304748950e-01
1.458858975726759488e-01 -1.284437874622808284e-01
1.450336678502539001e-01 -1.251652857584046874e-01
1.423002749759306462e-01 -1.183587086874577921e-01
1.396037115984739840e-01 -1.163429599802684733e-01
1.390575340127553627e-01 -1.131613307326095053e-01
1.384460380229042831e-01 -1.112842060032634556e-01
1.342518497263186228e-01 -1.120095542683667428e-01
1.314836679664942165e-01 -1.102372465570697763e-01
1.289659307699139723e-01 -1.085659551411702894e-01
1.277385780007831428e-01 -1.043106567650307764e-01
1.305392297740889107e-01 -1.021884082129917576e-01
1.328120645792601751e-01 -1.032608020760416023e-01
1.337092968847872487e-01 -1.026052577076861094e-01
1.363739763037510322e-01 -1.005865831509646230e-01
1.361152866698925601e-01 -9.843555545099216819e-02
1.270049877235646385e-01 -1.023731415193269156e-01
1.238469151308544264e-01 -1.018840477081099094e-01
1.224905013276716831e-01 -1.014166914882534271e-01
1.180380001384349481e-01 -1.002300600171488199e-01
1.158907261128891558e-01 -9.750836726902945006e-02
1.131146760236578230e-01 -9.392509611692209659e-02
1.094902922402168355e-01 -9.012216780167707497e-02
1.050979775732271554e-01 -7.975457152995789334e-02
1.033540078238151111e-01 -7.512397140006515928e-02
1.036989575004950842e-01 -7.261001152901551403e-02
1.042175825195236077e-01 -6.880956904580790012e-02
1.057291089027482672e-01 -6.698529615583805052e-02
1.054769244503466902e-01 -6.483089126866344032e-02
1.051597469222526060e-01 -6.271017740256024098e-02
1.041315405195680499e-01 -5.755122661743989482e-02
1.007507676340428232e-01 -4.887784531335549743e-02
9.947286130495067158e-02 -4.560581654823712972e-02
9.610841454264217043e-02 -4.209697809440652444e-02
9.529651293555074787e-02 -3.522510143847999015e-02
9.371879138512888285e-02 -3.183649573817182860e-02
9.095392374964500481e-02 -2.898992520693858058e-02
9.077304542380211505e-02 -2.549492377236247526e-02
8.966411514962645268e-02 -2.213517051040699360e-02
8.851623886471267355e-02 -1.793761244966063026e-02
9.297071257807278111e-02 -2.886433388487779153e-03
9.415882745983547575e-02 2.977624553664270143e-03
9.282781703992061539e-02 8.449702951279594934e-03
9.181624301575704028e-02 9.714864125042110485e-03
8.955383143539651092e-02 9.670626557952803626e-03
7.212935282477289656e-02 9.133928447777871782e-04
7.253132769412851122e-02 -4.199389989467598554e-03
5.731599241754125468e-02 -1.479638113746938564e-02
5.205303806059202731e-02 -1.587858135017903780e-02
4.762946721865252836e-02 -1.616199300675616110e-02
4.350280055403639434e-02 -1.701730531117034637e-02
3.904569538292833319e-02 -1.768114616290748439e-02
3.199535763723850013e-02 -1.881673190208648511e-02
2.947138210274796027e-02 -1.910402055429736429e-02
2.570686611114796072e-02 -1.965580337471288519e-02
2.207709710175746742e-02 -2.002211411497179655e-02
2.001717108582432361e-02 -2.045628498520361827e-02
1.685116273630315673e-02 -2.095311098597242225e-02
1.402015146288269204e-02 -2.064898344597560637e-02
1.248771556717488684e-02 -1.915922547427396233e-02
1.085125550703331179e-02 -1.772342164685683161e-02
7.064931478726800378e-03 -1.360856194760636656e-02
1.733918784772985186e-03 -1.385207797199101499e-03
