2.184305703545507543e-03 -1.615044640654504648e-02
5.501880188668949829e-04 -1.850845420842122183e-02
3.951781456666903967e-04 -2.090459478785843331e-02
-2.551916624997136937e-03 -2.557567351461068408e-02
-7.052855926786682356e-04 -2.998344498889892948e-02
5.126370225077972638e-03 -3.653394414863048861e-02
5.230325076177561733e-03 -4.544373026793187970e-02
2.012822351933113776e-03 -4.818770099434270537e-02
-2.663186124421930770e-04 -4.711564116150249865e-02
-2.466653999028007964e-03 -4.660564777634128991e-02
-3.716149176576991932e-03 -4.645346593164546151e-02
-4.386765524955664811e-03 -4.867633961228329254e-02
-4.844703039280262753e-03 -5.299808228824268164e-02
-3.157250326071392877e-03 -5.685506505771853458e-02
-1.981070155717380103e-03 -5.881879993180175875e-02
-4.033938370310580094e-04 -6.072619766659553830e-02
8.036872945040412488e-04 -6.407739846381103888e-02
-2.585394395774296989e-04 -6.701023916837087202e-02
1.145442074091262302e-04 -7.375355000603525668e-02
-9.955871432807490620e-04 -7.751179018604836823e-02
-1.104145639821017301e-03 -7.965579702918533511e-02
-5.614923780343633423e-03 -8.602004578586656958e-02
-1.362321035548386475e-02 -8.788059991146060512e-02
-1.923557450147187625e-02 -9.456314404664967199e-02
-2.145000706358806894e-02 -9.511948458176795740e-02
-2.498169798014231516e-02 -9.970880718280360211e-02
-2.746097806969263408e-02 -1.007117118585176413e-01
-3.377770474542596962e-02 -1.093761866336777216e-01
-3.573871581770766970e-02 -1.140726230871457608e-01
-4.773684897401173771e-02 -1.295112226261296573e-01
-4.975685972767304732e-02 -1.302858980523107779e-01
-5.163045861722939667e-02 -1.321044475561119202e-01
-5.362799233655003023e-02 -1.330397545413511129e-01
-5.552406826044703481e-02 -1.346976724860942110e-01
-5.749907228155626965e-02 -1.357935411748394661e-01
-5.941773916337605294e-02 -1.372909060119170688e-01
-6.137020489043326643e-02 -1.385473976638798010e-01
-6.212108005654990578e-02 -1.407814706359916956e-01
-6.488502216578484472e-02 -1.455905727721980014e-01
-6.682493958812238399e-02 -1.510209591877479385e-01
-6.770407492048634290e-02 -1.540918318976024493e-01
-6.775069178356049604e-02 -1.590108759147455531e-01
-6.458969168501972613e-02 -1.605323193208452737e-01
-6.172589331504260007e-02 -1.616861266835614708e-01
-6.095121788886149333e-02 -1.637061374372227873e-01
-6.234445379258466563e-02 -1.660304076535729090e-01
-6.060621577039225494e-02 -1.679152756901552412e-01
-5.663801196228600288e-02 -1.676040810127640279e-01
-5.192186524327030428e-02 -1.708723604501514171e-01
-5.089376832725469452e-02 -1.770324671221624735e-01
-5.260818889770144807e-02 -1.794018053307760430e-01
-5.247582154525611692e-02 -1.815119434731236048e-01
-5.378880722708193063e-02 -1.838249531382883106e-01
-5.172938453816593174e-02 -1.856647531826072506e-01
-5.103495073804158871e-02 -1.876960857471653144e-01
-4.913615960818366185e-02 -1.895583628258248610e-01
-4.828116410455322860e-02 -1.915671656921715260e-01
-4.627252672462077443e-02 -1.953790804693839589e-01
-4.385828601015800271e-02 -2.020815959873971113e-01
-4.059032894975845435e-02 -2.066993310897785319e-01
-3.907615173118954982e-02 -2.110718590747214796e-01
-3.725349504119037508e-02 -2.158923958443680347e-01
-3.190648347771975896e-02 -2.236570854325918845e-01
-2.735378775042590985e-02 -2.280945485659195693e-01
-2.448299290603504416e-02 -2.310486398109971584e-01
-2.136706079975769432e-02 -2.322488985503732839e-01
-1.908791983538239007e-02 -2.333209583832135114e-01
-1.711291581427315869e-02 -2.322250896944682286e-01
-1.510411294792650058e-02 -2.313700941908377606e-01
-1.279117313831375918e-02 -2.326830272087928309e-01
-1.064716629517680098e-02 -2.327915857053330928e-01
-8.311626931800668652e-03 -2.342651330906650176e-01
-6.449297189270329113e-03 -2.323662721052551228e-01
-4.384218443345600305e-03 -2.319127813457975695e-01
2.741464922727730692e-04 -2.353528916337170873e-01
4.177829917441183119e-04 -2.375433412576734016e-01
-2.873034739695295037e-03 -2.420988650134716091e-01
-2.339223902788426564e-03 -2.441527358720817220e-01
-3.684539412297485881e-06 -2.456262832574136190e-01
2.140322303724671773e-03 -2.457348417539538810e-01
4.935069743278443395e-03 -2.469801684855934543e-01
9.268081566263847507e-03 -2.475184174815268090e-01
1.320665497504208523e-02 -2.499132789032703639e-01
1.539565995489051639e-02 -2.503429694026634289e-01
1.697333627357683339e-02 -2.522503671374571876e-01
1.814951644393085137e-02 -2.542141020115404326e-01
1.956656979939970162e-02 -2.561440380403862127e-01
2.075683854944349732e-02 -2.570413777344786044e-01
2.140492519961075327e-02 -2.546579423503346762e-01
2.322790426659776530e-02 -2.501445972985841260e-01
2.589317364192194812e-02 -2.481331318901473237e-01
2.817231460629725237e-02 -2.492051917229874958e-01
3.035012029467165293e-02 -2.495546234046426559e-01
3.439147362355866183e-02 -2.520987859787068297e-01
3.571556296599627534e-02 -2.545329980759937771e-01
3.914424721631615256e-02 -2.544612931993208704e-01
4.282384730495399083e-02 -2.503424478214889004e-01
4.508479250344150230e-02 -2.495339649542297755e-01
5.518534383202932520e-02 -2.363266189546939511e-01
5.760685073402293382e-02 -2.354956063892234275e-01
5.941285193310442969e-02 -2.331953105151925998e-01
6.147793067902915937e-02 -2.327418197557350465e-01
6.354733476143689663e-02 -2.305682867399728719e-01
6.735642151014493983e-02 -2.297062947619286921e-01
6.920749070148987658e-02 -2.277271835546214318e-01
7.122750145515116538e-02 -2.269525081284403389e-01
7.246017565536824745e-02 -2.246507676103016160e-01
7.336184068594361896e-02 -2.217404566039532232e-01
7.560735688733631610e-02 -2.179047942305470942e-01
7.749793364479819202e-02 -2.138731955490262571e-01
8.048021924093654023e-02 -2.088697328640763962e-01
8.197913294882484825e-02 -2.055481710620294944e-01
8.362740047290460887e-02 -2.021237594843218743e-01
8.639134258213955475e-02 -1.973146573481155130e-01
8.987369283381813068e-02 -1.941241224811089683e-01
9.178109056861190329e-02 -1.925464461624226409e-01
9.067850371441051049e-02 -1.794374075528182844e-01
8.821919500768431177e-02 -1.724137073680815369e-01
8.736419950405387158e-02 -1.704049045017348718e-01
8.546540837419594472e-02 -1.685426274230753252e-01
8.382456392822063007e-02 -1.597665393767450093e-01
7.554188363168580500e-02 -1.520862684563278888e-01
7.418398684817016642e-02 -1.494111219142147950e-01
7.747480457960959077e-02 -1.448555981584165875e-01
7.962019480714305208e-02 -1.443908382519330513e-01
8.198953301575660768e-02 -1.461052588223797910e-01
8.405461176168134430e-02 -1.456517680629222655e-01
8.560847062862197987e-02 -1.433049595525201225e-01
8.499434831010638236e-02 -1.412623578409360203e-01
8.341673325113142801e-02 -1.393549515103016667e-01
8.424791989885681287e-02 -1.371096093911637892e-01
8.194617938071811769e-02 -1.358769351909466794e-01
7.976837369234369979e-02 -1.355275035092915747e-01
7.748923272796841288e-02 -1.344554436764513750e-01
7.528889734138258238e-02 -1.339454502912901801e-01
7.315615964527162618e-02 -1.339172032763586428e-01
6.929917687579578711e-02 -1.356046559895675296e-01
6.259682684419683174e-02 -1.333519864231874075e-01
5.914288909386401089e-02 -1.297428733132401923e-01
5.764552425678642206e-02 -1.278242064314203952e-01
5.654965556804114613e-02 -1.258492024103111673e-01
5.879517176943384327e-02 -1.220135400369050660e-01
6.134493883767475758e-02 -1.203457277336918707e-01
6.364667935581345970e-02 -1.215784019339089250e-01
6.580188549042445545e-02 -1.217672192481871751e-01
6.765295468176939220e-02 -1.197881080408799148e-01
6.768120169670092945e-02 -1.176553703447689447e-01
6.554146752617620586e-02 -1.158268394474760432e-01
6.427677009765800364e-02 -1.079805592199497843e-01
7.113446097528559886e-02 -9.850326764520694889e-02
7.722557797658467782e-02 -9.756668150227411351e-02
7.885969566126328767e-02 -9.520867370039794164e-02
7.832588482435641486e-02 -9.315480284178784265e-02
7.603541345324373035e-02 -9.200244012317949915e-02
7.257848218799232975e-02 -9.420688269596333431e-02
6.290094726137163139e-02 -9.409105801189222851e-02
5.728763493051840933e-02 -8.734619830341713853e-02
5.682585994311284416e-02 -7.938719113344121225e-02
5.789791977595305783e-02 -7.710805016906591147e-02
5.978849653341491988e-02 -7.307645148754506048e-02
6.277078212955328196e-02 -6.807298880259519958e-02
6.151429047759052887e-02 -6.612052307553799302e-02
5.988461954777897500e-02 -6.209170945553003224e-02
6.044539824192372846e-02 -5.791925933605072269e-02
6.086670028666592985e-02 -5.450322761715335751e-02
6.285024965299965127e-02 -4.996741412690278855e-02
6.545773724492651158e-02 -4.812777956899808030e-02
6.734260528150887160e-02 -4.638954154680566266e-02
6.761172548155523765e-02 -4.422300500545727625e-02
6.892465849951028012e-02 -4.191006519584453832e-02
6.785020583769699187e-02 -3.133512931542010993e-02
7.061703723514765885e-02 -2.537937318148494881e-02
7.077204710834786305e-02 -2.298323260204774426e-02
7.240616479302647290e-02 -2.062522480017156545e-02
7.219353862284318135e-02 -1.852628594929803252e-02
7.011713806602166976e-02 -1.889953508269880816e-02
6.829992897962552933e-02 -2.111951087928029894e-02
6.603898378113803869e-02 -2.192799374653943423e-02
6.268056835922375392e-02 -2.600177113210798419e-02
6.030412944949359311e-02 -2.715396836430210639e-02
5.657946136859231395e-02 -3.095162907541051944e-02
5.304510790994790975e-02 -3.202068679749153768e-02
5.116023987336554973e-02 -3.375892481968396225e-02
4.855275228143869637e-02 -3.559855937758866357e-02
4.072329303124432726e-02 -3.931717916894139631e-02
3.128518664563060409e-02 -3.974088263849728103e-02
2.807629052632201402e-02 -3.904489996756221881e-02
2.241774471679113326e-02 -3.664576587320641371e-02
1.880607329145658063e-02 -3.191253705958235765e-02
1.581134361730140991e-02 -2.807520329594278413e-02
1.361961483565145466e-02 -2.412525651343569097e-02
1.186029175935548498e-02 -2.150649977448281999e-02
1.092498477411630621e-02 -1.950896605516216908e-02
9.106435270315150002e-03 -1.763536716560581974e-02
8.331759844134041526e-03 -1.561535641194452227e-02
6.352648636826786419e-03 -1.376428722059959246e-02
5.738526318311177633e-03 -1.172168550901550414e-02
3.598792147786451442e-03 -9.893154611722592209e-03
2.063695361528232637e-03 -1.198276435662770553e-04
