-1.580747007204772771e-03 -4.675272023881116984e-03
-4.682893972683318043e-03 -6.688079846370523565e-03
-9.141401461476759971e-03 -8.762531477217502113e-03
-1.016302755444437045e-02 -1.484889177791387516e-02
-1.229302087571463795e-02 -1.853830595470501788e-02
-1.554575262040552679e-02 -1.734551429007330156e-02
-1.788493119353666908e-02 -1.652775078358507607e-02
-2.110191090505371750e-02 -1.078671963681851649e-02
-2.982185813796252999e-02 -7.109463536831966794e-03
-3.090739397345082518e-02 -4.876019406778937457e-03
-4.462132150740522746e-02 -6.242212090121468902e-03
-4.772346847288377186e-02 -8.255019912610874616e-03
-5.215080265431221856e-02 -1.113809468993545368e-02
-5.631942566579881126e-02 -1.274316664843552424e-02
-6.114535302982099241e-02 -1.438475399267413052e-02
-6.467805396930959017e-02 -1.556992249145331200e-02
-6.691378002079814702e-02 -1.661438202824215213e-02
-7.035442708441316806e-02 -1.772573691426290732e-02
-6.866263625154245265e-02 -2.493873701906897805e-02
-7.092800220353412399e-02 -2.866312632329751781e-02
-7.434358759664540239e-02 -3.022636460306941594e-02
-8.166761889779566852e-02 -3.164960852258860008e-02
-8.331075320206793311e-02 -3.322428419217580975e-02
-8.484280344919949146e-02 -3.630359584331088740e-02
-8.816558721805113630e-02 -4.472913593418874345e-02
-9.045682961142602341e-02 -4.897689621543420413e-02
-9.373697341303130481e-02 -4.778562737934950039e-02
-9.732751401942008052e-02 -4.694122662572972754e-02
-1.008495510491101976e-01 -4.955424555247456286e-02
-1.016833031140162991e-01 -5.111141215648184327e-02
-1.039014934216219571e-01 -5.247077373302417441e-02
-1.079195590534400562e-01 -5.406748174144059005e-02
-1.093907688058753519e-01 -5.552270365669884772e-02
-1.070447444684376054e-01 -5.646369605928543839e-02
-1.053423044510437279e-01 -5.941827269428841263e-02
-1.020499897407029649e-01 -5.786188250020809359e-02
-9.729328303416449886e-02 -5.868270201667383917e-02
-9.495566907625248299e-02 -5.947305578763265738e-02
-9.392109863947929738e-02 -6.153077061586619684e-02
-9.157359558155163393e-02 -6.249913561008003243e-02
-9.174018197654415507e-02 -6.617563063394013567e-02
-9.515345644853194507e-02 -6.728550679947098434e-02
-9.718301512261602604e-02 -7.080448732337409068e-02
-9.834992692014489502e-02 -7.205053749499648608e-02
-9.192733515995392402e-02 -7.220192684986721787e-02
-8.296853693033469368e-02 -7.053676047714388386e-02
-7.961155056739023517e-02 -7.508883127484855535e-02
-8.069860778894384634e-02 -8.024486236151598395e-02
-8.170804908185713700e-02 -8.259464734087916538e-02
-8.234630803204076588e-02 -8.767083675127115838e-02
-7.968539322478336573e-02 -8.958325148781513814e-02
-6.816530056002291504e-02 -9.125072860117733331e-02
-6.293544257780343820e-02 -9.069922632273842711e-02
-5.656457591774127075e-02 -8.991952504930669776e-02
-5.421550824459447221e-02 -9.091529977904995452e-02
-5.040745801426398803e-02 -9.345073315155519311e-02
-4.715617781595054375e-02 -9.189662255752545361e-02
-4.036770350892183307e-02 -9.270068334856040870e-02
-3.803004544295272155e-02 -9.349107658480637628e-02
-3.745725846135499609e-02 -9.712649702282682984e-02
-4.087431039649717240e-02 -9.841510171782910654e-02
-3.419233012124458376e-02 -9.952724839252408140e-02
-3.118983131051986796e-02 -1.009125019019125741e-01
-2.643312460398139843e-02 -1.017333214183783197e-01
-2.441120188273401478e-02 -1.045053374870991703e-01
-2.229492886433354776e-02 -1.069973970352907922e-01
-1.887251038118414187e-02 -1.080296981121812439e-01
5.373354332110888594e-03 -1.076029775946413941e-01
9.080278070291439990e-03 -1.083173036878561923e-01
1.026162842357874333e-02 -1.105453830954774980e-01
1.237563390767196410e-02 -1.097824005863799052e-01
1.601709690905339656e-02 -1.093191387938083486e-01
1.836160073932911405e-02 -1.102327609261526675e-01
2.231267134858291867e-02 -1.113867576049953068e-01
2.698567545506300180e-02 -1.149042585744519673e-01
2.967627034935151759e-02 -1.178451430723165411e-01
3.143044935819299529e-02 -1.207418940444538319e-01
3.593686623572402150e-02 -1.212606998488336696e-01
3.944063461113619246e-02 -1.200496839083592393e-01
4.339021188734042828e-02 -1.184567806499253612e-01
4.983794817013854211e-02 -1.153516051189598518e-01
5.705094827494460591e-02 -1.136598142860891364e-01
6.573817318944791266e-02 -1.147704659148747336e-01
6.859689070278529588e-02 -1.152984006220470481e-01
7.082881432567629532e-02 -1.141854945163164881e-01
7.147083623917033224e-02 -1.091777957829233175e-01
7.637738069777594285e-02 -1.099765429994632310e-01
8.055514440742021776e-02 -1.149637054315555407e-01
8.205144322990308436e-02 -1.171743303472532194e-01
8.503871329633928833e-02 -1.214996797661203054e-01
8.505088431779048164e-02 -1.217187672880747917e-01
9.072118586984512234e-02 -1.199478660891795528e-01
9.418313053631884035e-02 -1.207032563026348149e-01
9.311130072928773538e-02 -1.184690507583082836e-01
9.156556104949657715e-02 -1.153684532996797213e-01
8.968053036179797488e-02 -1.140721847564874353e-01
8.598655355918609355e-02 -1.133434330072140561e-01
8.286769928659154516e-02 -1.071436750237747260e-01
8.126871167812459162e-02 -1.030845748799293082e-01
8.245998051420928843e-02 -9.980443107832402683e-02
8.469570656569784528e-02 -9.875997154153519364e-02
9.103919016853359580e-02 -9.748735468370996193e-02
9.327491622002215266e-02 -9.644289514692111487e-02
9.548626076332120127e-02 -9.496030467428040467e-02
9.536911732159059074e-02 -9.359332092350451660e-02
9.303072684103591561e-02 -9.229478324586085081e-02
9.377394603303999820e-02 -8.861375105743266034e-02
9.109552177710886212e-02 -9.108375010106366243e-02
8.888489686141119728e-02 -9.258004892354654292e-02
8.665145273135817228e-02 -9.366558475903483116e-02
8.345881186245523997e-02 -9.577953235646782804e-02
8.111504299358140990e-02 -1.013075895564323342e-01
7.792920781517277684e-02 -1.028031130733228909e-01
7.548738041715416514e-02 -9.791178076320822266e-02
7.651889439308708074e-02 -9.052003751637106854e-02
7.875081801597809406e-02 -8.940713141064049463e-02
7.938907696616169518e-02 -8.433094200024850162e-02
8.162476355236311654e-02 -8.328652657151677796e-02
8.383995231093187284e-02 -8.187238034643280760e-02
8.405750471316465744e-02 -7.911331170909011168e-02
7.559773580075378197e-02 -7.517438345974659930e-02
7.634246210441054947e-02 -7.028458836530722398e-02
7.795440860147381801e-02 -6.814850875571266953e-02
7.933205664514199340e-02 -6.426741972240659906e-02
8.293550007904235133e-02 -6.509735535468065548e-02
8.527315814501144897e-02 -6.588774859092660918e-02
9.033561191873311358e-02 -6.627951028362634445e-02
9.463435137729682423e-02 -6.479081913553305649e-02
9.765433135824816424e-02 -6.599654091450449234e-02
1.015993582998063333e-01 -6.852436478704464207e-02
1.039468757448622771e-01 -6.627876402266873190e-02
1.058075642769428226e-01 -6.417011096983253615e-02
1.080181474059683649e-01 -6.267381446873464268e-02
1.102455071859882868e-01 -6.147875576560515865e-02
1.037521590400667520e-01 -6.030117857084936472e-02
1.015933013942637991e-01 -5.753676968070861597e-02
9.695678207369017032e-02 -5.887941332687333940e-02
9.054331799924134061e-02 -5.889232916680044172e-02
9.011505801241015412e-02 -5.489175859652778433e-02
9.458568305333313331e-02 -5.105860833474105964e-02
9.539129064673931846e-02 -4.899482011788308666e-02
9.315406943662568606e-02 -4.506728846330169957e-02
9.073961352589968166e-02 -4.165782981542081459e-02
8.870092926202705064e-02 -3.907905382695919805e-02
8.712323876060927563e-02 -3.911174825001138833e-02
8.608410581073103196e-02 -4.142202154589425672e-02
8.911397329155389124e-02 -4.651415639826600446e-02
8.706080731053797428e-02 -5.010314810632995886e-02
8.252322941681662638e-02 -5.149520471444965497e-02
8.002583193721193866e-02 -5.598792956755797856e-02
7.717927105819745448e-02 -5.889304814092991003e-02
6.800976657374582790e-02 -5.824871602755322259e-02
6.439033469414327804e-02 -5.960351497827480471e-02
6.089110276205833561e-02 -5.768272007894337944e-02
6.400161870348429483e-02 -5.062875718992563417e-02
6.662528852761209763e-02 -4.915071545178685553e-02
6.726354747779571264e-02 -4.407452604139486252e-02
6.824561850046675926e-02 -4.172626156919370666e-02
7.170529391977339961e-02 -3.996826502338551856e-02
7.515736349026595764e-02 -4.252347427453709305e-02
7.433655565644972651e-02 -4.925796945535477339e-02
7.557268944122833010e-02 -4.999965314454335452e-02
7.740600770306658995e-02 -4.789252059886919821e-02
7.943555016444689421e-02 -4.536241457946213473e-02
7.784645165599557437e-02 -4.148132565887174827e-02
7.963943931651357167e-02 -3.815400610016476263e-02
8.164009100048956469e-02 -3.559805031767746680e-02
8.368334009885222691e-02 -3.380887996869479800e-02
8.387731076812150743e-02 -3.210869469862401293e-02
8.153208963162938971e-02 -3.118140600310963240e-02
7.710251509000615178e-02 -2.808990905611076158e-02
7.485615191973776783e-02 -3.017878451744080912e-02
7.187267061601169960e-02 -3.284429106292260231e-02
6.821065471753180731e-02 -3.466843775639299324e-02
6.502101699780990507e-02 -3.312876815222232096e-02
6.118478001349789142e-02 -3.231176495567296414e-02
6.388147326185400487e-02 -3.734000258213007045e-02
6.125779015493258012e-02 -4.054865769613492238e-02
5.600211030498616904e-02 -4.211796472176129735e-02
5.143862857033779795e-02 -4.081942886969313483e-02
5.025119364158601998e-02 -3.254833349019163602e-02
5.634369507464107724e-02 -3.120721145552359313e-02
5.442140794659472425e-02 -3.047619106760833876e-02
5.141433029734546883e-02 -3.148105363471279117e-02
4.708362761326478907e-02 -3.041680455339019346e-02
4.603921218453305153e-02 -2.818111796718877210e-02
4.571288299513207032e-02 -2.453200600055509967e-02
5.057453472240614617e-02 -2.328675830863748131e-02
4.964799442874973101e-02 -1.921775627779225351e-02
4.687447223999514911e-02 -1.799834297020761267e-02
4.355553406112594450e-02 -1.685043235425790278e-02
4.029288592959126558e-02 -1.523241258128588300e-02
2.785006951652214610e-02 -1.450895681909102237e-02
2.416903732809395564e-02 -1.376573762708695366e-02
1.967937019782295752e-02 -8.109156716049158511e-03
1.498279824969818083e-02 -4.661622822696249481e-03
9.827528577304275870e-03 -3.588271629599838492e-03
7.489870511335163482e-03 -2.797878393353879587e-03
3.306006351669678843e-03 -1.656814150235940601e-03
