3.221483405585855078e-03 -5.144006222149503232e-03
2.466617533131187576e-03 -1.277817241031815876e-02
1.894477351676642168e-04 -1.745551544668439911e-02
-2.021998709269653537e-03 -2.055393287931430585e-02
-3.182946715982213487e-03 -2.648738863417927913e-02
-1.572205013189286382e-03 -2.905939174525402902e-02
-2.186354167931921569e-03 -3.302468712943277401e-02
-1.506604506030760626e-03 -3.617966592643923757e-02
-9.530543999191654373e-04 -3.941381249007015752e-02
-1.440943685021311028e-03 -4.330003641568672124e-02
1.697980177716187878e-04 -4.587203952676147112e-02
-2.980938162744353834e-03 -5.999335305219233999e-02
-2.713186954914996712e-03 -6.582287714519492738e-02
-3.605281645338979414e-03 -7.446565704202555425e-02
-5.596171927601605381e-03 -8.577371476362835589e-02
-4.158860508421808461e-03 -8.863004235051137603e-02
-6.081383324985457917e-03 -9.699553197824672957e-02
-4.704101266195883507e-03 -9.887895816349315248e-02
-2.898817173596436852e-03 -1.006040885928002615e-01
-2.411713268836689246e-03 -1.045388518727891486e-01
-3.422885511326198907e-03 -1.102905525078849563e-01
-1.812143808533270934e-03 -1.128625556189597062e-01
-2.113129178235996757e-03 -1.149952133863106352e-01
-1.156753828784606430e-03 -1.174168326823699787e-01
-9.505940297350381346e-04 -1.216922574282954250e-01
-1.568772186585463621e-03 -1.266157325816690826e-01
5.196486950177694065e-04 -1.271092062826922331e-01
2.130390397810693909e-03 -1.296812093937669830e-01
1.362688163050144053e-03 -1.351376391888373663e-01
1.606322060080931854e-03 -1.393676733088516639e-01
2.537011415767837300e-03 -1.417833895542497946e-01
2.261651725978671215e-03 -1.439218540641996613e-01
3.872393428771606343e-03 -1.464938571752744112e-01
2.823807402151791695e-03 -1.522910447443436288e-01
4.385904268498086109e-03 -1.578371086856492633e-01
5.862462939144238647e-03 -1.625801033991614575e-01
5.696684227995415552e-03 -1.669456628124698361e-01
8.918167633581271930e-03 -1.720896690346193636e-01
8.573805115236117838e-03 -1.742934034216459260e-01
1.081867675181780696e-02 -1.786321297356027182e-01
1.191027675692877749e-02 -1.832865723666629032e-01
1.181051540236433169e-02 -1.864245803171813987e-01
1.387534207842841191e-02 -1.870207196823058804e-01
1.548602346737041127e-02 -1.895926264853183829e-01
1.456854546838680202e-02 -1.952308114001579387e-01
1.496195512964065312e-02 -1.992790904004030361e-01
1.675255990654367019e-02 -2.010684538112270381e-01
1.877316769396570814e-02 -2.018570031967153733e-01
2.038390939675864891e-02 -2.044290063077900954e-01
1.962778416111926605e-02 -2.084832826191883315e-01
2.223261768269874095e-02 -2.104327261610191568e-01
2.521613450513741916e-02 -2.121450156410143451e-01
2.632646919526252655e-02 -2.146020172468295906e-01
2.587152448488608952e-02 -2.166992927044246176e-01
2.748226618767900947e-02 -2.192712958154994229e-01
2.947044319067577273e-02 -2.202009615447791668e-01
3.219269795543925478e-02 -2.232850655122465555e-01
3.418770737501240775e-02 -2.274177176054990590e-01
3.392517268499981031e-02 -2.295592119517361196e-01
3.553591438779272332e-02 -2.321312150628108972e-01
3.531190868842686015e-02 -2.342815639850397702e-01
3.828624566555718228e-02 -2.400306563612271682e-01
4.066601196052892914e-02 -2.462509884911515401e-01
4.020969372274681153e-02 -2.501175077846214401e-01
4.182043542553974536e-02 -2.526895108956961900e-01
4.140394139485342739e-02 -2.547956229321773902e-01
4.247582540528840184e-02 -2.572437879591065180e-01
4.433426127347829537e-02 -2.587379973745087547e-01
4.768034823982313791e-02 -2.620465133019977966e-01
5.369853881294018444e-02 -2.718315960530658382e-01
5.321790810879927641e-02 -2.739229684599996384e-01
5.448220213959806268e-02 -2.764153523755707997e-01
5.638485689642999676e-02 -2.777171517706092385e-01
5.829341470392314373e-02 -2.789932651718831091e-01
5.997787255155846708e-02 -2.812445066047282172e-01
6.206924495849230200e-02 -2.817251373088691668e-01
6.371536897104113084e-02 -2.841431810792701684e-01
6.386341862647729184e-02 -2.863790342505582176e-01
6.513161818020389571e-02 -2.899123843482599994e-01
6.744461491113061535e-02 -2.943073308077414629e-01
6.701136777362824704e-02 -2.963690288000204176e-01
6.910266186960549450e-02 -2.968496415070556727e-01
7.336319224054523025e-02 -3.030564123792782172e-01
7.519675463628219814e-02 -3.075977521853143215e-01
7.628961591120124452e-02 -3.093078084007985229e-01
8.018834824942452921e-02 -3.104469353554570876e-01
8.179908995221746304e-02 -3.130189384665317820e-01
8.156224125596933661e-02 -3.151663358634300693e-01
8.414285657168198151e-02 -3.165158534093825971e-01
8.763386182929518153e-02 -3.163725576514502258e-01
9.053190362136276370e-02 -3.152825356442641724e-01
9.471464843523043353e-02 -3.162437970525459607e-01
9.983506045184076250e-02 -3.131249793110614799e-01
1.042595963804442277e-01 -3.130341330174352121e-01
1.071010768081352427e-01 -3.148353071165876371e-01
1.080959811482333499e-01 -3.172657809886388347e-01
1.077450915788993047e-01 -3.187926097094501698e-01
1.091869656942163480e-01 -3.125185707996053219e-01
1.137404302363150821e-01 -3.088101473785614948e-01
1.174978013501058183e-01 -2.998667479625620746e-01
1.186444292570795200e-01 -2.911743758662639903e-01
1.182872682772632134e-01 -2.846759409459327372e-01
1.245354494339893925e-01 -2.574881779667493875e-01
1.273555596056932249e-01 -2.541513744211638115e-01
1.266373911631726301e-01 -2.533379648323753064e-01
1.247760217667577970e-01 -2.518565201028987177e-01
1.238122596292122179e-01 -2.488794068522689751e-01
1.247104212595992606e-01 -2.447362459217135022e-01
1.230996795568063268e-01 -2.421642428106387523e-01
1.239235416232406517e-01 -2.366395916131610599e-01
1.236237478945360901e-01 -2.324777788955540991e-01
1.233920029967903176e-01 -2.271968871218574826e-01
1.253272745497442942e-01 -2.176591281287950375e-01
1.237165328469513464e-01 -2.150871250177202321e-01
1.243937817795887774e-01 -2.110822457502292970e-01
1.264222967799817632e-01 -2.086036720982903103e-01
1.287849395607460756e-01 -2.079039217536139683e-01
1.301040331649656046e-01 -2.077477583671173134e-01
1.284933517760236121e-01 -2.051758515641048386e-01
1.298790237429216510e-01 -1.989698594376483887e-01
1.290174201137533894e-01 -1.954893876490201576e-01
1.287636590083933441e-01 -1.920675623784174890e-01
1.289517592927439116e-01 -1.883690171597726948e-01
1.273056352801950897e-01 -1.859509733893716377e-01
1.252142628732612339e-01 -1.854703426852307435e-01
1.235298050256259106e-01 -1.832191012523856077e-01
1.232149530326338421e-01 -1.809449142460110849e-01
1.228744150458772749e-01 -1.786648241889753075e-01
1.217693414089800058e-01 -1.754796232403725009e-01
1.232112335214027299e-01 -1.692055060195709892e-01
1.193735694866998459e-01 -1.679183227748999585e-01
1.170212377072957083e-01 -1.658108146269013927e-01
1.151775594657588053e-01 -1.642523902270879577e-01
1.132100251429706134e-01 -1.632329018305890833e-01
1.116929173698326672e-01 -1.605472866911958618e-01
1.131347914851497244e-01 -1.542732477813509584e-01
1.100562918373323984e-01 -1.522689509868248026e-01
1.073567874905381331e-01 -1.503787959604528934e-01
1.066454667813169360e-01 -1.472435217955931075e-01
1.078043766790787450e-01 -1.433763785017955206e-01
1.103763797901534949e-01 -1.417656367990025867e-01
1.125178741363905971e-01 -1.420281714890151703e-01
1.104136587325744989e-01 -1.415445892595436628e-01
1.073670421322410334e-01 -1.398718836628606854e-01
1.062053354545869910e-01 -1.374030759557230419e-01
1.066859661587278990e-01 -1.353117035487891862e-01
1.046261827962197410e-01 -1.348112899015450061e-01
1.029004395881673029e-01 -1.327396938031380758e-01
1.010331671410912846e-01 -1.312839350674259720e-01
9.908922702384224956e-02 -1.301617810068257941e-01
9.764528765860526482e-02 -1.276281117308375179e-01
9.812591836274617285e-02 -1.255367393239036899e-01
9.544950770034332788e-02 -1.208421810221251835e-01
9.484547171101796736e-02 -1.162997883709939173e-01
9.292145601315784931e-02 -1.132099990925372196e-01
8.744841253998668351e-02 -1.115739397558008633e-01
8.583773115104469109e-02 -1.090020329527883886e-01
8.665695616457885775e-02 -1.049081727580779139e-01
8.461585380781026788e-02 -1.000354369097588708e-01
8.344727413236244229e-02 -9.536330312382074181e-02
8.245531200263594984e-02 -8.956999849356765686e-02
7.626719040817779571e-02 -7.958368967979100039e-02
7.674782111231870374e-02 -7.749231727285715854e-02
7.031725045615609682e-02 -6.668039991841342995e-02
6.723753202637142157e-02 -6.009655296194464646e-02
6.680294721472773700e-02 -5.857834308034748361e-02
6.456602320123887295e-02 -5.749694464032862468e-02
6.134453979565300530e-02 -5.235293841817911797e-02
6.189521685848609067e-02 -4.807583477926048038e-02
5.894678361479216422e-02 -4.150872039306642558e-02
5.713967932400937366e-02 -3.350186616762137332e-02
5.828186533364314303e-02 -2.641594198763824730e-02
5.667112363085021615e-02 -2.384393887656349742e-02
5.713891133810888173e-02 -2.174961494429905259e-02
5.601573365110154579e-02 -1.928966181315320411e-02
5.579356159016722605e-02 -1.584805359944726696e-02
5.494210775343983527e-02 -1.055979098719182600e-02
5.034531723268610703e-02 -3.465288378116346355e-03
4.825394482575227212e-02 -2.984657673975435292e-03
4.657539002877814777e-02 -7.077302473658498650e-04
4.628622402955054338e-02 1.560553708347483430e-03
4.487860297456099101e-02 3.194294835039915119e-03
4.115349607551107430e-02 4.442089351958940051e-03
3.954275437271814742e-02 7.014092463033690800e-03
3.747497617132346248e-02 7.597388831275940502e-03
3.456549412846738473e-02 1.145392902727860630e-02
3.342254013293312342e-02 1.612025607061780275e-02
3.368951672028564631e-02 1.986819833316988762e-02
3.192702430964796528e-02 2.219137612279591110e-02
2.678301808749846205e-02 1.896989271721005732e-02
1.901049192530872983e-02 1.994568928452001774e-02
1.472272470364876205e-02 1.704074339949579464e-02
1.287173861778660548e-02 1.245458992317799440e-02
1.008238238508519374e-02 1.119102078777517786e-02
5.899637571217513504e-03 1.215228219605700086e-02
3.179461325526642713e-03 1.077824771322653981e-02
3.455784327872006827e-03 8.512915282843811979e-03
3.898887083661628592e-03 5.209667043158954132e-03
2.572003111074751616e-03 1.610741702792927756e-03
