7.105699110584351615e-04 -2.271980251965965720e-03
-5.079575000922976341e-03 -7.081498712047451689e-03
-7.733078926109086121e-03 -1.210947461387021189e-02
-8.312036095908132208e-03 -1.520086248758660552e-02
-9.971799650767826720e-03 -1.698448811183569593e-02
-1.359764612572028457e-02 -2.030820189023577887e-02
-1.424824360031711097e-02 -2.268741444793752685e-02
-1.445776699859204970e-02 -2.598639459753713035e-02
-1.344168042477864901e-02 -2.967372259798305850e-02
-1.881673710091799276e-02 -3.374442846669904739e-02
-2.270157423174635689e-02 -3.353447624134369559e-02
-2.460214143183430888e-02 -3.152306457436848675e-02
-2.705577627716584249e-02 -3.426167591605573659e-02
-3.275215599511483583e-02 -3.366292633065283424e-02
-3.499586609093238015e-02 -3.251665238354954635e-02
-3.997279680603932350e-02 -3.435212589699255387e-02
-4.177658872128996170e-02 -3.588330748351857558e-02
-4.821537250963511823e-02 -4.014254028118849349e-02
-4.756793768698853314e-02 -4.245054136117287075e-02
-5.181606332242721935e-02 -4.629659636327163041e-02
-5.652191347996221582e-02 -4.714073761382253647e-02
-5.822461835639086009e-02 -4.576948708266649624e-02
-6.305669053278739611e-02 -4.668564251341288107e-02
-6.810483272561169976e-02 -4.722308372961248057e-02
-7.146689980566099665e-02 -4.704955368351459999e-02
-7.531692016218809183e-02 -4.866045196414390400e-02
-7.609298511113052332e-02 -4.993989589950061786e-02
-7.643924250084818683e-02 -5.549221978121731541e-02
-7.374557923692512396e-02 -5.772050416709840343e-02
-7.084751382491048799e-02 -6.426652026117933569e-02
-7.340025642871010614e-02 -6.697798986663179577e-02
-6.663137490995486856e-02 -8.118850283079112606e-02
-6.231635634450403277e-02 -8.508538170535334677e-02
-5.787900548081648805e-02 -9.476929099790892819e-02
-6.072918835806558058e-02 -9.739946598014323498e-02
-6.189405066705554875e-02 -1.004904525026205780e-01
-6.048141606132460824e-02 -1.042862168625194458e-01
-6.033893815420715567e-02 -1.068823777729306090e-01
-5.856301504386588613e-02 -1.066221349053753653e-01
-5.726144621927453660e-02 -1.012777564928187685e-01
-5.765638884623587590e-02 -9.882569957660208848e-02
-5.370605667752351847e-02 -9.548422761463475072e-02
-5.001948322159352478e-02 -9.563992384336188202e-02
-4.670464853497705016e-02 -9.910352747143438834e-02
-4.117332112258138138e-02 -1.038124921229574560e-01
-4.032917987203045451e-02 -1.085183422804924663e-01
-4.463963789340291005e-02 -1.112286078322277660e-01
-4.089805389632873711e-02 -1.100142575835160036e-01
-3.821369855126971471e-02 -1.126661561037459180e-01
-3.523114838824532163e-02 -1.142275664446534278e-01
-2.821827989019075680e-02 -1.275458274285473925e-01
-2.769786978888381240e-02 -1.310976529671091240e-01
-2.804412717860146204e-02 -1.366499768488258215e-01
-3.288708520297688176e-02 -1.403334151286469156e-01
-3.110345957872778788e-02 -1.419931786835066101e-01
-2.915558435140348792e-02 -1.407145374506280078e-01
-2.590885344223686076e-02 -1.381927988278466579e-01
-2.222385791542171724e-02 -1.406921637712996720e-01
-1.915502375802035848e-02 -1.479774212838265157e-01
-1.749766831059499164e-02 -1.497092264947230411e-01
-1.206960784950675443e-02 -1.471979998445228643e-01
-8.817133024665399499e-03 -1.495257658642697163e-01
-7.955960659221810588e-03 -1.557279326760673266e-01
-9.895732021399228709e-03 -1.583406751921699329e-01
-6.689762521316125823e-03 -1.627866838333887622e-01
-2.975244626673230822e-03 -1.616714620252658885e-01
3.662273352940882860e-04 -1.656217941939782667e-01
2.736180370166569871e-04 -1.692723742977312040e-01
-9.531753066680297365e-04 -1.706416662306541321e-01
1.552708779096486193e-03 -1.706343169100232315e-01
2.022828238203535408e-03 -1.685253822074152807e-01
3.775201091340682144e-03 -1.630911764794132635e-01
7.516785088414848146e-03 -1.618768262307015149e-01
1.084937795859852901e-02 -1.656649155525339034e-01
1.092793875694683670e-02 -1.694688319355418249e-01
1.004383879979052659e-02 -1.705589187636251391e-01
1.233244881541010508e-02 -1.719305706460202421e-01
1.405414340496449234e-02 -1.718686396113255355e-01
1.168697259099662003e-02 -1.666930713459225388e-01
1.354577504739143227e-02 -1.637918432819576442e-01
1.712471484634658925e-02 -1.631722772642204278e-01
2.051076101068042071e-02 -1.679339131895363491e-01
2.633300955421407144e-02 -1.690465262580933548e-01
3.259786194522228120e-02 -1.687352656796636541e-01
3.760724948515834637e-02 -1.722360460315095765e-01
3.716344158396663044e-02 -1.754176350960690856e-01
3.668396604803337430e-02 -1.779502114088671594e-01
3.999880073464984198e-02 -1.814138150369396796e-01
4.337589217339652553e-02 -1.860131874332548452e-01
4.228304404460200838e-02 -1.892303959745936792e-01
3.856852614995911338e-02 -1.903456177827165530e-01
3.659554341843663378e-02 -1.887938892360707388e-01
3.725268751118628735e-02 -1.900923710425153623e-01
3.739518610042456837e-02 -1.926884563191230137e-01
4.070103858561252563e-02 -1.959897482602325769e-01
4.594749261129736639e-02 -1.955065355648198389e-01
4.795075225516353540e-02 -1.922718945573492766e-01
5.301788416111358898e-02 -1.903012717752989302e-01
5.505400198104792864e-02 -1.918169794939263151e-01
5.598380456048437925e-02 -1.897804603227529197e-01
5.274916355301378923e-02 -1.877772006788867576e-01
5.118396789466462399e-02 -1.829807479792696090e-01
5.545880643925769210e-02 -1.796214421999315081e-01
5.341380952753974065e-02 -1.779434916344241613e-01
5.130801000104071724e-02 -1.727861103796687892e-01
5.707996790237448992e-02 -1.682379632070561959e-01
6.198405425896649779e-02 -1.674480297951713437e-01
6.044519763437401078e-02 -1.637242796154679270e-01
6.049210431037131686e-02 -1.610201318548050708e-01
6.168644082922686289e-02 -1.543145860565931782e-01
6.510509637953516837e-02 -1.507744009105262684e-01
6.393644875310354470e-02 -1.460863845703620489e-01
6.581388772934722298e-02 -1.423378526038959757e-01
6.825245005801917897e-02 -1.351734263878328068e-01
7.995707893641398889e-02 -1.284118941897085253e-01
8.453269356269693668e-02 -1.334988185112624681e-01
8.922529792278090233e-02 -1.389373634690905246e-01
9.064839634313086314e-02 -1.405518257529091153e-01
8.913662650309046864e-02 -1.367288714988132980e-01
9.433158583285827792e-02 -1.323426139798037360e-01
9.966864240062529856e-02 -1.311383468765927596e-01
1.016594589495185413e-01 -1.330145817991192636e-01
1.066153931953044698e-01 -1.355418155474816810e-01
1.087599473746917456e-01 -1.366609752341915174e-01
1.116801651517823901e-01 -1.370865961247356157e-01
1.134641921272705328e-01 -1.381604545404043483e-01
1.142240286637984104e-01 -1.342128836724031937e-01
1.109537681795484537e-01 -1.315605838009342443e-01
1.093594996625727594e-01 -1.297927852378606695e-01
1.064582715986078509e-01 -1.279339827814658381e-01
1.043048108515956113e-01 -1.266525320899138940e-01
1.014206139025233683e-01 -1.262900462877816488e-01
9.968344544507035110e-02 -1.225120675872913845e-01
1.034808152099254280e-01 -1.187558124247966862e-01
1.057904216948660214e-01 -1.157647570453863711e-01
1.059093425510587855e-01 -1.131868313035850199e-01
1.006617601054602962e-01 -1.154277800986913682e-01
9.604570978752938193e-02 -1.167226772198259044e-01
8.978125874776020365e-02 -1.164480326590646431e-01
8.771960459654730424e-02 -1.126878121421416162e-01
8.782959820299426901e-02 -1.099476710293016690e-01
8.839155173374201035e-02 -1.053600146592848646e-01
9.350518896445031425e-02 -1.012711492557625825e-01
9.379643581302381239e-02 -9.708887185148477872e-02
9.016328817540258944e-02 -9.790667406827900654e-02
8.837966255115348169e-02 -9.624691051341928427e-02
8.536109156011068011e-02 -9.462236508409990754e-02
8.398685841399110286e-02 -8.737425681950511391e-02
8.739779076827076942e-02 -8.191414088482679157e-02
8.895920110917829304e-02 -7.893159072180239155e-02
9.280922146570540210e-02 -7.732069244117308060e-02
9.560201317021735368e-02 -7.957604292948543268e-02
9.847612697378881064e-02 -8.153400130231050480e-02
1.010520459593948900e-01 -8.458244785445796776e-02
1.041004925115423391e-01 -8.200652886885188841e-02
1.098724504128761187e-01 -7.745838169623926739e-02
1.106686816528200945e-01 -7.298799261949683037e-02
1.070378939646710048e-01 -7.029039147698680490e-02
1.039690598072696565e-01 -6.300513396445996117e-02
1.068192426845187420e-01 -6.037495898222564744e-02
1.086076363656742760e-01 -5.500388834263546245e-02
1.060033990659576125e-01 -5.381231312449109849e-02
1.038409835933582076e-01 -5.236859890393835010e-02
1.012922063439869319e-01 -4.922104459332281995e-02
9.118420593203996338e-02 -5.423497199521644385e-02
8.876937389755885921e-02 -5.293533429301682663e-02
8.641762879352743454e-02 -5.159970323864015995e-02
8.404930208380455292e-02 -4.818182291496860004e-02
8.441178788593677040e-02 -4.529762596589635704e-02
8.420620236624883070e-02 -4.273753404146579671e-02
8.169991692924526150e-02 -4.333078850128766618e-02
7.855472256810186460e-02 -4.236416239135469552e-02
7.734037231939010215e-02 -3.862257839428052258e-02
7.642341418616561965e-02 -3.496231649626586196e-02
7.344086402314121964e-02 -3.340090615535833141e-02
7.165683704765307693e-02 -3.232704773968956419e-02
6.988863713334043937e-02 -3.450722139585620657e-02
6.914623306294429006e-02 -3.936520377892901990e-02
6.588131514313001758e-02 -4.214831368917925508e-02
6.640252794691506311e-02 -4.452832894935911112e-02
6.277668147196259485e-02 -4.785204272775919754e-02
5.650327570660628601e-02 -4.741513463799718053e-02
5.466702696652652599e-02 -4.361006235923428620e-02
5.471393364252381819e-02 -4.090591459857140927e-02
5.536610904623550516e-02 -3.618303332614374729e-02
5.448436903855131963e-02 -3.375771679492280825e-02
5.133681472793577560e-02 -3.630649404429409088e-02
4.888317988260424546e-02 -3.904510538598134073e-02
4.318680016465524518e-02 -3.844635580057843144e-02
3.482284742644619485e-02 -2.363985455172740169e-02
3.406853349134070230e-02 -1.938480842273817770e-02
3.146469754286308762e-02 -1.760732806540287604e-02
2.892662610448398092e-02 -2.533051768442217896e-02
2.510367185038813939e-02 -2.684228752446257346e-02
2.233799440626961855e-02 -2.448778111971994936e-02
2.221413233688022612e-02 -2.104439194061116791e-02
1.719466165144338879e-02 -1.913908415945811403e-02
1.574404761946093800e-02 -1.820968293126070878e-02
1.129149236008928844e-02 -1.773795806719744364e-02
