-3.709749515276892042e-04 -6.643791586100410151e-02
-4.784849682649902625e-04 -8.594807825792305511e-02
-1.770374983476585883e-03 -3.213125428998535593e-01
-2.009310131388387412e-03 -3.635432162555323199e-01
-2.449601295958179440e-03 -4.415167077834620257e-01
-3.342075965366556132e-03 -6.161962185858437246e-01
-4.606176991847646569e-03 -8.859730188349155267e-01
-5.032848826401319260e-03 -9.913528953186748760e-01
-8.418365121721059149e-03 -1.125392835767675681e+00
-6.983450383438323181e-03 -1.181104377182035980e+00
-2.522215274062735574e-03 -1.231330750728719003e+00
-7.525296711827997309e-02 -1.473996256050857045e+00
-7.609920890004694405e-01 -2.159135920894915017e+00
-1.224448347990376273e+00 -2.615552811283183399e+00
-1.334041602165270568e+00 -2.727744387234793511e+00
-1.434631599207535357e+00 -3.007863280692770758e+00
-1.429180229253120382e+00 -3.101343485489069352e+00
-1.430106200122296167e+00 -3.156921047150039517e+00
-1.431231695265935633e+00 -3.191094612615998471e+00
-1.432473285360392978e+00 -3.238528370342169893e+00
-1.432622836999509541e+00 -3.248048507975070720e+00
-1.432793387848165123e+00 -3.262383384551565513e+00
-1.432993171787240394e+00 -3.330708668770953285e+00
-1.432933075393270306e+00 -3.381178327598579170e+00
-1.433538811108080679e+00 -3.495609564400242508e+00
-1.433733183479340534e+00 -3.525216109787862706e+00
-1.433888758581510547e+00 -3.561850511664572227e+00
-1.433932222814757518e+00 -3.598688161094408144e+00
-1.433998346943573754e+00 -3.647263651566649223e+00
-1.434366650014639033e+00 -3.698583939057680237e+00
-1.434970909863893196e+00 -3.734721653452742540e+00
-1.436730706019636150e+00 -3.814719748531992138e+00
-1.436622016541573510e+00 -3.871807614295670774e+00
-1.434945934101083509e+00 -3.907988479702763307e+00
-1.432886576561501757e+00 -3.935147916217198727e+00
-1.431806860209067223e+00 -3.950191227904605640e+00
-1.430557718979917681e+00 -3.998523958256681166e+00
2.391945124061156225e+00 -2.410930109665740506e+00
2.561651024697374712e+00 -2.590144605607387795e+00
2.673950643788828518e+00 -2.705819055767950232e+00
3.094348826189341484e+00 -3.128247304870892531e+00
3.169393743722059398e+00 -3.204377171772798238e+00
3.353633404774257531e+00 -3.390840769973127777e+00
3.563697482059431820e+00 -3.603207696064889110e+00
3.712944228114418266e+00 -3.754780693988789331e+00
3.793859054131448971e+00 -3.836748943930471167e+00
3.947553778704018246e+00 -3.990722606592329136e+00
4.194653267863881929e+00 -4.239008669716485933e+00
4.392637658749301011e+00 -4.451516245149529816e+00
4.622361738459292546e+00 -4.666099394424844782e+00
4.772058917958585944e+00 -4.785589744108142085e+00
4.915523831605550065e+00 -5.939964931279032356e+00
4.912000818610851027e+00 -6.763666553316891594e+00
4.910966359667614078e+00 -7.071172281877496246e+00
4.905683398915965832e+00 -8.096492336589356853e+00
4.899323851406962582e+00 -8.636461531477381826e+00
4.892634180700302871e+00 -8.914744306757254932e+00
4.990782049770030149e+00 -9.305566234770243028e+00
5.029808316389630107e+00 -9.355563921751455680e+00
5.476525537734421967e+00 -9.803745218219775737e+00
5.516193403417625873e+00 -9.843635867655752492e+00
5.565792823020329294e+00 -9.893680814968726978e+00
5.728917620292476087e+00 -1.005866410868743088e+01
5.779759482725521202e+00 -1.010999151558359621e+01
5.856259160007701858e+00 -1.018747283767937972e+01
5.912252603993039202e+00 -1.024448423689212540e+01
5.988117737032490062e+00 -1.032128339718199150e+01
6.079113676021626667e+00 -1.041136107500173580e+01
6.199840185550412386e+00 -1.053550857566152921e+01
6.257461822015150332e+00 -1.060602907135988104e+01
6.301762787571918878e+00 -1.125686235597613383e+01
6.299654787522584343e+00 -1.173127183301367182e+01
6.292296321422868211e+00 -1.196067369041771222e+01
6.351167555138801823e+00 -1.211900459891460002e+01
6.369326303793347854e+00 -1.213177562018995737e+01
6.430848526941712606e+00 -1.218719041293581817e+01
6.430849258682679093e+00 -1.218719120435783054e+01
6.431112978898940291e+00 -1.218747655778668815e+01
6.437338141078599030e+00 -1.219427645306635632e+01
6.457721998999488733e+00 -1.221693367014667508e+01
6.486308729281763163e+00 -1.224750669739021802e+01
6.505080121000885285e+00 -1.226656091243226498e+01
6.522817506085215378e+00 -1.228417154913720033e+01
6.550822090295704392e+00 -1.231181349138249104e+01
6.579656287077911614e+00 -1.234072265945116698e+01
6.623743905304097623e+00 -1.238550302710227591e+01
7.844495350616698559e+00 -1.052570757637750098e+01
7.903525603369010888e+00 -1.046747667796029369e+01
8.001023450240543511e+00 -1.037102734047930674e+01
8.181149298341138021e+00 -1.019290751915987059e+01
8.230260247327960244e+00 -1.014443177074444158e+01
8.435762782637747037e+00 -9.940506516206745857e+00
9.047543345112927682e+00 -9.321590027035547621e+00
9.205048423827149051e+00 -9.221943961479583507e+00
9.230843408842796194e+00 -9.222951053172899094e+00
9.247511267989276362e+00 -9.226031857366272959e+00
9.282547454472497961e+00 -9.236016776817802310e+00
9.314122233372042814e+00 -9.244509860297055681e+00
9.320079993526947604e+00 -9.245657795413450231e+00
9.457759183220819210e+00 -9.246148472886172698e+00
9.548624067882920841e+00 -9.243634368460270423e+00
9.612475216519630550e+00 -9.244843689525081842e+00
9.616201434193076381e+00 -9.244939068666237603e+00
9.673231614685244395e+00 -9.246163369103641116e+00
9.749684138751209872e+00 -9.246728157935899972e+00
9.906858789711945334e+00 -9.246872482191728082e+00
9.980836449260936050e+00 -9.247527641644003538e+00
1.006627894539742663e+01 -9.248888834884859023e+00
1.019120077848520189e+01 -9.247578578230820412e+00
1.027927620489901983e+01 -9.246015543579870766e+00
1.033154445952721545e+01 -9.249803156018115757e+00
1.037495926094410947e+01 -9.256853766943095252e+00
1.078145652562604262e+01 -9.029386504050817663e+00
1.161619738435530103e+01 -8.201848643565208263e+00
1.212785156921112950e+01 -7.695345017234475726e+00
1.270050975368933699e+01 -7.038941385443749255e+00
1.268755460189579765e+01 -6.883406900527987204e+00
1.269197635473619812e+01 -6.602992926144316321e+00
1.269185983489534308e+01 -6.573049597195608662e+00
1.269299429126549050e+01 -6.344906798027714956e+00
1.269300022957280483e+01 -6.342447866735869688e+00
1.269533291373979011e+01 -6.107043385797083168e+00
1.270226031000478351e+01 -5.740402434542535737e+00
1.258599418711970763e+01 -5.606651708256705113e+00
1.251550876213464392e+01 -5.545276163091979349e+00
1.240863698117646585e+01 -5.438303158375922486e+00
1.228968281856814215e+01 -5.314599649855627383e+00
1.211163139997153415e+01 -5.135829430901345916e+00
1.184355431842227446e+01 -4.864497352988177425e+00
1.157112508738314283e+01 -4.591305762347189123e+00
1.150211544409143727e+01 -4.518181166741521260e+00
1.139887610415374830e+01 -4.406791550722372719e+00
1.133315608105644579e+01 -4.352848524607661140e+00
1.081982943214696391e+01 -4.302269545090302572e+00
9.468253165946663330e+00 -3.886823277196233661e+00
9.264632774446882379e+00 -3.676957097076939185e+00
9.142927680755509101e+00 -3.555350775560816246e+00
9.118850808764587867e+00 -3.531336224705537763e+00
9.081917784426908113e+00 -3.494416981099856212e+00
8.911627553123784296e+00 -3.322658361477478284e+00
8.741317933146136809e+00 -3.149959559716788871e+00
8.555006839202057733e+00 -2.961686083940002323e+00
8.381599763243803736e+00 -2.786144112423867281e+00
8.155542419855777325e+00 -2.556987725149180601e+00
7.994345482312433582e+00 -2.396180434617900978e+00
7.922479703841430521e+00 -2.324752255205042584e+00
7.921224575931194778e+00 -2.323499512177473303e+00
7.920179991010943610e+00 -2.322456713373993065e+00
7.887749752268000236e+00 -2.289978852466684422e+00
7.777439614076043561e+00 -2.177166950875079721e+00
7.679998634310065242e+00 -2.072824403912586710e+00
7.595012585220810131e+00 -1.980913835187639860e+00
7.432032509070984894e+00 -1.821253767177763550e+00
7.278297025532304509e+00 -1.697762150371028511e+00
7.047743819065934723e+00 -1.105085763570871071e+00
7.069647882720233589e+00 -6.744451351602372136e-02
7.071885138936119475e+00 1.031709592423354499e-01
7.077428655400910706e+00 1.139949077012992973e+00
7.077644168538353320e+00 1.204889482262677225e+00
7.077762689829556919e+00 1.242666055271928638e+00
7.078082609380805579e+00 1.335624022275034406e+00
7.079981369398524294e+00 1.597400853748494942e+00
7.081739826888490796e+00 1.721290984253163403e+00
7.076292808219606378e+00 2.434204008940358488e+00
7.089801317957697080e+00 2.648746964123883885e+00
8.136238858460728807e+00 3.828075061560061609e+00
8.514359475690243428e+00 4.373273394581783435e+00
8.508983667916343308e+00 4.435775288729224108e+00
8.510501820917383498e+00 4.582514407697329872e+00
8.511807389672231494e+00 4.690577802055751810e+00
8.511744771445638236e+00 4.730643758746044369e+00
8.511708500302319180e+00 4.749962318268283745e+00
8.511721915716766063e+00 4.787057440769570960e+00
8.511879747321897227e+00 4.828376621529588242e+00
8.511959703647336895e+00 4.842372477922991081e+00
8.512209317889919191e+00 4.878435430755295066e+00
8.512718243753061742e+00 4.941433742463652301e+00
8.513506168733949053e+00 5.175445924575262424e+00
8.513794210889027880e+00 5.229934821996110372e+00
8.516294739490088972e+00 5.333423908083354092e+00
9.230369113763517319e+00 6.653004124684380294e+00
9.230453000327397461e+00 6.666690676054294329e+00
9.230520471246542513e+00 6.681030420745335263e+00
9.230542791545216730e+00 6.819801434030376086e+00
9.231117329986208375e+00 7.047841758961572722e+00
9.232888615017836642e+00 7.297784963529511337e+00
9.233331724028357002e+00 7.371169054293419620e+00
9.233463426215051228e+00 7.394883372500402174e+00
9.233543628308668261e+00 7.409839214028350440e+00
9.233604631015357000e+00 7.421499713347445848e+00
9.233681851616545089e+00 7.436640907660022393e+00
9.233853857270275967e+00 7.472085423066937793e+00
9.234200595221254915e+00 7.552933631184299834e+00
5.208170349013051315e+00 5.150716599060582546e+00
5.208170349013051315e+00 5.150716599060582546e+00
5.208170349013051315e+00 5.150716599060582546e+00
5.208170349013051315e+00 5.150716599060582546e+00
1.109196405269228913e+00 1.097026048219010397e+00
1.109196405269228913e+00 1.097026048219010397e+00
