2.201219287766573274e+00 -1.501838138615863194e+01
1.976706225596700506e+00 -1.520378156249759449e+01
1.960928232612485278e+00 -1.606664248082369184e+01
2.316131908503188175e+00 -1.640309431802433693e+01
2.632038651964770271e+00 -1.665046424861884944e+01
3.212668919930529832e+00 -1.707774466133460578e+01
3.898776398815784638e+00 -1.760090330920323254e+01
4.300077180118418774e+00 -1.793766908874872357e+01
4.632878527869480401e+00 -1.824444359683575456e+01
4.875368742446350545e+00 -1.848900772182216556e+01
5.079022291851956972e+00 -1.871285300943193874e+01
5.456154030700785640e+00 -1.919701500766525371e+01
-2.476603295171175834e+00 -2.443937919081985655e+01
-2.525535540157274639e+01 -2.900532282821415464e+01
-2.395545619347771904e+01 -2.989183096814009843e+01
-1.684916111853068887e+00 -3.200107378630085009e+01
-4.394779504947455173e+00 -4.621977716495565858e+01
-9.078080198012328239e+00 -5.970553737808721451e+01
-1.616071322894442730e+01 -7.716717629493014385e+01
-2.411355501316252159e+01 -8.487248440129825156e+01
-1.078763996530395453e+01 -8.341325822386058064e+01
-2.964059729967063905e+00 -9.382504387952340608e+01
5.376839023768313020e+00 -1.021545497845977195e+02
1.811642314293521849e+01 -1.099006154464959621e+02
1.612864505506124146e+01 -1.105709025545017852e+02
1.466727611665555742e+01 -1.111492957799465557e+02
1.406240735813591591e+01 -1.115671653944166337e+02
1.365445218094944302e+01 -1.120136063422912684e+02
3.248813055974697050e+01 -1.222558960550878737e+02
3.250368191175569166e+01 -1.223320720716237560e+02
3.255240962800124294e+01 -1.224782317225248960e+02
3.274830594012195917e+01 -1.228483042475850198e+02
3.317011804246597251e+01 -1.234302406652304143e+02
4.109859959023759046e+01 -1.204740137426992419e+02
9.714691587890878566e+01 -1.142374310476262309e+02
9.714699889900619212e+01 -1.142408839640548592e+02
9.714708488853587198e+01 -1.142445005635693036e+02
9.714721017412591664e+01 -1.142498451712265961e+02
9.714731528768611213e+01 -1.142544002627920463e+02
9.714752569429305140e+01 -1.142637215412505327e+02
9.714773986940313932e+01 -1.142735035775638579e+02
9.714787089308073575e+01 -1.142796425623578642e+02
9.714799325310166012e+01 -1.142854870355648558e+02
9.714814723344262859e+01 -1.142930016173564383e+02
9.714823300624223634e+01 -1.142972678619554756e+02
9.714826644632296393e+01 -1.142989471878088779e+02
9.714829244910536943e+01 -1.143002593466888328e+02
9.714831490406005798e+01 -1.143013969691435676e+02
9.714833967260614145e+01 -1.143026566757860678e+02
9.714845245537537721e+01 -1.143084585207405581e+02
1.458755314735736022e+02 -4.590788861523924425e+01
1.458755292626414359e+02 -4.590789043431977490e+01
1.458755286653770611e+02 -4.590789092572855168e+01
1.458755282977706713e+02 -4.590789122818254953e+01
1.458755267651823431e+02 -4.590789248914341414e+01
1.458755260564106493e+02 -4.590789307229611182e+01
1.458755193990578221e+02 -4.590789854972804562e+01
1.430977740950989698e+02 -4.750418089064433502e+01
1.430977729133582272e+02 -4.750418134900728973e+01
1.428663425316477742e+02 -4.759080038445696204e+01
1.428663425266598210e+02 -4.759080038625588571e+01
1.428663425260800182e+02 -4.759080038646499844e+01
1.428663425255965365e+02 -4.759080038663936563e+01
1.428663425251285446e+02 -4.759080038680815505e+01
1.428663425235222348e+02 -4.759080038738746765e+01
1.424883612542444382e+02 -4.771860910236117803e+01
1.424883611571396500e+02 -4.771860913298417017e+01
1.424883611004878787e+02 -4.771860915084988619e+01
1.424883610081033964e+02 -4.771860917998427709e+01
1.424883606021201388e+02 -4.771860930801523892e+01
1.424877053999805980e+02 -4.771881590644701987e+01
1.418218115118254730e+02 -4.790083450593709102e+01
1.418218095724134002e+02 -4.790083495335193220e+01
1.418218077397141315e+02 -4.790083537614808762e+01
1.418218052187224885e+02 -4.790083595772975400e+01
1.418218001877766312e+02 -4.790083711834438418e+01
1.418217890215544799e+02 -4.790083969432566846e+01
1.418217836812324322e+02 -4.790084092630068113e+01
1.418217815745655628e+02 -4.790084141229300485e+01
1.418216781364079679e+02 -4.790086527400478644e+01
1.418216780148954115e+02 -4.790086530203520709e+01
1.418216778764569597e+02 -4.790086533397006008e+01
1.418203357709508055e+02 -4.790117481426881341e+01
1.418203357341360800e+02 -4.790117482275486083e+01
1.418203356782068454e+02 -4.790117483564695533e+01
1.418203355961720717e+02 -4.790117485455655810e+01
1.418203354871903059e+02 -4.790117487967761889e+01
1.418203353550224506e+02 -4.790117491014324003e+01
1.418203352178600198e+02 -4.790117494176016777e+01
1.418203351013739848e+02 -4.790117496861100932e+01
1.418203350183161433e+02 -4.790117498775643412e+01
1.418203349391054928e+02 -4.790117500601503764e+01
1.418203348426797845e+02 -4.790117502824183759e+01
1.418203347336289823e+02 -4.790117505337882164e+01
1.418203346514673910e+02 -4.790117507231763483e+01
1.418203345907141397e+02 -4.790117508632169319e+01
1.418203345323565827e+02 -4.790117509977351062e+01
1.418203344842766569e+02 -4.790117511085626489e+01
1.418203344618297876e+02 -4.790117511603042288e+01
1.418203344350884549e+02 -4.790117512219448059e+01
1.391836080224339867e+02 -4.809563505532000960e+01
1.391836075166292801e+02 -4.809563502410272662e+01
1.391836067321134180e+02 -4.809563497568390034e+01
1.391836053985411468e+02 -4.809563489337823938e+01
1.391836039656464266e+02 -4.809563480494242071e+01
1.391836027006930294e+02 -4.809563472687151631e+01
1.391836013523037536e+02 -4.809563464365094632e+01
1.391835995200662808e+02 -4.809563453056776439e+01
1.391835971693504916e+02 -4.809563438548442349e+01
1.391835948354484742e+02 -4.809563424143838262e+01
1.391835895526662057e+02 -4.809563391538888055e+01
1.391835638269328399e+02 -4.809563232758379314e+01
1.391835604154081807e+02 -4.809563211701888008e+01
1.391835592429967221e+02 -4.809563204465550257e+01
1.391835586257184900e+02 -4.809563200655591686e+01
1.391835581959024921e+02 -4.809563198002683748e+01
1.390752892878922751e+02 -4.808849594560238927e+01
1.390704440753819426e+02 -4.808815578747707775e+01
1.388440810873337625e+02 -4.807039328139146050e+01
1.388384065057797443e+02 -4.806990305126089424e+01
1.386249911964495709e+02 -4.805001681350762510e+01
1.385099038588449503e+02 -4.803821471155638534e+01
1.384971145412218618e+02 -4.803686079270161002e+01
1.384454129978831816e+02 -4.803130578844211129e+01
1.382121094282477145e+02 -4.800476959446621095e+01
1.380692488480755742e+02 -4.798752483896809196e+01
1.378723198150259464e+02 -4.796284615748161428e+01
1.376483309236186869e+02 -4.793397927154187244e+01
1.373317251229425153e+02 -4.789291800676009103e+01
1.370749871385758638e+02 -4.786054309493495396e+01
1.369940627023566435e+02 -4.785068772189258368e+01
1.368600344808066041e+02 -4.783484721737635681e+01
1.368000432360036882e+02 -4.782795507943239244e+01
1.367267900918145074e+02 -4.781970487852454710e+01
1.362734699665305129e+02 -4.777267893040470881e+01
1.361417864687082897e+02 -4.776031663312964071e+01
1.360996996661287142e+02 -4.775648900582247336e+01
1.360685582775548426e+02 -4.775369536875712129e+01
1.360685550608561982e+02 -4.775369508188759227e+01
1.305336392431405272e+02 -4.723298607454728426e+01
1.278100806499747506e+02 -4.314579218684029627e+01
1.227327580539102030e+02 -4.039122980565473853e+01
9.242984404515502206e+01 -2.796364382009115701e+01
8.577568618891467622e+01 -2.032038610124696731e+01
6.303543341337258710e+01 -1.656260235674422532e+01
6.303543190560385767e+01 -1.656260234700855349e+01
6.303543095079270131e+01 -1.656260234084330207e+01
6.303542979897594734e+01 -1.656260233340594468e+01
6.303542817316180447e+01 -1.656260232290790313e+01
6.303542508232570185e+01 -1.656260230294988745e+01
6.299882496250825170e+01 -1.656234993981432524e+01
6.292085389061626444e+01 -1.656171805751290904e+01
6.283565063239522175e+01 -1.656091460355912659e+01
6.270630432525040021e+01 -1.655956665230442582e+01
6.257882066112260588e+01 -1.655822160845004731e+01
6.256257219191981278e+01 -1.655805685110868453e+01
6.251706826410937623e+01 -1.655761026467235197e+01
6.241381799785309425e+01 -1.655671185820098756e+01
6.234803268919738173e+01 -1.655625616342819129e+01
6.230832335199890082e+01 -1.655603813333954477e+01
6.224968423132595063e+01 -1.655580993311708937e+01
6.220820669428491811e+01 -1.655572602543785266e+01
6.214970119983303931e+01 -1.655573398208068525e+01
6.212195462788082523e+01 -1.655579549593104005e+01
6.211539528148799860e+01 -1.655581590471692266e+01
6.210449464211245640e+01 -1.655585497162615383e+01
6.209453616480573857e+01 -1.655589641127628298e+01
6.201563539087796784e+01 -1.655643529814745918e+01
6.190932548334254193e+01 -1.655785344490728406e+01
6.187583150143590416e+01 -1.655849519202498854e+01
6.180266711865176887e+01 -1.656028032032599029e+01
6.175802418958249973e+01 -1.656166085443138414e+01
6.174670558105439966e+01 -1.656204974527999596e+01
6.173592697994676115e+01 -1.656243551544985593e+01
6.171379099898726395e+01 -1.656327674997740473e+01
6.167766949677967148e+01 -1.656479944256770409e+01
6.164362253659480473e+01 -1.656641899575211241e+01
6.145191542956755626e+01 -1.657982625740287119e+01
6.137255335261937716e+01 -1.658830289469946351e+01
6.132108336326221121e+01 -1.659512226812989155e+01
6.112907610409425985e+01 -1.663638364829812488e+01
6.112317615136213078e+01 -1.663830865569997997e+01
5.467092924278600918e+01 -1.936119121473797478e+01
5.377074519197417146e+01 -1.813827665079410068e+01
5.318208794784794691e+01 -1.674241331155512569e+01
5.245750694905765243e+01 -1.452094336005277597e+01
5.230594878674548909e+01 -1.408927780566172849e+01
5.202509338905643688e+01 -1.342083802018381533e+01
4.047042770521534294e+01 -2.093336143311502084e+01
3.701846375020085844e+01 -1.962262525558101345e+01
3.609279769176603025e+01 -1.856583515097258541e+01
2.623179873910652304e+01 -1.553506492143420559e+01
1.825987368895448526e+01 -1.384314144696624282e+01
1.738950667746246026e+01 -1.209816008412357391e+01
1.616593616722956028e+01 -9.061846614560231217e+00
1.081384477410925626e+01 -3.601303196748636637e+00
8.382957657123958128e+00 -1.987255436024244926e+00
6.143890957597643698e+00 -7.141812623709157259e-01
2.342254639177311581e+00 -5.159566568152249566e-01
