-2.105816704148483764e-01 -1.890643589715747253e-01
-3.400200489139447724e-01 -3.065514507307453562e-01
-4.849245692701901755e-01 -4.353615896435814592e-01
-4.880470425775284560e-01 -4.380868623515116744e-01
-5.343627706207465522e-01 -4.784637227445473484e-01
-5.443237416285240382e-01 -4.871676613876144701e-01
-4.092945363741848475e+00 -1.776706721423432223e+00
-4.136349537543959620e+00 -1.815892770587629768e+00
-4.155877497671178311e+00 -1.833547112248520961e+00
-4.165682261580015755e+00 -1.842414581414095087e+00
-4.189182055805243721e+00 -1.863672853406088237e+00
-4.329927926004724981e+00 -1.990726296095002290e+00
-4.791757568711632942e+00 -2.403413699892542610e+00
-5.088284103442352269e+00 -2.706591768549797550e+00
-5.164951309096426968e+00 -2.828122629920651665e+00
-5.173041154885975601e+00 -3.188938802579332599e+00
-5.192296763455577668e+00 -3.459731275770725922e+00
-5.184083978374133039e+00 -3.599037205359725267e+00
-5.185484040487382984e+00 -3.619366985095711087e+00
-6.315902546664855066e+00 -5.541809745558400557e+00
-6.320072987879266968e+00 -5.631892714979408687e+00
-6.332497373655824546e+00 -5.953162340664137631e+00
-6.359329629587874066e+00 -6.646099536330312141e+00
-6.389518939344872805e+00 -7.215530254684373368e+00
-6.461135546665706997e+00 -8.425088150149607102e+00
-6.478125747981649418e+00 -8.772157559849368624e+00
-6.493496370870866841e+00 -9.161272557008034667e+00
-6.507893009840456600e+00 -9.564312571790196671e+00
-6.531124643394401019e+00 -1.002578734183589937e+01
-6.959012769818654576e+00 -1.101037444547100641e+01
-7.634053077324773895e+00 -1.169621095260410648e+01
-7.660602404275067556e+00 -1.228148515153310782e+01
-7.687259222347416099e+00 -1.274000532478593506e+01
-7.701802712334179013e+00 -1.299846673267086850e+01
-7.721905183383308113e+00 -1.321203935776688176e+01
-7.724785709021207758e+00 -1.345972723521894032e+01
-7.677254409249006706e+00 -1.362991447265883238e+01
-7.605144336224875623e+00 -1.375120060543757994e+01
-7.441177209707183771e+00 -1.393779500941414717e+01
-7.296367869825558294e+00 -1.409275605347323967e+01
-6.844546948734219427e+00 -1.459165085504156778e+01
-6.780488309295477301e+00 -1.471572654430431903e+01
-6.808181051549619056e+00 -1.494449692757183534e+01
-6.830215725248902636e+00 -1.559063734031897397e+01
-6.760617206803691381e+00 -1.573935439782842494e+01
-6.700724196178515335e+00 -1.582046623523410744e+01
-6.591985445939793742e+00 -1.594226424598882552e+01
-6.401442445444791574e+00 -1.614181852354548141e+01
-6.259993307094134707e+00 -1.631805347025817809e+01
-6.104621780255599539e+00 -1.647885215395471192e+01
-5.998999889575261868e+00 -1.653093754182300401e+01
-5.959875404567418933e+00 -1.780659253569677958e+01
-5.988508055839190547e+00 -1.841789513977824200e+01
-6.000029174568321189e+00 -1.868366437225891374e+01
-6.066159250806984815e+00 -1.978283089961385599e+01
-6.084021977051076391e+00 -2.021599235112143234e+01
-6.065432085613728042e+00 -2.060178182819550230e+01
-5.947845294907073921e+00 -2.091901130744309611e+01
-5.889880128710555773e+00 -2.097470711425465595e+01
-5.223214602483344571e+00 -2.281062316212079466e+01
-5.261676478869885543e+00 -2.360465464965115956e+01
-5.264724143620896690e+00 -2.366655362991933131e+01
-5.299652481864631781e+00 -2.430096114200366131e+01
-5.316573877667608805e+00 -2.457374695526648267e+01
-5.327511210934011032e+00 -2.475574327461054125e+01
-5.349607083626721327e+00 -2.535118151794628005e+01
-5.310055205785625176e+00 -2.580617083135929590e+01
-5.009860451842935269e+00 -2.614659766994779844e+01
-4.626775481963203873e+00 -2.657800758657406348e+01
-4.446825501082523502e+00 -2.681665557017936408e+01
-4.139131944491663440e+00 -2.819518231473323766e+01
-2.947515430895180089e+00 -2.950889800479662739e+01
-2.305906210306886805e+00 -3.022319630960221915e+01
-1.579683998017378466e+00 -3.103757632927751331e+01
-1.004815532650572774e+00 -3.167910905651409692e+01
-4.297633231911174301e-01 -3.202799019085027510e+01
-4.118883574581713725e-01 -3.202828039564448659e+01
-2.301130910632931681e-01 -3.203137426828091350e+01
1.320729651879216093e-01 -3.205201179410116197e+01
3.075439857762714002e-01 -3.208747991064459626e+01
6.973867836889823257e-01 -3.251215332340479591e+01
9.454034799929215138e-01 -3.278096145702581765e+01
1.050590786104111496e+00 -3.293251097375535608e+01
1.214710934458637537e+00 -3.305158355867567366e+01
1.467994356323979899e+00 -3.311308364351842215e+01
1.757531843213908207e+00 -3.314289697304695181e+01
2.041728675288474015e+00 -3.315863554947376457e+01
2.451779622078742893e+00 -3.317624824710708253e+01
2.882814853226275176e+00 -3.319949797665248070e+01
3.180672050512495463e+00 -3.321817986902824771e+01
3.480292196203400135e+00 -3.323467864273187899e+01
3.778251409518585291e+00 -3.324389550500907120e+01
4.264184654890681436e+00 -3.329657167681286722e+01
5.199330816114930087e+00 -3.425801328175158744e+01
6.030815076063015923e+00 -3.437233408158940762e+01
6.499734693197433799e+00 -3.439951210468412768e+01
7.059843715658550956e+00 -3.442515438109193582e+01
8.129280985987309194e+00 -3.448139450688768193e+01
8.364284312896003826e+00 -3.449402888166771675e+01
9.388225162735331253e+00 -3.454344024232613464e+01
9.889762014967393711e+00 -3.457552121285820590e+01
1.009920896442917027e+01 -3.459170275112553838e+01
1.026772296298310572e+01 -3.460509401502465465e+01
1.045554395047261487e+01 -3.461962354035959777e+01
1.100516632469327938e+01 -3.464832114528836371e+01
1.285629197278552027e+01 -3.372718093189778443e+01
1.306794358069423900e+01 -3.375544685826573499e+01
1.473566408881003120e+01 -3.281974276734656826e+01
1.535817518543139037e+01 -3.286626514378912134e+01
1.577219787036953136e+01 -3.288620539458513292e+01
1.603212301887782587e+01 -3.289593072534199791e+01
1.628183807840800412e+01 -3.290820368642535243e+01
1.673741390982799970e+01 -3.294635869042632947e+01
1.726651434248932659e+01 -3.289438069966131906e+01
1.728090932791675982e+01 -3.282801219095638601e+01
1.728121629259015180e+01 -3.275556448905666684e+01
1.728430473743878082e+01 -3.267802330369021035e+01
1.730237002354063947e+01 -3.242991394777679659e+01
1.730374317331231282e+01 -3.230694387545140245e+01
1.730298074525909158e+01 -3.227021449019293442e+01
1.730289415119840513e+01 -3.225929374422286600e+01
1.730410674060441778e+01 -3.221173413683886366e+01
2.283738859777392705e+01 -2.245516921639395136e+01
2.284741375039270395e+01 -2.225760028781359523e+01
2.285149467995857719e+01 -2.217819463697818705e+01
2.286643802538008785e+01 -2.189166494161956678e+01
2.288497294878248667e+01 -2.154357118403219928e+01
2.293366485479684869e+01 -2.064915315560802611e+01
2.300111681268629482e+01 -1.939881786651537965e+01
2.312789864616312485e+01 -1.702458029934765449e+01
2.314879050221103185e+01 -1.662980019364423967e+01
2.316389051942963206e+01 -1.632185027596305460e+01
2.318002769657484308e+01 -1.516584708845317842e+01
2.316321813276081798e+01 -1.505247932994611659e+01
2.251297641508586622e+01 -1.447943673218543914e+01
2.229261140704593558e+01 -1.400392882245808579e+01
2.229609408418249572e+01 -1.375307940128253748e+01
2.232523369778258981e+01 -1.333154663932337236e+01
2.233608968827245889e+01 -1.311363457727218851e+01
2.220007101760166890e+01 -1.197169858936570641e+01
2.171785009039571435e+01 -1.146674217725797362e+01
2.115133652878184023e+01 -1.084031816082499766e+01
2.068113847037896136e+01 -1.031072025765903710e+01
1.999766306297242124e+01 -9.562920641007421452e+00
1.963287913551354791e+01 -9.099001110812086068e+00
1.955304552722035183e+01 -8.755936679766513464e+00
1.957328640226412020e+01 -8.666985900190443459e+00
1.957972738159406134e+01 -8.544685304584200836e+00
1.961827540817167659e+01 -8.252936047702345235e+00
1.930081292381044022e+01 -7.702118589000887638e+00
1.896696800234736813e+01 -7.342160316219844773e+00
1.867381914455814496e+01 -7.026386079784987970e+00
1.814503534159720388e+01 -6.437978818714350737e+00
1.768928257721167085e+01 -5.928191039259029793e+00
1.705592022622808912e+01 -5.223481055392888095e+00
1.674703248649110066e+01 -4.875725132783887972e+00
1.661598620010006755e+01 -4.728807111620719539e+00
1.600175362530666234e+01 -4.076360249877756026e+00
1.572451861083595581e+01 -3.845193070873799357e+00
1.557926257435703832e+01 -3.805578333878721686e+00
1.523733033818140292e+01 -3.812364807385211218e+00
1.499962454127057576e+01 -3.812495169284467522e+00
1.479789153057769013e+01 -3.767433158376845448e+00
1.461927656357573646e+01 -3.570065122038303507e+00
1.450104437190432805e+01 -3.436861117661133669e+00
1.432715782412388705e+01 -3.247645109019392518e+00
1.422056953011067293e+01 -3.127596035966363264e+00
1.346774617802978113e+01 -2.723531182436851328e+00
1.263921569755961372e+01 -2.425022372130873904e+00
1.241755652133336518e+01 -2.180108181875246132e+00
1.223209448858496806e+01 -1.971170356979124128e+00
1.214939370407790697e+01 -1.877862023306675621e+00
1.207217924991230085e+01 -1.795863722092156278e+00
1.194952163717408133e+01 -1.691557133724954864e+00
1.178015174136619869e+01 -1.623704917729482000e+00
1.123868270236062727e+01 -1.603551334384147875e+00
1.110467808042542082e+01 -1.596256628340135153e+00
9.716432087512062665e+00 -1.292863215209490546e+00
9.664530808854838284e+00 -1.234828441702415125e+00
9.127185388087493578e+00 -6.329315170033769089e-01
9.087553891015950569e+00 -5.896002241682420930e-01
8.893631571502533362e+00 -4.705594917176535441e-01
8.584805603366790550e+00 -4.502172463043934147e-01
8.290825430029018506e+00 -4.447930693812403025e-01
8.169728105155767750e+00 -4.368851704144841586e-01
7.603350299136643287e+00 -4.053079658704866750e-01
7.565545186560288293e+00 -4.020617373058255062e-01
7.314612727368854372e+00 -3.796246884952649281e-01
5.823629320157696299e+00 -1.224905518753166112e+00
5.701454751308544289e+00 -1.051352154415369444e+00
5.596308117290853090e+00 -9.262330849202498051e-01
5.447247910994053477e+00 -7.791395098417310816e-01
5.383906549431014987e+00 -7.139280457700378779e-01
5.338752562923369638e+00 -6.618859536634277285e-01
5.283588268340742466e+00 -5.831756356363667626e-01
4.304401849897651289e+00 -2.265533765918393561e-01
3.929794175272562473e+00 -2.034654744497199907e-01
2.429209414677149237e+00 -1.303691825919851277e-01
1.098442113337624093e+00 -5.849415966668722322e-02
