-1.657593269163028238e-01 -2.522231330790384862e-01
-2.578120322968280309e-01 -3.793099267315325762e-01
-4.371132390819723601e-01 -6.330966766427339465e-01
-4.647404442287426662e-01 -6.755994039593056222e-01
-5.092176068865402749e-01 -7.473574588285990528e-01
-5.716712970742564570e-01 -8.551627647831565593e-01
-2.017631156502249112e+00 -1.709073904070728123e+00
-2.053335411758882678e+00 -1.759032067530535093e+00
-2.113235965353311041e+00 -1.841812975091599691e+00
-2.135614267130606869e+00 -1.873147495503749704e+00
-2.150798166873886696e+00 -1.894738717409825801e+00
-2.191882491646651943e+00 -1.955299801552434102e+00
-3.421965256762562912e+00 -2.693135233576350984e+00
-5.066784095136427801e+00 -3.669806403631624026e+00
-5.236132657227289044e+00 -3.930399382520588070e+00
-5.232027860706536693e+00 -4.591715995702676523e+00
-5.175076283917110942e+00 -4.915892789856160405e+00
-5.943197091875411786e+00 -6.225906646877145789e+00
-6.669702902562470115e+00 -7.800754191261059844e+00
-6.647429299062396879e+00 -7.855889002235410423e+00
-6.636055866675452108e+00 -7.885728597711254118e+00
-6.592799875855447134e+00 -8.050845312627194161e+00
-6.725973424938722189e+00 -8.627728971988837259e+00
-7.114585005465658973e+00 -9.218070270149834045e+00
-7.676014388649031517e+00 -1.002302110076010599e+01
-7.935036963794405374e+00 -1.044807181260892648e+01
-8.092265226450338744e+00 -1.085107646008149729e+01
-8.036777391975592266e+00 -1.135888517984392543e+01
-7.858589972147036917e+00 -1.218150548187853843e+01
-8.032590182067893991e+00 -1.308686166890717750e+01
-8.384382343406370452e+00 -1.358648983581642966e+01
-8.505421900876733332e+00 -1.423835522744259130e+01
-8.407291110291414071e+00 -1.463557665731738666e+01
-8.362319921613746487e+00 -1.487193440924010090e+01
-8.322063704130430395e+00 -1.510056876078953714e+01
-8.274457830630304045e+00 -1.532108273088344497e+01
-8.211901873091944637e+00 -1.560855505899685269e+01
-8.974955625134994008e+00 -1.709039196938594074e+01
-8.918321246710451788e+00 -1.744633989463320134e+01
-8.780616822067251803e+00 -1.806148424999793889e+01
-8.614338554254151958e+00 -1.889768990728218867e+01
-8.546953825635007718e+00 -1.926843382354256207e+01
-8.440177018478502546e+00 -1.977662272223789941e+01
-8.901403960306955909e+00 -2.185101539789373248e+01
-8.868541789024234845e+00 -2.218266533854373534e+01
-8.712459101887517932e+00 -2.229287682700513784e+01
-8.181795801405115753e+00 -2.256407799715144691e+01
-7.656872266780569092e+00 -2.394998401623492512e+01
-7.355719683507802920e+00 -2.548301473348789159e+01
-7.243071198742017991e+00 -2.607095081418953342e+01
-7.185813805346582761e+00 -2.637723841458824126e+01
-6.809126556493414029e+00 -2.846422535161241640e+01
-6.448358344389881758e+00 -2.970525015525836565e+01
-5.477036282328775485e+00 -3.051954910357879314e+01
-5.092129977441627098e+00 -3.202755625945729179e+01
-5.014124216022419311e+00 -3.257398764750797682e+01
-4.801529275643234840e+00 -3.327515877823551449e+01
-4.535207255921023695e+00 -3.364638231665038148e+01
-4.403511005820041291e+00 -3.377429030090966933e+01
-2.010170281568689266e+00 -3.620827161112357828e+01
-1.748717358557871915e+00 -3.642072128519125584e+01
-1.152060400390886308e+00 -3.685012797586001199e+01
-9.149434463435801579e-03 -3.761985270297103057e+01
5.146799463409046371e-01 -3.797160120012833318e+01
1.079972422441712432e+00 -3.835576029313848068e+01
1.432911256558925484e+00 -3.859687220252292406e+01
1.991934780063906674e+00 -3.897792740744063167e+01
2.699311099168693495e+00 -3.945139955962444844e+01
4.454706723975450089e+00 -3.989468623139018888e+01
5.182199869473858023e+00 -4.027910975662341286e+01
5.537257807092577089e+00 -4.053385612710859220e+01
5.893507401474874285e+00 -4.077680186686807673e+01
6.106164856396352647e+00 -4.091934610892773350e+01
6.430936875959511134e+00 -4.114156613525420880e+01
6.788135960818901360e+00 -4.136996498376282005e+01
7.090249330982532072e+00 -4.144828868010679201e+01
7.116514220910756805e+00 -4.143988192235165258e+01
7.246810875632685445e+00 -4.137500965361383720e+01
8.600027195428445737e+00 -4.175750083575584171e+01
9.248241889908388913e+00 -4.219162130599764993e+01
1.215179397681151485e+01 -4.248795528449987557e+01
1.249475838411772877e+01 -4.269660244723333165e+01
1.258700329311324317e+01 -4.275767433864871236e+01
1.279467831027334412e+01 -4.288134982634134929e+01
1.309750095393973623e+01 -4.319559933541142271e+01
1.350099406803013125e+01 -4.321847104971421061e+01
1.391136678933882642e+01 -4.315898027894126443e+01
1.457651249571523167e+01 -4.303251842924303361e+01
1.522337128448224597e+01 -4.291048778828438515e+01
1.573349985063127754e+01 -4.281565234868064351e+01
1.625334624307239650e+01 -4.271306021702739031e+01
1.674225102984436120e+01 -4.260906317485784456e+01
1.772885091509836997e+01 -4.241998391311086181e+01
1.868911962430998841e+01 -4.262494563650488288e+01
1.906478544838655864e+01 -4.291150158964602923e+01
1.937591917808997621e+01 -4.304552765541310322e+01
2.148065173875663447e+01 -4.195931214307042723e+01
2.174759169510202028e+01 -4.214613441726147869e+01
2.179687739637667576e+01 -4.218262201616169449e+01
2.199838558602737137e+01 -4.232750564945354910e+01
2.209019439512018224e+01 -4.238728573918200482e+01
2.221953025196746623e+01 -4.245910663288182008e+01
2.229484623532374954e+01 -4.249210070746413948e+01
2.239733886542318331e+01 -4.252411188863750624e+01
2.293060311839905552e+01 -4.245908377581102400e+01
2.542641488265116223e+01 -4.095481417911094013e+01
2.563794781232144260e+01 -4.092020463418728582e+01
2.593857276619423402e+01 -4.086936286959658560e+01
2.636974545252805058e+01 -4.079005890451320226e+01
2.672056343550195479e+01 -4.072143816349048961e+01
2.691401362476299752e+01 -4.068281969014172006e+01
2.710810108802816032e+01 -4.064401746507370206e+01
2.788394201029749908e+01 -4.046785179643587327e+01
2.860800181719212532e+01 -3.966426294779059702e+01
2.868810423490268136e+01 -3.955364795816685586e+01
3.034615940664860290e+01 -3.839324500567823151e+01
3.039072645462176325e+01 -3.832464589999815274e+01
3.137268431718741368e+01 -3.686381657461262762e+01
3.137270061304784008e+01 -3.686379220318332273e+01
3.137270854260195563e+01 -3.686378034403512061e+01
3.626449016611478271e+01 -3.007557070386423348e+01
3.626037658316767676e+01 -3.006248445215110010e+01
3.625820838710211547e+01 -3.005563270345241023e+01
3.625681519322458968e+01 -3.005123437970675582e+01
3.625476819343695922e+01 -3.004476543143238843e+01
3.625286101344315171e+01 -3.003871812186913459e+01
3.625073387335437758e+01 -3.003193259566662476e+01
3.624690989755214332e+01 -3.001955999124115948e+01
3.622837063914413847e+01 -2.995001845740275925e+01
3.696594466866655893e+01 -2.840610915733741848e+01
3.695553904543226764e+01 -2.830909254271684361e+01
3.695309922366467958e+01 -2.829115578698584343e+01
3.695212556867947740e+01 -2.828430444376161645e+01
3.694806252242885591e+01 -2.825732086822073796e+01
3.743125497011390479e+01 -2.570532790345680851e+01
3.728442828022986788e+01 -2.473017557264333632e+01
3.718123575963748806e+01 -2.414401706657576696e+01
3.701156837051335913e+01 -2.324146302047235935e+01
3.693853385837569192e+01 -2.286351098537348747e+01
3.660047710150836053e+01 -2.112120432336548248e+01
3.648651505333194933e+01 -2.051911733585994568e+01
3.615573412895004424e+01 -1.874892338875898190e+01
3.600156328021645891e+01 -1.795070152960230203e+01
3.554643340246870054e+01 -1.598124002696053481e+01
3.464377446062739097e+01 -1.501221715690100567e+01
3.464961301475140942e+01 -1.441265090202209720e+01
3.484545142143243623e+01 -1.416087257339065886e+01
3.501386321088977382e+01 -1.389365536431917825e+01
3.503237679183238384e+01 -1.287833337874974404e+01
3.483276496801257593e+01 -1.189247810573421482e+01
3.466849262594934089e+01 -1.157796676325748564e+01
3.448241089699774165e+01 -1.145106293212197102e+01
3.413910098998653808e+01 -1.124327016145956115e+01
3.378576942029553010e+01 -1.100354120783452672e+01
3.322992304012924336e+01 -8.767153946336902592e+00
3.312279801809258117e+01 -8.165685189025598589e+00
3.295810394094658591e+01 -7.813392221721580988e+00
3.220819683254166677e+01 -7.366802690987018565e+00
3.189388772795308569e+01 -7.141943646195826112e+00
3.169902389615378624e+01 -6.169710239331975821e+00
3.144145250568691452e+01 -5.981381534917547427e+00
3.114596995109493704e+01 -5.783159435052470876e+00
3.086781177972672907e+01 -5.605424756537037645e+00
3.053054336958146209e+01 -5.270701204179220944e+00
3.044567037882395866e+01 -4.941693056929004513e+00
3.046031307281913314e+01 -4.573050798551211216e+00
3.035470398953004079e+01 -4.450695717663959883e+00
2.975167430209747721e+01 -3.988349065677848859e+00
2.889169767877799444e+01 -3.395160075449990433e+00
2.841179133729173500e+01 -3.066640753907360573e+00
2.791697349798016248e+01 -2.731662653972595223e+00
2.766412530063123754e+01 -2.562644525327574474e+00
2.752503144621214304e+01 -2.470327199422102993e+00
2.732570509227279132e+01 -2.338470940671350640e+00
2.708932447420435352e+01 -2.182054528370195978e+00
2.643184897860805194e+01 -1.737429429984798990e+00
2.607328337976007404e+01 -1.473651333722152623e+00
2.432978789904494832e+01 5.096593896831933534e-01
2.355886993233560034e+01 4.065308448590515544e-01
2.227993272958791593e+01 1.096686952732058185e+00
2.224375517551376902e+01 1.122407169869943377e+00
2.213210438222047216e+01 1.201467333923615932e+00
2.203487048202599397e+01 1.269793841887369545e+00
2.183047743072932079e+01 1.411182610895064471e+00
2.165044705480786646e+01 1.532204704410754736e+00
2.116954841021759748e+01 1.825193277051023522e+00
2.109688680343022327e+01 1.862012952325943438e+00
2.095416012744659895e+01 1.922025211589728722e+00
2.005823005162914541e+01 1.833504591818154283e+00
1.957119066298851706e+01 2.070325234237510248e+00
1.937020418999738780e+01 2.208947709438257689e+00
1.885511190400008275e+01 2.575392920866127699e+00
1.662273753609997229e+01 2.364249821694313525e+00
1.643993107978674928e+01 2.502979532303933219e+00
1.621975670364939148e+01 2.612804396146401587e+00
1.605004352812885315e+01 2.924603146128766262e+00
1.596355991152636022e+01 2.953544284482845228e+00
9.547206553626756076e+00 1.810452214046140762e+00
5.108042037703328653e+00 9.733440968851174713e-01
