3.636221313367425934e-01 -1.353129767558947538e+00
3.185301297513705165e-01 -1.488579543308049535e+00
1.823711035579427264e-01 -1.954374593218332068e+00
1.692491905380082151e-01 -2.041585784517114366e+00
1.617250410356272927e-01 -2.199345238125158808e+00
1.973177001510188489e-01 -2.411611313270513701e+00
3.667638534412198115e-01 -2.711482716915829538e+00
4.612695945471532166e-01 -2.880379568224633147e+00
5.000839057483013050e-01 -3.043963269202776711e+00
5.007798676367415380e-01 -3.179190897412682570e+00
4.917366249726108363e-01 -3.273514576908130636e+00
4.640674380663821763e-01 -3.448973516662204641e+00
3.309938091629880397e-01 -4.084699484663743441e+00
-5.852478027122328896e+00 -4.884689164451383014e+00
-5.898062336608973055e+00 -5.185643197396704984e+00
-5.909687540907939685e+00 -5.532012826831585350e+00
-5.619225278192502948e+00 -6.392378499867338526e+00
-5.499357759089978259e+00 -6.606445099421278222e+00
-5.383156268660456156e+00 -6.804898924507846836e+00
-5.313331285473022803e+00 -6.922680985229283657e+00
-5.268306203839219215e+00 -6.998694387927321792e+00
-5.103676277159000740e+00 -7.282580833311286028e+00
-4.949649592100482387e+00 -7.573687522060831512e+00
-4.885742502018813660e+00 -7.714487935581082922e+00
-4.778824542804644970e+00 -8.027192619253577632e+00
-8.204128546068867323e+00 -9.004833703736350614e+00
-9.050013291824322792e+00 -9.616317451615097767e+00
-9.369461440748551695e+00 -1.003488545709721791e+01
-9.114427935935216496e+00 -1.038070407624580227e+01
-1.130791005430005214e+01 -1.309229408518650573e+01
-1.269823570849208139e+01 -1.429592118623355468e+01
-1.237764199842765933e+01 -1.485979155108804406e+01
-1.255612572356690748e+01 -1.552512932866527251e+01
-1.265318490353023329e+01 -1.590447648827823457e+01
-1.264223542673949119e+01 -1.610395294336721150e+01
-1.256669423567791810e+01 -1.623339251846050502e+01
-1.163017855846706894e+01 -1.653509222119419775e+01
-1.149389425412849874e+01 -1.661496172863132514e+01
-1.127064578473429002e+01 -1.682017491014027044e+01
-1.113253308318827983e+01 -1.699067953137509335e+01
-1.098000854109072932e+01 -1.744735875098038846e+01
-1.103417384233790699e+01 -1.784434764129183648e+01
-1.111464852074292509e+01 -1.824266354874947282e+01
-1.173438725773738511e+01 -2.013423630027518030e+01
-1.161003804360398917e+01 -2.033574394417327014e+01
-1.154624002054468157e+01 -2.044592746139150563e+01
-1.142645811498579356e+01 -2.068473077907438906e+01
-1.198713592500778979e+01 -2.304980402374786053e+01
-1.145294440237575806e+01 -2.313239916959329179e+01
-1.130213709094981844e+01 -2.316770598859939767e+01
-1.119544138901981256e+01 -2.321331174447174206e+01
-1.142881755971362345e+01 -2.434836565121196372e+01
-1.096907510604746960e+01 -2.482773769293624611e+01
-9.890051146517022218e+00 -2.550097688769066906e+01
-9.464179834438830596e+00 -2.629567157343179318e+01
-9.366771677133014506e+00 -2.645015357474132500e+01
-7.955714577878995719e+00 -2.770300683228348504e+01
-7.875528362115283620e+00 -2.869912087828971892e+01
-7.501179173136887535e+00 -2.875968763856708676e+01
-6.920062336251175061e+00 -2.886099541809494795e+01
-6.889934976849668047e+00 -2.886383101138137519e+01
-5.473421823644095241e+00 -2.857391534583570092e+01
-5.257683851377607631e+00 -2.861175550967240611e+01
-5.011652383864165117e+00 -2.868131113205122773e+01
-4.721525104624778812e+00 -2.894592550192026437e+01
-5.000528383893650286e+00 -2.997526804539979040e+01
-4.178100294196615216e+00 -3.042533818412242397e+01
-3.409629189779344483e+00 -3.101266080171754780e+01
-1.923369839306818374e+00 -3.181293588760757629e+01
-9.134295188096003271e-01 -3.214596487785694734e+01
-7.947493279308861513e-01 -3.341375462370698557e+01
1.012546928369376431e+00 -3.480875572339657964e+01
1.422955079468432915e+00 -3.564493558970905696e+01
1.714108074350739086e+00 -3.616392573472788996e+01
1.998723384384622159e+00 -3.654419570896377678e+01
2.320543542814194282e+00 -3.677383983986176474e+01
2.322523711459040907e+00 -3.677464104127511746e+01
2.375347949065369502e+00 -3.679394660772290848e+01
2.579781414623612434e+00 -3.683968322468311385e+01
2.665123138782785173e+00 -3.685062384743113029e+01
3.001069022803115161e+00 -3.692600887857326342e+01
3.236692104604263154e+00 -3.734162733533477763e+01
3.029043101524415693e+00 -3.821146589735494814e+01
3.032629330463232353e+00 -3.822172178655475960e+01
3.035263970300659864e+00 -3.822841501428262490e+01
3.042295564824039289e+00 -3.824388196787298710e+01
3.055037697757696069e+00 -3.826633190633901904e+01
3.072811722680844237e+00 -3.829092023569683789e+01
3.094055060414178104e+00 -3.831455515988712079e+01
3.111526414513873018e+00 -3.833109618235189942e+01
3.124835776962528122e+00 -3.834247237354082216e+01
3.139099484170408960e+00 -3.835376037031284824e+01
3.158100510285339446e+00 -3.836765250601366262e+01
3.193017859361256150e+00 -3.839066959275014312e+01
3.229198024519875698e+00 -3.841213275100214730e+01
3.249792521367981912e+00 -3.842358507765229092e+01
3.262158345113345348e+00 -3.843025408444103164e+01
3.275240229227111666e+00 -3.843716499037223144e+01
3.288121630782410154e+00 -3.844384298703277381e+01
3.298911944859812095e+00 -3.844935152162516090e+01
3.308108132808631030e+00 -3.845399145987462219e+01
3.317121383253861300e+00 -3.845849493659127205e+01
3.328581135725453777e+00 -3.846416403337519085e+01
5.434525320434795859e+00 -3.242369206185375674e+01
6.412934386278877241e+00 -3.188708397266413641e+01
7.264352229933887628e+00 -3.140033225675128747e+01
8.039545035392155370e+00 -3.099244888002952081e+01
8.794338934800418173e+00 -3.070840372743055724e+01
9.343585191835465764e+00 -3.063993342299719203e+01
9.743495747023111164e+00 -3.068212997872290160e+01
1.007449747528105455e+01 -3.237956614311637793e+01
1.058920869518325780e+01 -3.245329041150774430e+01
1.152667723737700278e+01 -3.324255845885184613e+01
1.599727649655556228e+01 -3.100630569179998730e+01
1.593156692659438001e+01 -3.088752694136144683e+01
1.591149213703136134e+01 -3.084890435989352397e+01
1.588451140514611915e+01 -3.079488521436397619e+01
1.582211356470958918e+01 -3.065808975137175807e+01
1.579554062190471342e+01 -3.059302050499692882e+01
1.578019358909972603e+01 -3.055289362201185099e+01
1.577098876748619283e+01 -3.052774455876989279e+01
1.572377278221781616e+01 -3.038058558389722208e+01
1.697692659196709286e+01 -2.797223857649738221e+01
1.697744382689360521e+01 -2.797033393331295770e+01
1.697776257408444778e+01 -2.796915743829401535e+01
1.697990020308770909e+01 -2.796121294484930431e+01
1.698509469521092896e+01 -2.794150796141355286e+01
1.699130233833924564e+01 -2.791720358740630559e+01
1.699921259285273933e+01 -2.788501337409613967e+01
1.830995253269421497e+01 -2.590108160209752342e+01
1.832824054407427639e+01 -2.583502140971854288e+01
1.833358581056094749e+01 -2.581537405515819827e+01
2.505767783765243450e+01 -1.846728384489128416e+01
2.503190011677651583e+01 -1.841069592942329081e+01
2.498384725492886105e+01 -1.811558478576272080e+01
2.503557140146151738e+01 -1.774394733535746127e+01
2.508858748534708383e+01 -1.755630829622823441e+01
2.528133535371916807e+01 -1.707529203030101428e+01
2.617863447065422378e+01 -1.626445131425515100e+01
2.648121200096400329e+01 -1.473904856437814637e+01
2.621496113483457790e+01 -1.441629319560195022e+01
2.649404582229717420e+01 -1.275296679094306818e+01
2.667540929888910028e+01 -1.216010709367781395e+01
2.694591292274084537e+01 -1.024072745993164624e+01
2.434822738354911920e+01 -8.901730062949461342e+00
2.433008459978231031e+01 -8.865004798119361595e+00
2.432007675998409013e+01 -8.843497930961371267e+00
2.430543722789686711e+01 -8.810666530548113329e+00
2.425970502510636351e+01 -8.704790245724804976e+00
2.413796489586025373e+01 -8.510433427960473196e+00
2.364998416104010204e+01 -8.269293276041009833e+00
2.306502102188683168e+01 -8.139755947129954095e+00
2.248978880891452548e+01 -7.656369136663339958e+00
2.190776278017466083e+01 -7.039610239707434935e+00
2.133362000187916152e+01 -6.866640266883115018e+00
2.095424832431700679e+01 -6.767574388441341959e+00
2.074424288328570043e+01 -6.710645378586113097e+00
1.948180600266420370e+01 -6.124253642826938737e+00
2.007332031343215917e+01 -1.175127604480554977e+00
2.006790797885835076e+01 -1.166376120895761925e+00
1.999278712532764501e+01 -1.033795998670503868e+00
1.996707433876646931e+01 -9.818266868980020101e-01
1.989896957036297920e+01 -8.131003055500600762e-01
1.982571575374394968e+01 -3.525238716264215699e-01
2.007947367788854365e+01 9.032064238682270263e-01
2.156191983331780548e+01 2.435123165103693310e+00
2.150521741556944377e+01 2.531038259498795018e+00
2.120735293254459819e+01 2.738345982527460976e+00
2.071894538311038758e+01 2.869638300270992648e+00
2.047980648294779371e+01 2.936753360511167532e+00
1.908663491290338854e+01 2.648807226904749790e+00
1.875514360871491348e+01 2.690998137709321725e+00
1.873181741036822245e+01 2.697380730749650457e+00
1.869100126549922791e+01 2.709168950899135453e+00
1.314504100088284666e+01 5.936375062525809376e-01
1.307617631714030892e+01 6.159706777732208982e-01
1.231370339688093551e+01 9.150887548571295937e-01
1.220296653262297504e+01 9.741750645138445019e-01
1.195872076891182090e+01 1.155258442464939028e+00
1.157509233731268417e+01 1.776272101342659226e+00
1.150180315756761473e+01 1.827415221162387082e+00
1.116306114345017875e+01 1.957882643476826834e+00
1.072937851468409676e+01 2.041823263070080774e+00
1.024457636460509846e+01 2.222637181356857727e+00
1.045005227734004016e+01 3.419074921056634242e+00
9.717932055718636164e+00 3.882273990728192903e+00
9.608300731479795687e+00 3.917139633438622148e+00
8.953651285806781601e+00 4.080667776095369348e+00
2.838470916969883184e+00 -1.389624812166636858e-01
2.347873704669582118e+00 1.223327428151342461e-01
2.214990725161314344e+00 2.193944467061623160e-01
2.099614808624371776e+00 3.429714965440741614e-01
2.062792158375626794e+00 4.003437398611640052e-01
2.026306122765965778e+00 4.716900656056099428e-01
1.973326218219281225e+00 5.958604333707365752e-01
1.887607150679127654e+00 7.741015994624754759e-01
1.836245815479951027e+00 8.390182161982838727e-01
1.510378193670472324e+00 8.750228749574844311e-01
9.800599198882776752e-01 5.420992676180883540e-01
