-2.415602255621215555e+00 -1.908064994711644591e+00
-4.151272903926807700e+00 -2.873359794819702273e+00
-4.352557117610498238e+00 -3.064302574247979472e+00
-4.390498442246282274e+00 -3.100021868977846040e+00
-4.586688298464207669e+00 -3.281594780355581609e+00
-4.877036909289408584e+00 -3.533390115497724970e+00
-7.639672902112464747e+00 -5.128631485029913506e+00
-7.811767570421966234e+00 -5.295346959889300820e+00
-8.032465626761227995e+00 -5.509218471108606074e+00
-8.063435075125264362e+00 -5.539203611366090740e+00
-8.121412338154549104e+00 -5.595307913173464875e+00
-8.555742412965415156e+00 -6.013645416544629363e+00
-1.012092826863907824e+01 -7.396022059329395937e+00
-1.219943011110927777e+01 -8.477575263975579034e+00
-1.232889984737314393e+01 -8.790881157955082514e+00
-1.240935686746878197e+01 -9.751322915712643535e+00
-1.239848699190187453e+01 -1.046566824201437385e+01
-1.239543526770544801e+01 -1.085623959344576051e+01
-1.240064190527644250e+01 -1.106849456823854005e+01
-1.350234106302752934e+01 -1.296667496029088618e+01
-1.350174259604763805e+01 -1.299099958584312198e+01
-1.350139560769562941e+01 -1.309648581135149747e+01
-1.367841470239562973e+01 -1.360064977801305552e+01
-1.436328948848568210e+01 -1.428404235826568680e+01
-1.413251465460517764e+01 -1.595862969784778329e+01
-1.452580108691705085e+01 -1.631532983965344386e+01
-1.463013518666420687e+01 -1.667958077341214107e+01
-1.466534577533736794e+01 -1.705629296692908170e+01
-1.469976406397352520e+01 -1.751520896701522290e+01
-1.470637192444505281e+01 -1.803482899846676446e+01
-1.460849516726970876e+01 -1.847701680087662979e+01
-1.379140917314194148e+01 -1.964907925515746356e+01
-1.384156580083642751e+01 -2.082961501516188463e+01
-1.382214105239169477e+01 -2.147328780517931435e+01
-1.350711239244148665e+01 -2.191654505995340685e+01
-1.321329115174785329e+01 -2.220092960629192191e+01
-1.269401074640038551e+01 -2.268827255519595099e+01
-1.245066559451870170e+01 -2.293775222059482033e+01
-1.205553733564213026e+01 -2.342393123254471732e+01
-1.195774749073926557e+01 -2.422925938025858272e+01
-1.125602006294036705e+01 -2.531810891165747535e+01
-1.109306624094824478e+01 -2.557665367139868096e+01
-1.098535826990981512e+01 -2.607550607744146376e+01
-1.106688123551210623e+01 -2.754264449399617476e+01
-1.087413579417114384e+01 -2.786658026657240228e+01
-1.072073670804712364e+01 -2.803506183101129778e+01
-1.041290265572800600e+01 -2.833208410353911333e+01
-9.929975010588824702e+00 -2.882459674311792952e+01
-9.551541373703003046e+00 -2.925214278674026502e+01
-8.416725843974727894e+00 -2.967647411106794664e+01
-7.714767085989975293e+00 -3.018305889588932445e+01
-7.147410311699966101e+00 -3.078911204776923682e+01
-6.710614726903469496e+00 -3.126078682788099883e+01
-5.119349046361470812e+00 -3.191070527075642005e+01
-4.743910442657793602e+00 -3.236007119951752742e+01
-4.709753378365896026e+00 -3.241114839397136649e+01
-4.610906420486807988e+00 -3.255048369140376252e+01
-4.462457988527528840e+00 -3.270417499753474999e+01
-3.843509156571066843e+00 -3.288012802989809558e+01
-8.962883063706229558e-01 -3.549014629993104819e+01
-6.597197503521257111e-01 -3.574594511307519440e+01
-3.483780091263998235e-01 -3.607494450603661562e+01
7.129474981300094605e-01 -3.720282202325330445e+01
1.024958399817715637e+00 -3.754614429010004528e+01
1.560070186487787725e+00 -3.813817644767578940e+01
1.922221512543397015e+00 -3.852903861875879699e+01
3.367250140759166399e+00 -3.918524674967593313e+01
4.395922699162697178e+00 -4.014177707115791094e+01
6.561281184575789460e+00 -4.128826366508550194e+01
7.901751081904390794e+00 -4.184723631154320600e+01
8.359627660959343842e+00 -4.240388356280634241e+01
8.332092890979835076e+00 -4.293764819834689916e+01
8.337802828874062655e+00 -4.315842123331313473e+01
8.433450182747332491e+00 -4.330304884219859218e+01
8.515674709541167786e+00 -4.334383712606600625e+01
8.616823408211377711e+00 -4.336614758931818869e+01
8.631157103520436635e+00 -4.336782311981066584e+01
8.754500529024340949e+00 -4.337414858428314801e+01
9.293406676548791268e+00 -4.343936983909510730e+01
9.502276156976613208e+00 -4.356887466945681808e+01
9.916366156393340958e+00 -4.402118308595725438e+01
1.032829564616162976e+01 -4.471327378721475299e+01
1.042186328711545151e+01 -4.542854406632816477e+01
1.098169964422837452e+01 -4.545880159758177541e+01
1.146256582239276156e+01 -4.545605504510824346e+01
1.197306128101145895e+01 -4.550700333620812188e+01
1.239894783633987885e+01 -4.569369200012590682e+01
1.284348993934656136e+01 -4.615350080863802162e+01
1.351281037043822231e+01 -4.652569408880745527e+01
1.406403808884205198e+01 -4.660380185573887957e+01
1.466633791548032306e+01 -4.662150720105715607e+01
1.528300185733062833e+01 -4.660425225490077850e+01
1.622753534548668242e+01 -4.674554606653165933e+01
1.828178030242715124e+01 -4.900834402500486675e+01
1.937878212383238363e+01 -4.976575365095640535e+01
2.036861250708189885e+01 -4.982109742440700728e+01
2.157728335265476360e+01 -4.986940635812488409e+01
2.374086748261022350e+01 -4.959326548702259885e+01
2.375431428562320946e+01 -4.961119446860027438e+01
2.386222919125496844e+01 -4.974558835020943803e+01
2.554446924264512830e+01 -4.902395736603320131e+01
2.562760604096244421e+01 -4.903627712549008066e+01
2.564884257268172973e+01 -4.903919758436774856e+01
2.615022950234501664e+01 -4.896694155610124710e+01
2.651174751320171552e+01 -4.868911034512305491e+01
2.754116810596509524e+01 -4.844337157400502747e+01
2.773631700437573855e+01 -4.869308057435594606e+01
2.791646640292093551e+01 -4.891679042907134090e+01
2.823889716475284928e+01 -4.912317511368811296e+01
2.855856732315306701e+01 -4.915913973064601805e+01
2.870416240959279364e+01 -4.915887550058546651e+01
2.891202386592280504e+01 -4.915617767491545465e+01
3.075218768865478935e+01 -4.764033483858899132e+01
3.424483316095015795e+01 -4.624419360755184982e+01
3.426637538965049146e+01 -4.622885949796150129e+01
3.426772278542537720e+01 -4.622789213471945402e+01
3.427188534747617865e+01 -4.622489769403018300e+01
3.428097012217660478e+01 -4.621833181980159111e+01
3.848628901056060414e+01 -4.159264521648461965e+01
3.848523831504918746e+01 -4.158310649882869825e+01
3.848519074804480766e+01 -4.158268560785359824e+01
3.848508832526934498e+01 -4.158178232032616251e+01
3.848494767736939792e+01 -4.158054845462995530e+01
3.848489231672921562e+01 -4.158006482975628870e+01
3.848488070687260176e+01 -4.157996355158053348e+01
3.848483315576559249e+01 -4.157954925997189122e+01
3.848477146462577281e+01 -4.157901300679846202e+01
3.848436524669792647e+01 -4.157551574744218925e+01
4.056677538507464220e+01 -3.765946072755100005e+01
4.172864278363282153e+01 -3.381045784441315760e+01
4.173573087390693104e+01 -3.355485217456893565e+01
4.174305825489931721e+01 -3.332036948453841063e+01
4.173051303310488436e+01 -3.272056638150976227e+01
4.168112989877246832e+01 -3.249218665515838467e+01
4.090189858162236192e+01 -3.181526701898310350e+01
4.081737715064335248e+01 -3.091886160591782229e+01
4.084066866039013632e+01 -3.045760901652930031e+01
4.088612865123178608e+01 -2.981133978349928881e+01
4.091223563702508415e+01 -2.943708526912965340e+01
4.090124439007274759e+01 -2.782803170698696604e+01
4.077654579375398924e+01 -2.745041850841403175e+01
4.012368298197146288e+01 -2.665299927833271454e+01
4.000173825822539442e+01 -2.621082340391957999e+01
3.965462397075370404e+01 -2.512106564080188775e+01
3.910891042522926853e+01 -2.454891673692440790e+01
3.906361617408015974e+01 -2.423598777752462752e+01
3.909039735083271694e+01 -2.413364079963578845e+01
3.913209627924182854e+01 -2.404171897604109631e+01
3.915208558636888370e+01 -2.374434757742105617e+01
3.847850401044911450e+01 -2.283709690338838172e+01
3.783839207243009639e+01 -2.214052362951478159e+01
3.727700898658537909e+01 -2.153999829375059250e+01
3.631998595937871954e+01 -2.036086640646158230e+01
3.542501403819068173e+01 -1.943995951869796102e+01
3.440206772982263317e+01 -1.841761695733415749e+01
3.372116531049350385e+01 -1.766285311898514010e+01
3.345236988146100288e+01 -1.747171020324530488e+01
3.103303550064174843e+01 -1.685460519994780881e+01
3.046013551964377797e+01 -1.627598693406068975e+01
2.961406119899113065e+01 -1.536880064483515973e+01
2.917731772803551493e+01 -1.510937843376602885e+01
2.851667111482671402e+01 -1.508800640376500901e+01
2.754945612479795614e+01 -1.509224134305968157e+01
2.718392289102463621e+01 -1.485089128522894697e+01
2.707706352126471216e+01 -1.469983145340645514e+01
2.694863874001269721e+01 -1.450277777319205796e+01
2.686392734918747749e+01 -1.439001326958831939e+01
2.562391106104719896e+01 -1.400016602666271304e+01
2.430821955567541792e+01 -1.375878039978039702e+01
2.406919866705401390e+01 -1.353967176340383460e+01
2.211670973669770746e+01 -1.354926205543475071e+01
2.173196217341468639e+01 -1.308203398461729883e+01
2.133328773552767998e+01 -1.258336776865797368e+01
2.085687618701720680e+01 -1.210325608257098295e+01
1.931701391344964591e+01 -1.181853568286491551e+01
1.855940006534004283e+01 -1.147394143032637004e+01
1.810923798466845369e+01 -1.112297982678665242e+01
1.552980007188831912e+01 -8.464959191924050330e+00
1.510200838772627030e+01 -7.992825715695281552e+00
1.312744075969886914e+01 -5.891984202930029113e+00
1.298324452856543409e+01 -5.751891350423059102e+00
1.261632820104214403e+01 -5.429131484629057702e+00
1.183463205443897337e+01 -5.474064118843617877e+00
1.140827047658656213e+01 -5.043857559389883782e+00
1.101380238304291659e+01 -4.593262280718047208e+00
9.255391575179306329e+00 -3.754972975986220263e+00
9.140801930221874372e+00 -3.628639058323255284e+00
8.878750353647221871e+00 -3.397735249703493832e+00
8.163679109485203256e+00 -3.350319024151078295e+00
7.669848676751425565e+00 -3.126242005819438674e+00
7.478637967513497742e+00 -2.882208794786696782e+00
5.949401940627935481e+00 -2.246730713374510024e+00
4.679943136624642008e+00 -1.885658388371978189e+00
4.346003549946805933e+00 -1.589360758202849055e+00
4.023606742862956054e+00 -1.236191863493167897e+00
3.209619270094206112e+00 -4.163056404770895669e-01
2.839328783510317589e+00 -1.800993453902377250e-01
2.204542645342213447e+00 1.426654571197671917e-02
1.334029590238698715e+00 -5.146571521740290339e-02
