-2.475829796183136811e+00 -2.718659917152541627e+00
-4.183855161959423086e+00 -3.902520151553324101e+00
-4.890695679257473394e+00 -5.333018844745976317e+00
-4.937168449877079368e+00 -5.515246727804451687e+00
-5.040413145086402480e+00 -6.011573688692125828e+00
-5.071889206406340556e+00 -6.188269143629648639e+00
-5.346993666024510539e+00 -7.639483315335077407e+00
-6.075251305121764034e+00 -8.516293053679671488e+00
-7.338977735515995526e+00 -9.759832486853358802e+00
-7.347519789292222825e+00 -9.850490795257195842e+00
-7.352212928751775678e+00 -9.888576996317059553e+00
-7.413545334760538452e+00 -1.018772859035158440e+01
-7.851690379519209451e+00 -1.082664853256668103e+01
-8.339152500592408757e+00 -1.114630853767070739e+01
-8.392055596806242690e+00 -1.127110262485402359e+01
-8.507446640108014435e+00 -1.171118929535337116e+01
-8.560926921719232752e+00 -1.194326738417038847e+01
-8.591330282936306517e+00 -1.209968531908768519e+01
-8.598136138559640429e+00 -1.213756645010674085e+01
-9.657024164531868848e+00 -1.353971363095622849e+01
-9.662062740166073027e+00 -1.356630731780060017e+01
-9.706552637060088529e+00 -1.377634975089088165e+01
-9.815437382131095845e+00 -1.424347923847172481e+01
-9.561730268981719405e+00 -1.490876932158446166e+01
-9.534329664906323387e+00 -1.618912404288148466e+01
-9.615085246684030196e+00 -1.650602162925170546e+01
-9.690506440279996525e+00 -1.682848332507391120e+01
-9.759364866361094570e+00 -1.714423252713759993e+01
-9.825819058764079017e+00 -1.746205039569935735e+01
-9.901195414132969219e+00 -1.791788923220691743e+01
-9.870276575952745546e+00 -1.824777762800463776e+01
-9.483993597666886544e+00 -1.903216968606938764e+01
-9.684517729025582611e+00 -1.990197671491918285e+01
-9.698453547480182735e+00 -2.032165406643979111e+01
-9.535125693669634472e+00 -2.058370705194231576e+01
-9.413037436300550453e+00 -2.078267064482266591e+01
-9.258965113275367642e+00 -2.105190711335295717e+01
-9.289864259752842912e+00 -2.148373026458487800e+01
-9.383866012153141867e+00 -2.179355792446377649e+01
-9.429995617093823057e+00 -2.265632685039398453e+01
-9.045662077824086822e+00 -2.338007403263370776e+01
-9.130498080083032875e+00 -2.398594058481248226e+01
-9.319966420981138810e+00 -2.464547626698764304e+01
-8.671037869420219479e+00 -2.578349049297068873e+01
-8.286179064229472147e+00 -2.636936332448909326e+01
-8.058612973688035197e+00 -2.671872283582384711e+01
-7.745965149230671365e+00 -2.721203782553178030e+01
-7.087594408228078180e+00 -2.827585447551358300e+01
-6.463189009746915126e+00 -2.922216197052253506e+01
-5.393999914164734122e+00 -2.994535674178439066e+01
-4.644584617910121338e+00 -3.029693346154614630e+01
-4.421973921526943130e+00 -3.066221379929545776e+01
-4.261539632705116709e+00 -3.092281190030703897e+01
-2.863914431220767387e+00 -3.130767619746897878e+01
-2.718589614584793424e+00 -3.145019693024825003e+01
-2.704468343286840160e+00 -3.147428759511653951e+01
-2.678035460737374418e+00 -3.152504638926890479e+01
-2.658667207966311175e+00 -3.156520379643304608e+01
-2.652881322179006407e+00 -3.157729228729124316e+01
-2.576276863060454669e+00 -3.309915853994692725e+01
-2.507309445271899140e+00 -3.351802406933769873e+01
-2.108201362626883402e+00 -3.361973707889141849e+01
-1.454367602267177872e+00 -3.376242681783094923e+01
-1.210566404923441253e+00 -3.391401310538934410e+01
-8.516453810322331952e-01 -3.442606178541657869e+01
-6.203193301827673034e-01 -3.483751258640186421e+01
-3.297605837904647452e-01 -3.533476400741208323e+01
9.467695038594971246e-02 -3.595892302176405053e+01
1.342779841004724029e+00 -3.652359842754631813e+01
1.910071448960154683e+00 -3.704507122075685999e+01
2.620141344952736429e+00 -3.812116972680590266e+01
3.243275911873654493e+00 -3.915703614121636633e+01
3.530105809630931901e+00 -3.964092803684997790e+01
4.086679563233207801e+00 -4.021366763977650294e+01
5.025851976504760898e+00 -4.036273836877136745e+01
5.938719133911055437e+00 -4.124810340937933262e+01
5.966254328538848739e+00 -4.125818312465629845e+01
6.080743817705491772e+00 -4.129689887836795492e+01
7.006642513913337034e+00 -4.152367063496071609e+01
7.321903001273965650e+00 -4.159701141006087255e+01
9.619232156187578653e+00 -4.138876111496554699e+01
9.844186050253695086e+00 -4.145093815008770832e+01
9.881662529011087770e+00 -4.146117213480931696e+01
1.018112160987026726e+01 -4.152103242385580728e+01
1.047383761950847614e+01 -4.160010732270168177e+01
1.068570304881273358e+01 -4.173469061869803198e+01
1.095869161672515091e+01 -4.202963189085198081e+01
1.126283769693245240e+01 -4.251594406355291511e+01
1.168153804991470857e+01 -4.321005744674904747e+01
1.193549956827424197e+01 -4.337824506122043289e+01
1.223421660490527074e+01 -4.345524938526200742e+01
1.254157656491794803e+01 -4.352356255827280052e+01
1.302097785213017644e+01 -4.364141888512734369e+01
1.438886937363261964e+01 -4.321861655542905112e+01
1.471697778580044513e+01 -4.330272604533684699e+01
1.490160629039017337e+01 -4.333828482701128593e+01
1.508932927863374474e+01 -4.337576549294136896e+01
1.556303872196412996e+01 -4.373466757019347284e+01
1.563296034886026398e+01 -4.383694911283490114e+01
1.582699691270453179e+01 -4.422910539188501389e+01
1.701199324226192289e+01 -4.382155696547801682e+01
1.710488173144889501e+01 -4.384309145465371671e+01
1.713683513940771519e+01 -4.385160848885396234e+01
1.724495858568046813e+01 -4.388179872265465065e+01
1.742327946588951448e+01 -4.392647073419507109e+01
1.776926224275270272e+01 -4.398637570651704465e+01
1.835706539866249187e+01 -4.560135131572465639e+01
1.953166931557415964e+01 -4.586558548641614408e+01
2.122127944777987096e+01 -4.625019655282937237e+01
2.222460583192068029e+01 -4.648586686736855711e+01
2.289852885888039680e+01 -4.662977707436647989e+01
2.364610607932474551e+01 -4.665733007753562589e+01
2.614551185114691023e+01 -4.615604935529686514e+01
2.822171908445598376e+01 -4.602353014828399580e+01
2.842262899507136353e+01 -4.591883146795438364e+01
2.876667727795469176e+01 -4.571559798652334194e+01
2.878349103294152300e+01 -4.570518365798744753e+01
2.881887108033978606e+01 -4.568316812896163981e+01
2.882162677712216237e+01 -4.568144789129789984e+01
2.882211175401036840e+01 -4.568114506647818729e+01
2.882211669963523093e+01 -4.568114197825497058e+01
2.882212004033572939e+01 -4.568113989220193361e+01
3.844039930029040875e+01 -3.769843036767482403e+01
3.844068999056863589e+01 -3.769720664201691562e+01
3.844089986826758576e+01 -3.769632737285933644e+01
3.844103889027082488e+01 -3.769574688575684718e+01
3.844125628440832543e+01 -3.769484220882443992e+01
3.844173139405940987e+01 -3.769287778143835510e+01
3.844249634364123125e+01 -3.768975046153526165e+01
3.844391797057458859e+01 -3.768404831005216948e+01
3.844478889046290249e+01 -3.768062123554739173e+01
3.844487144333505313e+01 -3.768029887580812698e+01
3.957446002686265984e+01 -3.609217941372548921e+01
3.959674407834391019e+01 -3.600180562664865391e+01
3.971996066761310828e+01 -3.547394359701976185e+01
3.998285020054178318e+01 -3.430565742079796365e+01
4.006895996334873900e+01 -3.393019733101964164e+01
4.025004307489886912e+01 -3.315209623410243722e+01
4.037684962576151548e+01 -3.261336097360094755e+01
4.066756481605921181e+01 -3.089754954794263497e+01
4.032862443702824606e+01 -3.058763152405223096e+01
4.045967180796733231e+01 -2.924838468709284811e+01
4.038970791520807069e+01 -2.879399905059050724e+01
3.984399749180508365e+01 -2.787404185104065490e+01
3.951062338729109769e+01 -2.737383389398306122e+01
3.948053685511556665e+01 -2.687637693141287443e+01
3.956487167714708164e+01 -2.669014535655854559e+01
3.964630001766127521e+01 -2.649190288334853705e+01
3.953296614834430756e+01 -2.560838969197056159e+01
3.862095203151333322e+01 -2.401558869673101881e+01
3.801509475663702631e+01 -2.306757549512956018e+01
3.750552348672737679e+01 -2.224439096814577610e+01
3.649044773208051140e+01 -2.063722448658759845e+01
3.561821349883184951e+01 -1.979650853497390628e+01
3.436425507706769622e+01 -1.910488529769274635e+01
3.408646872512982640e+01 -1.877134080139483174e+01
3.345695069113051545e+01 -1.861997312070505828e+01
3.124150155992563072e+01 -1.601946539230551991e+01
3.076892504070094603e+01 -1.526229758884531584e+01
2.987347435287014363e+01 -1.381870016072172014e+01
2.963667531333956617e+01 -1.344039169118411081e+01
2.877019438171400623e+01 -1.207767134265093567e+01
2.848021505679258425e+01 -1.162460275524012765e+01
2.762589396347367909e+01 -1.026605202854083743e+01
2.705105695032791147e+01 -9.206973144403947984e+00
2.714288559230164921e+01 -7.645292474661641968e+00
2.682002305414317789e+01 -7.026018329398734608e+00
2.563758008400142430e+01 -5.143811488981753222e+00
2.365717604381243433e+01 -1.969765201939047694e+00
2.236945625110922009e+01 -7.440131315713455207e-02
2.034757581073953148e+01 1.094900643605460910e+00
1.918147440262076842e+01 1.471237117144209350e+00
1.891739398508194014e+01 1.790279250241295639e+00
1.868339676766215618e+01 2.204516159794037033e+00
1.842624675653532407e+01 2.305504396602417128e+00
1.768437263742360699e+01 2.451044366676465192e+00
1.757046706715545881e+01 2.484652564523725626e+00
1.654357298714870694e+01 3.271070172367359419e+00
1.471200690523851584e+01 3.143114605721286647e+00
1.408212860384544207e+01 3.286165829820969275e+00
1.399308741775185716e+01 3.305945039958774867e+00
1.377020055716851310e+01 3.355527808602556838e+00
1.351796001659095126e+01 3.408377802056046235e+00
1.332914026467470592e+01 3.441009105525667522e+00
1.202234819471200922e+01 3.058322127898512655e+00
1.081857093607690956e+01 3.309252749423924111e+00
1.067001167571091358e+01 3.348868688244416081e+00
1.028822718075448073e+01 3.450246120929924665e+00
9.460860324949221578e+00 3.539401208429380663e+00
8.328031394609643812e+00 3.133596173994595446e+00
8.250845033306688947e+00 3.158170803506014312e+00
8.139348574806186676e+00 3.200898103138424045e+00
8.073060360982829309e+00 3.230381624098323190e+00
8.038493641422922664e+00 3.246348400746773777e+00
7.936147178364652888e+00 3.289855874397917379e+00
7.847816359922163976e+00 3.315916963591459599e+00
7.802145972602518853e+00 3.324032948562680723e+00
5.098832063080702692e-01 -1.175239952151069522e-01
5.098832062676349475e-01 -1.175239952155323897e-01
