-3.680235316946677049e+00 -1.332821613955714968e+00
-6.339703701715642126e+00 -2.625412606862952636e+00
-6.680557217280910898e+00 -2.874876332995508044e+00
-6.750350901837490092e+00 -2.925420175552459146e+00
-7.190224772963884625e+00 -3.239353031449386133e+00
-7.787508582573928528e+00 -3.649962322854817476e+00
-1.119972607706701417e+01 -5.538949115084428776e+00
-1.121232217948644028e+01 -5.613122294558830383e+00
-1.122677673471466875e+01 -5.683727596587767827e+00
-1.123407966572897898e+01 -5.714415706882800983e+00
-1.124642434097308907e+01 -5.760278970982814606e+00
-1.130762072794309958e+01 -5.919946816867208916e+00
-1.187120858202168172e+01 -6.435938230672777927e+00
-1.243531718022788546e+01 -6.814392247095251598e+00
-1.250106678423049367e+01 -6.966038589906798251e+00
-1.259290745845568438e+01 -7.467215717099135119e+00
-1.262452253754716303e+01 -7.779984226709585116e+00
-1.265073343228145397e+01 -7.983314745597693829e+00
-1.266088863865451586e+01 -8.043520964809841800e+00
-1.537958768870496584e+01 -1.138202902160836416e+01
-1.538344852678356212e+01 -1.143468723819699839e+01
-1.539924394621719728e+01 -1.163844566713057205e+01
-1.546216727102907207e+01 -1.215308744388334183e+01
-1.555261329610264198e+01 -1.260692595800001747e+01
-1.586894252269175354e+01 -1.337933509905593965e+01
-1.641365060597328096e+01 -1.382988483834172477e+01
-1.679505964525329986e+01 -1.411813703479312387e+01
-1.643079791426963965e+01 -1.476409353459291829e+01
-1.621750802778523592e+01 -1.601644261366683253e+01
-1.648684745818429320e+01 -1.748692474417506659e+01
-1.595457385107508586e+01 -1.886232370097604516e+01
-1.634255160461685819e+01 -2.218447686772418592e+01
-1.685100934693856445e+01 -2.482942333132517732e+01
-1.712678972972667069e+01 -2.629625604839261044e+01
-1.733184648941885087e+01 -2.743912523661060021e+01
-1.757694293410126107e+01 -2.896510550433354680e+01
-1.769593472647873966e+01 -2.996766058759902407e+01
-1.750434582963556096e+01 -3.089008124716774262e+01
-1.708515824871991740e+01 -3.181537243609043131e+01
-1.728332910657026744e+01 -3.454482567542579829e+01
-1.603523038290056490e+01 -3.668677081018643094e+01
-1.568918456241066117e+01 -3.717934279866145175e+01
-1.495925842341502054e+01 -3.820310246368519813e+01
-1.396880370674145055e+01 -3.964095581251311984e+01
-1.353514417722183971e+01 -4.039136619318961152e+01
-1.351099619048106604e+01 -4.122137185080953969e+01
-1.292272287714654588e+01 -4.134129950520273411e+01
-1.261308717737244400e+01 -4.160832353105839587e+01
-1.245250989985695611e+01 -4.186434569589042809e+01
-1.231655687790604325e+01 -4.205773558942509993e+01
-1.223967285904313762e+01 -4.215864993402362870e+01
-1.212551452787491613e+01 -4.313484370892697939e+01
-1.204766359777576668e+01 -4.372023312275635476e+01
-1.186316008285014689e+01 -4.398336523596140069e+01
-1.165077797403399451e+01 -4.430298101496163810e+01
-1.162067836289548772e+01 -4.435336131691231287e+01
-1.154981068651577480e+01 -4.446662822533780002e+01
-1.143953071035744173e+01 -4.460516417660551269e+01
-1.097934749801699006e+01 -4.473715243423483656e+01
-9.124566288654165191e+00 -4.679296064006882716e+01
-8.948162154809930158e+00 -4.703472659062281735e+01
-8.601161707132785494e+00 -4.728574096647301417e+01
-7.637874511579801684e+00 -4.737187580299567458e+01
-7.135133992444078643e+00 -4.750536690478819679e+01
-6.759106435603118967e+00 -4.772753817477119043e+01
-6.618013675569477172e+00 -4.786693692551907020e+01
-6.469755148273939938e+00 -4.806628402805061739e+01
-6.296310346351950749e+00 -4.835315477862909006e+01
-4.698736240993715896e+00 -4.818689768388465211e+01
-4.545875170082677386e+00 -4.840160594102951563e+01
-4.303349043628490023e+00 -4.875032469517643108e+01
-3.967251126169782705e+00 -4.901963071163986285e+01
-3.516240815533842490e+00 -4.919183992665334415e+01
-2.205666945224681097e+00 -4.945505695855162287e+01
-4.915444237145187856e-01 -4.972546815639167050e+01
2.163025597703512659e+00 -5.084227180377681066e+01
2.247944956808537675e+00 -5.076710244466768529e+01
2.560378642623929668e+00 -5.047724640015388786e+01
3.492578910493765676e+00 -5.049238818677675766e+01
3.773794480801746953e+00 -5.056305433780786274e+01
6.260134086684888466e+00 -4.996887417110020380e+01
6.397253838859712438e+00 -5.003149820192987107e+01
6.425082443642601504e+00 -5.004540417527202578e+01
6.757785884482083283e+00 -5.009691783842040991e+01
7.190118066688500953e+00 -4.990987822213951119e+01
9.229678439984720484e+00 -4.860492765297724560e+01
9.662627609205125978e+00 -4.853988241103227352e+01
1.005383903323073724e+01 -4.863892059025442194e+01
1.046379705219160705e+01 -4.879177874971284012e+01
1.074879269492368294e+01 -4.885752093664778783e+01
1.111959986106710119e+01 -4.883073251897555878e+01
1.173658346669332175e+01 -4.852874681263737244e+01
1.396373345977742453e+01 -4.730926557911072905e+01
1.417190986641369577e+01 -4.748142586506105545e+01
1.432719005491137310e+01 -4.751644946351234466e+01
1.441362932044628309e+01 -4.749386290543741751e+01
1.843731362413911157e+01 -4.391231166484247694e+01
1.843733216069298209e+01 -4.391230013836624835e+01
1.843734528582979237e+01 -4.391229197700792497e+01
1.843856194930737402e+01 -4.391153604562504853e+01
1.862555945036838523e+01 -4.380382897385227636e+01
1.864161603028682634e+01 -4.379490894097641274e+01
1.864559473059719963e+01 -4.379269695680755348e+01
1.987436928225023181e+01 -4.207456400371651029e+01
1.991613730685068262e+01 -4.204416963902863102e+01
2.046487593278020256e+01 -4.168438582969297101e+01
2.058010745296614985e+01 -4.161231022245784317e+01
2.068572726828545072e+01 -4.154618986585820295e+01
2.090822637987577437e+01 -4.140542629405240405e+01
2.234898729618001312e+01 -3.952177727282212061e+01
2.242209138687874415e+01 -3.947211631211980176e+01
2.248648266618881308e+01 -3.943171506382604719e+01
2.275627076026571416e+01 -3.927624152359482679e+01
2.326300210551027448e+01 -3.881741638470750644e+01
2.415242452457292899e+01 -3.746511884934356829e+01
2.446371392839328252e+01 -3.689599285761759973e+01
2.435569691869410036e+01 -3.676690049010876038e+01
2.421060709536583389e+01 -3.659845229571529046e+01
2.408791089769245630e+01 -3.643788664923589948e+01
2.403718007493635511e+01 -3.635933589908798069e+01
2.401793033054683235e+01 -3.632572338994873462e+01
2.394742893651631732e+01 -3.614176202846430641e+01
2.574686089209411932e+01 -3.267653921585931442e+01
2.571828781854798862e+01 -3.264448798869097601e+01
2.568963647455963084e+01 -3.260555687258185031e+01
2.566018181176352186e+01 -3.255333925646020532e+01
2.562207076857993471e+01 -3.244260431806394962e+01
2.559981046604299948e+01 -3.214177943149912409e+01
2.571603221885341384e+01 -3.118587184102943866e+01
2.613732636151620881e+01 -2.880393263725111552e+01
2.616254834075354907e+01 -2.854228989705199382e+01
2.616919520446047542e+01 -2.831280973283785585e+01
2.608847328452840131e+01 -2.794394030426234821e+01
2.602778093982545471e+01 -2.785950731468823705e+01
2.554890894074889118e+01 -2.666707886019447926e+01
2.518859238215345897e+01 -2.548552020428914133e+01
2.485034808819440499e+01 -2.503364631668671336e+01
2.493340734736393927e+01 -2.430668723168039946e+01
2.498654148052034429e+01 -2.408258668677409631e+01
2.528244726474828141e+01 -2.246541503845450549e+01
2.525277445050420511e+01 -2.218064892002580635e+01
2.500834255087036695e+01 -2.146365527579046173e+01
2.474124445306637909e+01 -2.103623243414909183e+01
2.420158327999676828e+01 -2.033060101903013006e+01
2.392703623730831808e+01 -1.992541429045423484e+01
2.391200722600289197e+01 -1.951561765052230513e+01
2.450588302046475420e+01 -1.922442844785105720e+01
2.497222974207867452e+01 -1.894967489598724342e+01
2.548597543083034012e+01 -1.838550383152576018e+01
2.493586196439284208e+01 -1.760469640389008106e+01
2.454102532719059226e+01 -1.705953828002974149e+01
2.420615818834939859e+01 -1.659020660579234985e+01
2.366912130758241872e+01 -1.490748799066414065e+01
2.240029074470312764e+01 -1.519432940061128434e+01
2.188217575294815020e+01 -1.439086153066158857e+01
2.190386633755820611e+01 -1.322292694083128595e+01
2.173037737279986814e+01 -1.317865196290513374e+01
2.126348127740860861e+01 -1.314798665379994880e+01
2.104193779532030817e+01 -1.305017836058753389e+01
2.092051310623242699e+01 -1.295401121079824058e+01
2.079346411154158147e+01 -1.282060455066845606e+01
2.061588266761256349e+01 -1.257782623597834615e+01
2.050735113573710322e+01 -1.241241112994272555e+01
2.026806068289888074e+01 -1.205774824431806103e+01
2.016123883805574124e+01 -1.172051848951663366e+01
2.031789473882401964e+01 -1.119925130854512219e+01
2.030209997469293270e+01 -1.095655813046496085e+01
2.013172080375642992e+01 -1.061381876455970819e+01
1.979080273511328869e+01 -1.011280733393992293e+01
1.955631277694407189e+01 -9.826599703061807745e+00
1.889233106057398714e+01 -9.654764647679204614e+00
1.858113527421274824e+01 -9.544904206027055693e+00
1.849599399346394790e+01 -9.457932925900990995e+00
1.840662870297316189e+01 -9.342260278526305584e+00
1.835679476019020839e+01 -9.271347697611593830e+00
1.811808109385437149e+01 -8.932819398746469020e+00
1.800318248096818863e+01 -8.763306564909221663e+00
1.715049209000759234e+01 -7.268644503304914295e+00
1.696221964311438768e+01 -7.152853488506940138e+00
1.630680373602707789e+01 -6.256722615097262796e+00
1.625544355009409969e+01 -6.186594716472558098e+00
1.594807412658827772e+01 -5.994026629646264759e+00
1.544872415853077641e+01 -5.959338654295365245e+00
1.504996631639065896e+01 -5.679468098627413752e+00
1.483014926457188132e+01 -5.387243198689761314e+00
1.435876443186473672e+01 -4.770326339690008410e+00
1.427495509470846180e+01 -4.716049557826870853e+00
1.383489676370735744e+01 -4.587038211741472082e+00
1.294375436473293028e+01 -4.480141150057947996e+00
1.231754426462818941e+01 -4.183701202859008816e+00
1.205889828372627193e+01 -3.827305530190636684e+00
1.088081119249632067e+01 -3.022200282061047183e+00
9.041157946801655854e+00 -2.733112973088551279e+00
8.491027087958588737e+00 -2.437313869293272095e+00
8.356372373801333353e+00 -2.149668205799011300e+00
6.875141375693794465e+00 -1.310306162858508872e+00
6.231071186746405921e+00 -1.153383056027125209e+00
4.801946749019918137e+00 -8.663715517079153550e-01
3.224311617784008543e+00 -6.018360105643152380e-01
