8.195458134074801171e-01 -1.959607032694906881e+00
8.195781422575227904e-01 -1.965017874306736356e+00
8.184579843591369697e-01 -2.129810293568555224e+00
8.166739755836864845e-01 -2.205321523588500643e+00
8.088745976186995090e-01 -2.400226222205413595e+00
-6.541231161985757048e+00 -6.094015161036957728e+00
-8.748866463691324924e+00 -8.578954573723530430e+00
-8.829907892372403921e+00 -8.867662890121344788e+00
-8.860253763165113483e+00 -9.223834365480071185e+00
-8.860485547713702559e+00 -9.380297866358477066e+00
-8.858403482780287774e+00 -9.512483229583034827e+00
-8.872584949013248234e+00 -9.937000386259466467e+00
-9.898093111654086229e+00 -1.100629088441498205e+01
-1.327420379347190149e+01 -1.167634109578043144e+01
-1.308499788527672081e+01 -1.212071462814300382e+01
-1.274998165928471039e+01 -1.335326071961995176e+01
-1.234866460885447204e+01 -1.489359796780625977e+01
-1.235476197471538740e+01 -1.586220662810027626e+01
-1.237767981291061403e+01 -1.644737163536483493e+01
-1.363305627203716419e+01 -1.906422845277019817e+01
-1.363306208919333962e+01 -1.906424671793644521e+01
-1.363330480914999399e+01 -1.906500958526107325e+01
-1.363409824374711476e+01 -1.906751370266963264e+01
-1.363489170432082886e+01 -1.907003391182709606e+01
-1.363629423348190528e+01 -1.907452841979865354e+01
-1.363683734124414393e+01 -1.907628268267087890e+01
-1.363733320263383142e+01 -1.907789116800441676e+01
-1.363782617276929443e+01 -1.907949678940409299e+01
-1.363821573025375677e+01 -1.908077022015588398e+01
-1.363880981906697087e+01 -1.908272017492282302e+01
-1.363916482097232041e+01 -1.908388998773086342e+01
-1.363988955038950124e+01 -1.908628892588113857e+01
-1.364030023333339692e+01 -1.908765481431363398e+01
-1.364051163922109033e+01 -1.908835976921950461e+01
-1.364073624609746815e+01 -1.908911012147475361e+01
-1.364108924085914687e+01 -1.909029226357101194e+01
-1.364122920171528364e+01 -1.909076195600036385e+01
-1.364131115400433636e+01 -1.909103723708823352e+01
-1.364156166620721677e+01 -1.909187990561659021e+01
-1.639919658969809646e+01 -2.417804628532408984e+01
-1.644372257587925290e+01 -2.811477779335197624e+01
-1.667335202526952287e+01 -3.079074178533386430e+01
-1.706382260840441134e+01 -3.478698818481059618e+01
-2.024594204281109100e+01 -4.918385353169505692e+01
-2.084500786012176121e+01 -5.141608552680035160e+01
-1.959605206348717488e+01 -5.240662921071815106e+01
-1.763631743638459071e+01 -5.377499388513928125e+01
-1.392755070083489422e+01 -5.514692577856704503e+01
-1.270435233055150981e+01 -5.617199022504810557e+01
-1.141344224983786937e+01 -5.723493134933733728e+01
-1.022741252273516643e+01 -5.804134695083227058e+01
-9.180612367205394975e+00 -5.933999701414303729e+01
-8.443719091765316875e+00 -6.040216965566402507e+01
-7.284122553498730390e+00 -6.151591102565399183e+01
-6.373970642387747354e+00 -6.315862917949483091e+01
-6.405015470179312054e+00 -6.345097811312668767e+01
-6.413396651992377961e+00 -6.363720090814572927e+01
-6.238635085633069011e+00 -6.371347097852525820e+01
-4.702044591151504527e+00 -6.463926497483241462e+01
-1.056885942243537491e+00 -6.783940928301457518e+01
-9.018995646532955712e-01 -6.870762056262145734e+01
7.414215452863541500e-02 -6.922335843236508879e+01
1.702278694578428730e+00 -6.940536768100342613e+01
3.033272900745164868e+00 -6.963564555574549786e+01
3.699197372454960941e+00 -7.011996214937278182e+01
3.929390122372262262e+00 -7.048968147359464353e+01
5.424363246940416161e+00 -7.111293850230565283e+01
5.877183308953740415e+00 -7.243816748180408638e+01
7.218238317288187211e+00 -7.321937601967920273e+01
7.812489607612702613e+00 -7.390746304164309777e+01
8.897885915890061170e+00 -7.531994690721960239e+01
9.550620214920710893e+00 -7.656326843080042011e+01
9.607959752279626287e+00 -7.728798051237436084e+01
9.983815431112789796e+00 -7.773176088644761705e+01
1.043189647076411752e+01 -7.807252958249890185e+01
1.065730472012982766e+01 -7.816832612037225658e+01
1.067101544502946098e+01 -7.817224067439907742e+01
1.080427858722693024e+01 -7.819944505007094904e+01
1.137508617739605477e+01 -7.828996013086850780e+01
1.169307858944631562e+01 -7.860181454653685762e+01
1.366234464284614170e+01 -7.845446669931035899e+01
1.391722559037482476e+01 -7.844994391942286427e+01
1.395986044183212549e+01 -7.845239847046299531e+01
1.412910944413510705e+01 -7.846763924066479490e+01
1.901722814844629283e+01 -7.590316310181002279e+01
1.985754606724677629e+01 -7.594890086751401270e+01
2.066225953701965423e+01 -7.601004226863123847e+01
2.174274053884995439e+01 -7.610661129982457851e+01
2.295686255838012357e+01 -7.622170597807262027e+01
2.383724698010500020e+01 -7.630077852899293589e+01
2.458865626793023296e+01 -7.636003779980110551e+01
2.554775384471454913e+01 -7.641970799548708726e+01
2.679631257828060953e+01 -7.645182506465032191e+01
2.973106974238255873e+01 -7.577270755135103286e+01
3.047456006017519670e+01 -7.594542489344649994e+01
3.091082456092116715e+01 -7.617576962835937593e+01
3.828104059950887006e+01 -6.858850645809003765e+01
3.828104067723253223e+01 -6.858850578651991725e+01
3.828104070416879523e+01 -6.858850555377766511e+01
3.828104071436985834e+01 -6.858850546563552086e+01
3.828112159527487535e+01 -6.858780677218079802e+01
3.828112175749254931e+01 -6.858780537116990672e+01
3.828112195017725128e+01 -6.858780370702872631e+01
3.828112236108868416e+01 -6.858780015815608522e+01
3.828152841292149589e+01 -6.858429717025290984e+01
3.828152932200616476e+01 -6.858428933635016733e+01
3.828152980584201259e+01 -6.858428516698205613e+01
3.828153017278170722e+01 -6.858428200495274041e+01
3.828153046200555565e+01 -6.858427951262864042e+01
3.828153070053779317e+01 -6.858427745713146351e+01
3.828153091877280900e+01 -6.858427557654334805e+01
3.828153116829367519e+01 -6.858427342635962987e+01
3.828153171299808122e+01 -6.858426873251555378e+01
3.829666362911893174e+01 -6.845825331910739919e+01
3.838019684882630855e+01 -6.779187396303434809e+01
3.842277370217065169e+01 -6.718357145388732476e+01
3.804599406398503447e+01 -6.598845005523932628e+01
3.777443649841605833e+01 -6.270849494346366981e+01
3.817090602154230083e+01 -6.134462588912013814e+01
3.932922983740382961e+01 -5.856097441634055656e+01
3.896696870537833490e+01 -5.835020646850112058e+01
3.840776604899195945e+01 -5.731629722152218420e+01
3.871063710539971936e+01 -5.426185491357824731e+01
3.963468426435153447e+01 -5.313811964604444427e+01
3.963468431746441212e+01 -5.313811932132506399e+01
3.963468434022453124e+01 -5.313811918217501074e+01
3.963468436741683121e+01 -5.313811901592736575e+01
3.963468439729000181e+01 -5.313811883328934016e+01
3.963468442243460998e+01 -5.313811867956055579e+01
3.963468453971318439e+01 -5.313811796254229591e+01
5.007984264316183953e+01 -5.002462677796713564e+01
5.007984264316183953e+01 -5.002462677796713564e+01
5.007984264316183953e+01 -5.002462677796713564e+01
5.007984264316183953e+01 -5.002462677796713564e+01
5.007984264316183953e+01 -5.002462677796713564e+01
5.798144122619371643e+01 -4.811091930317774512e+01
5.802567532259329397e+01 -4.805366621693562479e+01
5.805820440889707612e+01 -4.801066753817415389e+01
5.809610551445769744e+01 -4.795959970571051656e+01
5.821302628586938965e+01 -4.779412820084642988e+01
5.086874416651453856e+01 -4.498498754001310829e+01
4.828210105069740621e+01 -4.385403715641256639e+01
4.696917610516258179e+01 -4.256631233153674998e+01
4.545985056335002383e+01 -4.087386727958450905e+01
4.483596240004042954e+01 -3.987832569009704287e+01
4.468382952400276764e+01 -3.892048830910164270e+01
4.474030782524260985e+01 -3.860743917192920094e+01
4.482546303099613993e+01 -3.829862234867832171e+01
4.495811003453156474e+01 -3.748393654863265567e+01
4.456519675665678193e+01 -3.648298130066429223e+01
4.421875629832457832e+01 -3.600186560221187193e+01
4.391049808990599956e+01 -3.562278672005027857e+01
4.331039794513481667e+01 -3.485889099128750246e+01
4.306001460207588849e+01 -3.354702627398136627e+01
4.243115212132420311e+01 -3.241087894339528930e+01
4.225758607491119534e+01 -2.928049685243251332e+01
4.190120610360683884e+01 -2.884096836642842021e+01
4.056009459188489075e+01 -2.619268850204757726e+01
4.022026739902245396e+01 -2.584334210074683114e+01
3.973440532314955931e+01 -2.547647327563380060e+01
3.910694503069989025e+01 -2.546157729639622147e+01
3.851190320816314738e+01 -2.491210163907796371e+01
3.824011531371594685e+01 -2.458196277410385733e+01
3.758803162175221502e+01 -2.370463791312216983e+01
3.721834397295928909e+01 -2.303986763876388011e+01
3.715978508727364726e+01 -2.210247836673118016e+01
3.688257026413666750e+01 -2.178552411615106976e+01
3.641153104721987432e+01 -2.029093702617210937e+01
3.475255342487769639e+01 -1.807974312800397598e+01
3.426248532828282123e+01 -1.642629407829072719e+01
3.321937917749102098e+01 -1.587410314122617905e+01
3.270302257921201061e+01 -1.561288072103090130e+01
3.247819839367089401e+01 -1.541763345237713878e+01
3.221428064824932846e+01 -1.515332059836190126e+01
3.203064762818132749e+01 -1.495364996250635414e+01
3.125690831994064567e+01 -1.403372219908736085e+01
3.087172857431225026e+01 -1.355718732420750250e+01
2.640612979642545710e+01 -1.018048613596399044e+01
2.547969374255149333e+01 -9.386122511161467230e+00
2.180090604269077303e+01 -7.198236653400895690e+00
2.170547249268853562e+01 -7.068166491723889777e+00
2.141392932949148431e+01 -6.816801456964897810e+00
2.090749458008126282e+01 -6.793362697447400400e+00
2.049366857870400693e+01 -6.697188778334164816e+00
2.038906358191384172e+01 -6.620538558618182634e+00
1.414619609833596670e+01 -7.305146389866441936e+00
1.394281442616554223e+01 -7.230828229412540331e+00
1.303676798936155912e+01 -7.097075937847606930e+00
1.127881568763942077e+01 -7.002381918917549797e+00
1.009151752873907526e+01 -6.427202898922389274e+00
9.601532127591250187e+00 -5.904267256907142603e+00
8.081221209752838419e+00 -4.685525874064901508e+00
6.208091681809983164e+00 -4.082677945614847204e+00
5.795483189506591692e+00 -3.593354679993227663e+00
5.234341299256584534e+00 -2.933590839305933340e+00
2.874635596154271777e+00 -1.217185285025223829e+00
2.315506736341081062e+00 -5.864275466184367680e-01
1.997795273140092975e+00 -3.041964028712451085e-01
1.365044260935255327e+00 -1.163648864797043325e-01
