-5.835053793703364189e-01 -1.676721296145072149e+00
-9.800528348809878221e-01 -1.965383471409190896e+00
-1.118916704887590541e+00 -2.730150096728747755e+00
-1.135854756137197663e+00 -2.898414059078282978e+00
-1.387511282025775783e+00 -3.529355874930836467e+00
-2.113831335078122819e+00 -4.492503340389236044e+00
-2.280139282844844573e+00 -5.858728899478550467e+00
-2.378064229545973518e+00 -6.366086472779058703e+00
-3.270115973819039734e+00 -7.680468585889848043e+00
-3.278516945026222817e+00 -7.832637564933646601e+00
-3.287505754133876579e+00 -7.981415832120883458e+00
-3.947127412407098745e+00 -9.161612747608661067e+00
-6.030840077925022413e+00 -1.178391002059253800e+01
-7.561997872358708683e+00 -1.313636956239393250e+01
-7.968902129073055285e+00 -1.445123568866545050e+01
-1.470025824499417944e+01 -2.252021604495655893e+01
-1.473577548028334050e+01 -2.272666810853974084e+01
-1.486106841288163949e+01 -2.310502777888667936e+01
-1.492594291108197169e+01 -2.324024337614299540e+01
-1.740580641363357728e+01 -2.610330268988063906e+01
-1.740521720835324615e+01 -2.611230633277613933e+01
-1.740316247661850824e+01 -2.614550381512672317e+01
-1.858835373202261820e+01 -2.756778907242958709e+01
-1.802739167730192804e+01 -2.921696798723431598e+01
-1.779128862413724477e+01 -3.394714308726364038e+01
-1.795460094099468762e+01 -3.505671597252528215e+01
-1.812432738172446278e+01 -3.625724877337417951e+01
-1.823549611984188346e+01 -3.748672333345078300e+01
-1.785167223814515935e+01 -3.919526053971592461e+01
-1.810730249399987812e+01 -4.098661086562572109e+01
-1.824116810627120699e+01 -4.212433581053871023e+01
-1.788371387772420817e+01 -4.440244303496120182e+01
-1.893916407165589177e+01 -4.698794758179703024e+01
-1.915133357366937261e+01 -4.815526247379212776e+01
-1.925616084042485454e+01 -4.896398867091895113e+01
-1.913644504537723279e+01 -4.970488689968137663e+01
-1.879678415350815257e+01 -5.035731323511427604e+01
-1.883424957711876857e+01 -5.135472728046750746e+01
-2.013269620851979269e+01 -5.276543760360316782e+01
-1.953622202381743023e+01 -5.389669999207779227e+01
-1.777959117004123613e+01 -5.642934636621890121e+01
-1.734644548528665453e+01 -5.702234709962577597e+01
-1.678802678391931025e+01 -5.777927727161531379e+01
-1.529871896751612859e+01 -5.971732974949373585e+01
-1.446534485780623314e+01 -6.067840141290326983e+01
-1.323029297665437376e+01 -6.095015068859181895e+01
-1.084396559110111546e+01 -6.250539917251995803e+01
-8.195451687114585937e+00 -6.592880521616405076e+01
-6.523131648039087516e+00 -6.951650238339281884e+01
-4.759393227740174481e+00 -7.145634706635378564e+01
-3.536049637571868409e+00 -7.218946902231006391e+01
-2.841299048478618694e+00 -7.310183139964804866e+01
-2.255380244570157622e+00 -7.378674469539042491e+01
-4.347902784113942820e-01 -7.469699949924029170e+01
1.000311750907185854e-01 -7.537855083029197090e+01
1.576307794790880457e-01 -7.545107005165317560e+01
7.258402368534209170e-01 -7.604132253951217990e+01
1.186761156889694302e+00 -7.634000437838093944e+01
4.785880960183292565e+00 -7.720698517133500616e+01
1.403981270520242397e+01 -8.232494635296494323e+01
1.451354303373275734e+01 -8.289289088208946055e+01
1.504534162352947391e+01 -8.345027091498674565e+01
1.778973044940676473e+01 -8.279816414268029234e+01
1.962765750051717362e+01 -8.313119369277202964e+01
1.975083954074570158e+01 -8.334148238687539845e+01
1.983426184993126995e+01 -8.346481494384468647e+01
2.068156542465996850e+01 -8.374805770785388859e+01
2.153192400429706410e+01 -8.403063149382244035e+01
2.272324084860916926e+01 -8.475862380970571053e+01
2.352216534927958946e+01 -8.503063077804813474e+01
2.369549798010218211e+01 -8.527348033495930224e+01
2.383641184940534075e+01 -8.549234351536087217e+01
2.400294593691380385e+01 -8.561999861614923191e+01
2.458610443270865886e+01 -8.574758811090130450e+01
2.495373743895808616e+01 -8.579964047934559801e+01
2.616624907928368060e+01 -8.666665217915527819e+01
2.619692000148369004e+01 -8.667136300989362496e+01
2.632457706101604344e+01 -8.668751932772865132e+01
2.699643576058398509e+01 -8.685285098802495440e+01
2.760691961650504211e+01 -8.729815435898240139e+01
2.821628632190373054e+01 -8.797814643294425707e+01
2.892522332854147038e+01 -8.892096968301709126e+01
2.921331588468976648e+01 -8.932160227573713485e+01
2.941005041055740676e+01 -8.959648611968977150e+01
2.959123484583420094e+01 -8.984922325023894984e+01
2.981066386018022385e+01 -9.015319571715693314e+01
3.000213921057202882e+01 -9.041498210208922615e+01
3.029116490256064154e+01 -9.079980377166099004e+01
3.060583901474234381e+01 -9.119422306375935250e+01
3.091728482194698202e+01 -9.153436193693860901e+01
3.107936028176261445e+01 -9.167822004392034785e+01
3.130793967387990051e+01 -9.182352470662350186e+01
3.289724572042212003e+01 -9.023575950968441362e+01
3.289856670733666277e+01 -9.023496051272563534e+01
3.289872932255307347e+01 -9.023486211224854969e+01
3.289986077429488631e+01 -9.023417718841322710e+01
4.367063260386765222e+01 -7.982493960078679152e+01
4.367063256180060904e+01 -7.982493962508249297e+01
4.367063252315040955e+01 -7.982493964740477566e+01
4.027498653917505322e+01 -7.904753427024706980e+01
4.027498570117392518e+01 -7.904753284841279992e+01
4.027497020622548263e+01 -7.904750655758253686e+01
4.027495234192789297e+01 -7.904747624519825422e+01
4.027495058832725761e+01 -7.904747326958424480e+01
4.027494893007447985e+01 -7.904747045574887920e+01
4.027494553228010687e+01 -7.904746469010159160e+01
4.027494434059979511e+01 -7.904746266795103793e+01
4.027494315158846661e+01 -7.904746065032281876e+01
4.027494117384387096e+01 -7.904745729428185541e+01
4.027494080134714238e+01 -7.904745666218893518e+01
4.027494076444651228e+01 -7.904745659957190185e+01
4.027494071526874819e+01 -7.904745651612168444e+01
4.027494065844373239e+01 -7.904745641969473979e+01
4.027494016670550536e+01 -7.904745558525858939e+01
3.980878091257311269e+01 -6.540832172078771123e+01
4.045625201580741503e+01 -6.463596575095496632e+01
4.190743602502085707e+01 -6.092542681118234071e+01
4.198011802330218956e+01 -6.028732549045749778e+01
4.199735561042025722e+01 -6.014557472979997499e+01
4.319755365559043980e+01 -5.692951834217505080e+01
4.320790327023383526e+01 -5.684974467295795364e+01
4.326071436420055960e+01 -5.640134340217223752e+01
4.435761012064942577e+01 -5.385397228410839432e+01
4.436863834028119413e+01 -5.373847826583538989e+01
4.436894651093144404e+01 -5.373488501062121969e+01
4.485423652529863858e+01 -5.175344358613187978e+01
4.480266494340668970e+01 -5.166504662782090662e+01
4.473240419625702913e+01 -5.140115479002498944e+01
4.483646403391416868e+01 -5.044805020585851452e+01
4.458645259247889214e+01 -4.970075578417692697e+01
4.450285254622022535e+01 -4.961018807911901973e+01
4.440339798038401398e+01 -4.945647433405608950e+01
4.440398556519367190e+01 -4.848424776688320748e+01
4.444322484216256441e+01 -4.819734367156362964e+01
4.444182353142133479e+01 -4.791128495439816248e+01
4.395429375455393739e+01 -4.684841416842565565e+01
4.397576437094118518e+01 -4.651662354157240031e+01
4.408242194620450505e+01 -4.587877002279869032e+01
4.511587761524334184e+01 -4.495269986722520628e+01
4.584112868372835692e+01 -4.357551569611202780e+01
4.249899591077036831e+01 -4.190200201346609532e+01
4.200373885788891926e+01 -4.096533389276263648e+01
4.194293855661201320e+01 -4.045765913993412255e+01
4.362881229511479830e+01 -3.667684134853062261e+01
4.335108915381421468e+01 -3.619249455959997874e+01
4.341717620106280151e+01 -3.559336553612340026e+01
4.346419347352859575e+01 -3.525601329513245474e+01
4.297542960208044605e+01 -3.401747002586695601e+01
4.329987654310122025e+01 -3.257141387111664699e+01
4.343090783642573882e+01 -3.147950939300142892e+01
4.323189229083878615e+01 -3.119271009093265690e+01
4.306731947308892217e+01 -3.096166010317833894e+01
4.274108321383743458e+01 -3.049254904093496066e+01
4.252705414839046938e+01 -3.014042429791483357e+01
4.278447754458684926e+01 -2.420658732384563905e+01
4.247306572444789197e+01 -2.352157617306169968e+01
4.170577430515763240e+01 -2.233610354127532105e+01
4.045730608709636300e+01 -2.074178001418952277e+01
3.994749409650303562e+01 -2.025644599973289317e+01
3.936700445017973493e+01 -2.000201969838152394e+01
3.863479657702666969e+01 -1.985477236587177785e+01
3.779713694620377851e+01 -1.909331543801210174e+01
3.691760778146029764e+01 -1.889414842457155075e+01
3.632663789763030593e+01 -1.848089026956414216e+01
3.602925609290893760e+01 -1.816422990794563219e+01
3.572732178589238572e+01 -1.778996730761441825e+01
3.553396976785166572e+01 -1.753218336551063317e+01
3.484708616853164642e+01 -1.657368911382580023e+01
3.369801725022986005e+01 -1.511969137872496383e+01
3.218516268148486148e+01 -1.460983916763947121e+01
3.083326532514715623e+01 -1.376864066381937413e+01
3.004653821007625325e+01 -1.350595819551982046e+01
2.990274287111476426e+01 -1.320383649515086155e+01
2.942251928590951238e+01 -1.287885171328410294e+01
2.831939484585195999e+01 -1.269973700495974001e+01
2.605764112284982303e+01 -1.160894373786272915e+01
2.566861534008943835e+01 -1.115794211146321402e+01
2.319704337839677066e+01 -6.261207451273637759e+00
2.213631115346355216e+01 -6.050947507407171244e+00
2.014409364027321914e+01 -5.222848551738146661e+00
2.010288748166545147e+01 -5.164876806231703199e+00
1.953294824310581390e+01 -4.986853364080390705e+00
1.886121564733101863e+01 -4.831587247494092630e+00
1.804972191376339197e+01 -4.124693151049168449e+00
1.747116104848836571e+01 -3.299079664892585750e+00
1.516651112830514236e+01 -1.882733221140144630e+00
1.506211019452789124e+01 -1.632623285357829301e+00
1.439697084915546910e+01 -1.367608342168745494e+00
1.300620300989983491e+01 -1.174292163164694980e+00
1.197293213036131476e+01 -8.037990646147111784e-01
1.165890330014292608e+01 -5.437456655901165004e-01
1.112092856976139643e+01 2.402104254232715341e-01
2.839859892018050669e+00 -1.189949371338945516e+00
1.975310582760139599e+00 -9.889266055383187926e-01
1.701122684982599775e+00 -7.970218264348659654e-01
1.570795854512622824e+00 -3.585008012015535317e-01
1.441507420673651563e+00 -2.306589137630062347e-01
1.219979999643081126e+00 -1.635522262768542290e-01
9.376775435864079800e-01 -1.362201068111130176e-01
