-2.234659168564635312e+00 -1.297196938578112801e+00
-4.203900357296276091e+00 -1.870989167174903267e+00
-4.205270516865454056e+00 -1.873905282070068568e+00
-4.206288781047478942e+00 -1.876089669644958713e+00
-4.209995750620742605e+00 -1.884166440996312586e+00
-4.211286126131145835e+00 -1.887023922709527346e+00
-8.241966315836704027e+00 -3.720298200488128426e+00
-8.264484268221773178e+00 -3.756782645472143578e+00
-8.275279902082859351e+00 -3.773734604350655886e+00
-8.279791576803972930e+00 -3.780715526944850691e+00
-8.292016197087665574e+00 -3.799323533650120766e+00
-8.351882601020676589e+00 -3.883921251358207538e+00
-1.009797048031641964e+01 -4.914127489852995190e+00
-1.085191045907526330e+01 -5.906396862105761869e+00
-1.376571912243416307e+01 -8.503317121204553075e+00
-1.422759188469882119e+01 -9.090212536089310902e+00
-1.436885873093708810e+01 -9.270268668615814889e+00
-1.457284367126601943e+01 -9.530523393556912026e+00
-1.536649734298511838e+01 -1.054594939873524773e+01
-1.683123103345544536e+01 -1.243376723716121646e+01
-1.683123333668509858e+01 -1.243377022298493273e+01
-1.683123437527425281e+01 -1.243377156937442152e+01
-1.747665327126601298e+01 -1.327333890141926531e+01
-1.836750808381738409e+01 -1.445040837286572177e+01
-1.907695860070333183e+01 -1.613758635001942210e+01
-1.935468476088195544e+01 -1.684739634010225373e+01
-1.976180758949168137e+01 -1.735630583861982146e+01
-1.993874782605944063e+01 -1.784627511734334959e+01
-1.987103070018004303e+01 -1.829462036043583595e+01
-2.046932953536405009e+01 -1.937083230564893910e+01
-2.028766667418021541e+01 -2.006244346175810733e+01
-2.040573157826262829e+01 -2.166295892599972817e+01
-2.031635918400326091e+01 -2.282501715104968909e+01
-2.023755221528136161e+01 -2.346918334954659358e+01
-2.016191674686389845e+01 -2.406917522724608460e+01
-2.008267011362739396e+01 -2.471939197265832888e+01
-2.001308185759206282e+01 -2.530520919997175966e+01
-1.993372689250797691e+01 -2.596444798662054154e+01
-1.986134913998560947e+01 -2.653232088386682719e+01
-1.968618093221970966e+01 -2.766842684405447983e+01
-1.884119240810590767e+01 -2.920775408155105879e+01
-1.852464779553944396e+01 -2.945386655780198382e+01
-1.837006692147570064e+01 -3.004672104834277135e+01
-1.816256447376564509e+01 -3.138759006903568860e+01
-1.773694468757304676e+01 -3.187636543250599530e+01
-1.745497395645132244e+01 -3.211849804480175408e+01
-1.677227295715907118e+01 -3.263899300876655474e+01
-1.589816019258904589e+01 -3.368788133951195363e+01
-1.529290252053596078e+01 -3.467711237032924743e+01
-1.438720089155744475e+01 -3.539047180956983141e+01
-1.381139187652331479e+01 -3.584208791376902070e+01
-1.322899578771362172e+01 -3.628156120318628552e+01
-1.263607492357349749e+01 -3.667847818089469314e+01
-1.063895461680794874e+01 -3.740198610997293116e+01
-1.018513593977239395e+01 -3.777683420321556440e+01
-1.013202866808709679e+01 -3.781896992548462322e+01
-9.770216715686396824e+00 -3.808900164361190832e+01
-9.688929904995656983e+00 -3.814386291019845743e+01
-8.797968970933498056e+00 -3.841242291172802936e+01
-6.540996004759027649e+00 -3.973820302191422371e+01
-6.399990369878455709e+00 -3.983055507777935844e+01
-5.522740208142190355e+00 -3.999604060650023030e+01
-4.672542874122497913e+00 -3.988917352686617335e+01
-3.916286531504940438e+00 -3.994240710104575953e+01
-3.567478387832932807e+00 -4.018775490598314093e+01
-3.415502678953390436e+00 -4.033949786297627327e+01
-3.119124417968268670e+00 -4.059380768421737429e+01
-1.858296744717637061e+00 -4.067581395026372348e+01
-7.226778120464261157e-02 -4.129454662671132326e+01
6.519985767786279363e-01 -4.170459570653185466e+01
1.066950136301157537e+00 -4.202530989777459070e+01
1.437248750728039814e+00 -4.231746755263214510e+01
1.662773444634709996e+00 -4.248945770415668477e+01
2.010431521128445809e+00 -4.273231833437014160e+01
2.417860870230753800e+00 -4.294700405220824280e+01
2.859012200296827455e+00 -4.302823101125314764e+01
2.897054797244240643e+00 -4.302669229608201817e+01
3.253788407935633398e+00 -4.296310721105464836e+01
4.906473945842251716e+00 -4.319949026062190711e+01
5.674453694420330763e+00 -4.383109935527273393e+01
7.822534312379339383e+00 -4.456157664358899950e+01
8.478087273425829906e+00 -4.508986437431288152e+01
8.715346711277488723e+00 -4.529048373933927962e+01
9.070740746458746173e+00 -4.558112523858496701e+01
9.623665327212782117e+00 -4.596376688774080321e+01
1.021873093078975181e+01 -4.609590633454460118e+01
1.087104941092987964e+01 -4.610817394673439651e+01
1.143525863884667970e+01 -4.646753441264130657e+01
1.208700615631334152e+01 -4.702016394614148709e+01
1.243289541360482708e+01 -4.732535330839660759e+01
1.279024227963567739e+01 -4.758215255473441374e+01
1.323698724791353065e+01 -4.771276757977318539e+01
1.433090817210448442e+01 -4.757431235353705290e+01
1.555082619374650221e+01 -4.788152467408893642e+01
1.596773671014404350e+01 -4.826198290105683242e+01
1.627037451930519296e+01 -4.838508965077102886e+01
1.694412844726628009e+01 -4.825857860373128005e+01
1.757516879687688771e+01 -4.857747539913803791e+01
1.765595330722137746e+01 -4.864088031909260224e+01
1.813522466981189041e+01 -4.899492604852776623e+01
1.973956935335893803e+01 -4.848908084647460726e+01
1.988163342141192658e+01 -4.859492090759428606e+01
1.994683636591236109e+01 -4.863754341414212234e+01
2.006196792306675647e+01 -4.870217919075767554e+01
2.027348848600165354e+01 -4.878398985663785936e+01
2.071481205564294115e+01 -4.881334492803586045e+01
2.096803876718777815e+01 -4.877779912989227284e+01
2.127248725401473450e+01 -4.873091947997700402e+01
2.169382555716810046e+01 -4.869747844865565156e+01
2.248014111010898475e+01 -4.832942758748622225e+01
2.336805104172234593e+01 -4.745513340477778996e+01
2.357789068197450533e+01 -4.742509464223273596e+01
2.433444890767362523e+01 -4.708100658965827279e+01
2.608364061947283119e+01 -4.591658450310668371e+01
2.654526619428476053e+01 -4.538340404160565100e+01
2.681340401897247716e+01 -4.501873272509456569e+01
2.690642464209925677e+01 -4.488848689195272357e+01
2.749932689547820175e+01 -4.409455846634024567e+01
2.752181479705946998e+01 -4.406924641172722090e+01
3.004646751600819243e+01 -4.200292208792630078e+01
3.011482829150494567e+01 -4.191380799354165987e+01
3.070438506658598854e+01 -4.116046099174396034e+01
3.121261348679311709e+01 -3.996327031712208822e+01
3.120434284087782828e+01 -3.995064191064745529e+01
3.119495908720359978e+01 -3.993442230476818366e+01
3.118545492549009523e+01 -3.991540796793442070e+01
3.117396319216035039e+01 -3.988759999490362418e+01
3.115696230846723580e+01 -3.982849547131825574e+01
3.114676404809108234e+01 -3.975770305576028107e+01
3.263710706712049614e+01 -3.629081968116487644e+01
3.268346788237590772e+01 -3.611452080129527786e+01
3.270420304244900223e+01 -3.596312631074022192e+01
3.270781596763571031e+01 -3.570261960476620544e+01
3.270492082926810440e+01 -3.565396309479880443e+01
3.261932717482165600e+01 -3.505705850234962639e+01
3.329176856973179355e+01 -3.279695339825769196e+01
3.325232353021723242e+01 -3.212006805110884500e+01
3.318007113713360212e+01 -3.148122446248306971e+01
3.312902690160289154e+01 -3.108782813357513675e+01
3.295714754387736889e+01 -2.960298707945132435e+01
3.295834505011546156e+01 -2.908916939326264384e+01
3.354283182174592071e+01 -2.638251780930187707e+01
3.343921378780506615e+01 -2.550186630917459851e+01
3.311390023829726204e+01 -2.343808479897178643e+01
3.250118610788275930e+01 -2.255886874033016554e+01
3.257853211786041925e+01 -2.160186244995839644e+01
3.274833923233178723e+01 -2.112084642844488513e+01
3.274004580625150851e+01 -2.030042103904078132e+01
3.247198884410439490e+01 -1.777683703539824833e+01
3.216363349056261711e+01 -1.542357169054229793e+01
3.206887045831754790e+01 -1.477723737839138352e+01
3.198051859124657526e+01 -1.430255671927394623e+01
3.165839908045213136e+01 -1.371706705588934483e+01
3.126441853882932875e+01 -1.361135478740790283e+01
3.082257467914520177e+01 -1.262032458578235428e+01
3.033427395078301458e+01 -1.191985978963160520e+01
3.018984164127180136e+01 -1.179513532290485678e+01
2.895075420494154983e+01 -1.091628496323417963e+01
2.843275282634600032e+01 -9.731932530892640543e+00
2.789911657591353844e+01 -8.274356342184873370e+00
2.769424878654432121e+01 -8.081061254636580315e+00
2.726732636154907752e+01 -7.743411045779133417e+00
2.701594281605287051e+01 -7.557550329819767931e+00
2.663398421721958442e+01 -7.267150867322003549e+00
2.644974186479324274e+01 -7.124816740852201846e+00
2.501884264093552801e+01 -6.831712474985267569e+00
2.454604453656099849e+01 -6.505919408369311263e+00
2.200326146768348679e+01 -4.561504142625675051e+00
2.071837721318014758e+01 -3.561041325844723993e+00
1.945450729843994964e+01 -2.596553251591651179e+00
1.789749268163065921e+01 -1.668872765809929382e+00
1.688731861982459037e+01 -1.473820996280220008e+00
1.673354674428833633e+01 -1.336226167360875294e+00
1.643495565650503210e+01 -1.143866739862087423e+00
1.567783057359833876e+01 -1.045312406173797948e+00
1.400829108914828147e+01 -1.093430402802060053e+00
1.393706322361293104e+01 -1.031029058228146056e+00
1.287823020919697115e+01 -4.016936365200401982e-01
1.234014682992341605e+01 -4.595598022363338031e-01
1.152175771033007123e+01 4.471389755463989202e-02
1.149996822701787913e+01 8.874554276391724561e-02
1.146064665847848651e+01 1.581249355174239035e-01
7.635256509006524084e+00 -6.210856893468892637e-02
5.968925280863456528e+00 -1.036030944367268419e-01
5.679001316389940435e+00 -3.654051298872442594e-03
5.245446728997998243e+00 4.370397551712902895e-01
5.184738120595786093e+00 4.867971954441180915e-01
5.012601567617310572e+00 5.935342274526715922e-01
4.550060091198557366e+00 5.719523983243735010e-01
2.767724692285767674e+00 -4.129370054897812947e-01
2.697975877621756169e+00 -3.491369633664432870e-01
2.648014764820783018e+00 -2.994082703671979151e-01
2.588374101033582342e+00 -2.371782279101153912e-01
2.517639297403853949e+00 -1.613459793507111550e-01
2.486350714659587346e+00 -1.277177950502613457e-01
2.430677696632621565e+00 -6.873075463890282455e-02
2.325059999944214084e+00 3.573781300054747201e-02
2.176512437990714588e+00 1.480300268221760307e-01
4.633841236871921176e-01 -3.601231459804743462e-01
