9.555192354466942595e-01 -2.866181176417568643e+00
9.534385973479549969e-01 -2.886745072646087706e+00
9.316638650906364783e-01 -3.078882755773011404e+00
9.138406963037667419e-01 -3.213294940049055359e+00
8.974840964825234746e-01 -3.323918547771672838e+00
-9.293920197113465065e+00 -8.030926168014049793e+00
-9.039311159262803486e+00 -8.573533993496578631e+00
-9.021448370106293524e+00 -8.752287434117972609e+00
-9.028118932128156970e+00 -8.977412001338286984e+00
-9.040658366840704119e+00 -9.080656473570384080e+00
-9.055955024441612267e+00 -9.169912961043754862e+00
-9.143748708573607331e+00 -9.491332296443465211e+00
-1.242080516218051578e+01 -1.176617409655492352e+01
-1.626982230565393195e+01 -1.384558720621529382e+01
-1.655738126285762846e+01 -1.401662706460657226e+01
-1.703166781414054043e+01 -1.446815228242498996e+01
-1.707949158766660958e+01 -1.453415061666473029e+01
-2.526154583801439557e+01 -1.758313249640327314e+01
-2.526383245335369665e+01 -1.759230662299721359e+01
-2.526558636135607827e+01 -1.759924618933959906e+01
-2.526758947678127143e+01 -1.760707137436568104e+01
-2.527632576618411875e+01 -1.764001698984174027e+01
-2.555667097542454513e+01 -1.821935950593882581e+01
-2.727656701802619210e+01 -1.931513590885103682e+01
-2.723274596624393595e+01 -2.069238977978618266e+01
-2.716292834111725085e+01 -2.110595061195062172e+01
-2.710107524855068206e+01 -2.140119883580999982e+01
-2.695072684723841050e+01 -2.196533930527039047e+01
-2.656828127085354652e+01 -2.297421834429854925e+01
-2.661097249273986165e+01 -2.537160065462079572e+01
-3.429670261239322571e+01 -2.987017940369375779e+01
-3.455813342709966207e+01 -3.129668008766439868e+01
-3.409573610836456936e+01 -3.241044853545458437e+01
-3.363865179975556430e+01 -3.295266779352619579e+01
-3.301365544593277690e+01 -3.362226747765085832e+01
-3.277223572172085397e+01 -3.424621246269020958e+01
-3.262571254163799495e+01 -3.487701111873802517e+01
-3.251332321884506626e+01 -3.558230887007381682e+01
-3.246191672754432744e+01 -3.626683674889466857e+01
-3.605387174271233164e+01 -4.312248408930076238e+01
-3.609992401209090929e+01 -4.330476089431806486e+01
-3.737395217610262677e+01 -4.581487662237966418e+01
-3.994425073452685382e+01 -4.896344243788986006e+01
-4.057550851425949645e+01 -5.458559488656655390e+01
-4.150095092717260314e+01 -5.606439529895472873e+01
-4.135610511575714554e+01 -5.627963349886177014e+01
-4.116145925961080110e+01 -5.653241960283123291e+01
-4.168056585096235267e+01 -6.014160974145936223e+01
-4.273987685606247311e+01 -6.348815311995316080e+01
-4.274165035023658987e+01 -6.353619070866353269e+01
-4.274509630760020684e+01 -6.363151972574596726e+01
-4.378690817991236628e+01 -6.705898657609654379e+01
-4.408366239039046519e+01 -6.871225187149909175e+01
-4.408708045923295771e+01 -6.910530909744291250e+01
-4.435509649111993724e+01 -7.102922941849121230e+01
-4.931839271876745556e+01 -7.555886606263770489e+01
-4.935125415653205039e+01 -7.559173762033510968e+01
-4.935125442396167728e+01 -7.559173788915929038e+01
-4.935125476372411413e+01 -7.559173823069349396e+01
-5.148422629834037423e+01 -8.362614658725499339e+01
-5.026463635788296358e+01 -8.396753688858804310e+01
-4.239060013424800388e+01 -8.542128308152113902e+01
-3.107963250585430615e+01 -9.062934129205828526e+01
-2.528264225078249439e+01 -9.281092905662825387e+01
-2.076432223578953895e+01 -9.453940402162265855e+01
-1.769986491829795483e+01 -9.477840652686755618e+01
-1.279582626140013701e+01 -9.638506509409681655e+01
-8.377179717554856353e+00 -9.876297724761803920e+01
6.972459540095550246e+00 -1.013542749365563935e+02
2.975552080483720729e+01 -9.733996038545639351e+01
2.977294120316862447e+01 -9.736756113056411266e+01
2.979977788521779658e+01 -9.739701767080686068e+01
2.980996323697134187e+01 -9.740522330983219490e+01
2.985954984443423044e+01 -9.742983385529809937e+01
3.458048528049322812e+01 -9.570389080054283681e+01
3.558407681992513716e+01 -9.635384768701530334e+01
3.772502912169353095e+01 -9.195403024819280802e+01
5.324189199127767580e+01 -8.181814703623457774e+01
7.106734270633229755e+01 -7.500269174768119740e+01
7.277842026719760327e+01 -7.625836857600849328e+01
7.931509011174640023e+01 -7.627419956372114029e+01
7.977451197404995753e+01 -7.981502219318058167e+01
8.061839166053080419e+01 -8.029602886685944441e+01
8.104540403007109717e+01 -8.026375207674784917e+01
8.124843468638601962e+01 -8.024380404220747209e+01
8.138412078473676559e+01 -8.023301893418069142e+01
8.149874265508003646e+01 -8.022721316768260635e+01
8.162352911938300792e+01 -8.022616167654207686e+01
8.172673101871541235e+01 -8.023114466735832195e+01
8.182273909777059373e+01 -8.024231348320502377e+01
8.190486529234287616e+01 -8.025853075657346380e+01
8.198954413728513657e+01 -8.028384889928774726e+01
8.208162986710463827e+01 -8.032380101233091807e+01
8.224054672875449512e+01 -8.043058278377196757e+01
8.235307595011410342e+01 -8.054399240093890455e+01
8.239924714190694033e+01 -8.060229581150539957e+01
8.243015068787909172e+01 -8.064589236507259784e+01
8.250214504779323477e+01 -8.076415605319681390e+01
8.256427300213427145e+01 -8.088906670678450439e+01
8.262220047480300877e+01 -8.103000196883652961e+01
8.280002540819585022e+01 -8.097389293490519435e+01
8.280002534601536013e+01 -8.097389247274097102e+01
8.280002512974525075e+01 -8.097389086528639268e+01
8.280002392720534488e+01 -8.097388192726192813e+01
8.280002343603052850e+01 -8.097387827654701198e+01
8.280002269210791610e+01 -8.097387274725599582e+01
8.280002223337493206e+01 -8.097386933767108985e+01
8.280002168863512679e+01 -8.097386528883180290e+01
8.280002127369844800e+01 -8.097386220476960261e+01
8.280002084273108665e+01 -8.097385900155839522e+01
8.280002057078917233e+01 -8.097385698032118739e+01
8.280001946491151443e+01 -8.097384876077120452e+01
8.280001858308625629e+01 -8.097384220651754561e+01
8.280001776290566795e+01 -8.097383611044689644e+01
8.273721576098772346e+01 -8.051380103917038866e+01
8.268950096731217059e+01 -8.017116151585612727e+01
8.261268272202744356e+01 -7.962838507942002764e+01
8.240660694834286915e+01 -7.821124327410468879e+01
8.231343844053994019e+01 -7.758585461007947970e+01
8.222812760899711293e+01 -7.702106161803716589e+01
8.222119676909545660e+01 -7.697550973378653794e+01
8.210069948352079905e+01 -7.619189588437161831e+01
8.206339864961853436e+01 -7.595267725902378686e+01
8.200075089883087287e+01 -7.555478721076144666e+01
8.198894736239498116e+01 -7.548039522905978060e+01
8.193576372580282907e+01 -7.514762916161107853e+01
8.189016175590062119e+01 -7.486568251320686329e+01
8.179258658767166423e+01 -7.427419912198990914e+01
8.161528135459107602e+01 -7.324845833535927397e+01
8.140737862389367763e+01 -7.214601386676901029e+01
8.137319071748586907e+01 -7.197675592885126150e+01
8.134152840662048334e+01 -7.182327116424244196e+01
8.121764801633881348e+01 -7.125418866670413820e+01
8.117454950895904631e+01 -7.106833121914824858e+01
8.073403444812798568e+01 -6.949631580094009564e+01
8.033733814395473871e+01 -6.791230556934756635e+01
8.026437945219154813e+01 -6.716540851682766800e+01
8.024054214182494604e+01 -6.615616256087248814e+01
8.023864608127540521e+01 -6.563806529513308874e+01
8.002340856435577621e+01 -6.331097658116499360e+01
7.941580486143689654e+01 -6.250686184427663505e+01
7.784801551851909096e+01 -6.003437465854464250e+01
6.828096509348605991e+01 -5.480090220847883131e+01
6.772642844140125362e+01 -5.201225281287729985e+01
6.687521759481620620e+01 -5.021890185653446537e+01
6.648174976962607730e+01 -4.891113962249778524e+01
6.635132036014837809e+01 -4.808096945871819372e+01
6.635567363824210929e+01 -4.666400057616735353e+01
6.664655620121855861e+01 -4.461481844037224676e+01
6.649373728029030417e+01 -4.288356448190668146e+01
6.599366214442139267e+01 -4.258448675175755938e+01
6.570763338509473783e+01 -4.175997546344449063e+01
6.497513976545583603e+01 -4.054343750659734980e+01
6.435829131404319980e+01 -3.994732890128027236e+01
6.348360506890163890e+01 -3.906864597497646940e+01
6.313035687679125374e+01 -3.867157294257473410e+01
6.297750343356135261e+01 -3.848499222859184243e+01
6.278742290668485992e+01 -3.000320850956639873e+01
6.270767155320788078e+01 -2.919268685801035801e+01
6.237178036717530460e+01 -2.701742217789186995e+01
6.235641384279907840e+01 -2.694845537130836632e+01
6.204849946861749288e+01 -2.571018073531829629e+01
6.200519861633317475e+01 -2.553933549946766846e+01
6.167663421769161403e+01 -2.392158762690738172e+01
6.179914296355717340e+01 -2.197669906568549081e+01
6.259990520814202597e+01 -1.990883954107657416e+01
6.197906861135212608e+01 -1.977359602371301506e+01
5.706123540901246116e+01 -1.881986174256231337e+01
5.481452928371925992e+01 -1.715410355781778051e+01
5.416355857297678966e+01 -1.606469173926478078e+01
5.273292727084115228e+01 -1.558697422290325463e+01
5.211049139129907815e+01 -1.525672953887621830e+01
5.181532640755956010e+01 -1.502294011668765883e+01
5.138629181980176952e+01 -1.470230456892092974e+01
5.090155004024820329e+01 -1.444784529144669349e+01
4.939255153512142016e+01 -1.383836870125941942e+01
4.908434186455863113e+01 -1.363272294934779261e+01
4.337443987304882143e+01 -1.122529902849936789e+01
4.239370963462290831e+01 -1.045257163101787157e+01
3.823586023027088032e+01 -8.242677752406024183e+00
3.812065286220775562e+01 -8.171850194443916138e+00
3.686879076410950518e+01 -7.784478957385297271e+00
3.487020457148680208e+01 -7.607525586024962649e+00
3.321208414124549080e+01 -6.709210978586193974e+00
3.145176847923644559e+01 -6.142396512361145255e+00
2.808063272563992996e+01 -4.175135683371419049e+00
2.750496043299417437e+01 -3.947885832689481678e+00
2.536899266813762566e+01 -3.392091226001860971e+00
1.696038354153680316e+01 -5.004159565429297629e+00
1.534577226221258250e+01 -4.227749402758882447e+00
1.443545195838738771e+01 -3.831462283660919788e+00
1.288633131593589809e+01 -3.069682950958784406e+00
1.022241824607133331e+01 -2.733452702896495001e+00
9.728434763727308976e+00 -2.546360285131964218e+00
9.257059924972917742e+00 -2.272639998297107500e+00
7.175398202268199022e+00 -1.479246098467741355e+00
6.253829394055036239e+00 -1.367455338580188862e+00
3.625183195264499503e+00 -1.085877943411722502e+00
1.132962025275079831e+00 -1.512259208830012136e-01
