-3.167368449392966578e-01 -2.191403586224960343e+00
-5.789994893946979193e-01 -2.497767760814415539e+00
-8.698557418363447313e-01 -3.530426512222271551e+00
-7.981624589665879954e-01 -3.703490299759804927e+00
-7.177262754769041520e-01 -3.895826726832595011e+00
-6.258377739500891046e-01 -4.256233702685667808e+00
-4.277595064756519960e+00 -7.773527409182231729e+00
-4.440482040687439458e+00 -8.171172420781044110e+00
-4.365355873471250980e+00 -8.489585584187233636e+00
-4.229371588821989825e+00 -8.645555073755584630e+00
-4.100158331367114606e+00 -8.806087385677049184e+00
-4.275052384419091744e+00 -9.617604193520403300e+00
-5.482275794143385284e+00 -1.121117044152756570e+01
-6.128091570246293252e+00 -1.202474303919941079e+01
-6.359929485393196913e+00 -1.242426602363027399e+01
-6.317409064102379901e+00 -1.361000111890745856e+01
-6.009296605434394145e+00 -1.467778767701366505e+01
-6.217743524994039817e+00 -1.578706048262670869e+01
-6.540183049760062595e+00 -1.643380253789090517e+01
-6.417249264940293685e+00 -1.687570942471164059e+01
-6.378127635733480183e+00 -1.691700815950846604e+01
-6.230329489567063561e+00 -1.702526138034946257e+01
-6.876789672034946399e+00 -1.850406543522256442e+01
-7.989941987706026261e+00 -2.003516494585882413e+01
-9.513573892737671400e+00 -2.224354611906882084e+01
-1.203596828949345365e+01 -2.396359297539691369e+01
-1.256435132919562747e+01 -2.486648096794612428e+01
-1.411898037151788898e+01 -2.614514643697134488e+01
-1.404751519072349808e+01 -2.631478543573411599e+01
-1.494677714884577746e+01 -2.822822258976679421e+01
-1.711396527441292648e+01 -2.951313813638050121e+01
-1.772833478641387472e+01 -3.048574824715303322e+01
-1.766448137606672830e+01 -3.083799480763217105e+01
-1.759993032115534461e+01 -3.099166859459062451e+01
-1.752407337425129796e+01 -3.116355989729944653e+01
-1.746705348891813614e+01 -3.131950883487438730e+01
-1.743300468666625491e+01 -3.148520405498921093e+01
-1.777661523206406358e+01 -3.225748626958767318e+01
-1.815359500342097121e+01 -3.269224111205511463e+01
-1.850048490536921264e+01 -3.403432333034691482e+01
-1.837094318366794710e+01 -3.450928562977942704e+01
-1.840064634698055812e+01 -3.488988338044399029e+01
-1.894192474142355920e+01 -3.556897694014764966e+01
-1.877938231926611223e+01 -3.662608638429298225e+01
-1.870477518837104469e+01 -3.695853844563089297e+01
-1.864986990142723755e+01 -3.720297418577632698e+01
-1.861213519109721304e+01 -3.737468093517023249e+01
-1.847818663450480514e+01 -3.852000046137395373e+01
-1.867983625985524654e+01 -3.946106982752343129e+01
-1.835716690542677654e+01 -3.955600364537292535e+01
-1.820874841937058264e+01 -3.978525700226830253e+01
-1.791352947427275666e+01 -4.182381086623150424e+01
-1.745088023798304988e+01 -4.287711095798447047e+01
-1.604913317901848302e+01 -4.382832807266840547e+01
-1.572557466523446301e+01 -4.587189154723922968e+01
-1.561390405130828540e+01 -4.670245479349086537e+01
-1.546039961141291208e+01 -4.755812667169353603e+01
-1.505130751066180039e+01 -4.817806672282801372e+01
-1.451256408572433720e+01 -4.853601073442995073e+01
-1.169977457118723763e+01 -5.170162991625440441e+01
-1.133490921767680781e+01 -5.194354194881381659e+01
-1.058242968230223546e+01 -5.244467846972270308e+01
-8.369330475765123012e+00 -5.525786741073255115e+01
-6.800827826885600835e+00 -5.509993085271119639e+01
-6.496558636983110091e+00 -5.530546568343272895e+01
-6.334846064995287129e+00 -5.543755240741339207e+01
-6.106024400813442554e+00 -5.563579326592629570e+01
-5.799967286169043668e+00 -5.589610644359444791e+01
-4.081682790083666745e+00 -5.593630062508783851e+01
-3.559566775871016109e+00 -5.618131564356621510e+01
-3.474065795277497148e+00 -5.628036543200724395e+01
-3.405626005528871403e+00 -5.635394376766898716e+01
-3.345311967431763289e+00 -5.640854313016104982e+01
-2.127295234513525646e+00 -5.629468891011066489e+01
-9.905283642698787805e-01 -5.677019755725452654e+01
3.010575165868950576e-01 -5.741879800561142844e+01
3.484893600681234771e-01 -5.740450671904667246e+01
6.486747166095713224e-01 -5.729620865872517044e+01
1.435404800966172179e+00 -5.722153607566399103e+01
1.660673418635815191e+00 -5.740406160967446425e+01
4.340194340141803053e+00 -5.667326176847493713e+01
4.548599513718569298e+00 -5.664683062947054282e+01
4.568422947643995258e+00 -5.664422953445334485e+01
4.772386471978372846e+00 -5.661609742353572727e+01
6.768469384609103301e+00 -5.549844623661114440e+01
7.306235847339923595e+00 -5.540971529923179162e+01
7.682003503703506375e+00 -5.535033063414123689e+01
8.277055697129320322e+00 -5.525586341181517014e+01
8.840922386600867711e+00 -5.516211165059558397e+01
9.312374886195469159e+00 -5.507844667197576882e+01
9.780929670819459076e+00 -5.499172630610746637e+01
1.021082592286166069e+01 -5.491081364275523669e+01
1.112715395549784070e+01 -5.474513412143313218e+01
1.204167511358932963e+01 -5.487191235964616709e+01
1.358585968120012311e+01 -5.432319040507326946e+01
1.392209936532674419e+01 -5.430002643297483189e+01
1.984432175000831222e+01 -4.971642564067503400e+01
1.984433607944282230e+01 -4.971642220746132779e+01
1.984434736285815148e+01 -4.971641950392105969e+01
1.984457202354520788e+01 -4.971636565115382922e+01
1.984576744384112246e+01 -4.971607835067986514e+01
1.984639616790026651e+01 -4.971592673963527886e+01
1.984648817168444168e+01 -4.971590452441406427e+01
2.110745897662376080e+01 -4.868408145783194385e+01
2.429469179144721025e+01 -4.594856791149344133e+01
2.439987220891442377e+01 -4.596679259994136402e+01
2.445272433288070246e+01 -4.597858738225167485e+01
2.446592808192414381e+01 -4.598166374730885764e+01
2.452353446031565909e+01 -4.599518552550983230e+01
2.727686331944698495e+01 -4.325867239611133641e+01
2.742500102536370221e+01 -4.326766626672873173e+01
2.753106257771436560e+01 -4.328216045959954528e+01
2.785935921474502308e+01 -4.330638222356868283e+01
2.824231790915210638e+01 -4.261417200323832333e+01
2.810349082704614787e+01 -4.227374645136181641e+01
3.053034245826932747e+01 -4.001340336279821486e+01
3.074659280603422573e+01 -3.970967628355957402e+01
3.180702249976122786e+01 -3.778992464359631498e+01
3.172314969467528201e+01 -3.766012652669650151e+01
3.167495873350259572e+01 -3.760605276155176568e+01
3.164214563922798362e+01 -3.757155920525983106e+01
3.146530262704200709e+01 -3.702254982007726625e+01
3.357941392029626826e+01 -3.220674341892865300e+01
3.354285245230215651e+01 -3.208845487096636617e+01
3.352114337328293203e+01 -3.201306410905497302e+01
3.346277646585379983e+01 -3.178702976975754879e+01
3.342064500153650641e+01 -3.159504270437566831e+01
3.333706885185029023e+01 -3.096020579576241616e+01
3.423549004409048990e+01 -2.823264864289896181e+01
3.386030306939070300e+01 -2.547628559614077659e+01
3.378577862021454337e+01 -2.507166548152452634e+01
3.370647793261271374e+01 -2.463865156982581084e+01
3.354139003420014831e+01 -2.371620048057283725e+01
3.349973905651797423e+01 -2.347620543344333655e+01
3.309620636588281428e+01 -2.103680844571755415e+01
3.188069986741097850e+01 -1.841293943619950113e+01
3.173276786070251632e+01 -1.743164264358508930e+01
3.149702476772331039e+01 -1.612407896290137543e+01
3.170538632701393666e+01 -1.569843417469463454e+01
3.196459362055194831e+01 -1.459879099640508748e+01
3.187914374142425089e+01 -1.429474991223064784e+01
3.238426595889387727e+01 -1.274124827509572455e+01
3.230059399895906580e+01 -1.226917498777924642e+01
3.207182723777767563e+01 -1.122581809598574409e+01
3.198803420390044394e+01 -1.080602858022726487e+01
3.192564359666233287e+01 -1.016424746989779848e+01
3.202696806073202396e+01 -9.945521926119740286e+00
3.226198337869822552e+01 -9.810219225082869698e+00
3.251585845992248380e+01 -9.534422328656228629e+00
3.230242238306052371e+01 -9.228734876091897021e+00
3.180300769115373782e+01 -8.922767047524367001e+00
3.133502181623473248e+01 -8.660660189893327754e+00
3.072412499361550431e+01 -7.268190059714218165e+00
3.028311512740374312e+01 -6.616547669455167480e+00
2.955531716321452862e+01 -4.872941078468951304e+00
2.919749952366122869e+01 -3.333266831617123671e+00
2.902313462540861266e+01 -3.255546750843560488e+00
2.810812848434362365e+01 -1.396439072558165240e+00
2.785084022172834395e+01 -1.213135895637082351e+00
2.755515742596922735e+01 -1.041004600684256820e+00
2.735591644553846891e+01 -9.311040597345483505e-01
2.705168503177675987e+01 -7.554948592287079601e-01
2.685797733102194940e+01 -6.253846067489043925e-01
2.653086567107244775e+01 -2.210720041120896873e-01
2.650456827986988273e+01 3.145460853873541796e-01
2.648435671222246768e+01 7.796178519449850075e-01
2.638037860917534871e+01 9.931970888441129519e-01
2.550005732119156932e+01 1.602494028369399803e+00
2.462634255628656987e+01 2.845350641676902992e+00
2.332357117565003080e+01 3.261719953594967691e+00
2.213209411785170033e+01 3.977675266829946210e+00
2.159081917166481901e+01 4.333961169620042853e+00
2.134409114963325393e+01 4.956331520068643748e+00
2.130793723833513909e+01 5.751983173620692114e+00
2.026013805123765721e+01 5.551018387718715807e+00
1.926102345170088981e+01 5.950173648909720114e+00
1.907010747951476048e+01 6.087051427646475332e+00
1.676770213056240877e+01 7.798911892883612751e+00
1.588250730894969465e+01 7.784690352563667481e+00
1.412783483685174524e+01 8.578779336122741128e+00
1.406838336614385554e+01 8.640509321939127574e+00
1.354908293854148127e+01 8.809523771797469038e+00
1.224241028184651725e+01 8.627235401490679578e+00
1.146960697529270590e+01 8.467565936458134601e+00
1.126028750180660865e+01 8.424724140004647310e+00
9.934109736297772386e+00 8.183587407834927774e+00
9.860144889349045982e+00 8.171588580225233045e+00
9.267757264247380888e+00 8.077764369668770428e+00
8.825531998583798554e+00 8.007541748139775706e+00
3.013114647894787002e+00 4.318089700403308306e+00
3.013114593568909871e+00 4.318089639051136963e+00
3.013114580433398526e+00 4.318089624216730371e+00
3.013114576239829923e+00 4.318089619480780961e+00
3.013114573982104361e+00 4.318089616931049868e+00
3.013114572018367632e+00 4.318089614713330526e+00
3.013114569995472891e+00 4.318089612428803292e+00
3.013114567951527434e+00 4.318089610120502186e+00
8.636465123718715109e-01 1.226423540897639608e+00
8.636465123718715109e-01 1.226423540897639608e+00
