-8.759428111909729753e-02 -1.583719960439887164e-01
-1.311500265793354991e-01 -2.572529914288158026e-01
-2.491795832931552046e-01 -5.819216944950890147e-01
-2.884517107288631643e-01 -6.893896788420253996e-01
-3.313691168740944271e-01 -7.950772998613012676e-01
-4.769513781509867600e-01 -1.057179310271646244e+00
-2.664322937000352276e+00 -2.556339676447624942e+00
-2.695203996317114381e+00 -2.633890503546110651e+00
-4.757820725144395801e+00 -3.789751231244975926e+00
-4.759763668438679929e+00 -3.793537689363289722e+00
-4.766222317362552197e+00 -3.805832192463090013e+00
-4.813792652245336257e+00 -3.883964703544053876e+00
-6.188616565154476667e+00 -4.548184568318157872e+00
-7.788057635079629115e+00 -5.505678700170213880e+00
-7.945850759522616436e+00 -5.760517596647028782e+00
-8.341439444854897189e+00 -6.650684966074525306e+00
-8.455311499761823057e+00 -6.943102693024902905e+00
-8.572674302639269328e+00 -7.232166606939041564e+00
-8.611981659885326934e+00 -7.323282261573962337e+00
-1.013782729799026683e+01 -8.978010449655574376e+00
-1.014894872994901753e+01 -9.002397255199481307e+00
-1.020714816061412300e+01 -9.132164463106642316e+00
-1.054294901512492011e+01 -9.909988850352183576e+00
-1.091645013336983183e+01 -1.073857220463010798e+01
-1.143178346355087527e+01 -1.210651346512877957e+01
-1.115693178546612785e+01 -1.273823179223440150e+01
-1.116179300902138216e+01 -1.306822603609490230e+01
-1.132091237797391159e+01 -1.343716903575637112e+01
-1.141678698903011657e+01 -1.365460958768293054e+01
-1.273897002950078239e+01 -1.487304388509379827e+01
-1.294716947618406699e+01 -1.533540276119057744e+01
-1.305322286785527020e+01 -1.602535645810955600e+01
-1.291607879249318813e+01 -1.647164147008161450e+01
-1.282339196631269296e+01 -1.671781645817583595e+01
-1.271516794025057173e+01 -1.698051749523813214e+01
-1.261685341438058572e+01 -1.720552584722760159e+01
-1.251111666846236226e+01 -1.747037189473207164e+01
-1.245323550937926171e+01 -1.773922623925065523e+01
-1.253473973804813646e+01 -1.803924888747932087e+01
-1.288215854009899530e+01 -1.935237041430755411e+01
-1.266595823066255910e+01 -1.976620166221739794e+01
-1.280607410699138882e+01 -2.033933975160594088e+01
-1.307441521127870310e+01 -2.091961596916136301e+01
-1.287388065957539496e+01 -2.214604887466825645e+01
-1.271215399970437865e+01 -2.253368459541210811e+01
-1.260339410080831968e+01 -2.277845768829898532e+01
-1.247442681310863755e+01 -2.306475855059904490e+01
-1.247539486817396970e+01 -2.585199677477836744e+01
-1.203832698187871308e+01 -2.703065402973425435e+01
-1.179738375000652439e+01 -2.762494104329225664e+01
-1.165508337251052318e+01 -2.798181864029598742e+01
-1.099596850386938485e+01 -2.972459496862042627e+01
-1.065896916264841110e+01 -3.048656589378984094e+01
-9.606601499150096757e+00 -3.130762055131218702e+01
-9.029499110087071401e+00 -3.202558590368898450e+01
-9.011034479619095094e+00 -3.208373744589304266e+01
-8.927792060229595705e+00 -3.224899752933546893e+01
-8.838251723875066190e+00 -3.235084751990721941e+01
-8.725554817281881981e+00 -3.244167262520857520e+01
-7.635627425777547828e+00 -3.482494832965188891e+01
-7.497028650506509351e+00 -3.534460359659986040e+01
-7.241699864948135890e+00 -3.543614711904426429e+01
-6.749510240523663107e+00 -3.566451050919719279e+01
-6.561467216695744398e+00 -3.578252502373417343e+01
-6.292630448967207357e+00 -3.612853783197318336e+01
-6.244608349949793080e+00 -3.656005439494863651e+01
-5.265803268648832081e+00 -3.707435930698423476e+01
-3.984353907258335159e+00 -3.764855672201963444e+01
-1.567990426576080010e+00 -3.871200775536360794e+01
-1.605674253238335014e-01 -3.934876691895023981e+01
5.921046571322584606e-01 -3.982138956956184472e+01
5.376789560103625298e-01 -4.016004519803306749e+01
5.867002779140180202e-01 -4.026083620861410850e+01
6.733736983986707836e-01 -4.036630996652544923e+01
7.601886723932319567e-01 -4.041493815926688171e+01
8.889893436702496210e-01 -4.041496170851559810e+01
9.245208541506505506e-01 -4.040683818933596427e+01
1.185074852986291560e+00 -4.031767538571667586e+01
2.255238653883427258e+00 -4.040326237683765243e+01
2.618847764835487979e+00 -4.057037907070766636e+01
5.328292280353564614e+00 -4.020794855327044104e+01
5.523062518037995972e+00 -4.030352563650915698e+01
5.612372551780337560e+00 -4.034095256096779991e+01
5.889797731972707062e+00 -4.043779450264225517e+01
6.245460625160025536e+00 -4.048876772819713210e+01
7.103660903350035305e+00 -4.023729706265318384e+01
7.473737370495674881e+00 -4.037456652436830495e+01
7.945023593580972765e+00 -4.058291885124012310e+01
8.497111868278230062e+00 -4.082927423416625601e+01
8.836659873671965926e+00 -4.097540055924489621e+01
9.165734716414670302e+00 -4.110666373576693644e+01
9.551342835306554591e+00 -4.120376359706702374e+01
1.129744859140802404e+01 -4.050348470471379159e+01
1.198275247728834714e+01 -4.081665272106712905e+01
1.234588651332936138e+01 -4.098231091384170810e+01
1.253623263672451671e+01 -4.106101334447934192e+01
1.486874322459066988e+01 -3.978071651917884566e+01
1.503521810638224743e+01 -3.986668256574093050e+01
1.505273220515524635e+01 -3.987438010107841535e+01
1.524168560815916074e+01 -3.994073723021646316e+01
1.540709126339933022e+01 -3.997643969278069420e+01
1.546461106892462212e+01 -3.998418877131589255e+01
1.547448445081487023e+01 -3.998526402269165203e+01
1.588049565462754309e+01 -3.995946742663135609e+01
1.854404114888326660e+01 -3.783783565559799911e+01
2.010622137784903174e+01 -3.744710633666626620e+01
2.025197119104925392e+01 -3.750143197801871509e+01
2.043716055750896743e+01 -3.757893689671627158e+01
2.066081183907316898e+01 -3.767918396540056136e+01
2.078641942256842157e+01 -3.773756510021546973e+01
2.092815377051611847e+01 -3.779951442305006282e+01
2.156549976890999432e+01 -3.693279378344666952e+01
2.368723432186657973e+01 -3.694966381533797772e+01
2.494156349381621141e+01 -3.644680527414394078e+01
2.546802887571544005e+01 -3.621226773824081135e+01
2.597470404352742790e+01 -3.580470530278310548e+01
2.599565700388836120e+01 -3.577714505975339421e+01
2.609971176981395402e+01 -3.559722249291903040e+01
2.611245666873289650e+01 -3.556580378748380866e+01
2.611841068872725202e+01 -3.554966879341905184e+01
2.612103403953159031e+01 -3.554219581566970732e+01
2.612160092972381520e+01 -3.554054855180257277e+01
3.041364502508118406e+01 -3.277998710944153515e+01
3.041364502691263993e+01 -3.277998709789019216e+01
3.041364502777166123e+01 -3.277998709247218301e+01
3.041364502832154670e+01 -3.277998708900395286e+01
3.041364502886925081e+01 -3.277998708554945040e+01
3.041364502966282402e+01 -3.277998708054424526e+01
3.041364503217127790e+01 -3.277998706472292412e+01
3.306836049434175351e+01 -3.020737062873576306e+01
3.306910274538081751e+01 -3.020524126502154871e+01
3.306985200165377137e+01 -3.020309143140937636e+01
3.307586558207599126e+01 -3.018582464949597366e+01
3.307816818027646377e+01 -3.017920838008945239e+01
3.307981666488757355e+01 -3.017447031840339733e+01
3.596160795512385988e+01 -2.715836642257084321e+01
3.615563490248756295e+01 -2.666787555447688973e+01
3.630916533775382504e+01 -2.633128918367594906e+01
3.655967769003484591e+01 -2.572592360636360453e+01
3.678802944310482559e+01 -2.336125459133630144e+01
3.653477512436964503e+01 -2.221895297353846743e+01
3.606113266728348776e+01 -2.099781045828520831e+01
3.565857768262993233e+01 -1.997157840317240129e+01
3.497705737425801686e+01 -1.817724628404072718e+01
3.352577594755302215e+01 -1.697342486383250915e+01
3.358631942451482644e+01 -1.658090476779861078e+01
3.376606401789889134e+01 -1.636868772375080638e+01
3.396427001347615970e+01 -1.616303821134667018e+01
3.345718904601709909e+01 -1.433403444817118277e+01
3.254490208012605024e+01 -1.196160987554565125e+01
3.213854636502576057e+01 -1.091945414862631836e+01
3.178341268054770552e+01 -9.999445741386784547e+00
3.105876391345069720e+01 -8.290831788635630417e+00
3.021179855807669767e+01 -7.949383292941489820e+00
2.937413266208123375e+01 -6.567596265036955927e+00
2.923473345136159196e+01 -6.064059163481069881e+00
2.910278664587037056e+01 -5.873898100585871696e+00
2.824610089401471669e+01 -5.465129521416233871e+00
2.788421404290604499e+01 -5.333654648716199098e+00
2.754295134251862009e+01 -5.191965476586778649e+00
2.729259101099516016e+01 -5.076493771313344006e+00
2.694220962599506208e+01 -4.896819744392104212e+00
2.670166125871241292e+01 -4.754624246660483777e+00
2.636814992927214263e+01 -4.441612491446916167e+00
2.629804162913727694e+01 -4.149118795072788579e+00
2.619452405628993219e+01 -3.859051048470810485e+00
2.604607149557095624e+01 -3.735893127571698002e+00
2.495911250430653539e+01 -3.167917614775582980e+00
2.413472249545149850e+01 -1.378467238230079772e+00
2.368412631057061546e+01 -1.382574912837299386e-01
2.274606235358742268e+01 2.574481571571348715e-01
2.216775659505227480e+01 2.734030235699688172e-01
2.214201336300085643e+01 2.826161416743662724e-01
2.205800457721041141e+01 3.146878395565613218e-01
2.196406639588445842e+01 3.533851151424160508e-01
2.172403952710874364e+01 4.609286476136071897e-01
2.149898251108401936e+01 5.680536304368140055e-01
1.910203865406396417e+01 9.677571441187303725e-01
1.899981617022755387e+01 9.444401847608488998e-01
1.794740755650384045e+01 1.379757171558340323e+00
1.778613686421970641e+01 1.405691804083991192e+00
1.761724971399624806e+01 1.406293293354654139e+00
1.549360694989090703e+01 8.691074389645829790e-01
1.508329746830600726e+01 1.059589803950998332e+00
1.478810935551505779e+01 1.221189777336806559e+00
1.385372746646775077e+01 1.632646728388344570e+00
1.371674475253213465e+01 1.663245198004548175e+00
1.237724958624978200e+01 1.590434822300395235e+00
9.545140328637421234e+00 4.678473773343918007e-01
6.835918441671110735e+00 8.529137172664991162e-02
6.799520357483757493e+00 1.003979690159012145e-01
5.468147637063228039e+00 -9.829019520241105007e-03
5.000399628064523760e+00 1.142969130055498522e-01
4.816984734295558290e+00 1.875692529843756562e-01
4.730658397936360338e+00 2.250557069207029248e-01
4.385074049826818587e+00 4.019302643630073835e-01
4.310091694670949103e+00 4.346759817900688327e-01
5.657094085954773588e-01 -2.640369177237278930e-01
5.048067152358745036e-01 -2.222186539757034507e-01
