8.768215873034722607e-01 -4.889774058033657056e+00
7.994465964294108495e-01 -5.114650833588529899e+00
9.762701659989138081e-01 -8.694977919364379915e+00
1.522156272556693057e+00 -9.847504838979816100e+00
2.149678659780963841e+00 -1.117412761765971219e+01
3.139260624098356711e+00 -1.321493726852091832e+01
2.363352756171003488e+00 -1.776819318896665933e+01
6.262226247469963702e+00 -2.018974334329593745e+01
7.488278116014074115e+00 -2.220447265085278588e+01
8.181937568301533403e+00 -2.342613600656424566e+01
8.893299069705413729e+00 -2.476279588901589079e+01
1.006332488422023275e+01 -2.735027962685970948e+01
-2.152341684902459917e+00 -2.809945927011371225e+01
-2.305655589258836624e+00 -3.006615041248804232e+01
-2.241044650685138251e+00 -3.104978165728275741e+01
-2.058521269076392102e+00 -3.306489488560620771e+01
-1.931868879669134120e+00 -3.511349892249317861e+01
-1.878749878642714810e+00 -3.622553399160342735e+01
-1.632306002575710124e+00 -3.682494857438513947e+01
-1.335018343339648750e+00 -3.710160585366531905e+01
2.832015726609650175e-01 -3.771490184561037040e+01
2.421928969394976150e+00 -4.008274683857523257e+01
2.574202232189325645e+00 -4.145357686963725286e+01
2.604551951531173248e+00 -4.202710788331457081e+01
1.474195749812079725e+01 -5.763834416736479938e+01
1.461997207490540873e+01 -5.871016090297304402e+01
1.441873021981919578e+01 -5.937860513953576458e+01
1.413774085706556072e+01 -6.030093023367576421e+01
1.423562242201640515e+01 -6.123508473319594714e+01
1.430018078362492417e+01 -6.203099983740947465e+01
1.416867641673606038e+01 -6.355941382339466372e+01
1.412045383388872821e+01 -6.518948934620229352e+01
1.327313792232971146e+01 -6.718493719163797095e+01
1.294391795768669873e+01 -6.820575096703167617e+01
1.286588783911023448e+01 -6.880578679920562024e+01
1.291497511028861034e+01 -6.943873827292973999e+01
1.300075208977704300e+01 -6.988751604014660757e+01
1.305107838955005839e+01 -7.077640934709968690e+01
1.094352671633697049e+01 -7.302326014000416876e+01
8.349530556474100251e+00 -7.698813103044101069e+01
8.171760547739159719e+00 -7.825970974849049355e+01
8.198849370866577502e+00 -7.835957627750916288e+01
8.292967299681684779e+00 -7.867823945973340471e+01
7.865410499313648884e+00 -8.061137037627810287e+01
7.708279441937378351e+00 -8.099198441357681588e+01
7.681254552188321760e+00 -8.116542932165829427e+01
7.674725418107534836e+00 -8.126842436635244837e+01
7.674239220712720133e+00 -8.140285806777619371e+01
7.683539301407296129e+00 -8.157203497347555299e+01
7.690498627414322996e+00 -8.164801277273951996e+01
7.696032990557110764e+00 -8.169971780785266446e+01
7.710709301989061792e+00 -8.181795524054552970e+01
7.722544718240659911e+00 -8.190212469981946697e+01
7.737033169837827629e+00 -8.199771251376411385e+01
7.746747598777385058e+00 -8.205891696004930225e+01
7.757601022894272447e+00 -8.212557591867887652e+01
7.768026695492948441e+00 -8.218855861507438476e+01
7.796339869781842680e+00 -8.235865782516178513e+01
1.411650134192577610e+01 -7.644254116043745739e+01
1.411650135885799351e+01 -7.644254058569100607e+01
1.411650143857187878e+01 -7.644253787983072357e+01
1.411650146918325177e+01 -7.644253684071375687e+01
1.411650148858424458e+01 -7.644253618213134871e+01
1.411650153049105150e+01 -7.644253475955207477e+01
1.411650155982051480e+01 -7.644253376391152699e+01
1.411650158315190495e+01 -7.644253297187728435e+01
1.411650160541795351e+01 -7.644253221600099835e+01
1.411650162751378446e+01 -7.644253146589609571e+01
1.411650164850121314e+01 -7.644253075341245562e+01
1.411659004274404339e+01 -7.643947115423659966e+01
1.411659004767616032e+01 -7.643947098010724517e+01
1.411659005147191337e+01 -7.643947084609710885e+01
1.411659005598933803e+01 -7.643947068660787636e+01
1.411659006563237817e+01 -7.643947034615587199e+01
1.411659007919480757e+01 -7.643946986732541404e+01
1.411659009589369873e+01 -7.643946927775601807e+01
1.411659015881263279e+01 -7.643946705630547456e+01
1.411659023708789817e+01 -7.643946429258583919e+01
1.411659031304260914e+01 -7.643946161070408607e+01
1.411659039158668705e+01 -7.643945883729550417e+01
1.411659055996276813e+01 -7.643945289155998069e+01
1.411659071116872610e+01 -7.643944755174572947e+01
1.411659078391015854e+01 -7.643944498276060528e+01
1.411659081435219498e+01 -7.643944390762372620e+01
1.411659083303141848e+01 -7.643944324791250722e+01
1.411674202336086736e+01 -7.643390224638055486e+01
1.693348730736080654e+01 -6.811253205744667127e+01
2.120443447764874989e+01 -7.205638307331631154e+01
2.153913212131146437e+01 -7.279416330621853604e+01
2.107267084380846711e+01 -7.781169872387636133e+01
2.210000558028404782e+01 -7.878049388149196375e+01
2.316550587183154519e+01 -7.956458445114542144e+01
2.529424273834029080e+01 -8.111519117143298274e+01
3.122882297479781855e+01 -9.989761915896315259e+01
2.233938257323573140e+01 -1.312574052077411864e+02
2.507377009210801688e+01 -1.311183611497472157e+02
2.672886512850874396e+01 -1.307272272280221159e+02
2.912375569996003222e+01 -1.363290479058253766e+02
3.113203311733051137e+01 -1.369012678184996048e+02
4.396553865924950344e+01 -1.420182190622488463e+02
5.124460621411658678e+01 -1.431046165661563805e+02
5.858717055840356380e+01 -1.465606829232110897e+02
5.928046940300225742e+01 -1.477512383807815297e+02
6.017514798071075433e+01 -1.489126084242321610e+02
6.368982143917609307e+01 -1.465976536236264280e+02
7.081954895041369014e+01 -1.438453151379321184e+02
7.209836005525068003e+01 -1.438150808210619687e+02
7.345019751418341514e+01 -1.439350780119444266e+02
7.524478124841263593e+01 -1.442216536134599210e+02
7.630644291325420170e+01 -1.444547528924952360e+02
7.699040895738380641e+01 -1.446404034503131015e+02
7.769715474202521932e+01 -1.448353968577104069e+02
7.952168751508432365e+01 -1.448719318330441013e+02
8.100936166842308239e+01 -1.444159579346366513e+02
8.130530246637334812e+01 -1.426139402983644402e+02
8.103587354001081167e+01 -1.404308754476252830e+02
7.595128456370764525e+01 -1.332024196034304850e+02
7.644696219962106909e+01 -1.262891572090580894e+02
7.122008857177272034e+01 -1.190537586520541424e+02
7.013632781448555420e+01 -1.176492210212393701e+02
6.968742304496993256e+01 -1.151451529052503702e+02
6.923099373855745853e+01 -1.131205110829669991e+02
7.046962481492226971e+01 -1.038487733115867115e+02
7.019788005652114293e+01 -1.026545174183505651e+02
6.967962760104414599e+01 -1.024401052602228077e+02
6.908218624283875897e+01 -1.021029312213457700e+02
6.842212397633106491e+01 -1.015810306509596899e+02
6.750366550357571782e+01 -1.008667007052644919e+02
6.517597498229584119e+01 -1.006589690925401186e+02
6.393572730149417538e+01 -1.001260892964723013e+02
6.356952113918853797e+01 -9.986247713880482024e+01
6.330790233279299173e+01 -9.965329766227529262e+01
6.581621341697483274e+01 -8.829962666167882901e+01
6.553677324026395468e+01 -8.816996574483961524e+01
6.400832656230886641e+01 -8.723344083596587950e+01
6.340193815062198723e+01 -8.668586215765337499e+01
6.315470056500407736e+01 -8.640077546470595848e+01
6.297514728352965818e+01 -8.615214503658802414e+01
7.074496964977693381e+01 -8.242959833512418300e+01
6.973538805030342758e+01 -8.156905994706745844e+01
6.752964834627928781e+01 -7.998814536460163538e+01
6.784292493127195200e+01 -7.890980297567551816e+01
6.807875438608667196e+01 -7.851994671576355245e+01
7.310686198796945234e+01 -7.178887930200232859e+01
7.281371366676239631e+01 -7.130285546665663787e+01
7.381861558062978190e+01 -6.964163950049494645e+01
7.555503434296421972e+01 -6.808938609135105935e+01
7.651778458504404057e+01 -6.601775974640214883e+01
7.815419512492087506e+01 -6.109242143231374200e+01
7.821877725889349620e+01 -5.760848844548267067e+01
7.766355780144400001e+01 -5.685876300736480005e+01
7.735565467061260847e+01 -5.644973001331781859e+01
7.678352117487136752e+01 -5.569178693985895734e+01
7.586241012508449444e+01 -5.444778013636163649e+01
7.519413458390049243e+01 -5.347514453569961290e+01
7.909253025758367528e+01 -3.050051116441398236e+01
7.857395476480704133e+01 -3.018469746821908473e+01
7.611899759654620823e+01 -2.831761317356777141e+01
7.200959922468095442e+01 -3.016002170670719096e+01
6.896778336158487832e+01 -3.165304572352951240e+01
6.376958446432706751e+01 -3.296005897947424046e+01
6.280503517522895862e+01 -3.221187943073991278e+01
6.159321924763219869e+01 -3.151836438953396780e+01
6.041776985343036444e+01 -3.032824778886362793e+01
6.011602592822093527e+01 -2.897575545332580305e+01
6.008684090140177858e+01 -2.760066704408919946e+01
6.002909163440921247e+01 -2.657077808867363800e+01
5.869884720919947085e+01 -2.524961400240655252e+01
5.712087286531700414e+01 -2.233127114320256013e+01
5.576908932527330620e+01 -2.082005985222966515e+01
5.434886262297911941e+01 -1.961803265970302945e+01
5.382096561740153362e+01 -1.886188944788570865e+01
5.352966630730338693e+01 -1.567698457490221564e+01
5.290871050543113796e+01 -1.275288637555208915e+01
5.254375493620009507e+01 -1.266965735242187741e+01
5.156208925855846559e+01 -1.139014740466513764e+01
5.136088353861315170e+01 -1.031088851806399020e+01
4.900989046056526632e+01 -3.774745005550166344e+00
4.862348034483013492e+01 -3.353784835541997023e+00
4.664395448384958343e+01 -8.072904750182314793e-01
4.652072702190843501e+01 -5.562769439782123682e-01
4.638798547475224154e+01 -2.393117889994370029e-01
2.332475525887628365e+01 -1.429860023096273025e+01
2.311748715361656181e+01 -1.421986836814303246e+01
2.277243240023913273e+01 -1.407549985494370226e+01
2.210203632858106459e+01 -1.383179007277893113e+01
2.201847607803415130e+01 -1.381249738549411710e+01
2.052480495347370137e+01 -1.401316026765460876e+01
1.809114856390769788e+01 -1.402190455084131138e+01
1.660847597159256850e+01 -1.287830746501026624e+01
1.539874625569197519e+01 -1.137202105497433102e+01
1.495379533450500986e+01 -7.593382945434967723e+00
8.268694099914327467e+00 -6.855438008939548133e+00
7.552045003612441576e+00 -5.906158901945230966e+00
6.823712083030359032e+00 -4.585827494154193218e+00
4.919988548054654132e+00 -2.162864484976529056e+00
3.984610699626574437e+00 -1.436027833542515619e+00
3.300744742321583658e+00 -9.119942432358578710e-01
2.022176608189669267e+00 1.614883106890040443e-01
