-2.043296993002121198e+00 -5.192729537253764072e+00
-3.454514018882233195e+00 -6.023048530105511666e+00
-3.686335510398889070e+00 -6.632771336616174018e+00
-3.725133781334460714e+00 -6.765724049484869163e+00
-3.760310818924289311e+00 -6.891793646132318152e+00
-3.832467313782091267e+00 -7.159138694192836105e+00
-2.655329486919213977e+01 -1.858321009085809550e+01
-2.669249130124242342e+01 -1.888434916512251505e+01
-2.686758684585481660e+01 -1.919767171550435947e+01
-2.698964707944224628e+01 -1.939564172675508047e+01
-2.720512201220207515e+01 -1.972607328588853193e+01
-2.801972448359650514e+01 -2.091594334240430442e+01
-2.963364504117288689e+01 -2.334885829540730029e+01
-3.030094023477920118e+01 -2.452304492276168801e+01
-3.071690242629545153e+01 -2.570991110251170042e+01
-3.387978696609840057e+01 -3.187976708219657240e+01
-3.359334568041262514e+01 -3.229759438077711309e+01
-3.350426546168808528e+01 -3.246920276357589330e+01
-3.343610999642137216e+01 -3.262899672944144669e+01
-3.339187173399555775e+01 -3.275565751379749457e+01
-3.338953669768169163e+01 -3.276309244168778179e+01
-3.328878369594897890e+01 -3.342856097025408246e+01
-3.421461979676516307e+01 -3.666116913284071188e+01
-3.667309696210774206e+01 -4.016507292392596895e+01
-3.923656652080618557e+01 -4.514840798092536289e+01
-4.066078610114995939e+01 -4.754058156547689151e+01
-4.187383339242578018e+01 -4.944404489172942618e+01
-4.284211001618162129e+01 -5.123941335905878702e+01
-4.351564751879989501e+01 -5.232662754502044322e+01
-4.665204201942578521e+01 -5.620680143885176960e+01
-4.572269876729561844e+01 -5.794220876473934112e+01
-4.534553001635969594e+01 -6.234379987086091290e+01
-4.716621099540828510e+01 -6.753210993311337518e+01
-5.067154269141951772e+01 -7.153598055186040483e+01
-5.091349810915481555e+01 -7.283307060207933148e+01
-5.103843450539723392e+01 -7.402128258630224877e+01
-5.103512195142707242e+01 -7.494805155539349073e+01
-5.084853176906113248e+01 -7.583863666314768182e+01
-5.020969972504830992e+01 -7.675396008247096802e+01
-5.123064796683114963e+01 -8.160383783020301962e+01
-4.573966055384531870e+01 -8.608830542593749158e+01
-4.461438572992256013e+01 -8.649121987983815529e+01
-4.411750274764432334e+01 -8.761847004132413019e+01
-4.113965347909866210e+01 -8.925856030126828955e+01
-3.923476949586569873e+01 -9.082855518083836444e+01
-3.840958420614342117e+01 -9.170165991626313939e+01
-3.684605384489707802e+01 -9.328065949880874541e+01
-3.442724833749246471e+01 -9.696659883108489453e+01
-3.465522637386894189e+01 -1.028244165324426120e+02
-3.500950974815594918e+01 -1.042187838628920531e+02
-3.505628357680902951e+01 -1.045513688571250839e+02
-3.515271839508251617e+01 -1.086458642998905759e+02
-3.498220854684799974e+01 -1.101302413137958638e+02
-2.259270590954301028e+01 -1.128438352353468872e+02
-2.257310279965547295e+01 -1.135687725358157394e+02
-2.257413731957227654e+01 -1.138723904266769722e+02
-2.257647197900199032e+01 -1.140771496840933139e+02
-2.258022034540188372e+01 -1.143384246963705522e+02
-1.448234214581995971e+01 -1.143227417766729133e+02
-1.224310716869393367e+01 -1.159050874342215423e+02
-1.202081134197369217e+01 -1.161588528109096927e+02
-1.179572212918173868e+01 -1.164492629731978042e+02
-1.086644995922640611e+01 -1.186079268631134909e+02
-1.235778517764333984e+01 -1.223965320680921280e+02
-1.144242728996022151e+01 -1.234565686535526225e+02
-1.101008723826041269e+01 -1.242963658247842318e+02
-1.053931932102903168e+01 -1.252879636826301351e+02
-1.013508986059240513e+01 -1.269017471608407277e+02
-4.042658138939937196e+00 -1.278205997311516597e+02
-5.309506060288952112e-01 -1.286690162907946728e+02
-9.068611609139376473e-02 -1.291300691456264076e+02
2.598437553951353229e-01 -1.296125420524471394e+02
4.681441245181215405e-01 -1.298559418723033048e+02
8.249053749146194603e-01 -1.301539984376801442e+02
1.358354673773193300e+00 -1.303363645402032205e+02
2.088564995061533480e+00 -1.302201227189858059e+02
2.950861690954773575e+00 -1.298192456186336017e+02
6.717572640773354919e+00 -1.270122911785810231e+02
1.260673952546205889e+01 -1.252560779157534654e+02
1.333186584379241069e+01 -1.254405775559429799e+02
1.621631223613117001e+01 -1.263130989118751444e+02
1.744419296741332204e+01 -1.279252606944769752e+02
1.798056660806845386e+01 -1.288918785071441278e+02
1.919150387803368929e+01 -1.295545025966506500e+02
2.121110684993357154e+01 -1.290754012898324277e+02
2.404851724586708173e+01 -1.285566700462131564e+02
2.594399956538806862e+01 -1.284510858898382537e+02
3.693403583075463104e+01 -1.217171452727053094e+02
3.809637161335938771e+01 -1.222247405709004369e+02
3.860818953667576636e+01 -1.225637371526909334e+02
3.914253560593552805e+01 -1.228753010916758512e+02
3.975241641120957325e+01 -1.231085283892501963e+02
4.065347006510982908e+01 -1.233979509029207833e+02
4.270395436414941059e+01 -1.252907087482340103e+02
4.407256723428482559e+01 -1.258467465392376567e+02
4.489553786775879729e+01 -1.260874398073256941e+02
4.560873162682964477e+01 -1.263170888371169269e+02
4.767105921138319502e+01 -1.276175231590380434e+02
4.784468215250801393e+01 -1.279995890955647297e+02
4.839677701229346951e+01 -1.293167830363079815e+02
5.083917338478700998e+01 -1.278601347542690831e+02
5.108757736113356884e+01 -1.278410035720877858e+02
5.114105262110363981e+01 -1.278357142553235803e+02
5.604979093405410850e+01 -1.210721425059098237e+02
5.615355998459560993e+01 -1.210081292039587026e+02
6.220797850531408102e+01 -1.149902700344127737e+02
6.244760695856627564e+01 -1.148631037967078754e+02
6.273834216220478766e+01 -1.147106050114255851e+02
6.298324148374351239e+01 -1.145807885010150073e+02
6.310839940206155063e+01 -1.145128542228340081e+02
6.348757424220886492e+01 -1.142929830835299185e+02
6.395446310291307412e+01 -1.139905510926558208e+02
6.460365499417204660e+01 -1.136027347079150047e+02
6.624401571141822842e+01 -1.130487162427896379e+02
6.898974505993533057e+01 -9.525614341630624438e+01
6.900458863038707591e+01 -9.509809901322527992e+01
6.901580121769063680e+01 -9.496739960664713465e+01
7.420905273951335346e+01 -8.664254249717542677e+01
7.300190714167011663e+01 -8.643865204888012954e+01
7.248053920901816127e+01 -8.640420281411259396e+01
7.160544015724900646e+01 -8.634222180591220308e+01
7.056546355019536065e+01 -8.592821231145441629e+01
7.041721464694929011e+01 -8.579789281856299965e+01
7.001116111807232301e+01 -8.546176648703981016e+01
6.973697352167172880e+01 -8.525011305470188461e+01
6.934173914439394082e+01 -8.496282428972440925e+01
6.886008211319007444e+01 -8.464015281804218205e+01
6.818913410101157524e+01 -8.419926415654619234e+01
6.745984462980969454e+01 -8.327052502514810328e+01
6.711455111319799016e+01 -7.918570109109619182e+01
6.880108437758912032e+01 -7.658788840871562797e+01
6.879805760670267034e+01 -7.657816075845657622e+01
6.879655319801297253e+01 -7.657340474249861018e+01
6.879311868642936645e+01 -7.656273071649798112e+01
6.878078379538258957e+01 -7.652624312052620326e+01
7.390840693819103535e+01 -6.760991844015600805e+01
7.349139630336900098e+01 -6.719670625629112237e+01
7.335268821788321247e+01 -6.703414536768144671e+01
7.334525722221226829e+01 -6.702552471734152562e+01
7.299775133309772457e+01 -6.666714618661862346e+01
6.848704283573123064e+01 -6.499929840570504780e+01
6.776067652775141426e+01 -6.433295452104795231e+01
6.714259978858881084e+01 -6.367634198262084766e+01
6.641531175510139917e+01 -6.273303429561071454e+01
6.612420226876015761e+01 -6.222322481159739738e+01
6.590930878716140739e+01 -6.160574784878252785e+01
7.231469755864607407e+01 -6.064700734871210130e+01
7.620269638155481573e+01 -5.920997031939725019e+01
7.690960419727080932e+01 -5.690919338344971834e+01
7.643407376121416519e+01 -5.518948766124606919e+01
7.611320283965991962e+01 -5.453978100816546970e+01
7.582615014488530392e+01 -5.400815548803385013e+01
7.518632775317972516e+01 -5.284782912447379033e+01
6.623716367054072407e+01 -5.525857941277543262e+01
6.432678067668840072e+01 -5.517755292190074101e+01
6.385014855275848333e+01 -5.515842144452064844e+01
6.223270248054451770e+01 -5.510674577512134675e+01
5.890546527312746150e+01 -5.269377027146336445e+01
5.771834543995696976e+01 -5.157324224951285885e+01
5.661730053146837349e+01 -5.052793716678034741e+01
5.589373776717681608e+01 -4.981293459104713861e+01
5.442483218956284219e+01 -4.794415022650151315e+01
5.341039519661416790e+01 -4.749931073925993985e+01
5.230826216057306510e+01 -4.655639239175039279e+01
5.211121798963230844e+01 -4.570764095804538840e+01
5.169948899317775215e+01 -4.487463943010095591e+01
5.139332275111443238e+01 -4.442210152365815645e+01
5.047091501566550420e+01 -4.262295867247498649e+01
4.855128648315665885e+01 -4.019229453028619758e+01
4.828352418889960518e+01 -3.765104870044086738e+01
4.800431953938252860e+01 -3.674157925152218240e+01
4.791405277994866196e+01 -3.644098509541059627e+01
4.889484802998487822e+01 -3.230319725568404721e+01
4.832740948158334504e+01 -3.162283855496080065e+01
4.779859086752322384e+01 -3.137442383919378841e+01
4.624162524182820277e+01 -3.082207020179709289e+01
4.588377270114776962e+01 -3.061540353524519986e+01
4.257156821728276697e+01 -2.806875687150686360e+01
4.165860785443883429e+01 -2.770482875906334641e+01
3.941596752514342228e+01 -2.588804997682310471e+01
4.029221976776273095e+01 -1.876717254912559696e+01
3.846686017632079313e+01 -1.806746094555817095e+01
3.678342101661318964e+01 -1.749001074077413520e+01
3.408133824257072320e+01 -1.642835957797648305e+01
3.350313261535973908e+01 -1.518214597892661644e+01
2.964649394174529107e+01 -1.289983410611290360e+01
2.936075937073047726e+01 -1.256656722294269990e+01
2.855223014662763248e+01 -1.204089370992643993e+01
2.690618728518678893e+01 -1.159263505968319663e+01
2.568241498443157411e+01 -1.105271490947792934e+01
2.512665263983696562e+01 -1.001368446585108529e+01
2.089806544592044801e+01 -7.837656307939678157e+00
2.067020473949767378e+01 -5.755862524011770454e+00
1.240010081634120809e+01 -5.664300269229872953e+00
1.186975818442317454e+01 -5.475501370994894756e+00
8.215131754948227893e+00 -4.167935634790339350e+00
7.054183842186727560e+00 -3.949485587447345125e+00
4.459926909083528734e+00 -3.432467079096137574e+00
1.390577913125534026e+00 -1.094471615176883850e+00
