-1.476267496258789613e+00 -1.643150364686922549e+00
-2.608035599110322345e+00 -2.304217018349922430e+00
-2.748171254450965773e+00 -2.691612309299512784e+00
-2.768045046357785477e+00 -2.782355719927869231e+00
-2.819264387983444475e+00 -2.984613036976921485e+00
-4.816159038900558187e+00 -4.176736880198414603e+00
-5.489389389390964880e+00 -5.369925960396777498e+00
-5.631026772925896040e+00 -5.687061754934545021e+00
-5.821479411602236809e+00 -6.129378601915804303e+00
-5.879307021715067805e+00 -6.265041291762093678e+00
-5.935125291898748934e+00 -6.395799417768534667e+00
-6.186186146414104137e+00 -6.970467290686167772e+00
-6.996385024676496478e+00 -8.102761848891574914e+00
-7.691095985220960607e+00 -8.612957523296811857e+00
-7.814876904175713790e+00 -8.889528756812513421e+00
-8.020779577689779671e+00 -9.787122999629534803e+00
-7.854190677805479304e+00 -1.020190437988944510e+01
-7.793603964087018277e+00 -1.037386639866945082e+01
-7.786775095881385056e+00 -1.056612397557289285e+01
-8.050479981415564978e+00 -1.117199818913503329e+01
-8.050481162471175622e+00 -1.117200098840571698e+01
-8.054125686396556461e+00 -1.118068311947466675e+01
-8.353158683209766622e+00 -1.176545609564946204e+01
-9.427676579416399250e+00 -1.255261717741960048e+01
-9.902517517680697878e+00 -1.359962789599083166e+01
-1.011619747269661040e+01 -1.407799576941575381e+01
-1.030833455801723808e+01 -1.452657181264473429e+01
-1.038140586924245667e+01 -1.495371708960511192e+01
-1.008737154588983032e+01 -1.567772988495183561e+01
-1.046905482525095366e+01 -1.661991471515955254e+01
-1.050831088979853511e+01 -1.717251212383038705e+01
-1.004001052002712946e+01 -1.838195387090565447e+01
-1.032237707766203982e+01 -1.967771658726488937e+01
-1.036049917141173182e+01 -2.032452312241991166e+01
-1.022572160457156087e+01 -2.074352461078127519e+01
-1.008124461430384322e+01 -2.110734176208493906e+01
-9.926902688283131937e+00 -2.152641652377844039e+01
-9.835417650601339545e+00 -2.194819218391783266e+01
-9.885477293913298880e+00 -2.238389235844659808e+01
-1.011214975312892150e+01 -2.391054416096952195e+01
-9.716477420664350717e+00 -2.479196649660090301e+01
-9.606492702210136514e+00 -2.505505374182534695e+01
-9.445677759353422687e+00 -2.550470328586873237e+01
-9.719921009757833019e+00 -2.715188740847053239e+01
-9.773884119090546108e+00 -2.747046657837423567e+01
-9.731354668551048803e+00 -2.763047661945717337e+01
-9.681159305115357938e+00 -2.773684828522154433e+01
-9.561675395400074606e+00 -2.809469733194377383e+01
-9.360538949960082178e+00 -2.835380413373984965e+01
-8.684284331854929206e+00 -2.860980693745260695e+01
-8.357639418712935253e+00 -2.880342658757730945e+01
-8.019628487831953478e+00 -3.202751662266291532e+01
-7.306209346586184594e+00 -3.381363666984119476e+01
-5.731894485020688990e+00 -3.525672602730604410e+01
-4.901360001817041123e+00 -3.731427832211281270e+01
-4.689060410176829841e+00 -3.788282673185138805e+01
-4.178364730089480616e+00 -3.921249950218174973e+01
-4.029257369462795779e+00 -3.956506760147136248e+01
-3.679057812559447083e+00 -4.021204600523662265e+01
-1.999358425127458094e+00 -4.208730971962209111e+01
-1.836136294658627710e+00 -4.235841119077817751e+01
-1.631643435713203250e+00 -4.257907160310411143e+01
-1.006494851798446888e+00 -4.287069250610778681e+01
-7.073322276504894202e-01 -4.299477068003204749e+01
-3.698740924024400689e-01 -4.343875211937158554e+01
-2.320158475163370815e-01 -4.386787557632596446e+01
-9.452237323972248473e-02 -4.432782250721308515e+01
1.895785717318099195e-01 -4.486826590218984734e+01
9.596169735501746123e-01 -4.528749392766881243e+01
1.396672916522106567e+00 -4.554076063332176716e+01
1.659571424347833224e+00 -4.598451931217928035e+01
1.778603525380721528e+00 -4.637280479077698203e+01
1.996718375542085866e+00 -4.655399906608020899e+01
2.569443961345197813e+00 -4.676579245415256025e+01
2.767080831506576022e+00 -4.684627177325118197e+01
3.767836089820883583e+00 -4.810166212343595049e+01
3.773776238792165838e+00 -4.810486766842463879e+01
3.807822953763813967e+00 -4.812257595134055066e+01
4.046386409141627283e+00 -4.822520581653784433e+01
4.189186252985014569e+00 -4.827636547573225556e+01
4.603537946679627346e+00 -4.842709804019358444e+01
4.933617171366207366e+00 -4.898477732993583800e+01
5.107232560777568153e+00 -4.936099314823578510e+01
5.294955988430095850e+00 -4.951491174613518353e+01
5.587151481501747341e+00 -4.966979991334634548e+01
5.846942523667135738e+00 -4.978207877534646997e+01
6.139657809805392219e+00 -4.991734196267030654e+01
6.481405451455290567e+00 -5.017129521167866102e+01
6.830812940613942175e+00 -5.096166794313406001e+01
7.653747122245667001e+00 -5.068302962163687653e+01
8.058789595040904530e+00 -5.078673754922712646e+01
8.440102775798248302e+00 -5.092934850316266449e+01
8.971417955545788914e+00 -5.116000277591887624e+01
1.022139570785496332e+01 -5.176916392636560005e+01
1.056786985813129753e+01 -5.256010603757664512e+01
1.111786092791726865e+01 -5.249054896366196488e+01
1.180836196501895508e+01 -5.246690625204635694e+01
1.286452186977573753e+01 -5.288706620688031279e+01
1.301350301944899357e+01 -5.295596628785624205e+01
1.407028539404394429e+01 -5.339101858442421644e+01
1.615468479860770046e+01 -5.282683470630362166e+01
1.665247189010851159e+01 -5.303571795588160853e+01
1.672422589804868664e+01 -5.306988187633739074e+01
1.695800815156466612e+01 -5.317168457250890867e+01
1.737518969882809827e+01 -5.326963623079458188e+01
1.856357563290667301e+01 -5.303994695252206526e+01
1.885154565192750198e+01 -5.319514501289651065e+01
1.904046062739057987e+01 -5.352648608771599470e+01
2.054199180364284416e+01 -5.313947596245168370e+01
2.214242803097988954e+01 -5.254828246343519993e+01
2.299891413471955914e+01 -5.222360114847904811e+01
2.376002083066343573e+01 -5.193487904880548456e+01
2.650367101644027201e+01 -5.088095110991244496e+01
3.029463779519933198e+01 -4.845109166143768675e+01
3.166373238488672825e+01 -4.713457128545619668e+01
3.261893857993301538e+01 -4.505294677140089021e+01
3.291293995444045350e+01 -4.439728398844754764e+01
3.447802922547987237e+01 -4.075223175730080527e+01
3.468147732547588902e+01 -4.018169838880353950e+01
3.466553524589559032e+01 -3.965498549360482627e+01
3.464629537953231875e+01 -3.965173251468951321e+01
3.448619447276045236e+01 -3.904416656391241247e+01
3.604020577771589018e+01 -3.513545699938823930e+01
3.600629517204265539e+01 -3.499224377407008291e+01
3.599386881925074988e+01 -3.496006374224675994e+01
3.681142802409465276e+01 -3.144365167426699870e+01
3.673872688454387969e+01 -3.125703196652190030e+01
3.656051861636920108e+01 -3.087517223183845161e+01
3.633015383153966837e+01 -3.037489816717884850e+01
3.603945880946996994e+01 -2.956516692832859761e+01
3.598005714093736884e+01 -2.928883475821583104e+01
3.595991583678502224e+01 -2.910704265234120314e+01
3.636643514163743873e+01 -2.755044763090007720e+01
3.635949062752007421e+01 -2.752581178978211085e+01
3.620342599904723357e+01 -2.723001990095364633e+01
3.608461616864362043e+01 -2.697271447273381639e+01
3.607948682709751864e+01 -2.684301593242129869e+01
3.620373177585407376e+01 -2.648467387615859536e+01
3.636928863130696499e+01 -2.615259007953510917e+01
3.639428971059924578e+01 -2.491835553972071793e+01
3.550173736218923182e+01 -2.428017677167154531e+01
3.535845095933330384e+01 -2.322141611750612711e+01
3.545924626420249126e+01 -2.275412269580338176e+01
3.514276180054124410e+01 -2.165619327021305551e+01
3.494452461672643295e+01 -2.118633568702738756e+01
3.492048308744187324e+01 -2.053519436507087548e+01
3.507909491976342764e+01 -2.028795489282846631e+01
3.527055086769939862e+01 -2.006434108553244755e+01
3.510007328109874436e+01 -1.878581297025330343e+01
3.445585954801956774e+01 -1.712753164698598596e+01
3.420409732209711962e+01 -1.638520239565712444e+01
3.410110002814467123e+01 -1.540539089271899975e+01
3.389979772119336587e+01 -1.288196752041871207e+01
3.372228406807725065e+01 -1.241285365533943441e+01
3.335429050901834813e+01 -1.143715923872624352e+01
3.306411659070780473e+01 -1.093296524509338319e+01
3.294738219114169908e+01 -1.080919160641785481e+01
3.221346320698064858e+01 -1.042710327679724180e+01
3.199174893277662690e+01 -1.027318939360318772e+01
3.147940511305879596e+01 -8.622628001783633422e+00
3.135405875210697602e+01 -8.534748285412328883e+00
3.108989972289302628e+01 -8.180030211935093831e+00
3.099914174486906404e+01 -8.015074800039158731e+00
3.066341410247487431e+01 -7.269090252398429541e+00
3.041327057773088072e+01 -6.614538468371013558e+00
3.012982972696760342e+01 -5.874157592240893955e+00
2.993345946928803158e+01 -5.416367247070142277e+00
2.881417348781837617e+01 -4.198519021559033781e+00
2.680249607076149232e+01 -2.838574480469885142e+00
2.632021523334181623e+01 -1.739816662509589662e+00
2.545767001550380826e+01 -1.238683967277925291e+00
2.504605739676010501e+01 -9.918080186385702657e-01
2.487992489853587230e+01 -5.420806962847845023e-01
2.458322526256498364e+01 -9.683287494935940987e-02
2.427949425190157129e+01 5.815493095983324118e-02
2.335859399530800218e+01 4.743546772056798644e-01
2.305619130478322276e+01 6.050650475600032330e-01
1.950587862426251462e+01 2.322578567887797707e+00
1.926722164373483182e+01 2.884765128349527252e+00
1.534926540159248098e+01 3.255663259401956555e+00
1.527965988927434360e+01 3.273980158962416454e+00
1.445960885307857424e+01 3.327160303932157337e+00
1.087206560710099090e+01 2.113047542656750100e+00
1.049407335659899587e+01 2.213642756047430549e+00
1.038942696752799932e+01 2.333470273091469149e+00
1.016449051088777900e+01 2.567208941379054643e+00
1.012223064887494139e+01 2.585015305958998422e+00
9.326881050217874503e+00 2.491282447614104445e+00
5.319250875541685630e+00 1.047084529235794870e+00
4.501892482993484101e+00 1.023234641961341396e+00
4.477168891344815549e+00 1.036327744457968603e+00
4.325878447608587862e+00 1.146722662119092018e+00
2.416813783313384256e+00 4.827365591887460838e-01
2.384364210522107008e+00 4.973630998726097374e-01
2.311960279626813275e+00 5.280573334582664424e-01
2.086970262918448338e+00 5.989709768861605221e-01
2.017772664981165143e+00 6.123628833975739427e-01
1.392787420527696662e+00 5.683942497958137663e-01
7.931218704043756507e-01 3.056406310950497418e-01
