-1.406528955532938829e-01 -2.595459310627075133e-01
-2.106117375762600608e-01 -3.818813915398522885e-01
-3.602222702920630515e-01 -6.428326931928369792e-01
-3.892556360936403337e-01 -6.947996974215537858e-01
-4.815108277593378006e+00 -2.763571549019927520e+00
-4.930585054002172285e+00 -3.112600654011757229e+00
-6.958401229118093667e+00 -4.743936434165142657e+00
-6.906939718266091432e+00 -4.854185999520589156e+00
-6.881486130862028539e+00 -4.927522372226077252e+00
-6.872388080125859666e+00 -4.974880434858760303e+00
-6.870441405224076092e+00 -5.026220221537923472e+00
-7.005962265557648116e+00 -5.352517757241061602e+00
-7.291021291351384548e+00 -5.855605348525640075e+00
-7.400278434642742376e+00 -6.040995642912529107e+00
-7.474222958521669291e+00 -6.171065030376752247e+00
-7.514208931741515940e+00 -6.542820531998616573e+00
-7.409414985102827700e+00 -6.788554097210797167e+00
-7.377943541405054262e+00 -6.897101833809386129e+00
-7.357382562273157234e+00 -6.985738330307848187e+00
-7.338974796062575301e+00 -7.076282299223318972e+00
-7.335416798527663040e+00 -7.095556927833762018e+00
-7.330146954648081525e+00 -7.127081115372065234e+00
-7.464470547428319058e+00 -7.651872812726243644e+00
-7.770375583551742515e+00 -8.155906009176042915e+00
-7.722470980027398291e+00 -9.329859203032823345e+00
-7.774281369261352381e+00 -9.609374862510710713e+00
-7.899004674150481797e+00 -9.866699964638064202e+00
-8.001700605855743831e+00 -1.004512691037942140e+01
-8.083363513563449843e+00 -1.019553389435739810e+01
-9.313902292500264579e+00 -1.096677931168159859e+01
-9.308306311326660420e+00 -1.102357985597305401e+01
-8.914590344715163539e+00 -1.122874972261130111e+01
-8.634936416450868180e+00 -1.137729255767260383e+01
-8.475273066966749980e+00 -1.147029482428973957e+01
-8.202881939270897149e+00 -1.165063011331925225e+01
-8.437310725453546212e+00 -1.227647407193621376e+01
-8.625154094156997076e+00 -1.262689628627157923e+01
-8.730958963876146228e+00 -1.315150567198897136e+01
-8.672040040215154733e+00 -1.332021435997544678e+01
-8.577839422196564811e+00 -1.367032749630918254e+01
-7.372061743459113359e+00 -1.467526818166348157e+01
-7.851347596498299275e+00 -1.619650118536596395e+01
-7.577821421337478824e+00 -1.718407868327166099e+01
-6.996415781699016456e+00 -1.913449956652517514e+01
-6.782103049676279305e+00 -1.987935163379279757e+01
-6.643061339278334643e+00 -2.037277598711644799e+01
-6.522989849238200577e+00 -2.080450007862286910e+01
-6.144804324085736624e+00 -2.217048166698963030e+01
-5.726288109701133777e+00 -2.347422978129392490e+01
-4.855685308809702505e+00 -2.397703007830234512e+01
-4.387335694883821802e+00 -2.480184133374786626e+01
-3.223955977537741990e+00 -2.867849934672923595e+01
-2.539603166903775300e+00 -3.109204501892881822e+01
-2.057552776483219326e+00 -3.275319176002884802e+01
-1.184823645435022055e+00 -3.607554431135839934e+01
-1.253819011146427576e+00 -3.730010363942677998e+01
-1.543387617016525271e+00 -3.782038707602271899e+01
-1.378963101365199284e+00 -3.804246991643051246e+01
-1.202853995042185709e+00 -3.816804882461450177e+01
4.888749033166391866e-01 -4.183607034346403708e+01
7.616009666404921497e-01 -4.249388067806437164e+01
1.201190031573916794e+00 -4.279618878568852836e+01
2.287893035414415355e+00 -4.330764017132552368e+01
2.722541299994671871e+00 -4.356854664147967071e+01
3.232332332107977990e+00 -4.391918974810964471e+01
3.301807626414623886e+00 -4.423863494219349946e+01
3.389926917220677183e+00 -4.455130969024715171e+01
3.636037795441120490e+00 -4.487724908631822274e+01
4.230845812947017670e+00 -4.519488488508037705e+01
4.556146547724399198e+00 -4.539951745077176071e+01
4.788169278901961867e+00 -4.574949914982856569e+01
4.860736458866646181e+00 -4.607572936203666814e+01
4.889215856915622105e+00 -4.622242611271476420e+01
4.954519904736720548e+00 -4.635049606153772572e+01
5.019253830573659592e+00 -4.637733638616761311e+01
5.107195049445889978e+00 -4.637436222994821833e+01
5.134616206365548940e+00 -4.636985947557003129e+01
5.351715371702320034e+00 -4.632771652069263979e+01
6.719413827115999993e+00 -4.658584624696174359e+01
7.330469702318469061e+00 -4.692687763648337551e+01
8.872651241826815749e+00 -4.737255094728683957e+01
9.878714604169950064e+00 -4.752587620872205321e+01
9.983818641903155822e+00 -4.759307362587647816e+01
1.021400166928124698e+01 -4.772954588024676781e+01
1.053959184367728596e+01 -4.786237917102553041e+01
1.124759077936328033e+01 -4.772996398920877681e+01
1.168038386595869937e+01 -4.774590461087528581e+01
1.210816818382370919e+01 -4.793537747133723315e+01
1.255494924157194880e+01 -4.828496201471898530e+01
1.306233425977543483e+01 -4.826143880267902375e+01
1.372517567899926227e+01 -4.808115903149850112e+01
1.433731769963637781e+01 -4.790513760671208843e+01
1.573478876947592120e+01 -4.749157626579970071e+01
1.697590589584134335e+01 -4.734660898883075220e+01
1.720589330839969833e+01 -4.757720236126745306e+01
1.736651663783501576e+01 -4.766173161544526948e+01
1.948725793964784714e+01 -4.640314651750910713e+01
1.980232092277963929e+01 -4.632376836205622794e+01
1.981229397922350444e+01 -4.632151282186725894e+01
2.007813713429861480e+01 -4.626679889963126868e+01
2.036816300983605643e+01 -4.621283815658363636e+01
2.052222483299802391e+01 -4.617988651926411592e+01
2.053433895313444424e+01 -4.617701491731227748e+01
2.075974091389939247e+01 -4.611203565995736398e+01
2.249579150943304739e+01 -4.401096040441376545e+01
2.441924937489125469e+01 -4.188733657917051545e+01
2.452951250836180819e+01 -4.185686384150405814e+01
2.463382137681842110e+01 -4.183051539335829005e+01
2.477192702980274319e+01 -4.179968853195974532e+01
2.624022298923270213e+01 -4.031227308203674653e+01
2.637635392742265950e+01 -4.027573197723358334e+01
2.647979406682506820e+01 -4.026247035585856082e+01
2.675565152887861231e+01 -4.019624228278931355e+01
2.728560430019793515e+01 -3.974770094738222070e+01
2.753507971433026924e+01 -3.928677181887897518e+01
2.771789579585248120e+01 -3.867720179625166566e+01
2.771054837056291476e+01 -3.861248971107894334e+01
2.805886334069489152e+01 -3.688011938895471076e+01
2.830710872682461599e+01 -3.642959525350732974e+01
2.964759249557476295e+01 -3.454399359379773671e+01
2.964193917809138057e+01 -3.451949985763144468e+01
2.962914811897817913e+01 -3.446269200112649855e+01
2.960635576328114382e+01 -3.435909911610620782e+01
2.959646667854629243e+01 -3.429972212315919933e+01
2.959262510543951663e+01 -3.426323580418198844e+01
3.014523429571294244e+01 -3.287905663413637569e+01
3.010368785471594322e+01 -3.246595412279474147e+01
3.000391872166268925e+01 -3.207107128695099618e+01
2.984906187175052494e+01 -3.158080154897040259e+01
2.960927275225601463e+01 -3.082363602415434656e+01
2.957784447738318434e+01 -3.070569237775211491e+01
3.004623088993308855e+01 -2.892201597107175104e+01
2.990291989804114436e+01 -2.822984611239268915e+01
2.980639185095794375e+01 -2.785458919553648727e+01
2.902975684581510407e+01 -2.507415560740188809e+01
2.824131848854255722e+01 -2.240220377347485226e+01
2.790950173460932859e+01 -2.129266192833514282e+01
2.761825374267288069e+01 -1.989610830264492236e+01
2.791285839930755941e+01 -1.971393067453184500e+01
2.814317696388514278e+01 -1.833033853400655033e+01
2.805012682355366138e+01 -1.805487188983139291e+01
2.783270750049372921e+01 -1.731879630222817923e+01
2.756991470259349697e+01 -1.689969671623399705e+01
2.658961183139141227e+01 -1.629218318513957087e+01
2.640184959653605290e+01 -1.593603475242167633e+01
2.629295235350421578e+01 -1.559003742140187398e+01
2.626695717490365212e+01 -1.548716957982313147e+01
2.623731820480061216e+01 -1.536081242818668535e+01
2.615317849913471449e+01 -1.498421325058300368e+01
2.590813613645568125e+01 -1.444387548475215333e+01
2.546761133471050798e+01 -1.409600352824066505e+01
2.492286454425816089e+01 -1.395184003040466081e+01
2.433532848761458567e+01 -1.234615996464901144e+01
2.405057443918731153e+01 -1.134964870210588828e+01
2.340869846608489269e+01 -9.001078017701610534e+00
2.279875759275951808e+01 -7.671232382085219292e+00
2.239022666445749721e+01 -7.498005729691936239e+00
2.083618119267832114e+01 -6.668129935271883468e+00
2.049922005313514717e+01 -6.311532334702603997e+00
1.977370877713708808e+01 -4.480835066709473402e+00
1.959514658805528242e+01 -4.383313453887869748e+00
1.932538275562190577e+01 -4.263818325644779250e+00
1.912350209700392512e+01 -4.158787639890739740e+00
1.886288064941102860e+01 -3.938072745998752566e+00
1.877921165389450309e+01 -3.802459456119389625e+00
1.869687856869144582e+01 -3.583486036777761452e+00
1.866192494615219388e+01 -3.418171996453208461e+00
1.826996528132387354e+01 -3.090593084801700474e+00
1.672771048193607513e+01 -2.812357458900339058e+00
1.635607180050536869e+01 -2.598719838563510631e+00
1.597885715249830874e+01 -2.393834537953568820e+00
1.571721964725009002e+01 -2.253466458962331220e+00
1.559592937692127990e+01 -2.187112555173581274e+00
1.550300492038873656e+01 -2.134877794944521234e+00
1.537905275430826357e+01 -2.062063499905737007e+00
1.513871689418749611e+01 -1.897054248284285594e+00
1.499594114957363011e+01 -1.549189711780909695e+00
1.438272380240606907e+01 -6.914262818874441496e-01
1.396208578823635627e+01 -4.823855545882162477e-01
1.343533041223465929e+01 3.423846489748077482e-01
1.339194270222063565e+01 5.269597915703082558e-01
1.332072873326828066e+01 6.224539861257363249e-01
1.234808715109928023e+01 4.392969689434415570e-01
1.207547149527962738e+01 5.760447711286065253e-01
1.184821834399915019e+01 6.992799010833256057e-01
1.136001392431864154e+01 1.015803080040813544e+00
1.130139422015638395e+01 1.044866513195717994e+00
9.725572923811659720e+00 7.069059423830457156e-01
7.791580048057451080e+00 1.649368854461104594e-01
6.702357448919247673e+00 3.318235889845502218e-01
6.610750851184485910e+00 4.015593829627900901e-01
5.799765236599697893e+00 6.096186215833100386e-01
3.870718079800615108e+00 2.833540944839821885e-01
3.684846535716662430e+00 3.619573798440378631e-01
3.576765669952949533e+00 4.189432185815182286e-01
3.315904006572501395e+00 6.141942980062172763e-01
3.254600423371651008e+00 6.659448290378813251e-01
2.075166219922204291e+00 5.949022252449087667e-01
1.023807345985946249e+00 2.931189469327109554e-01
