-8.235127139595213586e-02 -1.467085958515715882e+00
-2.058440413471247510e-01 -1.663352568623693406e+00
-4.108125698269248782e-01 -2.580127654070244247e+00
-3.559184413906543165e-01 -2.743774519996307504e+00
-3.944243722487365544e-01 -3.119170156669608840e+00
-7.072054722159468731e-01 -3.772992249323472880e+00
-5.844587083978516340e+00 -7.963018544503963625e+00
-7.045386436217968118e+00 -9.165898393788276977e+00
-7.015142675790118076e+00 -9.411653471404953564e+00
-7.039225648639779287e+00 -9.579484987463651180e+00
-7.109273780798281095e+00 -9.808505517635444093e+00
-7.677364852793147065e+00 -1.092228857828046706e+01
-9.137349301296245230e+00 -1.327266287896014774e+01
-9.695830933648833749e+00 -1.421916756234992896e+01
-1.000549774015514970e+01 -1.510389034007894793e+01
-1.105208162819731044e+01 -1.853676542452222975e+01
-1.082877199773341914e+01 -1.986180447616573375e+01
-1.067722656756801314e+01 -2.040941112588534523e+01
-1.055425617540974059e+01 -2.084293167928747081e+01
-1.044291845684205455e+01 -2.125356726908259475e+01
-1.043308803430281806e+01 -2.129169467126610371e+01
-1.029960739072459752e+01 -2.188470554551312119e+01
-1.048908697829176440e+01 -2.355784368219005032e+01
-1.175466389895821351e+01 -2.520004924410781655e+01
-1.314346853701386664e+01 -2.740483987054722803e+01
-1.360478299742172759e+01 -2.846198960364871411e+01
-1.414809930747156841e+01 -2.928214389238363324e+01
-1.450309450872724426e+01 -3.006427733830169657e+01
-1.451010578642441651e+01 -3.059492599275917613e+01
-1.667871001243539908e+01 -3.327412389982639240e+01
-1.664623026143132023e+01 -3.443490120413586908e+01
-1.615921153813999922e+01 -3.688828882921615104e+01
-1.565994309754262126e+01 -3.892724142032032120e+01
-1.537611791828657637e+01 -4.007890328157753856e+01
-1.510545716656697302e+01 -4.124750294855031285e+01
-1.553164522159264749e+01 -4.349799763332732994e+01
-1.537604144036169984e+01 -4.454642712769467039e+01
-1.577993960442448262e+01 -4.684281257106158591e+01
-1.476631421152257495e+01 -4.769387630925573518e+01
-1.446961582187265449e+01 -4.858726895142273605e+01
-1.413331580988040592e+01 -4.999832584380708767e+01
-1.401652522279754010e+01 -5.059227471356187777e+01
-1.393260689847716449e+01 -5.145911378448749929e+01
-1.392820606072898393e+01 -5.381202714288793487e+01
-1.243961966208268244e+01 -5.473587150475129448e+01
-1.184419419933348294e+01 -5.523347097022830354e+01
-1.107194535167164773e+01 -5.645703042762789181e+01
-9.224612225402633925e+00 -5.775945774201165506e+01
-8.845052380488821697e+00 -5.933157402935879077e+01
-8.343478298047278585e+00 -5.983181356356675451e+01
-8.020227093962480680e+00 -6.005663187305859907e+01
-7.715321200817927050e+00 -6.308591303400501005e+01
-7.633815476665262167e+00 -6.486021845362726879e+01
-7.438986620374321568e+00 -6.560991251766608912e+01
-7.149224846974348679e+00 -6.744669503323261495e+01
-7.703848594894817658e+00 -6.854255974293005238e+01
-7.711763359979286747e+00 -6.881378030337609175e+01
-7.675739023654585047e+00 -6.909598815289044182e+01
-7.662578326739340362e+00 -6.915803189066438961e+01
-7.968546216716495323e+00 -7.228925229912762518e+01
-7.707534791107664596e+00 -7.280494689511036199e+01
-6.832395039108026147e+00 -7.322467423714714130e+01
-4.618779948531908985e+00 -7.290304309303412822e+01
-2.464083159534986134e+00 -7.263076650999617812e+01
-2.055894764724495616e+00 -7.284112013366443250e+01
-1.931077813094237206e+00 -7.296341215200472163e+01
-3.224432666744497800e-01 -7.322217467100675492e+01
4.938279174754341971e-01 -7.370828415900535902e+01
2.695597788822789553e+00 -7.438205819880322167e+01
3.881486640644464803e+00 -7.497278311275113083e+01
4.403246729939386483e+00 -7.679778704976820336e+01
4.193540335898363836e+00 -7.865295287136885349e+01
4.197243833534403556e+00 -7.936185165711323464e+01
4.798861764349862113e+00 -7.983302098557686577e+01
5.445773138613663633e+00 -8.019780387023922685e+01
6.193310328582180446e+00 -8.050116478657645303e+01
6.203739059731687711e+00 -8.050383368116999350e+01
6.466738041685179184e+00 -8.054570973067288264e+01
7.904594156487942058e+00 -8.085201054712345581e+01
8.502461438568643004e+00 -8.114588838850221464e+01
1.008563037590391254e+01 -8.211118871302632272e+01
1.104163203174876351e+01 -8.337949661550287317e+01
1.133217243733104951e+01 -8.435429810968409470e+01
1.214336718657962244e+01 -8.450594263246227911e+01
1.419361912599217312e+01 -8.293028898741408739e+01
1.753844840528108762e+01 -8.117897905503487266e+01
1.844354808797033840e+01 -8.093335563247089226e+01
2.011356205479501824e+01 -8.053852762234835438e+01
2.141588111982074238e+01 -8.032898373162588257e+01
2.210391742257144543e+01 -8.039907109417131892e+01
2.261267023625837069e+01 -8.086163923594097014e+01
2.374612598473979119e+01 -8.062733880349195204e+01
2.698369377657552093e+01 -7.947548421272492192e+01
2.832704126533809941e+01 -8.017651326235497322e+01
2.897976003651163168e+01 -8.086024520279873684e+01
2.924391595411554690e+01 -8.138643354130732632e+01
3.317275405146591538e+01 -7.959629682880671453e+01
3.334305553303612868e+01 -7.955298204988343969e+01
3.357162062603418207e+01 -7.949634237504238854e+01
3.446495164300144864e+01 -7.928269144111567357e+01
3.815456474028266598e+01 -7.741541705894304926e+01
3.823387131987028908e+01 -7.739663428581431504e+01
3.824182366141409517e+01 -7.739477083593295959e+01
3.838510746812442420e+01 -7.736161495049606174e+01
3.891152210198101358e+01 -7.723831550715605943e+01
4.182108788328400806e+01 -7.453137609524323182e+01
4.216345707923338892e+01 -7.436532219665966181e+01
4.467958444889509906e+01 -7.076551959097277233e+01
4.474802377423483080e+01 -7.074363866997155981e+01
4.480330000550658553e+01 -7.072183629723554077e+01
4.483034658670950989e+01 -7.070951937391762954e+01
4.488012448831009493e+01 -7.068366623658927494e+01
4.514446084061570730e+01 -7.046645765908249359e+01
4.635572174853609795e+01 -6.859277281649320912e+01
4.746679902433643861e+01 -6.797534848116018225e+01
4.820961325358131688e+01 -6.678907876220945639e+01
4.815273480581446108e+01 -6.650500679569302065e+01
5.035023790244434139e+01 -6.268051439432458949e+01
5.031651603898193770e+01 -6.246196435186397622e+01
5.026695199792232671e+01 -6.225670456009491005e+01
5.026275005839320187e+01 -6.224066850348693691e+01
5.021312665154268018e+01 -6.204840283303861526e+01
5.314614879840293327e+01 -5.691778916280539136e+01
5.314543943912331514e+01 -5.691033439897257296e+01
5.314473174977636205e+01 -5.690249712817860228e+01
5.314308235553478710e+01 -5.688216809178815936e+01
5.314019143435810832e+01 -5.683139977163513379e+01
5.440731942543516197e+01 -5.319817850871960019e+01
5.423996120645276875e+01 -5.264612732448646426e+01
5.453827703541844585e+01 -5.014926015173968210e+01
5.459735892183169170e+01 -4.971381366924632772e+01
5.457963713510743275e+01 -4.966084321429286064e+01
5.509474643522901260e+01 -4.769050071387894718e+01
5.509635080352280312e+01 -4.761978776413788239e+01
5.494459761460147718e+01 -4.690302124364328051e+01
5.477805845376003191e+01 -4.610378072770109270e+01
5.512233126461008936e+01 -4.521527522075717798e+01
5.536555538959469658e+01 -4.473209751357411079e+01
5.524912730943670880e+01 -4.380311776380992228e+01
5.485205130403200258e+01 -4.187184340868087418e+01
5.455229879295151818e+01 -4.099545533011450260e+01
5.390106554358519730e+01 -3.878786456184605669e+01
5.273320923787056813e+01 -3.745046915016231992e+01
5.211083361592514507e+01 -3.475749795411880427e+01
5.096599327069737484e+01 -3.347522703903226926e+01
5.062860057288254723e+01 -3.271140477739753294e+01
5.060400960733354481e+01 -3.257222711313519881e+01
5.057704537716208648e+01 -3.240909422423642638e+01
4.909239154075327605e+01 -3.030628104044309978e+01
4.859918648547763098e+01 -2.818281436182678945e+01
4.783038286400519468e+01 -2.741423606885269848e+01
4.723889816745199255e+01 -2.658795495094457095e+01
4.634268497411051158e+01 -2.312690778245597656e+01
4.564994251120040047e+01 -2.272883295265663506e+01
4.488286840485246643e+01 -2.104311048622784952e+01
4.405013187972318178e+01 -1.790860580024951432e+01
4.378887212339376589e+01 -1.755486633823379705e+01
4.139772414721261384e+01 -1.754281452080486758e+01
4.002724449273559770e+01 -1.744304709175710499e+01
3.923907141090024453e+01 -1.704290971280847344e+01
3.869564838238218130e+01 -1.671212643242539997e+01
3.782599833120147537e+01 -1.614866541969740865e+01
3.726904379433703696e+01 -1.577477428482061583e+01
3.645210378769371573e+01 -1.514187310128827768e+01
3.619357897993000250e+01 -1.474552769629445059e+01
3.602592228914084416e+01 -1.417165732655686661e+01
3.571545884381245628e+01 -1.398961926984268622e+01
3.487041519774473386e+01 -1.313491385205810857e+01
3.328661860442236531e+01 -1.058646311854552557e+01
3.276083044085250151e+01 -8.894509529423265448e+00
3.186325882846881186e+01 -8.279693257600946765e+00
3.157391272542385252e+01 -7.701231321494748094e+00
3.130706794115925717e+01 -6.693674309317072080e+00
3.071605485371271627e+01 -5.207216893921058798e+00
3.052744488830338554e+01 -4.970220994734094511e+00
2.381738639924915191e+01 -6.498405914106134773e+00
2.347228004381821975e+01 -6.377936984093625306e+00
2.185135441689075364e+01 -4.512462589604740337e+00
2.146198152962424643e+01 -4.255076313999656357e+00
1.979236937328021284e+01 -3.177080152977379335e+00
1.966704854013806170e+01 -3.089814357318169336e+00
1.946140654828798588e+01 -2.939847063408488115e+00
1.930471013711193962e+01 -2.816506759585317266e+00
1.890920667315221237e+01 -2.201646730967718124e+00
1.845751349867217428e+01 -1.533515933802138020e+00
1.756391172856757521e+01 -3.396853366881648073e-01
1.747787185964206458e+01 -1.215052159347387306e-01
1.723139650470424300e+01 8.540292716674367790e-02
1.678246505208669603e+01 3.432872774479305278e-01
1.647986907705271520e+01 5.736926792049996671e-01
1.624172445460257919e+01 8.897036512882819936e-01
1.609103519622499334e+01 1.716193685020459769e+00
1.590616656611916291e+01 2.423592678111987198e+00
7.624847651757189482e+00 -6.381940854226284543e-01
7.450337261038644243e+00 -5.790712725553663898e-01
6.421386626792903840e+00 -5.725393550560791134e-01
6.190519184044450007e+00 -6.249218616085298050e-01
2.648586938763831444e+00 -9.252415608984351225e-01
6.772481749542968998e-01 1.561092253488224335e-01
