-2.626146135255770786e-01 -3.434404742912471331e-01
-4.060844045713447592e-01 -5.264705709439891912e-01
-6.501253380672483706e-01 -8.505591771854205119e-01
-6.809300655005987579e-01 -8.923441651690841026e-01
-2.397680028905656346e+00 -1.944212785767784224e+00
-2.916163697377891939e+00 -2.653851814251340979e+00
-4.523602821706328214e+00 -4.063025055909903038e+00
-4.492078056245905060e+00 -4.176953544218889647e+00
-4.449012377553483333e+00 -4.281627055105316160e+00
-4.432286243076278609e+00 -4.336822795441236167e+00
-4.425578636864182513e+00 -4.402999717152046522e+00
-4.656607006752954803e+00 -4.887210952274791076e+00
-5.397896808258328960e+00 -5.878062716506090801e+00
-5.795136522423997683e+00 -6.364147178303264596e+00
-5.951441265609192399e+00 -6.567300412818023680e+00
-6.126255022832837405e+00 -7.110469674095509340e+00
-6.106026995379409961e+00 -7.311498411115089802e+00
-6.096820034871041294e+00 -7.412985495985598305e+00
-6.083138407441741613e+00 -7.476043284341430173e+00
-6.062442783256455137e+00 -7.526940150624302106e+00
-6.055035750275332695e+00 -7.540584075337187109e+00
-6.033041637322605233e+00 -7.577538187118060264e+00
-6.444944329545466033e+00 -8.416882849904121500e+00
-7.244812526654988538e+00 -9.441898797537927379e+00
-7.668153526463063585e+00 -1.110379921007944759e+01
-8.164366229269941044e+00 -1.176941476210164694e+01
-8.413042109448065631e+00 -1.240549520571685349e+01
-8.368942232929500236e+00 -1.316741555306184175e+01
-8.185169196586596030e+00 -1.430917917385842131e+01
-8.316493460044764419e+00 -1.552170304290985037e+01
-8.863578459091961292e+00 -1.620567538398158192e+01
-8.856511609136163088e+00 -1.695201036594583854e+01
-8.788221138494527906e+00 -1.751865293158258652e+01
-8.743706597584379736e+00 -1.783835651317710358e+01
-8.702228351018094443e+00 -1.813763261632850288e+01
-8.660476918489658615e+00 -1.846095473244962193e+01
-8.627410238990435687e+00 -1.875228178083780506e+01
-8.593314991042598550e+00 -1.909346557490651719e+01
-8.564843160807354749e+00 -1.937431711363592512e+01
-8.482004209333291911e+00 -1.995145484773471267e+01
-7.411259134278634697e+00 -2.102710929771177817e+01
-7.257283872061137231e+00 -2.125313675790943435e+01
-7.240582458791343434e+00 -2.168208742586831050e+01
-7.724090706936467932e+00 -2.351730887330740671e+01
-7.420930260111282095e+00 -2.370262956309581526e+01
-7.299509482821577855e+00 -2.378846993738440574e+01
-7.077175344348509256e+00 -2.400519749683162019e+01
-6.774347755208935062e+00 -2.530164581604717711e+01
-6.250027764023971422e+00 -2.639078927037357047e+01
-5.469313806728818506e+00 -2.700262666494352715e+01
-4.943697377824620709e+00 -2.736399436932729756e+01
-4.540834130157072046e+00 -2.776080641005122729e+01
-4.431160812351344624e+00 -2.798045325328314092e+01
-4.334714097586068959e+00 -2.834119662635022152e+01
-4.250202567159111489e+00 -2.903597616879029175e+01
-4.250984031229134708e+00 -2.937338025447692758e+01
-4.121531171490423695e+00 -2.975401794137596667e+01
-3.875719073510412116e+00 -3.000546152134349853e+01
-3.485334391799515430e+00 -3.030318353574192614e+01
-1.310210336006673248e+00 -3.287220051450470493e+01
-1.004193783262436135e+00 -3.311740457009979366e+01
-4.273802995969729346e-01 -3.356070900017457603e+01
9.366090455377849011e-01 -3.458692005891241195e+01
1.451225532052937028e+00 -3.497815509052863092e+01
2.120244347593958523e+00 -3.549208203073784063e+01
2.514539107471577051e+00 -3.579637247422204638e+01
3.147277123254803133e+00 -3.628357182093883893e+01
3.923136399063750002e+00 -3.687182113582610299e+01
5.390578672038705221e+00 -3.764442906505490782e+01
6.451929266772538085e+00 -3.792188952203086671e+01
6.591025134094707916e+00 -3.804178952371361788e+01
6.766507810172610604e+00 -3.818394839678563812e+01
6.884880674530831968e+00 -3.826390875967631189e+01
7.342135374941545223e+00 -3.837874265281836728e+01
8.269521433617223138e+00 -3.843905684356723640e+01
9.370038243948187073e+00 -3.910221755474321270e+01
9.463466006758485705e+00 -3.909621368745012404e+01
1.002028505746535458e+01 -3.902613039389140681e+01
1.130132683234045565e+01 -3.884858046774713358e+01
1.156309849133124956e+01 -3.880026110660790550e+01
1.266362370104022617e+01 -3.914838732848445346e+01
1.297513150644621405e+01 -3.936683843624678758e+01
1.307600185403351034e+01 -3.944356517377108418e+01
1.327638539808331153e+01 -3.957637387888129155e+01
1.359235111126796269e+01 -3.957784093033527739e+01
1.406810195614559511e+01 -3.950516400052123345e+01
1.437217664144105456e+01 -3.955322475985578734e+01
1.466148758773436001e+01 -3.975665253229715290e+01
1.501794475166378895e+01 -4.006157443401465912e+01
1.547391359993684645e+01 -4.019549001976731262e+01
1.687269990230829464e+01 -3.915374111408200974e+01
1.728803992700676062e+01 -3.907606015052866866e+01
1.812512170195697436e+01 -3.895439515946136311e+01
1.917870295699873751e+01 -3.883333948621436349e+01
1.985025723348515214e+01 -3.875964607535822637e+01
2.018153217749292949e+01 -3.871781268409262822e+01
2.222659123696384853e+01 -3.741674502759902765e+01
2.232824183991962386e+01 -3.740435284370546043e+01
2.232827012244996112e+01 -3.740434990645037772e+01
2.232832469298123002e+01 -3.740434423876767056e+01
2.430204581503025096e+01 -3.613357060492655393e+01
2.430829213294784097e+01 -3.613363574294753278e+01
2.431021760188874836e+01 -3.613365037066851215e+01
2.435317908272286047e+01 -3.613313204457911354e+01
2.441064412610000289e+01 -3.612986653616163579e+01
2.454301502952177927e+01 -3.611303435702470921e+01
2.459936724004391451e+01 -3.610286241298958032e+01
2.466682920264033996e+01 -3.608913373862960583e+01
2.473887052992749247e+01 -3.607281431414185846e+01
2.597331276671089739e+01 -3.489857659284183455e+01
2.609559241854704581e+01 -3.487531969313357649e+01
2.619736964802284618e+01 -3.486946144441832729e+01
2.645795644489601273e+01 -3.486025874125567725e+01
2.669220535907166791e+01 -3.477047755380942107e+01
2.673375289819267309e+01 -3.468785271173267404e+01
2.674717514904660121e+01 -3.457945491385125081e+01
2.674033282558243130e+01 -3.446423780760073896e+01
2.886091354930875141e+01 -3.207168544645214325e+01
2.898963364199023118e+01 -3.190379876383015656e+01
2.898990621932841449e+01 -3.190346058822479236e+01
2.899000037158099019e+01 -3.190334378924842440e+01
2.935888798969944347e+01 -3.128450986273097101e+01
2.933580879136492925e+01 -3.115604366925100166e+01
2.932701229455957659e+01 -3.112493313050894983e+01
2.932043679549493476e+01 -3.110244944540644241e+01
2.931422272393829331e+01 -3.108113598783657494e+01
2.930530909907706061e+01 -3.104926174684257134e+01
2.929086867161077024e+01 -3.098865388411246613e+01
2.928015259738252141e+01 -3.093079324110238204e+01
3.006932443160966884e+01 -2.910266345264103194e+01
3.006187166826749291e+01 -2.901484794803662481e+01
3.005681359490444748e+01 -2.898384951493058281e+01
3.078126960721063554e+01 -2.714326260795053258e+01
3.078284290721971672e+01 -2.712796773535563588e+01
3.077286538024016238e+01 -2.681960445412503447e+01
3.071436335742298596e+01 -2.653408295066595457e+01
3.068628634366570296e+01 -2.641972009763575358e+01
3.086177063418286792e+01 -2.599077852099047448e+01
3.124106417038334271e+01 -2.549256862939750334e+01
3.142428888886203353e+01 -2.413899820738827273e+01
3.137410833858597314e+01 -2.384495730694048632e+01
3.126486919906838580e+01 -2.294656846093403857e+01
3.121668628529381806e+01 -2.255036834929708434e+01
3.068164006950819456e+01 -2.176514910145013104e+01
3.012249852794902694e+01 -2.123677515673539062e+01
3.025191205482404655e+01 -2.093563703177795432e+01
3.047130082256126116e+01 -2.069944356013132492e+01
3.066081632551107816e+01 -2.045629496798160929e+01
3.085485540662473269e+01 -1.978555308377582733e+01
3.074151663964421743e+01 -1.921115230017191067e+01
3.059199928863586493e+01 -1.902722329353012043e+01
3.045306777295675360e+01 -1.889941743647927552e+01
3.018169728087644188e+01 -1.869697431554373424e+01
2.990837684889983450e+01 -1.852788252317594697e+01
2.964550757860495267e+01 -1.812223382041710806e+01
2.930608347596202279e+01 -1.626142905905039626e+01
2.915931259595854996e+01 -1.612913031792736618e+01
2.809953524587006513e+01 -1.449343727340174404e+01
2.761714699039011123e+01 -1.404391792988467813e+01
2.741634586767520432e+01 -1.388432476892678125e+01
2.697900538884618271e+01 -1.354875941191019706e+01
2.666990901831593774e+01 -1.331644459406088465e+01
2.623156253531066540e+01 -1.298960359467703718e+01
2.592519449913596929e+01 -1.276124990783821822e+01
2.558169705767813440e+01 -1.250373872591978319e+01
2.524952761821912617e+01 -1.225267641396454188e+01
2.501427760372400400e+01 -1.207352478982144994e+01
2.387870127470290882e+01 -1.119087003664865776e+01
2.245239942817364565e+01 -9.893047647673522960e+00
2.228418835976360413e+01 -8.476963781658584551e+00
2.148343306416303733e+01 -8.288728562574842584e+00
2.114442575552743975e+01 -8.157720133617489822e+00
2.103449751968223680e+01 -8.093534594973599283e+00
2.091811809816254097e+01 -8.019534526108010652e+00
2.075768503519011432e+01 -7.909782797789908670e+00
2.044677278192513370e+01 -7.679076628489746703e+00
2.006629991262795798e+01 -7.376941886441866103e+00
1.709586292752899084e+01 -5.980243706995205244e+00
1.680776293746510319e+01 -5.758308123925958810e+00
1.567791139907917675e+01 -4.124720462579825053e+00
1.558907131256521694e+01 -3.970224586036864345e+00
1.527929150707762673e+01 -3.683092292190636385e+00
1.505198620673922782e+01 -3.506577109656979108e+00
1.451760900919568620e+01 -3.111687501280958390e+00
1.402622138975411126e+01 -2.744653020755223771e+00
1.295135841214274741e+01 -1.918375711818614215e+00
1.281347510122487421e+01 -1.816691747026420334e+00
1.242437498470405188e+01 -1.549444326466553612e+00
1.147793970857970969e+01 -1.510878948751195550e+00
1.095495359858834306e+01 -1.290528882387427911e+00
1.079758578793762247e+01 -1.160590202567336027e+00
9.195490201622007476e+00 -7.554436746158214033e-01
8.639816671781765933e+00 -3.888238174032271344e-01
8.313335097893759240e+00 -1.710205019107604862e-01
8.040326993254392818e+00 3.138690115698633543e-02
7.566580937126931694e+00 5.619900536107528266e-01
7.415330843147204476e+00 6.910598570565543719e-01
4.725662087057500571e+00 6.176701533328872173e-01
2.428985238330672924e+00 3.198303558810098313e-01
