-2.617813121184570768e+00 -8.689991249049083821e-01
-3.065925284239587878e+00 -1.498587082095560241e+00
-3.059247932172935336e+00 -1.587326205038739779e+00
-3.065588166906497491e+00 -1.664906506152905585e+00
-3.082786590280415684e+00 -1.736413963388236059e+00
-3.378225901952330190e+00 -2.163599644617397733e+00
-6.186447932889709733e+00 -4.046494460309621566e+00
-6.184954192610200963e+00 -4.088659975992661622e+00
-6.181555924555852677e+00 -4.135630534964367833e+00
-6.177688859907386032e+00 -4.175880066680838887e+00
-6.173060223357970777e+00 -4.219325414454315748e+00
-6.163874844634394279e+00 -4.316771477146502001e+00
-1.018990001359348518e+01 -6.569363654329894331e+00
-1.388830818564994907e+01 -9.023467082560921781e+00
-1.429363229048977857e+01 -9.646779528343756738e+00
-1.345673626415957003e+01 -1.154762840260455015e+01
-1.356047648833170349e+01 -1.462361595085372201e+01
-1.362000836347138666e+01 -1.616987470255589798e+01
-1.362437602102702350e+01 -1.689812383552884256e+01
-1.340810440148844052e+01 -1.807504646071923915e+01
-1.322767352417881170e+01 -1.816779681093092336e+01
-1.277111512403397242e+01 -1.886263789085032627e+01
-1.274103659554548251e+01 -1.994844398995049772e+01
-1.277282807426515099e+01 -2.073806406134483638e+01
-1.209168216869831980e+01 -2.333920130829266171e+01
-1.188944141591093207e+01 -2.383898671103994360e+01
-1.190216806201360811e+01 -2.422223292218754054e+01
-1.169161253488452168e+01 -2.479685224929628617e+01
-1.101607251449814662e+01 -2.615973399147477707e+01
-1.099970258893413444e+01 -2.702215630890335518e+01
-1.102024792672607845e+01 -2.761667049002303642e+01
-1.106467200713866994e+01 -2.882549830336638763e+01
-1.098737683215068373e+01 -2.974869636306456044e+01
-1.070502159812226672e+01 -3.016173797288208647e+01
-1.023216970823200356e+01 -3.066839619483901913e+01
-1.016697870322224340e+01 -3.126263649615162521e+01
-1.015941981059409649e+01 -3.181609350800175662e+01
-1.328598731519779541e+01 -3.631921421981311227e+01
-1.328290038441727638e+01 -3.635680582813093764e+01
-1.327490782884661513e+01 -3.660658769769914755e+01
-1.329885740258422011e+01 -3.686873682505587624e+01
-1.344439697518927268e+01 -3.730710851435623709e+01
-1.383675722410680820e+01 -3.787799860084541592e+01
-1.654356303550661877e+01 -4.131740224175289455e+01
-1.679740545575738508e+01 -4.165216601576634048e+01
-1.963700977893978816e+01 -4.387121370460477721e+01
-1.964505955486612265e+01 -4.393981836489582093e+01
-2.057902300594313871e+01 -4.527450831889188976e+01
-2.069825711799786916e+01 -4.602237898736285615e+01
-2.070335874592624847e+01 -4.613255964430985756e+01
-2.070518892492996699e+01 -4.617723369587612581e+01
-2.182504563959221500e+01 -4.953377403929323464e+01
-2.165322589866026703e+01 -5.046077490538401378e+01
-2.109275906584911553e+01 -5.100001869287103062e+01
-2.094291879127685263e+01 -5.265889749858753532e+01
-2.096262996429133452e+01 -5.344275109266247625e+01
-2.093341458590902349e+01 -5.402369656389273445e+01
-2.078421067047854010e+01 -5.452463395388330980e+01
-2.072306761369264905e+01 -5.460442303541915265e+01
-2.009286000675982464e+01 -5.749100421203918643e+01
-1.979190448211438280e+01 -5.886065866955487991e+01
-1.933615413055772692e+01 -5.919372374221800470e+01
-1.792885244180028792e+01 -5.939466623095533748e+01
-1.717522637210827696e+01 -5.959369495661291438e+01
-1.664323871810130839e+01 -5.996823854529165487e+01
-1.638846745208859090e+01 -6.022700922930154377e+01
-1.609565805147014927e+01 -6.055976299717570299e+01
-1.569906483015564902e+01 -6.102064458248939616e+01
-1.080455146072678296e+01 -6.004971516390239117e+01
-1.030613117847707727e+01 -6.057173553847579228e+01
-9.795165880255302326e+00 -6.114801096725793883e+01
-9.468484414037606101e+00 -6.155614577462644377e+01
-9.350689941452058562e+00 -6.175054795312657063e+01
-9.251552474101444545e+00 -6.207423948369390132e+01
-6.670241461119308823e+00 -6.179402814496737051e+01
-4.938187700187542717e+00 -6.188395217693359740e+01
-3.737594799305397508e+00 -6.144198121450499173e+01
-1.182425923776147192e+00 -5.617546889579225677e+01
-8.443160089838662730e-01 -5.601951087853995404e+01
-7.220669764013254444e-01 -5.600801930092221426e+01
-3.838588823673734218e-01 -5.605618780705717086e+01
-3.695480486222249006e-01 -5.605793872078732676e+01
-3.632312278345295464e-01 -5.605864964232944203e+01
1.842739038023820441e+00 -5.514278360068207974e+01
3.173753890290405888e+00 -5.438585271098191498e+01
4.338755926174765243e+00 -5.430534481448204076e+01
5.263072215637885520e+00 -5.427637622757382729e+01
6.597550649838795245e+00 -5.424217215130622805e+01
7.976323623014572206e+00 -5.421640238963697556e+01
8.943084628361068766e+00 -5.421264991285514867e+01
9.901203332083404973e+00 -5.422720084616139502e+01
1.080728253237708891e+01 -5.426539529937522133e+01
1.225928135767624028e+01 -5.441407680592560325e+01
1.576729683801965543e+01 -5.869205130053673258e+01
1.687987202209402682e+01 -6.278738641710597079e+01
1.794423522249099534e+01 -6.372885577258642797e+01
1.856899034777327984e+01 -6.375801412546995550e+01
2.109762617776563332e+01 -6.423539319834398498e+01
2.120676769042080068e+01 -6.435389660679136625e+01
2.206801127887025160e+01 -6.487721212370266244e+01
2.251802323052208621e+01 -6.489966282135858933e+01
2.314098158452738829e+01 -6.547607732189334229e+01
2.332244710506714469e+01 -6.571052820833813257e+01
2.366519169760647046e+01 -6.592347640600074499e+01
2.434969642438192494e+01 -6.596844440867980097e+01
2.562068263675149637e+01 -6.610565029407395343e+01
2.628453778013827602e+01 -6.684731202669534866e+01
2.751100511222393763e+01 -6.709333218415144984e+01
2.937962123434834893e+01 -6.720853228318314621e+01
3.347696491866052071e+01 -6.519464774610295876e+01
3.452615363073662991e+01 -6.524057857568897134e+01
3.537270738467795184e+01 -6.454493370263159591e+01
3.829914281154162126e+01 -6.440152963462374203e+01
4.092014826049906873e+01 -6.322722159293715549e+01
4.199470080681535933e+01 -6.232643041020171637e+01
4.276537277235840406e+01 -6.161085298828737677e+01
4.377135044898436433e+01 -6.066412996956901083e+01
4.659959596527809822e+01 -5.900412686590347278e+01
4.659962155156402019e+01 -5.900410272744360185e+01
4.659964158084121522e+01 -5.900408383180609917e+01
4.659964737520220268e+01 -5.900407836544393803e+01
4.659965455082573982e+01 -5.900407159603447838e+01
5.206847408004791333e+01 -5.433867750941916341e+01
5.206844149403653432e+01 -5.433862705735036513e+01
5.206842439295150626e+01 -5.433860056966791774e+01
5.206837686576948698e+01 -5.433852691723021877e+01
5.527300869520577464e+01 -4.923173525101864811e+01
5.527350845515191935e+01 -4.923030998067248731e+01
5.535454592293525167e+01 -4.905416924513666288e+01
5.566246342206539310e+01 -4.866586097771812547e+01
5.637556057659354991e+01 -4.734193832984565375e+01
5.637659294843846425e+01 -4.692450335593125033e+01
5.629000202733935510e+01 -4.633488039270574887e+01
5.623485015015806709e+01 -4.615669947760777347e+01
5.551734123879714389e+01 -4.504929140099509510e+01
5.538058493604156496e+01 -4.329163420965336684e+01
5.540627296049110129e+01 -4.257510673284591718e+01
5.550280598238777685e+01 -4.134954987549242844e+01
5.560024467919465962e+01 -4.066931301511233698e+01
5.578488169248079487e+01 -3.820029363795956101e+01
5.515449073371315336e+01 -3.755478899601305898e+01
5.471846655474173104e+01 -3.649510074837503737e+01
5.471731350297820740e+01 -3.598750220305867487e+01
5.389668851252133663e+01 -3.498955031721587972e+01
5.304034359622931305e+01 -3.422416788653718100e+01
5.283283832473804864e+01 -3.391695739132021004e+01
5.281508022914385236e+01 -3.387110820171425019e+01
5.280733661710939941e+01 -3.384686237558521071e+01
5.136406028308554284e+01 -3.249627159687827316e+01
5.060691049962499477e+01 -3.057341421077291699e+01
4.988326964186686752e+01 -2.979269802170023240e+01
4.923420343876750138e+01 -2.907673703179924374e+01
4.806742304422139256e+01 -2.777609906147889518e+01
4.556175372314536531e+01 -2.767717249471606422e+01
4.380560570268769993e+01 -2.636779681392667030e+01
4.319223588055675123e+01 -2.585558627476773097e+01
4.256419635439070959e+01 -2.558471296336623624e+01
3.999404849813027596e+01 -2.532438275796929261e+01
3.941200860292082808e+01 -2.476421447654285757e+01
3.856674070745597760e+01 -2.441886265559839586e+01
3.740232456738645084e+01 -2.438819658009004243e+01
3.638295759950744923e+01 -2.358182393960283818e+01
3.541190482455785116e+01 -2.338011544436243128e+01
3.465878617620227686e+01 -2.274329620083565828e+01
3.430193387631492641e+01 -2.237134915130121016e+01
3.375703026217044567e+01 -2.178394957445193825e+01
3.344577941288634548e+01 -2.144935259893703261e+01
3.171727491891282114e+01 -2.011666065212948240e+01
2.896504016415655158e+01 -1.870315638432157002e+01
2.807465104505231324e+01 -1.774900338947361078e+01
2.688608518031733752e+01 -1.701435433263172214e+01
2.620781888943514915e+01 -1.677614092936582324e+01
2.601735754653088151e+01 -1.659708868249906644e+01
2.578490670301503584e+01 -1.635528201112683533e+01
2.562658395175785842e+01 -1.618037587782376718e+01
2.496737765524640906e+01 -1.539152572616679926e+01
2.467094761135783187e+01 -1.495355924702557360e+01
2.299473501552585475e+01 -1.123529011209165240e+01
2.256103480491847435e+01 -1.077479341987778128e+01
2.112594932711556694e+01 -8.188616070747848141e+00
2.099122425548817716e+01 -8.077286233691808093e+00
2.084987059733487769e+01 -7.973126124752865529e+00
1.920457737468613857e+01 -7.792854227711822901e+00
1.815931184902193962e+01 -7.128444723474931521e+00
1.751370026894046461e+01 -6.379569322207895965e+00
1.523671205658123462e+01 -4.970246545249906944e+00
1.504338791943068188e+01 -4.779637563446244464e+00
1.388017444734321337e+01 -4.509691100570510258e+00
1.285275740686535961e+01 -3.544734311367780499e+00
1.173361872676660234e+01 -3.259803059773454859e+00
1.154647190483833263e+01 -3.023242046391404703e+00
8.522801666621537819e+00 -2.316232423762946802e+00
5.251981177175818694e+00 -2.213937038548243308e+00
4.376619036190554368e+00 -1.856566080309656863e+00
4.327752446228672056e+00 -1.622111259442192699e+00
3.781531984238811539e+00 -1.188363515870669795e+00
3.381520639286793806e+00 -1.126173355054456593e+00
2.009216917116725565e+00 -1.081728323908377032e+00
6.695942670424448462e-01 -2.454396450559329090e-02
