-3.585265171712781473e+00 -1.701950512537277804e+00
-6.058848575757104449e+00 -2.598783406505579041e+00
-6.062190147192306533e+00 -2.622336613728251997e+00
-6.063316724412412206e+00 -2.630140601854351168e+00
-6.065470984015931322e+00 -2.644640284561106114e+00
-6.069399150742714966e+00 -2.669164398937756033e+00
-8.844199031746670769e+00 -4.286973830373723260e+00
-8.868736499304029408e+00 -4.333553235797420911e+00
-8.916477339507203226e+00 -4.420499046095793361e+00
-8.945636463009908113e+00 -4.470891392502143624e+00
-8.959381911918475438e+00 -4.493867428711085132e+00
-9.083837286386328813e+00 -4.676397892918884303e+00
-1.095698310010312682e+01 -6.142090654845100417e+00
-1.241412347386483894e+01 -7.045564997706196486e+00
-1.275608417761828584e+01 -7.540880823245342590e+00
-1.353617456046786494e+01 -9.070951680035616249e+00
-1.346676515241892602e+01 -9.199151403601721455e+00
-1.343312890424776818e+01 -9.240584146786664732e+00
-1.339865136149448333e+01 -9.287816366230906340e+00
-1.338270375642037102e+01 -9.316194850640306058e+00
-1.337793061628246072e+01 -9.326484287241596505e+00
-1.335868777315961253e+01 -9.395645398573094553e+00
-1.395215171181133229e+01 -1.060562628688890285e+01
-1.497712090266626106e+01 -1.204448514449586582e+01
-1.547940731928330571e+01 -1.454187200243722522e+01
-1.548980087837243680e+01 -1.537692725653786141e+01
-1.586028419887882812e+01 -1.590570876391276833e+01
-1.602382092308000239e+01 -1.642462757484166147e+01
-1.524706891945554865e+01 -1.757940591249781903e+01
-1.568215987145818069e+01 -1.847020257286387590e+01
-1.563275095791093072e+01 -1.900699637980298817e+01
-1.545091173550162900e+01 -2.016266203040024507e+01
-1.518979194756147244e+01 -2.110258617243526302e+01
-1.479292578922241930e+01 -2.157930612671907511e+01
-1.410276622365460497e+01 -2.219584987955127886e+01
-1.392393234993674866e+01 -2.273535858924138608e+01
-1.379416232020800948e+01 -2.329843362954304808e+01
-1.368031566588927639e+01 -2.390706263702345780e+01
-1.357814104185137083e+01 -2.448129946301891735e+01
-1.337272938564811398e+01 -2.541257075892769279e+01
-1.207529217508756503e+01 -2.697485965088061022e+01
-1.193267792601668731e+01 -2.760511567741122008e+01
-1.138539845065038847e+01 -2.813705204649527758e+01
-1.057845736581914409e+01 -2.934314321023912342e+01
-1.013194896582437821e+01 -2.981655290682971327e+01
-9.832077749211459050e+00 -3.003824317575899627e+01
-9.005713561438623671e+00 -3.058576474364438624e+01
-8.108594849051049991e+00 -3.168316143015690045e+01
-7.262727025568761263e+00 -3.261228200555847678e+01
-5.897419350678085870e+00 -3.353477679654677956e+01
-5.012217838457475594e+00 -3.415838953089830454e+01
-4.353504536618006959e+00 -3.515657122503780130e+01
-3.646749216838107266e+00 -3.591013941932838094e+01
-2.265030380888468642e+00 -3.689745096498879207e+01
-1.713915217905199073e+00 -3.815488250785816859e+01
-1.664718648900523679e+00 -3.846677352985985721e+01
-1.500208465175081773e+00 -3.892759417982464498e+01
-1.262246919604831374e+00 -3.922942744883246036e+01
-1.125603352902594834e+00 -3.933443569085763869e+01
1.174665774530013085e+00 -4.257632795646073731e+01
1.317984065096434287e+00 -4.316455841973968433e+01
1.652660760486801994e+00 -4.370253986275884017e+01
2.729673981310378750e+00 -4.446915975526911780e+01
3.168051975740793225e+00 -4.477043293938700685e+01
3.711378094210927792e+00 -4.533591379828273205e+01
3.894887329553803124e+00 -4.586211100488801407e+01
3.970710964813040089e+00 -4.647120566688181498e+01
4.241149010821380294e+00 -4.716949244100287331e+01
4.860319442144108493e+00 -4.760444009817488364e+01
5.195228566017701333e+00 -4.791894671105809778e+01
5.627695276977424221e+00 -4.960884070642210730e+01
6.198109102868738951e+00 -5.023612271265027118e+01
6.861827702418374031e+00 -5.078625248347554333e+01
7.180904392158832472e+00 -5.173422869017353776e+01
7.283887253821756502e+00 -5.181678707429600195e+01
7.690896961114937369e+00 -5.207104044768772155e+01
7.690927311214373674e+00 -5.207105878298429502e+01
7.690935544738272789e+00 -5.207106375710828416e+01
7.690986730333837507e+00 -5.207109468022738241e+01
8.621545272322393316e+00 -5.357264697022489486e+01
9.185628902452693367e+00 -5.392089062004914979e+01
9.661999825465718672e+00 -5.474775973290354614e+01
9.914506702439259911e+00 -5.529092202644864784e+01
1.025786061985504460e+01 -5.551232725669240153e+01
1.074699137477591648e+01 -5.582779609972481438e+01
1.151402511975343934e+01 -5.581023943343043925e+01
1.210772926662698090e+01 -5.589332530732426108e+01
1.269120465498016515e+01 -5.625631042099578139e+01
1.338986899234864936e+01 -5.674248702500993602e+01
1.377690766259182986e+01 -5.701789317311506267e+01
1.416474379744816936e+01 -5.729269300992412184e+01
1.457673241267872299e+01 -5.757865653096598635e+01
1.510466815999941126e+01 -5.792265116760722776e+01
1.671887403301377972e+01 -5.811361822986042114e+01
1.721926031855874939e+01 -5.851090141597038752e+01
1.753468789532913874e+01 -5.869874832783118279e+01
1.830562059618607762e+01 -5.853938083826135852e+01
1.900629386359128858e+01 -5.876647781787341529e+01
1.905948831448442959e+01 -5.881597843257647185e+01
2.169022780412785778e+01 -5.896866495210598202e+01
2.497592149974185460e+01 -5.825549223117428710e+01
2.626154306320391640e+01 -5.867160886654143326e+01
2.631111000244460740e+01 -5.872901527870737226e+01
2.642007308689146683e+01 -5.882726889094695366e+01
2.733937922116681563e+01 -5.798314697567455056e+01
2.857192283954067946e+01 -5.757363715042161090e+01
2.888938651099083899e+01 -5.752838577375455742e+01
2.928347066985582003e+01 -5.747499134169217427e+01
2.987066114882966161e+01 -5.738326498104233764e+01
3.072556724642593551e+01 -5.699605722855285705e+01
3.170554695575713566e+01 -5.595609597739573360e+01
3.176883045417097406e+01 -5.595488325145328901e+01
3.272001707881464228e+01 -5.519211006150995757e+01
3.402813349035529455e+01 -5.446576098213470374e+01
3.441423648050235329e+01 -5.398057054653930464e+01
3.485686028159238958e+01 -5.329406063304620744e+01
3.493097195023913315e+01 -5.317584486913707309e+01
3.749401795494788558e+01 -5.067662571920822501e+01
3.749566318821234034e+01 -5.067432248276126927e+01
3.749683849231133337e+01 -5.067267705254446497e+01
3.749928922831954026e+01 -5.066924581843812092e+01
3.770543159868589100e+01 -5.037763068240133180e+01
3.813856020496889698e+01 -4.923410357926213976e+01
3.812573187444846212e+01 -4.921012046997343248e+01
3.811885011485215102e+01 -4.919878382944531836e+01
3.810496011499827063e+01 -4.917785252409801444e+01
3.808687639709160777e+01 -4.915271634980125270e+01
3.806292415162714349e+01 -4.911999126963570461e+01
3.803138102261041809e+01 -4.907063703706155167e+01
4.170489541803387112e+01 -4.169500725334784619e+01
4.171169990543216244e+01 -4.147292927112916772e+01
4.170218718501561028e+01 -4.141248715264350722e+01
4.226618632698173172e+01 -3.921775556751557446e+01
4.226211328980826210e+01 -3.917485986371604412e+01
4.212183729486754658e+01 -3.835983350733898334e+01
4.194077728639808811e+01 -3.749797460915604574e+01
4.189251950256613810e+01 -3.714019470354332242e+01
4.194831287639595985e+01 -3.650660952874483201e+01
4.231051668240903041e+01 -3.599514623319029027e+01
4.235464457428671636e+01 -3.431531968073512218e+01
4.223559082866322001e+01 -3.371789836719234046e+01
4.207272893707929029e+01 -3.293512568040095800e+01
4.193560602228901502e+01 -3.173802883753395321e+01
4.165688796403513550e+01 -2.974248130579766070e+01
4.158603918904100993e+01 -2.955294480664999313e+01
4.172859485477135166e+01 -2.919155699949412153e+01
4.198302053785424448e+01 -2.886309403002186258e+01
4.209751335538429373e+01 -2.841661354532189776e+01
4.192069519608443073e+01 -2.675590930295300041e+01
4.147393694979580658e+01 -2.488925009894371598e+01
4.109575676459913751e+01 -2.424856295943821749e+01
4.065286708788513437e+01 -2.397313265464157794e+01
4.010172007915056724e+01 -2.277723342274008900e+01
3.975709233013564159e+01 -2.171543971078271440e+01
3.902322007244224267e+01 -2.116219191918863629e+01
3.886701278244086666e+01 -1.935660999716121466e+01
3.883190813800354135e+01 -1.933500822230201877e+01
3.788823444189447542e+01 -1.709419774702577755e+01
3.758050288242323944e+01 -1.676250077906993141e+01
3.745756879317067956e+01 -1.668408862152161376e+01
3.718773190924783023e+01 -1.652183804124048550e+01
3.625504184395222751e+01 -1.418198516891097682e+01
3.579483423647448603e+01 -1.386826642872895299e+01
3.518749528814793592e+01 -1.320082478694577333e+01
3.503864940043395393e+01 -1.250476349634035067e+01
3.482744170543278983e+01 -1.181605787026878573e+01
3.457650446225696328e+01 -1.147350922641945914e+01
3.305921041233597890e+01 -1.029588521035007531e+01
3.085238073934783642e+01 -8.830280176794081726e+00
3.002194628381126051e+01 -7.852355538421257108e+00
2.939095991278878017e+01 -7.013143609705403847e+00
2.905876082446409114e+01 -6.769897425978760097e+00
2.883394420881698039e+01 -6.613301907356324172e+00
2.850224073935279279e+01 -6.388355597276886400e+00
2.817940000906128617e+01 -6.173469768944866765e+00
2.709320280347468923e+01 -5.458229053424949129e+00
2.666394943917434901e+01 -5.171333991298511457e+00
2.322904433670565183e+01 -1.996761679333968198e+00
2.268175475021763177e+01 -1.640096212320106162e+00
1.977769191329684872e+01 -5.259761384148777807e-01
1.971539234316715294e+01 -4.833283577710940082e-01
1.935486519082903101e+01 -3.103968275913386865e-01
1.839601133930044696e+01 -4.343344874331064864e-01
1.805415217360044267e+01 -2.516093682395674214e-01
1.782454334968489107e+01 -7.638067063421989655e-02
1.718640919646245635e+01 2.983705134429792682e-01
1.708157209708712188e+01 3.054509128153222730e-01
1.597499408107041141e+01 2.880046345990002754e-01
1.484914548763590858e+01 8.888540952580707977e-01
1.267211219399407085e+01 7.853127651408635668e-01
1.253952453259027422e+01 9.215752925393566608e-01
1.197017467235491495e+01 1.292882482676567690e+00
8.720529608818715417e+00 8.267407957234594873e-01
8.537688795008664400e+00 9.642670602653911072e-01
8.435603282919419854e+00 1.117664791350795550e+00
8.283964809815509867e+00 1.392976738435477868e+00
8.221890019027913610e+00 1.437850053579450726e+00
5.842399335868608823e+00 1.222146757380829341e+00
3.886737282490293488e+00 7.583187461888989400e-01
