-2.860591141262474046e-01 -1.824168680416244082e-01
-4.865118826610532743e-01 -3.446405963652894866e-01
-4.748458742250832865e-01 -1.880527628051504418e+00
-2.798770729363359022e-02 -2.529679867043976405e+00
2.067530423043775767e-01 -2.969099819906070969e+00
3.076117201151549740e-01 -3.773029890621641957e+00
-7.895566184712730085e-01 -6.068779515408607494e+00
1.103885497365878487e+00 -7.036175910002309131e+00
2.497298731662743076e+00 -7.766840534102124494e+00
3.625855645608214939e+00 -8.418635169762618276e+00
4.576496851740943228e+00 -9.100057376378389407e+00
5.297109681869240916e+00 -1.036098741561267644e+01
4.343472384010397036e+00 -1.277984742563587695e+01
-9.426332397685552422e+00 -1.651571581985366066e+01
-1.014437863766151615e+01 -1.755232924366537617e+01
-1.054376832082258453e+01 -1.892066246494495019e+01
-1.126387402927007209e+01 -2.104427250590453369e+01
-1.153786265132309019e+01 -2.183106313207616012e+01
-1.172401692232858039e+01 -2.244211742409552102e+01
-2.315426213163030411e+01 -3.266336478440402402e+01
-2.318473497964707875e+01 -3.275692097438586359e+01
-2.331816467912546287e+01 -3.315097287240590163e+01
-2.445458608401663625e+01 -3.536754576513837378e+01
-2.590569733576869993e+01 -3.792799720369909977e+01
-2.774308032333642160e+01 -4.184870232021661707e+01
-2.865628848054515743e+01 -4.360979644424890012e+01
-3.005295977994480339e+01 -4.472803224407944356e+01
-3.157419859146366292e+01 -4.572459429771236472e+01
-3.160922421683589434e+01 -4.574648388562414425e+01
-4.765628901057828415e+01 -5.324957668953764056e+01
-4.811656866200570448e+01 -5.432989633059253265e+01
-4.847842715153920068e+01 -5.619043358700825053e+01
-4.853426114611260545e+01 -5.744232190352504830e+01
-4.851068250415125505e+01 -5.812909540439795819e+01
-4.846696111156855125e+01 -5.872893871804079424e+01
-4.840896983287505151e+01 -5.938481309343672621e+01
-4.836381224613445085e+01 -5.999012481158715104e+01
-4.840078274187212770e+01 -6.084882579682204096e+01
-4.861605094366124291e+01 -6.142574826290189804e+01
-4.771754792586842342e+01 -6.227630302440562104e+01
-4.457620127310183733e+01 -6.517011560865194042e+01
-4.486225309908313363e+01 -6.675719971729378699e+01
-4.517724278197029264e+01 -6.834284804485858444e+01
-4.543445461361522320e+01 -7.281409225074631308e+01
-4.519727431574899157e+01 -7.380304252235994511e+01
-4.496190185556596219e+01 -7.443208799471055670e+01
-4.468724324569345185e+01 -7.500427231312413312e+01
-4.400146013729153793e+01 -7.608262870311034476e+01
-4.316898048448118175e+01 -7.706697714769927643e+01
-3.958814587278882868e+01 -7.742282536867487863e+01
-3.398474084913092952e+01 -7.721388368006444125e+01
-3.334873007957923363e+01 -7.773741122629036226e+01
-3.194573877563482611e+01 -7.843977017243199157e+01
-2.181583985071575071e+01 -7.963752717263736258e+01
-2.098939360404280308e+01 -8.015391889441663409e+01
-2.098690786168519651e+01 -8.015540789271508970e+01
-2.003578988914428649e+01 -8.070172465186512056e+01
-1.948890811782391452e+01 -8.099668540734789701e+01
-1.748826392905034766e+01 -8.169790806520025228e+01
-8.904503130350628126e+00 -9.144539893696186539e+01
-8.372391156572126292e+00 -9.292315656553638803e+01
-7.968648816455772277e+00 -9.352785079454710626e+01
-6.426488889996049281e+00 -9.438990915910676449e+01
-3.185681952501957515e+00 -9.353594409915157826e+01
-2.761238532872436924e+00 -9.357896123533727462e+01
-2.727824870852125105e+00 -9.358928760497190069e+01
5.444322295695124048e+00 -9.203705069576643893e+01
6.367144600377842245e+00 -9.261573245767100104e+01
7.443520861465104055e+00 -9.351301740301465770e+01
7.945166153091480332e+00 -9.415457746659573957e+01
8.846603909746335148e+00 -9.595690473743827908e+01
9.547626687017267244e+00 -9.764322868336756756e+01
1.008125274509994007e+01 -9.845567088274155765e+01
1.337414409485944589e+01 -9.902535008575782172e+01
1.709745709684461801e+01 -1.006103449892293469e+02
2.337580075485275799e+01 -1.046461254585723992e+02
2.351117922359887302e+01 -1.045407341399292278e+02
2.399774366751891463e+01 -1.040514916865742521e+02
2.948410574881005175e+01 -1.051305987936733999e+02
3.149288647300774713e+01 -1.055989889520274971e+02
4.001488111388366775e+01 -1.073469575035112484e+02
4.243904021752945965e+01 -1.099581125263337356e+02
4.219278850121339985e+01 -1.136902712752321634e+02
4.594857225612560114e+01 -1.132771282311444168e+02
4.817487658899371894e+01 -1.153090568652756218e+02
4.968787565121299110e+01 -1.166019908079972680e+02
5.177474480013976432e+01 -1.180417443631486805e+02
5.422487755287662026e+01 -1.201645960153965689e+02
5.729290539126104420e+01 -1.233921502368557839e+02
5.880009592057388090e+01 -1.251741627837816679e+02
6.006242509555178799e+01 -1.341787774977597110e+02
6.151593316527337407e+01 -1.358830642572967520e+02
6.292202929033189918e+01 -1.362710105160796559e+02
6.519814038847259496e+01 -1.371595086067692648e+02
6.624765683649317793e+01 -1.378506637669533745e+02
6.681172496753407586e+01 -1.380828944271644048e+02
8.166540581066148263e+01 -1.282358289937336338e+02
8.244518987659935760e+01 -1.279006710684965782e+02
8.246142464226815605e+01 -1.278947694549831198e+02
8.247441549706391584e+01 -1.278900872651546763e+02
9.149679415146252381e+01 -1.214301867131222821e+02
9.158248576144127640e+01 -1.214183516482594314e+02
9.169680165319236664e+01 -1.214042369601855285e+02
9.199364640157681094e+01 -1.213800299658471999e+02
9.243113597050768249e+01 -1.214036153282828110e+02
9.308802695325550758e+01 -1.216678170095010074e+02
9.358252603833159355e+01 -1.220036494416608690e+02
9.409388190440999722e+01 -1.223813001419400877e+02
9.834826429763134570e+01 -1.206009041048520061e+02
9.931351330195523985e+01 -1.211691068293587961e+02
9.998696840020052434e+01 -1.215445567455315228e+02
1.007062410040255003e+02 -1.219223775357416173e+02
1.019839076203091253e+02 -1.225134624813024686e+02
1.025246838519344550e+02 -1.226917815831562990e+02
1.028036715342516061e+02 -1.172244201435199358e+02
1.051401501990679463e+02 -1.132532161444085972e+02
1.043028943766975658e+02 -1.113031871654869747e+02
1.022568056994213777e+02 -1.076027097669277595e+02
1.015005612815496221e+02 -1.051522743530630208e+02
1.012707161583628590e+02 -1.030563032936409087e+02
1.011382899822853290e+02 -1.027794004337478526e+02
1.002995477287992401e+02 -1.012773519635271100e+02
1.041538536329824609e+02 -9.054744780207433053e+01
1.037273031631583109e+02 -8.973335168235038850e+01
1.034732013058128075e+02 -8.927711557231219786e+01
1.030441588896958507e+02 -8.853401830094399827e+01
1.024806515550957755e+02 -8.759250430901226991e+01
1.017541037345485648e+02 -8.641722057207239516e+01
1.005440480832925232e+02 -8.452514583709394458e+01
9.919489116933532102e+01 -8.247367984878071923e+01
9.850320755179140519e+01 -8.143077185024439757e+01
9.822821886316197038e+01 -8.101626831677418750e+01
1.053869082444717549e+02 -5.915697604882039684e+01
1.017357703937531852e+02 -6.050238614497034462e+01
1.007968183515826439e+02 -5.908592782079744410e+01
1.005526598989899725e+02 -5.791833385354200914e+01
1.005367050871147967e+02 -5.732410664806207734e+01
1.006720487257078389e+02 -5.648821731282908587e+01
1.030636098419496420e+02 -5.500746318823362202e+01
1.023373464267519353e+02 -5.420863335848921594e+01
1.018262678336137128e+02 -5.391137360351613950e+01
1.015318442635221032e+02 -5.376551611228234862e+01
9.387611112073862785e+01 -5.231765974854552326e+01
9.312065573320708722e+01 -5.181869425568402221e+01
9.261666113242257836e+01 -5.140092369991962329e+01
9.249408828381451997e+01 -5.129808941105284248e+01
9.249405446792766838e+01 -5.129806121170802413e+01
9.249085370034572406e+01 -5.129539257004860531e+01
9.239721868568996399e+01 -5.121781119010734784e+01
9.123582845954493337e+01 -5.037520357256344283e+01
8.864918887934818770e+01 -4.902787492645456524e+01
8.646803883879707087e+01 -4.752377577548782028e+01
8.299189771892623924e+01 -4.405650694214485696e+01
8.250361391652269560e+01 -3.069146917907574590e+01
8.006332162030444977e+01 -2.870873263650268825e+01
7.851731255935710863e+01 -2.747286401994979244e+01
7.813631776218812774e+01 -2.716059770415924035e+01
7.520976472991196715e+01 -2.471670248385717272e+01
7.418241548997781365e+01 -2.387029406412318977e+01
7.321972574592798821e+01 -2.302271807581434260e+01
6.300532349363474083e+01 -3.026386871649947707e+01
6.243389363938443637e+01 -2.928666480635942548e+01
6.210917280976219956e+01 -2.871092586097748622e+01
6.145188452938600676e+01 -2.763992072970990321e+01
6.083218009574044061e+01 -2.671683112622904588e+01
6.015015317705217512e+01 -2.573239764652567274e+01
5.956757387875612153e+01 -2.489123768129294589e+01
5.814314189563645385e+01 -2.269376620871894090e+01
5.586369071231978722e+01 -1.823130970383972382e+01
5.370547870584343997e+01 -1.599664875663696861e+01
5.144553143753314828e+01 -1.415371243011207625e+01
5.041301480337498475e+01 -1.317231844278324893e+01
5.173161124740160233e+01 -6.814973688746524871e+00
5.150629114217725402e+01 -6.429423317724716647e+00
5.119278091653435325e+01 -5.859586981084159873e+00
5.039439546349813526e+01 -4.140402053476493371e+00
5.025807845484757763e+01 -3.815776224721091570e+00
4.835417225768885174e+01 5.846987365895501831e+00
4.731031350486601639e+01 7.012184589450641603e+00
4.551603417382499828e+01 8.467103010549038800e+00
4.501078065125567207e+01 8.875497860172476550e+00
4.487599486486155342e+01 8.983207389632227091e+00
3.619628066120443322e+01 6.911398650340895067e+00
3.274771806946530717e+01 7.252518552042204192e+00
3.240462971037612050e+01 8.029172345253536847e+00
3.219494430471763025e+01 9.004425590600861895e+00
3.216985347905505677e+01 9.525890516122604623e+00
3.206997957154644752e+01 9.931877911918313373e+00
1.489443071624398840e+01 -1.994246461235392953e+00
1.213316220907667464e+01 -1.124972529417562095e+00
1.169413193059526179e+01 -9.255515803194360736e-01
1.127893078981251485e+01 -7.306443657703185490e-01
1.108591376428550035e+01 -6.381021790975666130e-01
1.083344990899643534e+01 -5.152334168308994045e-01
1.042000447071064961e+01 -3.094148275940872272e-01
1.026932745105495748e+01 -2.328895947250319287e-01
9.895731158216936052e+00 -3.917189051170230640e-02
4.556385181776800408e+00 -8.647116459249634124e-01
4.555494454121320480e+00 -8.623927003382639844e-01
