-5.226234972398041689e-01 -6.604657456079775502e-01
-8.063748056248674079e-01 -9.009906627388759581e-01
-8.548122046498515259e-01 -9.255306240457946698e-01
-8.772358657120667980e-01 -9.359693510794366844e-01
-8.910229049902302911e-01 -9.421309484394676526e-01
-8.995435350542955177e-01 -9.458469148792988390e-01
-9.193216735472593548e-01 -9.542157473170527204e-01
-9.334630188068261392e-01 -9.599907758763250865e-01
-9.405621347948642796e-01 -9.628275037795793745e-01
-9.439549850715421853e-01 -9.641689428459910838e-01
-9.466710672624021328e-01 -9.652362406500286651e-01
-9.502046743815053542e-01 -9.666161470541922984e-01
-9.556008484836046035e-01 -9.687047978662356451e-01
-9.623200078777851552e-01 -9.712746499284030666e-01
-9.628202756617932900e-01 -9.714646351262208324e-01
-9.633527603703970765e-01 -9.716666514242860986e-01
-9.634875476381624670e-01 -9.717177542955434122e-01
-9.641837165323401404e-01 -9.719814840379489285e-01
-9.645114459815579133e-01 -9.721055139630228048e-01
-9.670798845301060709e-01 -9.730748104374202789e-01
-9.672544182966241744e-01 -9.731405018903628301e-01
-9.676010572800201048e-01 -9.732709047707930328e-01
-9.751748435407269211e-01 -9.760983966276962631e-01
-9.952420194829885158e-01 -9.833952984619134252e-01
-1.034395683623570150e+00 -9.968739037976995787e-01
-1.090096273745181144e+00 -1.014508046935242769e+00
-1.139288653353014436e+00 -1.028768666023732070e+00
-1.167124752827132017e+00 -1.036353738563414728e+00
-1.192045492554030250e+00 -1.042871962272849506e+00
-1.565394691664077520e+00 -1.117685358234245419e+00
-7.243160510949098629e+00 -4.026299519734116927e+00
-7.680561274851777753e+00 -4.582634525047541985e+00
-1.099991188448751345e+01 -6.232804154020445075e+00
-1.118860347306006275e+01 -6.505116545423663688e+00
-1.562826991629142270e+01 -9.446490766391155702e+00
-1.678713167207493129e+01 -1.077208140925363544e+01
-1.717081765718375053e+01 -1.180143558257946346e+01
-1.898208023429511471e+01 -1.417512147735213723e+01
-1.898066942807931667e+01 -1.437738391350831257e+01
-1.985812214507272344e+01 -1.648820855159260290e+01
-1.979685082039330624e+01 -1.690873828679628232e+01
-1.976867978420896321e+01 -1.711959898020201365e+01
-1.976277785983245039e+01 -1.741869967133242980e+01
-2.065072260201410614e+01 -1.935724022477462825e+01
-2.063816926134995100e+01 -1.950539846753751405e+01
-2.062517949013157548e+01 -1.962903161356424775e+01
-2.062077725819641216e+01 -1.966739823741241366e+01
-2.137935129466049133e+01 -2.233479941259044921e+01
-2.127724438352706926e+01 -2.435385873192940309e+01
-2.123814151145633389e+01 -2.486423106544909700e+01
-2.122126176284215049e+01 -2.507977838082934596e+01
-2.104539150810773762e+01 -2.742937675012721854e+01
-2.086604048640227660e+01 -2.876819005999622192e+01
-2.005308712354310430e+01 -2.937206706526006172e+01
-1.980729019660108747e+01 -3.057474480234092695e+01
-1.977538237414256628e+01 -3.104226863778399093e+01
-1.963803545665458827e+01 -3.156193563109659550e+01
-1.934828390683496480e+01 -3.191960543612567847e+01
-1.897630186503940308e+01 -3.222380350669703120e+01
-1.673378995755218313e+01 -3.507719918454304775e+01
-1.639617340478041285e+01 -3.536121014192347189e+01
-1.580712323409447251e+01 -3.586148788783288666e+01
-1.427300074096188531e+01 -3.709923416961023435e+01
-1.323697324623240945e+01 -3.720181953074490622e+01
-1.274613712275383826e+01 -3.753559742670247346e+01
-1.250729387421212735e+01 -3.773942490621859491e+01
-1.218463177367901018e+01 -3.804898234300006266e+01
-1.180062514397980067e+01 -3.845519398636479025e+01
-9.226657992161404920e+00 -3.877009034711027624e+01
-7.710444524467447991e+00 -3.906982796726457252e+01
-7.598877208728754162e+00 -3.920184107603255796e+01
-7.460859916432171168e+00 -3.935615417718811671e+01
-7.378350310474376172e+00 -3.943663822806264108e+01
-7.250313296441699862e+00 -3.954031621035018418e+01
-7.102298208353253983e+00 -3.961651415033158230e+01
-6.898969135509520179e+00 -3.963066896601679190e+01
-6.867369516723359268e+00 -3.962612128404888523e+01
-6.564206378652370333e+00 -3.957306251901345462e+01
-3.646881941459659604e+00 -4.040358556254245315e+01
-2.562994523454079854e+00 -4.031569479997925498e+01
4.116818155013911351e+00 -3.979703847221821178e+01
4.781904404976649481e+00 -3.971872433054334550e+01
4.941377768977215368e+00 -3.969667899417819257e+01
5.603486411926034805e+00 -3.958398966132628516e+01
6.492509950278019026e+00 -3.902840336947682687e+01
7.221666968122520736e+00 -3.854458532627322853e+01
7.532738821954943376e+00 -3.851657487095539523e+01
8.014991658497656601e+00 -3.849363865524946249e+01
8.524222831362509467e+00 -3.847752997666197672e+01
8.923310980941613124e+00 -3.846242756721834155e+01
9.296296903293544744e+00 -3.844324997542508271e+01
9.695305605644760405e+00 -3.841402641696166853e+01
1.278306601400278808e+01 -3.615491363343428333e+01
1.324995533295201611e+01 -3.612813135635531125e+01
1.344757805360816327e+01 -3.610601653422254032e+01
1.441014993477970840e+01 -3.522613299661676933e+01
1.704682218399919691e+01 -3.384287728288739316e+01
1.704818954437959988e+01 -3.384279509325624957e+01
1.705110025210604263e+01 -3.384261947777208945e+01
1.705437940655573925e+01 -3.384242050820532199e+01
1.706041538791005507e+01 -3.384205091586658654e+01
1.706618377573623491e+01 -3.384169330564869682e+01
1.707853347981219727e+01 -3.384091135327803102e+01
1.713388630915688893e+01 -3.383703382305711216e+01
1.826979325890690831e+01 -3.188982923481008669e+01
1.881217595545763643e+01 -3.166217136700082335e+01
1.887735260782865154e+01 -3.167393559438668049e+01
1.892975220321627816e+01 -3.169973571903670262e+01
1.899545484552975694e+01 -3.176118194198670253e+01
1.902480435926569058e+01 -3.178547010689343821e+01
1.904739005800056262e+01 -3.179764193671724115e+01
1.907460188284375846e+01 -3.180467889822716643e+01
1.948982055155594040e+01 -3.151211904865907698e+01
2.064039327743527608e+01 -3.019744122021615951e+01
2.142676581677573822e+01 -2.930038767377975972e+01
2.232565907298625874e+01 -2.822983185179612065e+01
2.272354635638531661e+01 -2.764774219314927706e+01
2.286860562490997495e+01 -2.732891702150278590e+01
2.211343097344729003e+01 -2.664069967778217318e+01
2.378682377480546961e+01 -2.398823550390389414e+01
2.378570829249794016e+01 -2.396575554293458410e+01
2.378770725899655503e+01 -2.380354319730193069e+01
2.556675420899311035e+01 -1.957564932360182652e+01
2.550368107822682262e+01 -1.894242532725687411e+01
2.549059208100385021e+01 -1.882150897067904793e+01
2.546521118944910711e+01 -1.859151017012901619e+01
2.541291368568478504e+01 -1.812418544149049637e+01
2.533433720142647161e+01 -1.739246050763818019e+01
2.523341443016015262e+01 -1.629727609433934177e+01
2.577734351824163994e+01 -1.237085795193947213e+01
2.578913336966361669e+01 -1.191695866960600370e+01
2.568452734729962117e+01 -1.183835055170258599e+01
2.561700094819051898e+01 -1.179472174889450997e+01
2.553995095505288759e+01 -1.174756633576273579e+01
2.501948484950007057e+01 -1.021634580341329723e+01
2.408573726088419065e+01 -9.579888491533562700e+00
2.384566537262094954e+01 -9.272716561523258960e+00
2.372000030432683815e+01 -8.895528512088235473e+00
2.370122728804527767e+01 -8.786321960002107190e+00
2.365644073902870304e+01 -8.327752303726327909e+00
2.364815306487371060e+01 -8.191040227408208807e+00
2.362233456892546357e+01 -7.687825084933324504e+00
2.361181208547482058e+01 -7.497945939189905040e+00
2.356907360518244943e+01 -6.939209986572989486e+00
2.355293864925138436e+01 -6.770044384240029522e+00
2.352036320304511108e+01 -6.438623528673750762e+00
2.350981937606141159e+01 -6.326992067003875064e+00
2.348878291580304634e+01 -6.074703169549148463e+00
2.348343997820093065e+01 -5.535658402025600999e+00
2.350194448042486428e+01 -5.411607536042345679e+00
2.209559656661376081e+01 -5.990622914324666759e+00
2.203456530502457156e+01 -5.939011681837610190e+00
2.180825101570043500e+01 -5.756360498236234413e+00
2.163579434686639758e+01 -5.572331272593150864e+00
2.131939006190897246e+01 -3.892767969517199056e+00
2.159120060685636844e+01 -1.385935832995606187e+00
2.115247306729122556e+01 -1.438306246992729687e+00
2.058405514475765585e+01 -1.509104583976465630e+00
2.022774272186304145e+01 -1.543256688594804915e+00
1.994730902197276379e+01 -1.559127501849855602e+00
1.960017071026551960e+01 -1.555281509608690049e+00
1.936048305068907993e+01 -1.528265461647351220e+00
1.909223277132500485e+01 -1.461095780524839016e+00
1.891498104897299370e+01 -1.381421413399724463e+00
1.882576708699752643e+01 -1.323749392866500285e+00
1.874721830269098533e+01 -1.261079274088902524e+00
1.869403427843073828e+01 -1.212742766221645452e+00
1.847563010184149235e+01 -9.993155187981394016e-01
1.814725040356177033e+01 -7.042285694194159174e-01
1.804737352077478008e+01 -4.589261341483454881e-01
1.807218191859488243e+01 -1.399078969672135353e-01
1.663282492208319141e+01 -7.820761270604552617e-01
1.662345758247486316e+01 -7.826210973386492631e-01
1.656140729431511716e+01 -7.891175902931234498e-01
1.627224868704297833e+01 -8.180324287883341539e-01
1.591372148300556688e+01 -6.498780977653692004e-01
1.581207275810091772e+01 -5.691680250173013489e-01
1.188179907938369517e+01 -1.217974022007948104e-01
1.013307006294604662e+01 -2.843997858183551775e-01
7.492341359018871216e+00 6.247317157448033231e-02
7.462256296451341697e+00 8.989604197921578776e-02
7.420577411900676879e+00 1.282856073913070105e-01
7.387750927935111456e+00 1.585949747546351041e-01
7.299108290561136414e+00 2.389460872041585526e-01
7.210690569099094560e+00 3.139078716724103546e-01
6.962228882311290334e+00 4.736801588733356438e-01
6.921273505520164626e+00 4.897163003994189356e-01
6.653100564928723593e+00 5.025153705061072840e-01
4.743032055836916783e+00 -6.666103730402844763e-01
3.893101771022988267e+00 -5.700004381215464377e-01
3.823862789107654869e+00 -5.102304769065559853e-01
3.621654053582259003e+00 -3.166059471207223752e-01
1.088614626645275196e+00 -8.628940016071174890e-01
9.672822573553955250e-01 -8.076809370088479101e-01
8.664972418557767009e-01 -7.479238424753026360e-01
6.279919718757999147e-01 -5.629869536533979035e-01
5.599733425625966765e-01 -5.004189123267362982e-01
5.203006109847457816e-01 -4.621358016560031534e-01
4.336150958830200519e-01 -3.742004423919441658e-01
