-2.605937465803758180e+00 -2.692380527324977013e+00
-4.770852074454769998e+00 -3.690936698930706417e+00
-4.873902987316006019e+00 -3.939069675749059751e+00
-4.895792518515312608e+00 -3.984276209394147283e+00
-5.181778053783216542e+00 -4.354599757926239434e+00
-6.479147469414184179e+00 -5.157695184181947390e+00
-6.801848553135177333e+00 -5.912067994537021143e+00
-6.791595996390611845e+00 -6.093085503713409068e+00
-6.727984538657884706e+00 -6.287063993195237899e+00
-6.671028456441568721e+00 -6.386718839097183853e+00
-6.616273762849246509e+00 -6.488190028744797111e+00
-6.778809689710880271e+00 -7.068496013160153524e+00
-7.457036108517074879e+00 -8.102396151009420677e+00
-7.736769095529718143e+00 -8.546472062781850454e+00
-7.894756741349552520e+00 -8.839250098759002583e+00
-7.940471033822110947e+00 -9.682658405584191996e+00
-7.998930794023069168e+00 -1.031107417545913840e+01
-8.944418263249266587e+00 -1.189273280936664356e+01
-9.338643076946192778e+00 -1.265786251565095100e+01
-9.232883777825163563e+00 -1.295460528878343531e+01
-9.217044400084288824e+00 -1.297716423960881116e+01
-9.129223139407281806e+00 -1.317122084688159056e+01
-9.151133148400969475e+00 -1.355095243182023701e+01
-9.308654435782269587e+00 -1.386657171505653707e+01
-9.599429458237986879e+00 -1.433428116191781321e+01
-9.711364970286245679e+00 -1.456181087525179407e+01
-9.776752121601003154e+00 -1.479696643316928473e+01
-9.760199160206136426e+00 -1.507360253710550424e+01
-9.609766901412472251e+00 -1.554838298876752667e+01
-1.013847616650337891e+01 -1.653644313427070855e+01
-1.028650972914720896e+01 -1.701730992473675386e+01
-1.017655946958802105e+01 -1.792271577562165774e+01
-1.078264685440571924e+01 -1.902587755424965366e+01
-1.053633048315346166e+01 -1.929989319470823261e+01
-9.921346251196094812e+00 -1.959281068134771786e+01
-9.680027571920648555e+00 -1.980984240816859199e+01
-9.532916111557693029e+00 -2.018199196121464567e+01
-9.467784502485912412e+00 -2.041035583078457449e+01
-9.487260356189235466e+00 -2.088268175128418846e+01
-9.985834144350574704e+00 -2.267595547696494407e+01
-9.825905924529719115e+00 -2.325537124926984944e+01
-9.767958270492563599e+00 -2.348696132351060228e+01
-9.689805521240222319e+00 -2.384638128035010141e+01
-9.513218754280671874e+00 -2.458728126824859928e+01
-9.385269723045855272e+00 -2.485426051169244843e+01
-9.265998537764383869e+00 -2.499082839413267720e+01
-8.893567801032439490e+00 -2.521855587987739256e+01
-8.480220627349252638e+00 -2.610767862886852342e+01
-8.348788674608234928e+00 -2.721837197997753677e+01
-8.044442499155032067e+00 -2.737050073925648519e+01
-7.855390839511378509e+00 -2.751223741806666112e+01
-7.705427640872008155e+00 -2.779068991448673387e+01
-7.655440941210535755e+00 -2.797459152969338447e+01
-7.621244558708266226e+00 -2.808562018658782833e+01
-7.880347345896430156e+00 -2.916508269822401189e+01
-8.201520934635976090e+00 -3.005939818976652589e+01
-8.102854940441206466e+00 -3.048662397292161685e+01
-7.914363740041589601e+00 -3.080907886962018694e+01
-7.746631284476696244e+00 -3.092527904276169082e+01
-5.948158612431575065e+00 -3.507031798624181107e+01
-5.748748469808717232e+00 -3.582283075637349157e+01
-5.605579161223571028e+00 -3.624256159713829817e+01
-4.985968563110055207e+00 -3.672300083107944602e+01
-4.701905602592841404e+00 -3.683553977577897598e+01
-4.352582444297907749e+00 -3.737045068159665817e+01
-4.230641576576537055e+00 -3.795552259890374103e+01
-4.095728722615241679e+00 -3.853306022978141243e+01
-3.721895017570413522e+00 -3.915437035909218366e+01
-2.889475629264871337e+00 -3.969012986338547222e+01
-2.627634740033431893e+00 -4.043412441426194448e+01
-1.294379662644524753e+00 -4.169860302394418028e+01
-1.006222135795545869e+00 -4.276881710357734079e+01
-7.249646482589970908e-01 -4.331722265051850229e+01
-2.817650473207222173e-01 -4.374216542762293614e+01
3.256798870976250204e-01 -4.416029157386616077e+01
6.221403924076521763e-01 -4.434349910307639675e+01
6.223130584342658755e-01 -4.434360388507598572e+01
6.226356229573231094e-01 -4.434379962778417905e+01
2.252641002850276131e+00 -4.530762962134784289e+01
3.265591983680981691e+00 -4.593047806975258851e+01
6.259845925986111226e+00 -4.696178431457619951e+01
6.792378753923359547e+00 -4.725097716353226929e+01
6.958037516231541986e+00 -4.735496147385406829e+01
7.410196681424444876e+00 -4.756069135528589698e+01
8.212157684070943375e+00 -4.733619158164911767e+01
8.632627184035415624e+00 -4.753079280307807863e+01
9.108998377539995417e+00 -4.781594478786551150e+01
9.722193680970420360e+00 -4.821170813946788769e+01
1.047353093441570060e+01 -4.870620148706541386e+01
1.090426660842641304e+01 -4.897412299138483860e+01
1.134728477310586392e+01 -4.921364852146965063e+01
1.184081357618594232e+01 -4.939725242604394850e+01
1.289055017463445019e+01 -4.937251811928469891e+01
1.443756184476856141e+01 -4.941507852895036734e+01
1.487379605429626572e+01 -4.974502243101140664e+01
1.517845137978167891e+01 -4.985198477019485352e+01
1.597857256161128880e+01 -4.965427148961650516e+01
1.657782685471546102e+01 -4.992924897835275289e+01
1.666375766588183183e+01 -4.998712145256440920e+01
1.725700192977814140e+01 -5.023402384745165250e+01
2.216323582194106834e+01 -4.821596915972881447e+01
2.216339156410657907e+01 -4.821591081804924528e+01
2.216355133238106490e+01 -4.821585097480189575e+01
2.324865087749067527e+01 -4.788694503488692078e+01
2.360139080592227145e+01 -4.779396831404746848e+01
2.544663694500648532e+01 -4.735650457555815507e+01
2.608093657583175329e+01 -4.723413005322730385e+01
2.674724692360159750e+01 -4.714961880948839479e+01
2.737131670409292283e+01 -4.733546284927617620e+01
2.780466698983823903e+01 -4.777511571076004060e+01
3.001646604741289792e+01 -4.522541079750791937e+01
3.025744362746429417e+01 -4.515197188706295606e+01
3.273154015688817253e+01 -4.352109252891357016e+01
3.531746246501930386e+01 -4.237066826694508137e+01
3.614969476294351125e+01 -4.118071465925047647e+01
3.659785981153316214e+01 -4.046311857003819767e+01
3.681348467860225071e+01 -4.010943614676707369e+01
3.798411519890480292e+01 -3.819341759539843650e+01
3.807921896418140051e+01 -3.804534792274100852e+01
4.032776536300740133e+01 -3.570960308644645664e+01
4.036698090766086722e+01 -3.564331845037613533e+01
4.072867866270392057e+01 -3.506904778900819508e+01
4.108590106170588285e+01 -3.389071496838005260e+01
4.105784306572910225e+01 -3.379128064057785252e+01
4.105040855572321590e+01 -3.376468189359543715e+01
4.102419529482131821e+01 -3.365886597794504809e+01
4.101210507025401597e+01 -3.358944496573023031e+01
4.152617463141299226e+01 -3.137796698242082627e+01
4.126743104964250364e+01 -3.035561621396247034e+01
4.165524965370342869e+01 -2.768941886895983018e+01
4.160844535555036572e+01 -2.747608964012773214e+01
4.155635375837431411e+01 -2.725090219108691869e+01
4.142478793012980987e+01 -2.671156444530808471e+01
4.137147389085706806e+01 -2.649888816779500544e+01
4.088419961533454483e+01 -2.450244175434077576e+01
4.024618884155639620e+01 -2.279877265066322067e+01
3.928483350525773687e+01 -2.211622277682473481e+01
3.917027587669488753e+01 -2.166763098113178643e+01
3.914514910773175416e+01 -2.154961805713078249e+01
3.887506280508609535e+01 -2.064076035177071944e+01
3.825040556931413249e+01 -2.006163175402605958e+01
3.756971309143887794e+01 -1.944019957298908707e+01
3.754398305664176405e+01 -1.907138087093771261e+01
3.677922230826587224e+01 -1.835665842283388471e+01
3.619200289307827489e+01 -1.782992813328155179e+01
3.611725604980845361e+01 -1.762323773032588647e+01
3.610574602365128527e+01 -1.757026977345694974e+01
3.609464023681583456e+01 -1.750641736402542747e+01
3.607406551721677346e+01 -1.733586920666855136e+01
3.574682322209140040e+01 -1.688747922349529418e+01
3.505071624055724300e+01 -1.644577714823711645e+01
3.440421807484250394e+01 -1.606424545714735785e+01
3.332511835349485807e+01 -1.539036245872539510e+01
3.172868601117224330e+01 -1.500979870486288625e+01
3.022307391855138903e+01 -1.434507695943045569e+01
2.985378247199167134e+01 -1.411224478325531351e+01
2.960071293439272111e+01 -1.395489083533183461e+01
2.832736390084173905e+01 -1.234869627914996926e+01
2.765923804920245033e+01 -1.190052570009074273e+01
2.756388075651948810e+01 -1.177856149156516175e+01
2.738013178018010407e+01 -1.116412400680248673e+01
2.684699463111720164e+01 -1.059791798119426964e+01
2.651682446390914194e+01 -1.043347962058332534e+01
2.609348687685836055e+01 -1.009605656518584560e+01
2.602119340860528496e+01 -9.812789419797613988e+00
2.598305932372637628e+01 -9.502841677594766168e+00
2.590481790282112939e+01 -9.356243906720445480e+00
2.542055298963739673e+01 -8.924349082850273618e+00
2.463508477079922088e+01 -8.426371745574684269e+00
2.419109975001553181e+01 -8.164000748542813213e+00
2.288261539078782292e+01 -8.023588213658337409e+00
2.231311141985874613e+01 -7.830533393710312318e+00
2.215026954108003920e+01 -7.739564827439298966e+00
2.190200348994133250e+01 -7.594906847460673127e+00
2.167000014528547780e+01 -7.455860020478071171e+00
2.085773253697740515e+01 -6.956783486001921091e+00
2.054942107126572992e+01 -6.766089643072625393e+00
1.738149207791289541e+01 -4.819644459546573501e+00
1.677639347338083908e+01 -4.382906725100884415e+00
1.485208311658216296e+01 -1.808687545689593668e+00
1.484812341360793297e+01 -1.799270160622645998e+00
1.455218859418875788e+01 -1.450905185940695397e+00
1.422657149305437230e+01 -1.230360829980075454e+00
1.359663456441777463e+01 -9.026105473565615434e-01
1.243114585424852869e+01 -9.871395845666470770e-01
1.106740551188078925e+01 -1.021103363090887367e-01
1.091572937767245577e+01 -9.128354861075878984e-03
1.034318477198000963e+01 2.404345891069286367e-01
8.597738369954635473e+00 2.516043132405889129e-02
7.753044329760598430e+00 1.972154443177199235e-01
7.609557243231297008e+00 3.115450590728733871e-01
7.232989517135584023e+00 5.852187484664510553e-01
5.956261995234817697e+00 5.260753645219996555e-01
5.765108600939805150e+00 6.185489427887598257e-01
5.649359360691341259e+00 6.952631486505110869e-01
5.243658989222552691e+00 9.451380321952929098e-01
5.136492629840863522e+00 9.820194593579383291e-01
3.510102104940648449e+00 8.879436840576216960e-01
2.090121121344521438e+00 5.038526104238728598e-01
