-1.287788377210505208e+00 -2.696242855655629267e+00
-2.448705448542844110e+00 -3.243016608195691042e+00
-2.613314768168787605e+00 -3.547811498076737013e+00
-2.667318199190415573e+00 -3.632308276988479356e+00
-1.218462097208828254e+01 -7.962462807108835250e+00
-1.440735192360916095e+01 -9.957145108896558128e+00
-1.474988864779960807e+01 -1.188971738736188932e+01
-1.480043102019251933e+01 -1.254165088519996019e+01
-1.487633275681529277e+01 -1.338810178285555175e+01
-1.491823821780912951e+01 -1.374090663959270842e+01
-1.496752611222938611e+01 -1.407792693602680423e+01
-1.533561189611711661e+01 -1.542499968710696123e+01
-1.881406922806855064e+01 -1.909400794872372487e+01
-2.565066977886450061e+01 -2.122183381947228398e+01
-2.547293980137267866e+01 -2.166031922655455588e+01
-2.542240701667696356e+01 -2.187692279610051571e+01
-2.533814181578588887e+01 -2.273202194055202696e+01
-2.534214231561410813e+01 -2.330375301585171854e+01
-2.536563959852009376e+01 -2.363562123745238353e+01
-2.539929844097012435e+01 -2.392053293294056715e+01
-2.542873016003858666e+01 -2.410789692606815038e+01
-2.545092353143360242e+01 -2.422848220907140870e+01
-2.583825757883505503e+01 -2.542318943475918758e+01
-2.683671590648660299e+01 -2.676167826519971626e+01
-3.010578550490719607e+01 -2.825948799676027434e+01
-3.062888376297614457e+01 -2.928827004422688773e+01
-3.132908763440575228e+01 -2.998355300461016171e+01
-3.150921190087305135e+01 -3.065100381242439553e+01
-2.900464410923369485e+01 -3.343969567204892002e+01
-2.884442558345106633e+01 -3.416896784542015553e+01
-2.858509051424354297e+01 -3.489934109593603040e+01
-2.731530182038653720e+01 -3.677683305038576833e+01
-2.669853235209688336e+01 -3.852288404519877929e+01
-2.667165927600885666e+01 -3.966562490962965626e+01
-2.612577882112296734e+01 -4.043386650174111452e+01
-2.603844866178334883e+01 -4.134137018765578375e+01
-2.606974496235901384e+01 -4.217105469843334475e+01
-2.587948915256890459e+01 -4.290199503935652814e+01
-2.560364554308031870e+01 -4.367395946515630811e+01
-2.542131095292754850e+01 -4.519884522097149926e+01
-2.500024446594606076e+01 -4.706427203894644862e+01
-2.485383602557242710e+01 -4.797183887543936009e+01
-3.032848147365946190e+01 -5.233061704574055994e+01
-2.965407121977916205e+01 -5.608402125530400895e+01
-2.905278031787096182e+01 -5.732290921421853369e+01
-2.864701145172840313e+01 -5.807147346235759500e+01
-2.816198588375791445e+01 -5.897045239761900604e+01
-2.707375286704604278e+01 -6.138922923044584934e+01
-2.676002751865931018e+01 -6.438914645540181425e+01
-2.647747286426584523e+01 -6.518390623526843797e+01
-2.636705970320132764e+01 -6.592062370563097318e+01
-2.529752390737457546e+01 -6.945426087946039218e+01
-2.456685514233812029e+01 -7.166710119245040289e+01
-2.341125787550308601e+01 -7.317825276586904693e+01
-2.286813248460255821e+01 -7.735199450687538558e+01
-2.356800539959045793e+01 -7.956255689324109426e+01
-2.394230599616443200e+01 -8.016445571806274017e+01
-2.385945398882341451e+01 -8.047401771952169724e+01
-2.366352475263954247e+01 -8.056179250850557594e+01
-2.222823680190681728e+01 -8.240143483624160581e+01
-2.351579007964742019e+01 -9.087106412029262970e+01
-2.345011283486127240e+01 -9.094539452993448947e+01
-2.318103154286475487e+01 -9.126233012959940538e+01
-2.305283208812228324e+01 -9.143341688096143116e+01
-2.292813420385918732e+01 -9.163821164088966498e+01
-2.301848887172500824e+01 -9.258577025659435833e+01
-2.284768912660697282e+01 -9.302787498257154652e+01
-2.252490837430034887e+01 -9.346562658473585827e+01
-1.711872476508023055e+01 -9.354167996823834130e+01
-1.486073028813356700e+01 -9.430214715997402664e+01
-1.401229712262523108e+01 -9.485930891296084155e+01
-1.307941191889006127e+01 -9.538536040585236719e+01
-1.281898023017997446e+01 -9.560267149036664591e+01
-1.247475574129530251e+01 -9.597029102135043388e+01
-9.767694234120623875e+00 -9.447433487087705828e+01
-5.140289538469244413e+00 -9.700590931845462705e+01
-5.130725916284305299e+00 -9.700917756074967713e+01
-5.120035737459040170e+00 -9.701280625296116966e+01
-3.866742146305384153e+00 -9.732683510619634148e+01
-3.353449451075233956e+00 -9.742763522759484829e+01
-1.699505447222520171e+00 -9.790659032574866671e+01
-7.267499951182250228e-01 -9.934106751717961004e+01
-3.747399893935261517e-01 -1.004054283845401443e+02
2.852085765448835741e-01 -1.007349786339305098e+02
1.631079991296943366e+00 -1.001705923478917555e+02
4.239325660048120170e+00 -9.867945562341465404e+01
5.392313647786200370e+00 -9.866185148968087049e+01
7.902828764706486986e+00 -9.718704432229071699e+01
8.613226634106466051e+00 -9.726106772039783266e+01
9.369008875099350320e+00 -9.710824084349908958e+01
1.078430918550353468e+01 -9.627897831057707378e+01
1.202786912832695876e+01 -9.552275181706690432e+01
1.411059382730056555e+01 -9.486202468180943015e+01
1.618230741239391079e+01 -9.429953166992596891e+01
2.432659634949331817e+01 -8.818680529473851948e+01
2.446546918724998321e+01 -8.820998045560429546e+01
2.466895921098151589e+01 -8.825942450125330652e+01
2.515539653147629195e+01 -8.849517540265316029e+01
2.521458770398866633e+01 -8.854006977209915874e+01
2.546651320069535629e+01 -8.879929864468758183e+01
2.822634810094118762e+01 -8.770663659136957335e+01
2.850808011526008912e+01 -8.773085489739740694e+01
2.857102565465881483e+01 -8.773556491633225107e+01
2.968563957797736919e+01 -8.751052906235911166e+01
3.090339826345639551e+01 -8.704183745444386489e+01
3.609245404872670804e+01 -8.386191876231306708e+01
3.636638269520386757e+01 -8.385982296440319317e+01
3.757982861007223363e+01 -8.331303973033529076e+01
3.840230565714737310e+01 -8.324549239722543348e+01
3.892320020234718925e+01 -8.324847835272144891e+01
3.927136223379955027e+01 -8.325455582478988958e+01
3.960053808105006823e+01 -8.325662473997559232e+01
4.094826680475021163e+01 -8.297793839396464932e+01
4.321027208623380034e+01 -8.102831053867883782e+01
4.414399638011489913e+01 -8.019760876294444074e+01
4.454310131160487884e+01 -7.862945251193316665e+01
4.455752063295091148e+01 -7.848490021701687169e+01
4.706303210479196508e+01 -7.312862220758937326e+01
4.758226250658407963e+01 -7.118856691600970521e+01
4.764110752617929734e+01 -7.093865259028180503e+01
4.764825091589418093e+01 -7.090826212969331266e+01
4.794484550667501566e+01 -6.967797490909460123e+01
4.954259136812096642e+01 -6.512606356893843440e+01
4.962808684235674406e+01 -6.461911490192791518e+01
4.965137460090976163e+01 -6.448588378061204196e+01
5.107910397732631935e+01 -6.107729139382099248e+01
5.108339951359368314e+01 -6.103839556325488047e+01
5.111424796943329341e+01 -6.074475083768804495e+01
5.115266847191747956e+01 -6.035925860582914737e+01
5.266132758741407116e+01 -5.681789939502210984e+01
5.271899099013041479e+01 -5.631875300171171972e+01
5.273759712215261430e+01 -5.614738787662579966e+01
5.959068090325826716e+01 -4.577850019616931831e+01
5.955491544102574863e+01 -4.572121251279292409e+01
5.936475781733393120e+01 -4.525903053972203338e+01
5.935297046221995032e+01 -4.420526686017488771e+01
5.940431519235303881e+01 -4.381175711658694638e+01
5.960229452934646588e+01 -4.298025444782006588e+01
6.072882008440887347e+01 -4.186314834405434482e+01
6.140337409640749655e+01 -3.987018165767099021e+01
6.117892214501119952e+01 -3.970356240408047910e+01
6.111702446276219547e+01 -3.964650238051051190e+01
4.882934679473866169e+01 -3.798377481269270106e+01
4.874813513075968530e+01 -3.784282299534491045e+01
4.866923284902141233e+01 -3.769361909986562154e+01
4.862871145442557719e+01 -3.761272159159840811e+01
4.861457109416942046e+01 -3.758392676667651955e+01
4.858718156029149071e+01 -3.752750104360114847e+01
4.850892747797330884e+01 -3.736453983013487345e+01
4.837178501774452144e+01 -3.710695268888815690e+01
4.801643332614700199e+01 -3.686988813142051669e+01
4.716422872495471097e+01 -3.661084128250901415e+01
4.651015694307371007e+01 -3.586416255440222045e+01
4.550191044082356484e+01 -3.562767055930145688e+01
4.443462660338121850e+01 -3.535450905081859219e+01
4.539298542935497949e+01 -2.908608495727816745e+01
4.058244583956703622e+01 -3.092642865977535038e+01
3.956738203465584292e+01 -3.027388679027537677e+01
3.938653972605527542e+01 -2.907519039396904859e+01
3.886823473914059690e+01 -2.867538922810341262e+01
3.864042779546741713e+01 -2.850143327030124141e+01
3.814359111924668611e+01 -2.803420459338643767e+01
3.790125552376345297e+01 -2.778770453644492022e+01
3.741659199149657411e+01 -2.728634416854306011e+01
3.712293526747158268e+01 -2.698852229536378644e+01
3.660608493208694370e+01 -2.650466949573531394e+01
3.628201647490408277e+01 -2.625154842718499282e+01
3.477416853410822739e+01 -2.499117180755856182e+01
3.263848508632549539e+01 -2.329066262071109961e+01
3.114825521120003771e+01 -2.245716838374479707e+01
2.998494372790966978e+01 -2.138840225045412780e+01
2.932080677704195182e+01 -2.108234025270792600e+01
2.907971277612595173e+01 -2.081911496231349901e+01
2.875321683259910799e+01 -2.048603196003488947e+01
2.842394592996278035e+01 -2.027670044358258039e+01
2.742095711647599643e+01 -1.970766966506593931e+01
2.701452567550903439e+01 -1.939129002833592352e+01
2.150717319339806721e+01 -1.680183522642380822e+01
2.114356785916088555e+01 -1.629400016339858226e+01
1.798736956950031285e+01 -1.422767134285655111e+01
1.782632248930217855e+01 -1.399257948028004606e+01
1.723090675088541346e+01 -1.365821947905927480e+01
1.536706755443208117e+01 -1.334700188293516732e+01
1.383863760323842662e+01 -1.283273444107907579e+01
1.310221266258141881e+01 -1.232300613162648872e+01
1.180696394287559414e+01 -1.114573407079669920e+01
1.146618142342736668e+01 -1.087608626880975038e+01
1.135300399145137540e+01 -1.079439450315978277e+01
1.059439819520084036e+01 -1.031900938819206459e+01
9.905300852320220173e+00 -9.745470133671641833e+00
8.506860784550120513e+00 -8.965899942301694736e+00
9.624985128513694477e+00 -3.349371133550140378e+00
8.254066893048566556e+00 -2.985886784389258697e+00
7.358785069058482620e+00 -2.672551617972987348e+00
6.961879665467610501e+00 -2.473926548070341180e+00
5.004399086185697065e+00 -1.664560656864651822e+00
4.286104258190952088e+00 -1.516805083074539873e+00
2.665475008496283493e+00 -1.236286831179320034e+00
8.963580448432109105e-01 -1.249811331603468273e-01
