-1.137246144461014352e-01 -2.610327550410457276e-01
-1.688673466141482615e-01 -3.727557768702853269e-01
-3.481592615164619264e-01 -7.688178319795071491e-01
-3.654215511623025714e-01 -8.176527876876809042e-01
-4.264412788933125698e-01 -9.831107185598505493e-01
-1.498274660326071039e+00 -1.630620489825137964e+00
-2.233474190140479543e+00 -2.587380364784737097e+00
-2.177795511891718050e+00 -2.700510494119171323e+00
-2.133918525172667113e+00 -2.804292981638528026e+00
-2.123461046574492972e+00 -2.861650092517928456e+00
-2.126432303378293476e+00 -2.928769067477078991e+00
-2.295323216248225329e+00 -3.338815305510741460e+00
-3.585611921279279191e+00 -4.558199713675298526e+00
-5.572754650932225218e+00 -5.348685278473335636e+00
-5.608035958806338428e+00 -5.397541840056143236e+00
-5.664369584960059711e+00 -5.592687894896481104e+00
-5.684897183058791548e+00 -5.689883678122429345e+00
-5.724298203440638666e+00 -5.791946703621372983e+00
-5.749517496796592297e+00 -5.843932009654102089e+00
-6.889014868441841521e+00 -6.862687592346738086e+00
-6.889016498105550390e+00 -6.862688174685316334e+00
-6.889018215909465503e+00 -6.862688788519561989e+00
-7.337447111662397603e+00 -7.026179927614194298e+00
-8.108495152608441003e+00 -7.544356454859354244e+00
-8.310013656695192097e+00 -8.056160492944105300e+00
-8.433834509757708986e+00 -8.283055537348918307e+00
-8.517469261612006903e+00 -8.495711337539926689e+00
-8.443842015129069623e+00 -8.801567827153895962e+00
-8.233036483087804669e+00 -9.398334771175488100e+00
-8.463851615997128874e+00 -1.009369646930783837e+01
-8.638528599109886130e+00 -1.047028199987407859e+01
-8.683915040056588097e+00 -1.106570772696268179e+01
-8.508093109589765390e+00 -1.146762642233251128e+01
-8.423523415815051152e+00 -1.169867862998164298e+01
-8.330724072595957708e+00 -1.194652264985370671e+01
-8.239892485182293669e+00 -1.215832239502402601e+01
-8.146392237831197036e+00 -1.240945213771995981e+01
-8.133016542513093583e+00 -1.273148473493867705e+01
-8.233179147421104460e+00 -1.301520299250720747e+01
-8.536031900608120893e+00 -1.425454501023204479e+01
-8.344506382451980286e+00 -1.469827788529419799e+01
-8.314897365686825026e+00 -1.489201754456726690e+01
-8.468032896981565472e+00 -1.523459758316889534e+01
-8.784819660600740931e+00 -1.641482322171338737e+01
-8.739662370387689450e+00 -1.656370005927849576e+01
-8.702574700618447068e+00 -1.666611155106367548e+01
-8.666446797018990011e+00 -1.675893967551416708e+01
-8.564566477949195900e+00 -1.701251681661691961e+01
-8.472470939344015406e+00 -1.725718486172425870e+01
-8.420775037586855305e+00 -1.739760066162739705e+01
-8.389091420779523744e+00 -1.748201766111081312e+01
-8.376108863632138579e+00 -1.845715709714027497e+01
-8.301346215308129217e+00 -1.953405708950033670e+01
-7.382478938621245490e+00 -2.021924340848559964e+01
-7.054210295409264475e+00 -2.100136467780231797e+01
-6.961175685182890760e+00 -2.125864971487262522e+01
-6.835623617633262761e+00 -2.160939122302161408e+01
-6.777957603787388763e+00 -2.176828083399295011e+01
-6.694686605017327707e+00 -2.199208283334594682e+01
-5.894813964460477784e+00 -2.418795024653861958e+01
-5.714250170586918642e+00 -2.458526160944888872e+01
-5.494356701304910828e+00 -2.475530438892596052e+01
-4.905314576479263167e+00 -2.495104213775366020e+01
-4.632211365341752263e+00 -2.506649391160823015e+01
-4.315683151636903858e+00 -2.548250795333247254e+01
-4.168251118233407659e+00 -2.586137533419055146e+01
-4.015652515611654927e+00 -2.628308437491639182e+01
-3.797558753783853991e+00 -2.684345075751108922e+01
-3.355284333199132885e+00 -2.722205609162952555e+01
-3.054733940668795000e+00 -2.733065312710765582e+01
-2.935922259545925339e+00 -2.739291643035150159e+01
-2.834614509233045254e+00 -2.745600606433285762e+01
-2.772712216786392236e+00 -2.749563111531978166e+01
-2.699572804201219700e+00 -2.753724256580031238e+01
-8.640894762230658666e-01 -2.703392869361019279e+01
7.797975069115591247e-03 -2.716506798818572577e+01
1.503142345313183137e-01 -2.723184208341604773e+01
2.036950753260249880e-01 -2.725798333647630756e+01
8.795484972833892412e-01 -2.757823237880714018e+01
1.437056521545565513e+00 -2.783622652635874672e+01
3.310378356000456268e+00 -2.790096057606230318e+01
3.607853284289781026e+00 -2.804025970709790627e+01
3.659339821512283653e+00 -2.806424594546093232e+01
3.855783466477909371e+00 -2.815340643759715888e+01
4.116037343934149995e+00 -2.826115824135031573e+01
4.711023004501265099e+00 -2.814153811208359457e+01
5.185232620868887921e+00 -2.799136243659501488e+01
5.461103608787053254e+00 -2.810330968716346689e+01
5.775908937962034528e+00 -2.824648903707062431e+01
5.960702359179065546e+00 -2.833336817907671445e+01
6.145417948435096811e+00 -2.842062488832943856e+01
6.348263704033327848e+00 -2.849209020259176839e+01
6.917435082607607200e+00 -2.837949822911953390e+01
7.578104814992369320e+00 -2.827420375630956073e+01
7.740942867361312985e+00 -2.835978069966080994e+01
7.832510804016562744e+00 -2.840409284597393480e+01
7.911034915580377636e+00 -2.843708293422604072e+01
8.123430485403375201e+00 -2.852813057490634563e+01
8.205090569505033571e+00 -2.857905670557164157e+01
8.337595279652353142e+00 -2.867700986472224400e+01
1.070265068514403595e+01 -2.802665194032243434e+01
1.091014445436701408e+01 -2.794955780071150997e+01
1.106285632414175346e+01 -2.789289362655942739e+01
1.126663732434498222e+01 -2.781690678099046465e+01
1.294787078706160877e+01 -2.616401834939600590e+01
1.324930865120270695e+01 -2.619313165167984181e+01
1.344092300941212059e+01 -2.629370301291141132e+01
1.364547943072404834e+01 -2.638234135983577033e+01
1.393562614008318334e+01 -2.652801705233521545e+01
1.414881595415023874e+01 -2.660039364936044493e+01
1.522779758690072249e+01 -2.526080879757418529e+01
1.527639200882757819e+01 -2.524300073926533017e+01
1.550510258946622955e+01 -2.515764549228228475e+01
1.581647933604668310e+01 -2.498498869422120450e+01
1.590022880399066452e+01 -2.484170979732574125e+01
1.600267368098675291e+01 -2.463092970439842944e+01
1.602760645574401011e+01 -2.457786917712722996e+01
1.610229153239835753e+01 -2.440782031219057302e+01
1.614850750842442650e+01 -2.428773855946529636e+01
2.031167687871461780e+01 -2.196928423547911180e+01
2.031229735594192221e+01 -2.196659116386166133e+01
2.031339530752731903e+01 -2.196202264432889706e+01
2.031468984220758145e+01 -2.195691222629631412e+01
2.031517084572341147e+01 -2.195507952342141422e+01
2.031533965827431842e+01 -2.195444409217278903e+01
2.031547385655542470e+01 -2.195394173812166727e+01
2.418568063450339167e+01 -1.856340944446023045e+01
2.420805171067921790e+01 -1.851676865364748892e+01
2.425106129854097148e+01 -1.842567739285736295e+01
2.430657165947317822e+01 -1.830336554345206324e+01
2.431719209066058340e+01 -1.827920124138272229e+01
2.431854848530831603e+01 -1.827609928541735584e+01
2.548193110216201873e+01 -1.665020805188072117e+01
2.545920432021407720e+01 -1.658513821907260422e+01
2.535607916718384658e+01 -1.634443126359255416e+01
2.529935453072960883e+01 -1.621916073801367730e+01
2.529151026728246521e+01 -1.614810430125569951e+01
2.539370489134999431e+01 -1.588207037901851670e+01
2.567653854282479386e+01 -1.529224455821450768e+01
2.581522856001135935e+01 -1.497247800303428455e+01
2.582859675444618830e+01 -1.477695898827188259e+01
2.577023801468029873e+01 -1.455806638261993236e+01
2.569680933419403601e+01 -1.437897407127846883e+01
2.559042931591664072e+01 -1.409140171060454350e+01
2.555650828779720030e+01 -1.395294287785773335e+01
2.564835156887376044e+01 -1.361612382952008282e+01
2.575670311283391456e+01 -1.339866146810127745e+01
2.585670876193244183e+01 -1.316476889648330406e+01
2.608039691460076526e+01 -1.263902501997771743e+01
2.593753553167437431e+01 -1.217350964103785316e+01
2.586834018851032724e+01 -1.199184130973547191e+01
2.581748654354896289e+01 -1.185371405563922487e+01
2.570156262583531159e+01 -1.154929181045630493e+01
2.561964996262569016e+01 -1.134606696539533566e+01
2.557781661006793783e+01 -1.123742295348579390e+01
2.567630078118377668e+01 -8.661411983427413475e+00
2.560244159611731263e+01 -8.456542688204251590e+00
2.503786126559568714e+01 -7.482380062159944778e+00
2.486977186494554459e+01 -7.398807915643832445e+00
2.468882577263070743e+01 -7.321379045649429429e+00
2.455180128518310667e+01 -7.263973273287970045e+00
2.437278888537819199e+01 -7.184068356334021743e+00
2.423890669675044762e+01 -7.116386425326552079e+00
2.404707072350551300e+01 -6.896676432810684432e+00
2.451772930352824531e+01 -5.535337630638752948e+00
2.437183245682842880e+01 -5.145186757483167561e+00
2.426997790257673060e+01 -4.898320485591560747e+00
2.399423930342128841e+01 -4.158202444050228763e+00
2.340581656818143941e+01 -2.948699065948120257e+00
2.261781944372727082e+01 -2.488320520381507972e+00
2.150868998058691162e+01 -1.998206258536219915e+00
2.096227387089642136e+01 -1.728831433112312022e+00
2.079405493512966530e+01 -1.346062424692645587e+00
2.056797495429348999e+01 -8.467810364465913064e-01
2.040710035485736284e+01 -7.576581374506765609e-01
1.952969857945122101e+01 -3.275381653877121324e-01
1.925984063469675789e+01 -2.020445023448320110e-01
1.570186097185849228e+01 1.418107181949613160e+00
1.503418994991941737e+01 1.728921692369838725e+00
1.232491564497382797e+01 2.872839056875613917e+00
1.218567920885576861e+01 2.916988698441388195e+00
1.119953413787104246e+01 3.107236216086863845e+00
1.048945455096956714e+01 2.980264503689390221e+00
9.168722488610880461e+00 2.341858958433073568e+00
9.162855850716468353e+00 2.339685762201801023e+00
8.741078650091935742e+00 2.194413403275909502e+00
8.645927882324871305e+00 2.163535299630275688e+00
8.043142659793023341e+00 1.968886185910133202e+00
5.038330783488421005e+00 3.812763008829551242e-02
4.631784987329575998e+00 2.196856204063916407e-01
4.506019069555676104e+00 2.970304567906727478e-01
3.032253590127583553e+00 7.257462957673001258e-02
1.213192454830518630e+00 -5.193006739146043271e-01
1.007084745665228764e+00 -4.900075311983770332e-01
8.895943614027795876e-01 -4.348167102955943775e-01
6.782751915465922155e-01 -2.858305965567408680e-01
6.038211409607854296e-01 -2.399738532020891379e-01
5.122153898770616109e-01 -1.995985738587904290e-01
3.798725359768244103e-01 -1.724143003901844606e-01
