-1.981809384259472784e-01 1.230126006230343044e-01
-9.178671512626250806e-01 5.519421573576646090e-01
9.477253581418104700e-01 -4.179770818999810622e+00
3.085641093664040824e+00 -6.805872931275850135e+00
5.021249500161435897e+00 -9.259907235964174532e+00
7.774675715314476321e+00 -1.318556505728002293e+01
1.040870261961531895e+01 -1.879833895976655000e+01
1.146997724937261864e+01 -2.150187839932324962e+01
1.297462611254580445e+01 -2.452763771721466668e+01
1.373434648156874260e+01 -2.619833725784945955e+01
1.420172470649345797e+01 -2.810218993069922178e+01
1.304092973294862290e+01 -3.564418041012525151e+01
8.020937710998330417e+00 -4.618688412114091335e+01
-4.639477862104955386e-01 -4.857985044531669416e+01
-4.994458840694182555e-01 -4.873543995897174597e+01
-4.424879779852466943e-01 -4.931731000421980582e+01
1.604540600036631348e+00 -5.058190937399010068e+01
-3.231267565417937915e-01 -5.522967752490626481e+01
-3.168787557691109313e+00 -5.880921171498856381e+01
-6.485683370673883452e+00 -6.363931244899896456e+01
-6.485684233834869694e+00 -6.363931350960149302e+01
-6.485686984931798627e+00 -6.363931688999155512e+01
-8.414736729785207814e+00 -6.636497370620811864e+01
-1.044671755540546521e+01 -6.946735853659772886e+01
-1.344157424682082791e+01 -7.368285613087604702e+01
-1.623726269223652352e+01 -7.661177809357472768e+01
-1.811576682321987164e+01 -7.886765585604653950e+01
-1.883201454083349802e+01 -8.000275179684578575e+01
-1.906922912696084182e+01 -8.040422341797480499e+01
-2.283322556194012876e+01 -8.393060509055659679e+01
-2.397411187185434045e+01 -8.574438233167323631e+01
-2.395231656305607615e+01 -8.745354368829994485e+01
-2.391257648759712495e+01 -8.808003606742371971e+01
-2.389941844549380789e+01 -8.858797111771733057e+01
-2.393222234693370254e+01 -8.910007241766709285e+01
-2.431190675515631838e+01 -9.019716279842640461e+01
-2.481187182314793915e+01 -9.097313575297521027e+01
-4.285566664211547305e+01 -1.062856156990363985e+02
-4.298839816346719545e+01 -1.072786839580991511e+02
-4.289885966254478689e+01 -1.091829197068356336e+02
-4.247577219233746604e+01 -1.105716486052787673e+02
-4.223613927564150572e+01 -1.112232663067376990e+02
-4.184745765495363656e+01 -1.124291591146807292e+02
-4.263729336819922366e+01 -1.165170547472987010e+02
-4.199376588058493098e+01 -1.170542303351254532e+02
-4.148899843382498176e+01 -1.174317974899863515e+02
-4.046995847537656488e+01 -1.182165024101777107e+02
-3.910288817174734533e+01 -1.205802289830937895e+02
-3.913372533025972899e+01 -1.238027121089432114e+02
-3.795154582148840205e+01 -1.241390555638330966e+02
-3.722688342930504035e+01 -1.245598659034476583e+02
-3.679131264720003003e+01 -1.250508454746516378e+02
-3.662497597465475963e+01 -1.253139720137943129e+02
-3.642686941120923905e+01 -1.257056886365384969e+02
-3.650918561159788567e+01 -1.285159735576037008e+02
-4.959341983900432638e+01 -1.402108101563621005e+02
-4.914616443999778994e+01 -1.406566542083887441e+02
-4.885235680557428140e+01 -1.408718555174774849e+02
-4.813464919012564991e+01 -1.413005770078245575e+02
-4.523540907364326102e+01 -1.428336957360029658e+02
-4.497755880967948627e+01 -1.429645484193522691e+02
-4.357150235260445470e+01 -1.431584588983378410e+02
-3.945416978485898341e+01 -1.428625056419482746e+02
-3.788666899379297348e+01 -1.432214066207331769e+02
-3.633981793810309568e+01 -1.456800337988784975e+02
-3.583659231970523251e+01 -1.483889702225328904e+02
-3.557627426611206545e+01 -1.512383756823216743e+02
-3.521226835474266892e+01 -1.552004084016895717e+02
-2.465267493863571246e+01 -1.562776545068377061e+02
-1.999966420019551805e+01 -1.586326605958352332e+02
-1.769865029558714298e+01 -1.592294339211478018e+02
-1.721638367448142759e+01 -1.598869058773078393e+02
-1.683818442520213665e+01 -1.603739359910377971e+02
-1.647272217262599270e+01 -1.607786717796829521e+02
-1.171646377817297235e+01 -1.605877114258932750e+02
-9.798455290596670864e+00 -1.610871000201721870e+02
-9.536103127540238589e+00 -1.609967338182196954e+02
-7.279410837248343036e+00 -1.602019355322078127e+02
-1.813090920267072637e+00 -1.594621084115637473e+02
-6.897753878545017647e-01 -1.595964077319269165e+02
3.015217588119756709e+00 -1.614897980710723573e+02
4.448137941162872977e+00 -1.622735312229393685e+02
4.677934165868530059e+00 -1.626317602202566377e+02
4.739994957975641299e+00 -1.627892227074842708e+02
4.778355280542096573e+00 -1.629134217261172353e+02
4.809125223876852040e+00 -1.630341567273217720e+02
4.847668680028151655e+00 -1.632219107058417933e+02
4.928029730308473688e+00 -1.637896627211448504e+02
1.292807384156207817e+01 -1.574423190937625634e+02
1.360702509513846437e+01 -1.578447179476760311e+02
1.389419775966737625e+01 -1.578987974012925690e+02
1.465172839622728418e+01 -1.578000656511794375e+02
1.594004592843294255e+01 -1.575954133429410149e+02
1.737230056436599668e+01 -1.584092072769038282e+02
1.793683629468111818e+01 -1.590565015438060641e+02
1.828642799169012534e+01 -1.595533456636669314e+02
3.217421976808633133e+01 -1.513461781261535464e+02
3.230019823645216803e+01 -1.515571447608997460e+02
3.231559731612045994e+01 -1.515858507317488204e+02
3.233285632185282310e+01 -1.516189306407996469e+02
3.234882806780755971e+01 -1.516504546783027649e+02
3.238087334860887267e+01 -1.517166061218386517e+02
3.244195416846868341e+01 -1.518555202772704149e+02
3.996370356718791328e+01 -1.476827664554218700e+02
4.424933430322556660e+01 -1.472863830579157707e+02
5.313492413347587728e+01 -1.461014299781871841e+02
5.591463041419628155e+01 -1.491163450842563236e+02
6.113746112775038455e+01 -1.499255589097468828e+02
6.614136833857777731e+01 -1.542616258316360813e+02
6.876347335768120672e+01 -1.555448194355514886e+02
7.071310372087735630e+01 -1.561133286590954299e+02
7.266771644263241114e+01 -1.566984323164988666e+02
7.629322131690925346e+01 -1.587264290434546581e+02
7.723076984399047262e+01 -1.587577598408069264e+02
7.690655469135300848e+01 -1.582673191732524458e+02
7.679246799167445658e+01 -1.581004663829368155e+02
7.598776276684014874e+01 -1.569722960518546699e+02
7.461131570910382038e+01 -1.551714977327680742e+02
7.326371568748099605e+01 -1.535637055542991618e+02
7.264221613905230868e+01 -1.528934602340842730e+02
7.204544993239687756e+01 -1.523002424493843137e+02
7.061704392271859376e+01 -1.508825939765694670e+02
7.015270432067642048e+01 -1.500086487932332773e+02
6.955418262691152620e+01 -1.489541035431968226e+02
6.930270131860069682e+01 -1.485179839839863121e+02
6.876804247650784419e+01 -1.475930121810578441e+02
6.824867600637328735e+01 -1.466914039766079156e+02
6.739413530098643434e+01 -1.451879590546973589e+02
6.620688733364239908e+01 -1.430140750075046867e+02
6.483294497826000224e+01 -1.400565038178823727e+02
6.453348165432073813e+01 -1.383767778444795056e+02
6.483006527876609937e+01 -1.374113414636956634e+02
8.410766426153675468e+01 -1.103577480185196151e+02
8.410818738479646584e+01 -1.103544127370812618e+02
8.411117486201268889e+01 -1.103352333558694056e+02
8.422945512172505289e+01 -1.097407664981991644e+02
8.429828303487516905e+01 -1.095320091668659472e+02
8.477028170140340535e+01 -1.086881183085483400e+02
8.825014692550358575e+01 -1.057364843876923999e+02
9.233833140473018375e+01 -1.034692330949963264e+02
7.631634928328932688e+01 -9.681559444402257952e+01
7.516704894933695869e+01 -9.531593372607909487e+01
7.843456130961774875e+01 -9.076099211336797623e+01
7.694283385530667374e+01 -8.668962815450528581e+01
7.487449694634447894e+01 -8.438833734012609966e+01
7.497916118340938851e+01 -8.285409586688487593e+01
7.539237415855612312e+01 -8.210291551622214001e+01
7.586659242935128589e+01 -8.147016012428984766e+01
7.692550294180365711e+01 -8.014982808864733954e+01
7.704656625749875332e+01 -7.965525814076595168e+01
7.702059672056709871e+01 -7.948767441936787748e+01
7.699992998164759683e+01 -7.941669233843792597e+01
7.699057603780013892e+01 -7.938950052425509796e+01
7.697464317700942615e+01 -7.934749543924468185e+01
7.686603613959236725e+01 -7.912277499133412562e+01
8.590636205319172802e+01 -5.733689555297174678e+01
8.549751282953552334e+01 -5.744325460725210064e+01
8.523572665797775016e+01 -5.750263412602147639e+01
8.489282160361815954e+01 -5.755825643840185535e+01
8.469146491276663369e+01 -5.756996625896890407e+01
8.446552700945935044e+01 -5.754890016905798689e+01
8.429511534331911093e+01 -5.749069447117406639e+01
8.413765934823230452e+01 -5.739673047660188132e+01
8.397356874283066475e+01 -5.727699437137826521e+01
8.388561788123986673e+01 -5.721598962120343401e+01
8.363713824153150256e+01 -5.709011179354558152e+01
8.355901548169011051e+01 -5.706599607954105835e+01
7.270049361134525157e+01 -5.883857553585599476e+01
7.104378887491790806e+01 -5.727312755302273217e+01
6.795747291212143182e+01 -5.706757428890656314e+01
6.610373120623650323e+01 -5.579873870230380817e+01
6.545429819700851226e+01 -5.485847997741591087e+01
6.560218432652170861e+01 -4.900347358516611251e+01
6.485303375250209967e+01 -4.569895095490396386e+01
6.426347768197423704e+01 -4.535772718953543858e+01
6.272069684606927353e+01 -4.375031888874190855e+01
6.250296227772855673e+01 -4.234764785115184083e+01
5.398232304382568003e+01 -3.421811911535320405e+01
4.813770259744251234e+01 -3.361984017390400226e+01
4.361796843740274454e+01 -2.812997037796874622e+01
4.297677820661192527e+01 -2.744550145768319993e+01
4.252751036667186213e+01 -2.697489460256741367e+01
4.202322928104384658e+01 -2.645513917855724628e+01
4.088024698816077063e+01 -2.530163346957267478e+01
3.974703240594273268e+01 -2.414157229054292486e+01
3.854166363544526064e+01 -2.151166428025479505e+01
3.866923905199053024e+01 -1.993970890672171947e+01
3.299088373685595599e+01 -2.274772420670612405e+01
2.722642377379980516e+01 -1.947960424098521415e+01
2.353530555180874018e+01 -1.774927316260368215e+01
2.206129123557588301e+01 -1.628927531706444398e+01
2.012700343606925912e+01 -1.279717740668668036e+01
1.719034577344518055e+01 -1.116668021280561973e+01
1.607356985213758804e+01 -1.003811143364249681e+01
1.486739841731504264e+01 -8.605021866389394702e+00
8.558324812989422270e+00 -4.544029487607631701e+00
6.286199473373365265e+00 -3.436564856551449498e+00
4.451857475651335605e+00 -2.263265134014936120e+00
1.282719712710190807e+00 -1.035672899746794690e-01
