-1.742351718074477196e+00 -2.130311005067981878e+00
-3.065448028462993690e+00 -2.940022895197408115e+00
-3.191618308483237687e+00 -3.564547534819959562e+00
-3.212604252230680135e+00 -3.742278891782941042e+00
-3.386665880501075421e+00 -4.199645752658486053e+00
-4.447365032743337387e+00 -5.322581996467526722e+00
-4.728256545001401356e+00 -6.476687287585278341e+00
-4.922272361085035186e+00 -7.157419958662300630e+00
-5.733932087225363183e+00 -8.221098676924496473e+00
-5.583861823922044998e+00 -8.412039704166893728e+00
-5.448691775113632119e+00 -8.628349180743155600e+00
-5.518752728402709806e+00 -9.322245584291389164e+00
-6.234881638094406320e+00 -1.041545872604478973e+01
-6.699552607362386780e+00 -1.088021005066742930e+01
-6.846059565281440662e+00 -1.133011160159856168e+01
-7.264405725649662138e+00 -1.299730304668858238e+01
-7.211975235803797624e+00 -1.378537749942803003e+01
-7.073240388614803642e+00 -1.402705464567718785e+01
-6.904959784146313950e+00 -1.425832191643038804e+01
-6.831407733611547961e+00 -1.435788699473518903e+01
-6.768356923437796269e+00 -1.444796647942741608e+01
-6.530550219874126761e+00 -1.488986480353003827e+01
-6.523405285299495482e+00 -1.564733961517587879e+01
-6.716797661615994564e+00 -1.620743928877981688e+01
-6.434765109010648132e+00 -1.789101902829028745e+01
-6.534300056060155626e+00 -1.819723119149055890e+01
-6.608481240813732782e+00 -1.851508893394362332e+01
-6.581050741944459936e+00 -1.888907933787469062e+01
-6.231344527213525275e+00 -1.964372766013460847e+01
-6.388061437710174317e+00 -2.028994914692351514e+01
-6.454549205294140890e+00 -2.068299652075973327e+01
-6.262571791987650904e+00 -2.144808722994720185e+01
-5.916140707530500364e+00 -2.210804282453437608e+01
-5.700579121431515794e+00 -2.247822437110005112e+01
-5.459566627632814750e+00 -2.288649872045001743e+01
-5.245102290770530473e+00 -2.325782448947421344e+01
-5.034941056679461902e+00 -2.364568429222874713e+01
-4.857809427867117336e+00 -2.401281262290815022e+01
-4.712231389386444036e+00 -2.439641814296602362e+01
-4.915318584115538236e+00 -2.567455137814089383e+01
-3.433724495538247545e+00 -2.695174224325286971e+01
-3.204936936241838286e+00 -2.721196821224596007e+01
-3.248896693652273182e+00 -2.756945621214629227e+01
-3.311459910744492419e+00 -2.877057179611944804e+01
-3.130782956947852025e+00 -2.902862640684845630e+01
-2.995485873400516308e+00 -2.916896778304499804e+01
-2.344774693213791839e+00 -2.943552033297299531e+01
-1.930127598130180866e+00 -3.076748283664919725e+01
-1.527013553675443225e+00 -3.189186623317705482e+01
-1.215860783406320200e+00 -3.242460253443742602e+01
-1.036804305480611088e+00 -3.273651683701172033e+01
-6.042882780146443533e-01 -3.546118150228808474e+01
-1.293637856128733270e-02 -3.660541914775606642e+01
7.179131268120119147e-01 -3.787518638461401821e+01
1.240178190071127950e+00 -4.036511043926687847e+01
1.320359160851255487e+00 -4.099825946488398642e+01
1.527308264804500215e+00 -4.135214470469644965e+01
1.404919077717893705e+00 -4.309719180985692333e+01
1.443697934398053162e+00 -4.320386829188505118e+01
2.054303474892737125e+00 -4.531846256141241724e+01
2.081219942878195894e+00 -4.638829795793940036e+01
2.114492007351975289e+00 -4.645853957105481413e+01
2.456371264592891901e+00 -4.704856519037299734e+01
2.518819380871177849e+00 -4.715424615031648869e+01
2.707469641384511405e+00 -4.754654093386665181e+01
2.759614321428523365e+00 -4.804019492992488694e+01
2.578540931391731128e+00 -4.864615417870722069e+01
2.649142120260828737e+00 -4.912846828464574855e+01
3.123874615331075688e+00 -4.930300213520508379e+01
3.464028237253307108e+00 -4.937857869686246204e+01
3.504919080066981607e+00 -5.083713436372196526e+01
3.844675533740901763e+00 -5.212257593918391052e+01
3.605786654733053709e+00 -5.287882704979715243e+01
3.737450196902895261e+00 -5.312462381455672755e+01
3.845473674309084711e+00 -5.318874880088115731e+01
3.987173105365742654e+00 -5.323539902462081841e+01
3.997986614232074576e+00 -5.323771900952523595e+01
4.021255133533783166e+00 -5.324218338078436119e+01
4.955817608098755045e+00 -5.363852845032921834e+01
6.774859594993412060e+00 -5.669694189169069887e+01
9.102733228647798214e+00 -5.756610284245665810e+01
9.786715678689597908e+00 -5.800810729096408380e+01
9.869452817596398475e+00 -5.821708626926982078e+01
1.045865516430875708e+01 -5.841149364311218761e+01
1.128578708626518612e+01 -5.820094715411859454e+01
1.189132843300956566e+01 -5.835072400183820918e+01
1.249716174105659050e+01 -5.852438219742854386e+01
1.331987841912520487e+01 -5.877267924355732731e+01
1.427048151241210761e+01 -5.904858694455870705e+01
1.491759925664157294e+01 -5.918776219460115584e+01
1.613804254862555254e+01 -5.879233129237113786e+01
1.664721838754800132e+01 -5.896757390599577775e+01
1.792452836230314617e+01 -5.879966992551019445e+01
1.970517671472654442e+01 -5.840773436670603758e+01
1.996781385161606082e+01 -5.865668969536831412e+01
2.088314194390005696e+01 -5.826646984176946376e+01
3.361720901827920471e+01 -4.643798230013497630e+01
3.361724263479010943e+01 -4.643797776032285185e+01
3.361729850848598034e+01 -4.643797021575090866e+01
3.361785536797759022e+01 -4.643789509158134621e+01
3.361867509062539483e+01 -4.643778472472237695e+01
3.361901009611501223e+01 -4.643773969271255453e+01
3.361901698509424818e+01 -4.643773876711841808e+01
3.361975515882119936e+01 -4.643763968639034090e+01
3.362143669991385053e+01 -4.643741468332671474e+01
3.362382693414079426e+01 -4.643709636386419959e+01
3.362554335882315826e+01 -4.643686873243493807e+01
3.362701991438380134e+01 -4.643667345882321484e+01
3.362855824971591545e+01 -4.643647047660108029e+01
3.485517731085513304e+01 -4.460222652000804544e+01
3.488729686662598084e+01 -4.459101338606249243e+01
3.493588422705892071e+01 -4.457481784802492797e+01
3.506839630086639659e+01 -4.452997975352025861e+01
3.523644262001189276e+01 -4.443665360316471435e+01
3.528610075272383284e+01 -4.436923096331988603e+01
3.530439721306570533e+01 -4.426875457731434693e+01
3.528883284644035712e+01 -4.418082322409673424e+01
3.984167691212103790e+01 -3.908069426456047779e+01
3.990866291086669548e+01 -3.888503355647661408e+01
3.999112649238674067e+01 -3.849441341354605584e+01
3.999475100771108060e+01 -3.847159965502614654e+01
4.003447645584864745e+01 -3.820411077967405333e+01
4.016548659814114330e+01 -3.757442125202970828e+01
4.022185790587251830e+01 -3.739240682447140784e+01
4.023648053611234587e+01 -3.734989468857738615e+01
4.146835449889078973e+01 -3.560387842256741209e+01
4.149809143219440699e+01 -3.548947276310986609e+01
4.309908845393379551e+01 -3.245273667927726535e+01
4.335215764658999404e+01 -3.149998252808639521e+01
4.390499483923941426e+01 -2.920912470736105249e+01
4.392784763120448588e+01 -2.896228538706396805e+01
4.392422018095025749e+01 -2.887397820803829518e+01
4.389307614683522019e+01 -2.874745560446860893e+01
4.384089043706396893e+01 -2.867265478328371131e+01
4.359141039879491331e+01 -2.840377374510865849e+01
4.370264215957730158e+01 -2.653561731969958259e+01
4.350132479026459009e+01 -2.618212596644255896e+01
4.349665089415200470e+01 -2.565221916599404040e+01
4.357984267982253357e+01 -2.538130731090850389e+01
4.347842866019986729e+01 -2.410699815802592028e+01
4.316138060344628258e+01 -2.357458273368862223e+01
4.288302160593721624e+01 -2.256871260435162085e+01
4.308759643076428603e+01 -2.176276393217963800e+01
4.252821932322970611e+01 -2.042218827389471869e+01
4.236148043418417330e+01 -2.007061595137879095e+01
4.230297723084006378e+01 -1.938717292601567266e+01
4.238430790683841565e+01 -1.914757363296590498e+01
4.246310463839360949e+01 -1.886640997721638868e+01
4.146286141396112157e+01 -1.649159965960294372e+01
4.139408483791151383e+01 -1.444216435992678527e+01
4.125699934664214652e+01 -1.404121289120652882e+01
4.111375361010880880e+01 -1.383467804958739578e+01
4.079660330817048219e+01 -1.358239002353352376e+01
4.030585050472446795e+01 -1.343595588445951883e+01
3.982104076600903397e+01 -1.323391374927624931e+01
3.949481355203810296e+01 -1.095168016802295874e+01
3.938138799846137061e+01 -1.073040613980024105e+01
3.848480148732382844e+01 -9.388915985361652616e+00
3.825526865478425265e+01 -9.213778228567058193e+00
3.794814065759658916e+01 -9.084083466668012363e+00
3.765087530509737945e+01 -9.014750885370023781e+00
3.734679341684778819e+01 -8.913443387616169389e+00
3.715597821063464323e+01 -8.771824874025742957e+00
3.681588344257704648e+01 -8.309745172393462553e+00
3.675463069821102380e+01 -7.733007903807549432e+00
3.696408976497871635e+01 -7.067127736858962450e+00
3.694771951702205115e+01 -6.757805765269239373e+00
3.579902438298471878e+01 -6.234529598308225395e+00
3.490767452726196751e+01 -4.858757218440250547e+00
3.438331637951989705e+01 -3.980270181183258149e+00
3.356457914799157294e+01 -3.479425587622336113e+00
3.309460171090368874e+01 -3.355287140499813248e+00
3.317901042222554508e+01 -2.106128522147439952e+00
3.284383186115510966e+01 -1.803213185249750161e+00
3.247803362925693449e+01 -1.726472075347804891e+00
3.179523503140558205e+01 -1.348702288891256762e+00
3.167461989052014104e+01 -1.181052847654822324e+00
3.010983469199620544e+01 4.123024252158255520e-01
2.969906739639481685e+01 5.344504984563931416e-01
2.855551302690957627e+01 1.592726457071893753e+00
2.845344901733103526e+01 1.624069054602228057e+00
2.781008406490498786e+01 1.796030903255422695e+00
2.703715790934375462e+01 1.991510098914351268e+00
2.609984330873039582e+01 2.588560694605877899e+00
2.546132486234663261e+01 3.196507485882219779e+00
2.362057232546612795e+01 4.415622215698587816e+00
2.333545775181888970e+01 4.504370251630585464e+00
2.214270146834713415e+01 4.845889031455428153e+00
2.002076040614732477e+01 5.437642092052784371e+00
1.831625515603603205e+01 5.928343542490027041e+00
1.787440579021128073e+01 6.054882726507463175e+00
1.677517603377257416e+01 6.358673987910252734e+00
1.415633923548183049e+01 6.347927545270615646e+00
1.212654834782698288e+01 6.102514863402753065e+00
1.208414117851871339e+01 6.130654583003910751e+00
1.206263971670466084e+01 6.148682688956475850e+00
1.202827049692959882e+01 6.186828662078354135e+00
6.247336183803138709e+00 3.548784677889252670e+00
5.717142406820329370e+00 3.227001666534011992e+00
