-1.662418902816604760e+00 -4.157905372104830910e+00
-2.868579942642079050e+00 -4.913344692017037829e+00
-2.931286297450374612e+00 -9.761590080455373908e+00
-3.588913904356827445e-01 -1.178147346304592524e+01
1.242858949557486659e+00 -1.322584259829414854e+01
3.325132691107645755e+00 -1.564644705619749843e+01
4.872645201560977135e+00 -1.891466497936837499e+01
4.749871824671083154e+00 -2.040831517476871326e+01
4.798592091137935611e+00 -2.227654620885474301e+01
6.138429908738828544e+00 -2.313206507885616503e+01
7.568527157002783667e+00 -2.397887368510807349e+01
7.088453664877084393e+00 -2.692072504531117616e+01
7.712570553758458125e+00 -3.014288930196559946e+01
-6.091512324184755300e+00 -2.986799171713573742e+01
-5.541603105847081601e+00 -3.001561132926105557e+01
-4.427262849508305287e+00 -3.030902190917916883e+01
-3.875712452300715150e+00 -3.045473705092476635e+01
-3.328729358519126436e+00 -3.060182507794289108e+01
-3.141063230553633900e+00 -3.065328508253796613e+01
-2.761787889027403686e+00 -3.075962709588068478e+01
-1.783837332828707156e+00 -3.106348247818703356e+01
-3.741364428463471170e-01 -3.292444287701272998e+01
-1.609637794502451480e-01 -3.455259386988207382e+01
7.888852136177018082e-01 -3.623877141565625948e+01
8.832570354614434294e+00 -4.637005419308819398e+01
8.768204792195305686e+00 -4.652172333896367462e+01
8.697154504566089628e+00 -4.668767209939541374e+01
8.651388752010486627e+00 -4.679361692731173861e+01
8.630632595243664440e+00 -4.684129645831067990e+01
5.769300971559387925e+00 -4.912458041698425149e+01
5.173860957827356444e+00 -4.984507500106474254e+01
5.206401215691406570e+00 -5.058348833606170558e+01
5.571411093085371746e+00 -5.112632532432254351e+01
2.075124131114622372e+01 -5.067126288745818385e+01
2.130066516835442414e+01 -5.337886609856104769e+01
2.198426487235319016e+01 -5.547313267599742659e+01
2.284648481608328296e+01 -5.765852142136861147e+01
2.364846918758333061e+01 -5.929894270863476891e+01
2.469607504718403845e+01 -6.144518839307070834e+01
2.463128737738395557e+01 -6.689896949801230619e+01
2.389199437370498202e+01 -7.191113376433357018e+01
2.401158641708344632e+01 -7.449123915390062223e+01
2.234023102216584533e+01 -7.841505044992116780e+01
2.361986141652053917e+01 -8.665854440915984469e+01
2.405415237038988963e+01 -8.921646801582544128e+01
2.442702899802201699e+01 -9.106705176918430311e+01
2.466741519350584255e+01 -9.225057796541172195e+01
2.481481954065213458e+01 -1.005507193688045220e+02
2.630321409540577093e+01 -1.079079522741384949e+02
2.725092079741159878e+01 -1.106720136660799767e+02
2.773264046811406658e+01 -1.121863844664752605e+02
2.996648803889843649e+01 -1.198051476028528413e+02
3.133732461854359741e+01 -1.245418169521531837e+02
3.414576976557390253e+01 -1.275564668125163195e+02
3.559917382437653544e+01 -1.339626449054146633e+02
3.484323053319059227e+01 -1.367422842454550107e+02
3.500438661577516797e+01 -1.382382427534820408e+02
3.536096651417569348e+01 -1.395803733786566170e+02
3.547712031739643379e+01 -1.399383714172423367e+02
3.686648913643910674e+01 -1.480267834150545241e+02
3.732726513945789293e+01 -1.499011614647448027e+02
3.758226714819294045e+01 -1.507179058551594721e+02
4.234172175564344087e+01 -1.478803580158308080e+02
4.288709834555817935e+01 -1.484206944849857166e+02
4.370013947649573538e+01 -1.493330260538426444e+02
4.151973485270234221e+01 -1.552711863031227324e+02
4.209032697989486138e+01 -1.571345084511709729e+02
4.326622694046672279e+01 -1.593358609535547146e+02
4.765283105374821560e+01 -1.610442291759648867e+02
5.010286602211962048e+01 -1.622493608595233923e+02
5.122196075758184008e+01 -1.639832534994396269e+02
5.149777992016936423e+01 -1.656141909072441081e+02
5.154332432142923182e+01 -1.663296422043327425e+02
5.159321830616134719e+01 -1.670205830678376913e+02
5.161491523184814412e+01 -1.671441996289794076e+02
5.165972189570253903e+01 -1.672617059314955554e+02
5.266780899910275338e+01 -1.655271486662055622e+02
5.645428905582622292e+01 -1.571148716365862299e+02
5.767680442134415131e+01 -1.558779473377146303e+02
5.778258216037492190e+01 -1.558709627552916857e+02
5.783839265152769116e+01 -1.558701965142035988e+02
5.790860252458433166e+01 -1.558718537597816862e+02
5.799257726309283356e+01 -1.558773874133609922e+02
5.815874187126023998e+01 -1.558985190903972580e+02
5.690257243716481383e+01 -1.522741614461602921e+02
5.690257242356419454e+01 -1.522741614174973961e+02
5.690257242161231233e+01 -1.522741614133838368e+02
5.690257241993716519e+01 -1.522741614098535479e+02
5.690257241867230675e+01 -1.522741614071878757e+02
5.690257241741458927e+01 -1.522741614045372671e+02
5.690257241596132332e+01 -1.522741614014745437e+02
5.690257241437865332e+01 -1.522741613981391140e+02
5.690257241211385519e+01 -1.522741613933661426e+02
5.690257240777821579e+01 -1.522741613842288757e+02
5.688770997163900489e+01 -1.522425485280298290e+02
5.688770963185285012e+01 -1.522425477987242743e+02
5.688770949434840674e+01 -1.522425475035893214e+02
5.688770928631754487e+01 -1.522425470570786388e+02
5.688770913060830026e+01 -1.522425467228693492e+02
5.688770906859881649e+01 -1.522425465897741503e+02
5.688770902765318027e+01 -1.522425465018897341e+02
5.688770899680118731e+01 -1.522425464356699933e+02
5.688770896998529736e+01 -1.522425463781132180e+02
7.711809394126998995e+01 -1.286088522231721072e+02
8.134999953613881019e+01 -1.283829409833621185e+02
8.897381625323095022e+01 -1.282469408236386244e+02
9.222036728019052987e+01 -1.315997894023553556e+02
9.550034597490474653e+01 -1.358483332419881719e+02
8.822545043914412588e+01 -1.712913713601167558e+02
1.157629899313498498e+02 -1.324981556633694311e+02
1.157645581772856218e+02 -1.324979673065564043e+02
1.157726136790998055e+02 -1.324967790333046764e+02
1.157906750763357167e+02 -1.324923372909163959e+02
1.158155187260454397e+02 -1.324774645064339325e+02
1.158237944931402694e+02 -1.324632956498049339e+02
1.158258443830316651e+02 -1.324493849102854881e+02
1.150888095374784257e+02 -1.316989772244855885e+02
1.145074685593426551e+02 -1.312249832843967852e+02
1.134348951754378731e+02 -1.303717747860357576e+02
1.130574242763543396e+02 -1.300680700050966720e+02
1.126690322151849273e+02 -1.297481097042154090e+02
1.117672929334364795e+02 -1.289061381816326559e+02
1.113949149147950664e+02 -1.284101966940440036e+02
1.110532641105280192e+02 -1.277834416705186982e+02
1.108606495246888812e+02 -1.275125918872746524e+02
1.105558665499531088e+02 -1.271550802142434549e+02
1.101832141460000258e+02 -1.267590934645137963e+02
1.096362210619726483e+02 -1.262080386603476398e+02
1.088092028533176858e+02 -1.253788000657772699e+02
1.105581399643701275e+02 -1.143867296595597054e+02
1.102609023445612024e+02 -1.140661917677954875e+02
1.098978303202153484e+02 -1.135131751809760488e+02
1.095973405640416161e+02 -1.120619485240181348e+02
1.095358743073970373e+02 -1.116242760281772206e+02
1.087556146380595976e+02 -1.083560375886940790e+02
1.068585786319941917e+02 -1.056881873096236006e+02
1.066012374775752534e+02 -1.045104376581711279e+02
1.067416926406297932e+02 -1.024560291701422869e+02
1.083221856713211366e+02 -1.006339998159302240e+02
1.095842840087869519e+02 -9.732740692355666567e+01
1.096849158074698494e+02 -9.689172406251557845e+01
1.101760563124101964e+02 -9.470069508291848592e+01
1.103697540772923560e+02 -9.386245076668966192e+01
1.110920863778819552e+02 -9.101021382432908524e+01
1.112943473842422435e+02 -9.032498671924460609e+01
1.131031742336982120e+02 -8.714926454253480870e+01
1.152575381655315141e+02 -8.430957522940386184e+01
1.173721073619938835e+02 -8.110320412092026743e+01
1.212092254437397827e+02 -7.561061314254891386e+01
1.257400155390455296e+02 -7.234745510556783188e+01
1.282820730659838944e+02 -7.057891091954176943e+01
1.081909008572559117e+02 -8.314180700775810351e+01
1.058559905604696354e+02 -8.256906310608644617e+01
1.019518439660897826e+02 -8.140260727635393323e+01
9.815502214876056541e+01 -7.977507147596766401e+01
9.728877043469771024e+01 -7.900579893122970532e+01
9.653502897739073774e+01 -7.847029451255717447e+01
8.861840736445748234e+01 -7.679420347495300803e+01
8.790174024109126094e+01 -7.390569329464646842e+01
8.601959558178847942e+01 -7.282755704133394659e+01
8.462004225771158872e+01 -7.228240068859207668e+01
8.290308044329566428e+01 -7.169673902764610318e+01
8.140313645867992420e+01 -7.116221314955046751e+01
7.982059399423832247e+01 -6.960477874876207238e+01
7.905453615711233795e+01 -6.838172581761867264e+01
7.784328070487515561e+01 -6.688225607795334327e+01
7.702920904582249761e+01 -6.592078435686448756e+01
7.423873947745073565e+01 -6.283758977004608681e+01
6.802669339403902882e+01 -5.849455748400605870e+01
6.748512626143885029e+01 -5.085594466702674055e+01
6.379522541333245300e+01 -4.927694489671630151e+01
6.206117265375878844e+01 -4.847392616975952961e+01
6.143420996449631843e+01 -4.777356953326054878e+01
6.114460045732915461e+01 -4.679463689853339048e+01
6.097587583441068659e+01 -4.647540963407926995e+01
6.057357547724678426e+01 -4.581879490393603760e+01
5.962160882125759542e+01 -4.472396139909359647e+01
5.452945176744504607e+01 -4.078874812540487227e+01
5.307533110677452726e+01 -3.954709648125616894e+01
5.061676216544331908e+01 -2.728881561250383925e+01
5.106197465776386224e+01 -2.651727646332931698e+01
5.018438161078695714e+01 -2.600833418452412005e+01
4.693499861910925119e+01 -2.622828934045406513e+01
4.541630255153635431e+01 -2.468147540810207374e+01
4.417150308541848602e+01 -2.277278873658002212e+01
3.729922045089657701e+01 -1.958630207257146694e+01
3.698113308259593879e+01 -1.906540255209592871e+01
3.601718144170141755e+01 -1.835648657774567027e+01
2.522046518483936595e+01 -2.391207489545401188e+01
2.114980636319952012e+01 -2.210324677542884331e+01
1.961630971684879654e+01 -1.973639352566204863e+01
1.556713859031239622e+01 -1.487467369937024664e+01
1.216213629776932059e+01 -1.188222908583460580e+01
1.004233999603996352e+01 -1.022840752713839940e+01
8.135779878040771962e+00 -8.353539811765143597e+00
6.402677079184052822e+00 -4.319392566832025437e+00
5.181236636121801631e+00 -3.080771400169080021e+00
3.930197180343294239e+00 -2.465479035992747203e+00
2.011858557490476151e+00 -1.253901469751116826e+00
