-6.864481426259128050e-01 -8.373196085268822531e-01
-1.078312300339496543e+00 -1.356659697430347089e+00
-1.500598928952062705e+00 -4.252085566164833352e+00
-1.288207367167756079e+00 -4.892662967204968183e+00
-1.140656957856022613e+00 -5.911796225720608255e+00
-1.957454781238851860e+00 -7.784203447013460675e+00
-2.559451247067034974e+00 -1.113083257959461925e+01
-3.013578808754677318e+00 -1.241135698592745307e+01
-2.910307330247548396e+00 -1.363198453987867964e+01
-2.819202922376753406e+00 -1.416804620236210610e+01
-2.724988487300019191e+00 -1.470245784877077178e+01
-2.524014724093006201e+00 -1.614797560474273652e+01
-2.764864329813013111e+00 -1.739805323600555909e+01
-2.848068948079221840e+00 -1.752888338555698766e+01
-2.910352711094474909e+00 -1.814193651876223612e+01
-3.239127193516357917e+00 -2.054825566785648761e+01
-3.662466333809526908e+00 -2.233025869547901010e+01
-3.575485403172078858e+00 -2.295389720953553692e+01
-3.452953134225498211e+00 -2.336511137265816984e+01
-3.282902669784445671e+00 -2.362083590786704335e+01
-3.051005032342432699e+00 -2.378195827346250724e+01
-2.554845298551392752e+00 -2.434228434025057553e+01
-2.709970939431225911e+00 -2.545803719223533790e+01
-3.259566888328857104e+00 -2.646795680413474372e+01
-4.259409298915698194e+00 -2.790368277394158625e+01
-5.456141404485293833e+00 -2.888197008897678231e+01
-6.613764801993085030e+00 -2.942454106096419153e+01
-6.650354550870410719e+00 -2.977626022819152496e+01
-5.913913302496504265e+00 -3.077086476513584756e+01
-5.883917784280892960e+00 -3.114820830397854934e+01
-5.812994308960011125e+00 -3.146789634356585097e+01
-5.003609544321867553e+00 -3.240125101235438621e+01
-4.858883998199274856e+00 -3.329283603775026279e+01
-4.658359918732653426e+00 -3.374672624364920637e+01
-4.119341377587323549e+00 -3.421955006923412412e+01
-3.942169511907045898e+00 -3.462649672093593267e+01
-3.792724098671903299e+00 -3.505919660565751172e+01
-5.436337617188714333e+00 -3.828974994123978348e+01
-5.403174997568680027e+00 -3.882607830018729800e+01
-5.884921943677964506e+00 -4.046980275530535920e+01
-5.745845377438289603e+00 -4.110772998938765710e+01
-5.762346566683010707e+00 -4.150835862012954891e+01
-5.983123970417741688e+00 -4.204327256425084869e+01
-6.766836449828223188e+00 -4.429884184204885855e+01
-6.690624784249012968e+00 -4.448575977129607395e+01
-6.623109899702408043e+00 -4.461109182509586901e+01
-1.906967604848424980e+00 -4.397529523950800012e+01
-1.018751174370160495e+00 -4.403817707685310978e+01
-6.555264992226660370e-01 -4.415761902036446429e+01
-1.144600773829009821e-01 -4.445974487366423489e+01
2.317964328969404353e-01 -4.471375415138705023e+01
4.791304825302867276e-01 -4.491158781458504023e+01
3.614373900842929199e+00 -4.486160186046075182e+01
7.706492758391758180e+00 -4.765762796183584271e+01
9.973401706804938982e+00 -4.968434375832761418e+01
9.974537794514876765e+00 -4.968700987249876277e+01
9.974836230302788209e+00 -4.968771643764752355e+01
9.975154763728019347e+00 -4.968847350740391988e+01
9.975552633839670946e+00 -4.968942343975243858e+01
9.976339155028455252e+00 -4.969131565716118359e+01
-4.103808304198333978e+00 -5.647667560142095766e+01
-4.103931526626920956e+00 -5.647905339465958718e+01
-4.104113443808523165e+00 -5.648238350049022927e+01
-4.106783976837047767e+00 -5.651814919871932119e+01
-4.119857585800549948e+00 -5.660658120329626541e+01
-4.452395492031747004e+00 -5.700170437183792416e+01
-4.497298007683441234e+00 -5.729380056605491234e+01
-4.212039851623133657e+00 -5.762763544033001040e+01
-4.015950920067570706e+00 -5.783486374960847343e+01
-3.844331627748333702e+00 -5.809852890797975533e+01
-3.649741641646709223e+00 -5.894415892800542167e+01
-4.085592339629124048e+00 -5.996363201754492422e+01
-3.983416293238932759e+00 -6.022362737067711436e+01
-3.778175188364650161e+00 -6.044539507477244200e+01
-3.580134905694305480e+00 -6.057803489916959450e+01
-3.312034369084869478e+00 -6.062928937587003730e+01
-3.283579895658289338e+00 -6.062328986776167739e+01
-3.145112972991457756e+00 -6.056364695488196759e+01
-7.539312092696920375e-01 -6.136532950876244996e+01
6.106370864161578815e-01 -6.238003165306443520e+01
2.887347761871232432e+00 -6.531793721308622480e+01
4.837722969413416507e+00 -6.775148933991555111e+01
5.436448118221968606e+00 -6.957990639963983881e+01
6.534727784294365627e+00 -6.984316687457675243e+01
7.715729578225708707e+00 -7.002937892769936923e+01
8.992314526216825143e+00 -7.016800588630061952e+01
9.992521797994315946e+00 -7.058981133705113109e+01
1.247255515136441950e+01 -7.036342136144743620e+01
1.399609769263922665e+01 -7.089390227950342194e+01
1.510966969025497519e+01 -7.135479615610165638e+01
1.675317514950816999e+01 -7.109663343254881340e+01
1.774757148286644437e+01 -7.117019742052011111e+01
2.187844923826463628e+01 -7.052957237094919662e+01
2.588033634904817148e+01 -7.091601762740324943e+01
2.820883500505599883e+01 -7.136511294355716473e+01
2.984578627552017949e+01 -7.120818155552811390e+01
3.191216421562921113e+01 -7.159671645189654043e+01
3.491537563243804954e+01 -7.257037678052630270e+01
3.528142008406816643e+01 -7.283113943346900498e+01
4.251046039000505772e+01 -7.398086380530165229e+01
4.732676866208779387e+01 -7.280788702499319243e+01
5.787559375378901905e+01 -7.541573946316806598e+01
5.787719312630074597e+01 -7.541561977570097497e+01
5.787737559447501212e+01 -7.541560605879460866e+01
5.787757854143221437e+01 -7.541559078751437539e+01
5.787806236470638765e+01 -7.541555431774175133e+01
5.787884116278932112e+01 -7.541549542655874916e+01
5.787958753615252760e+01 -7.541543877168217591e+01
5.788027933365361832e+01 -7.541538607160427432e+01
5.788090420625020727e+01 -7.541533831480666095e+01
5.788128910652186931e+01 -7.541530882520400780e+01
5.788173911935309945e+01 -7.541527427644953718e+01
5.788217312198250397e+01 -7.541524088499808443e+01
5.788267444463807010e+01 -7.541520222640545512e+01
5.788267801192596096e+01 -7.541520195098424040e+01
5.788267856805768474e+01 -7.541520190804629920e+01
5.788267896677675139e+01 -7.541520187726183622e+01
5.788267923947209681e+01 -7.541520185620741756e+01
6.296324028049762234e+01 -7.650180335581936220e+01
6.296325073306518760e+01 -7.650176724400995454e+01
6.296325650918535644e+01 -7.650174729134958795e+01
6.296328927443172319e+01 -7.650163414733808054e+01
6.296336311319566192e+01 -7.650137940709427653e+01
6.296337751773235425e+01 -7.650132975046598460e+01
6.296338310243799441e+01 -7.650131050172595337e+01
6.296348819472742520e+01 -7.650094863160438763e+01
6.296362708199909264e+01 -7.650047141172986187e+01
6.296387263884892604e+01 -7.649963049884732413e+01
6.296437968461761869e+01 -7.649790545538721176e+01
6.296590425311525507e+01 -7.649280896725611001e+01
6.296605061275847248e+01 -7.649232669798747963e+01
6.296623041327430315e+01 -7.649173588805857094e+01
6.296730366284131009e+01 -7.648824663804161617e+01
6.296755470935377730e+01 -7.648743956618800155e+01
6.297027327341773884e+01 -7.647891261668719665e+01
6.298120407725532743e+01 -7.644806091591846098e+01
6.298422241186205639e+01 -7.644036087971940674e+01
6.298572652544297767e+01 -7.643663692391170628e+01
7.492522194452921269e+01 -7.205532538760203920e+01
7.381866330690588995e+01 -7.125448746535258238e+01
7.287538192287306060e+01 -7.041263851577306809e+01
7.233404653509030879e+01 -6.950857990852132673e+01
7.215176946197750851e+01 -6.889078892602229587e+01
7.084551400501317175e+01 -6.786254085554831761e+01
6.995674513368109615e+01 -6.707020913593392208e+01
6.984999366033359536e+01 -6.677362653817890248e+01
6.983186315532566368e+01 -6.669459854512962238e+01
6.980945363911361312e+01 -6.659538426049823556e+01
6.969011479475234694e+01 -6.623818028997838780e+01
6.854766467545563557e+01 -6.495512774412044621e+01
6.669947364966586179e+01 -6.364021378288981623e+01
6.502122742795302202e+01 -6.246476945298855554e+01
6.271949526919524232e+01 -5.799038594715371886e+01
6.073927864217236561e+01 -5.538280568968129813e+01
5.775792491422184582e+01 -5.333281055592910036e+01
5.695533464991759587e+01 -5.275799281221196679e+01
5.589335188589494408e+01 -5.201835345729151072e+01
5.240934937788001236e+01 -5.074093556380841363e+01
5.116235093797985201e+01 -4.987247624818254366e+01
4.983225087757400473e+01 -4.888635035793247141e+01
4.908134329230961157e+01 -4.831201590104078747e+01
4.772350504959697304e+01 -4.724157673324987883e+01
4.698265959619144638e+01 -4.662916938998047556e+01
4.553263805373152451e+01 -4.469885123107169989e+01
4.423920289765802494e+01 -4.359573693540070849e+01
4.368156122873629243e+01 -4.179605889243565287e+01
4.347128985287649527e+01 -4.033321554255716279e+01
4.356205944558584520e+01 -3.684010255155678948e+01
3.888074300444291964e+01 -3.614611621837790523e+01
3.723197680679870558e+01 -3.588497365560522212e+01
3.461576227057216215e+01 -3.519444847747060834e+01
3.375900644621483337e+01 -3.458228116664638918e+01
3.353746993731823522e+01 -3.344830890590026939e+01
3.291420316021019232e+01 -3.285039575892047736e+01
3.236683952977165291e+01 -3.240322542465566613e+01
3.083883994166636455e+01 -3.123501873090128100e+01
3.032318807004700645e+01 -3.085164578630723753e+01
2.331935383589230426e+01 -2.562687830523914556e+01
2.229614668594499705e+01 -2.479275447712183933e+01
1.769930261312028819e+01 -1.731036850086306700e+01
1.761886403558491310e+01 -1.701920837348472304e+01
1.706841298302090237e+01 -1.614191058079407881e+01
1.672125790271000767e+01 -1.589931141224484712e+01
1.578038272393466634e+01 -1.431799039017933950e+01
1.420367752207995338e+01 -1.285479239762469383e+01
1.222378454187296448e+01 -9.572151769053757420e+00
1.203731637195468451e+01 -8.916042254423247826e+00
1.154851209092152153e+01 -8.390097176331362760e+00
8.214488074474573409e+00 -9.421316792785615846e+00
6.665258197279817942e+00 -8.522945440459693600e+00
5.924403573978208826e+00 -8.030372005813120495e+00
4.107558355018619878e+00 -6.701327473477911134e+00
3.086810630921715592e+00 -5.752267175432518087e+00
2.802782620129549596e+00 -5.046674435489792998e+00
2.086884463274851331e+00 -3.852864410268816986e+00
1.275376450401856099e+00 -2.186544010747242250e+00
8.282739078110369357e-01 -8.385985793800889709e-01
7.819454111099015670e-01 -6.983008351894903765e-01
5.854332622901639027e-01 -4.276572025375389163e-01
