-2.634132324471435971e-01 -3.318471884690716855e-01
-4.129839081835219861e-01 -5.072935623745487010e-01
-6.292454592012108883e-01 -7.966248870601532195e-01
-6.556561661946669339e-01 -8.359297615086694888e-01
-2.407939199841136357e+00 -1.877597984791243402e+00
-3.019772731706908075e+00 -2.644016626860234975e+00
-5.195853161667796094e+00 -4.222440607046516803e+00
-5.512634298396846155e+00 -4.619440808226885409e+00
-5.823313695391274969e+00 -5.014037119775255569e+00
-5.890070736507579063e+00 -5.099013573357264129e+00
-5.997835933368977912e+00 -5.236098396431797752e+00
-6.526662801974975281e+00 -5.905023779320078603e+00
-7.801825590355837114e+00 -7.475348545609058704e+00
-8.472894935426841911e+00 -8.302486549095757340e+00
-8.727415658861259473e+00 -8.632820268220692483e+00
-8.996977352868894329e+00 -9.573527979742834759e+00
-8.972967561743553588e+00 -9.731989579959831715e+00
-9.742541222558147140e+00 -1.100480149098708793e+01
-9.785381813935774886e+00 -1.142409929803715585e+01
-9.767551518160038526e+00 -1.166973871824133369e+01
-9.766532930269832491e+00 -1.168062019061149392e+01
-9.721709125305066479e+00 -1.212552546647727603e+01
-9.633130194181752870e+00 -1.290530991219055323e+01
-9.554667240702109154e+00 -1.344166783389866282e+01
-9.755704305153955147e+00 -1.446742239997010060e+01
-1.011817117472889116e+01 -1.487169377089355748e+01
-1.031585013372619564e+01 -1.521254587286676241e+01
-1.032943654473166362e+01 -1.559353174019396704e+01
-1.028394317479868647e+01 -1.610025739841581682e+01
-1.022750945605320005e+01 -1.657829784183033439e+01
-1.019041772808933288e+01 -1.694035252901443300e+01
-1.012045344347645326e+01 -1.771056797078083989e+01
-9.892462085316580556e+00 -1.831682552046332191e+01
-9.570553293917605231e+00 -1.862238444407609350e+01
-9.036203717473707542e+00 -1.906390234691046004e+01
-8.924566333998299683e+00 -1.944181275648266194e+01
-8.859562613851652557e+00 -1.983817068534355954e+01
-8.804112548520379278e+00 -2.028822959971655493e+01
-8.765925217311567152e+00 -2.068803469526329053e+01
-8.693191408592372937e+00 -2.149254479737954782e+01
-8.073629461306046196e+00 -2.252406889845051552e+01
-7.806417176275084024e+00 -2.271525108420660999e+01
-7.520533626801339189e+00 -2.306078787879947356e+01
-7.400984436783933695e+00 -2.385377871770736746e+01
-7.191857355459439383e+00 -2.412763795422863566e+01
-7.035417258066341439e+00 -2.426542612392519160e+01
-6.598706694250416227e+00 -2.457954085494093022e+01
-6.176342086467485615e+00 -2.591769229727094626e+01
-5.904958993341231199e+00 -2.696006350050108935e+01
-5.463719005690926167e+00 -2.731376290004548224e+01
-5.180022831875400691e+00 -2.754070992331894985e+01
-4.917536253236494126e+00 -2.810656540218177213e+01
-4.874138606104147620e+00 -2.847199438774470792e+01
-4.859881325770992966e+00 -2.868010522617117175e+01
-4.811765422868211850e+00 -2.920116655565064434e+01
-4.766680280212084675e+00 -2.943324119790211313e+01
-4.647158030491970848e+00 -2.974130071496191263e+01
-4.511704955094607783e+00 -2.991331123707753648e+01
-4.325073906666792034e+00 -3.005727777293559200e+01
-3.080050840681378688e+00 -3.194661617721245150e+01
-2.868678359653256127e+00 -3.212619996787877596e+01
-2.538797496103090801e+00 -3.239019738913440705e+01
-1.637616593510840879e+00 -3.309190193106712030e+01
-1.321092154190290247e+00 -3.334391925743774721e+01
-9.021376871573698608e-01 -3.368725074599233693e+01
-6.432219590416332622e-01 -3.390874792855792919e+01
-3.108503910665746384e-01 -3.422460897840831251e+01
-1.623260638890972329e-01 -3.486879613310472337e+01
8.486485431658283840e-01 -3.517028349513491037e+01
1.341987648050112059e+00 -3.546531459047376700e+01
1.734586358959116614e+00 -3.579157918873585231e+01
2.134340008720204906e+00 -3.612154879812572261e+01
2.355925580331569957e+00 -3.629736622672960777e+01
2.678716763088242026e+00 -3.654759915500117984e+01
3.015526782482597756e+00 -3.678674935844064464e+01
3.325006669502768464e+00 -3.689625537684442236e+01
3.348472791997390452e+00 -3.689331721281918419e+01
3.444831921168998168e+00 -3.686336169305902644e+01
5.056971841054400230e+00 -3.754989220304756969e+01
6.057639174114649805e+00 -3.832442777219353047e+01
9.069107538831856274e+00 -3.823047639968307720e+01
1.072754357044116524e+01 -3.846806320385855571e+01
1.089009927705507152e+01 -3.859633801739000347e+01
1.112172831287928609e+01 -3.879148061869751984e+01
1.148864373666515881e+01 -3.893223838472718512e+01
1.200800249688594690e+01 -3.892495067075077486e+01
1.247767313230442987e+01 -3.888257145090958034e+01
1.319770342482785175e+01 -3.879881557380871726e+01
1.392968314975670019e+01 -3.870549372867643712e+01
1.449744779457591903e+01 -3.863316799375981248e+01
1.505732557763073487e+01 -3.856521538839961494e+01
1.556694747309650673e+01 -3.850670702753674135e+01
1.660645303708399823e+01 -3.839592680733089480e+01
1.798295926678829204e+01 -3.825565356514442783e+01
1.881458276563801491e+01 -3.815443649527460224e+01
1.928672445008298553e+01 -3.807196667687311731e+01
2.250767361283040202e+01 -3.573447691185123176e+01
2.250845615217686557e+01 -3.573437965521365101e+01
2.250863828352255425e+01 -3.573435694014281694e+01
2.422731345924152180e+01 -3.452754419811014230e+01
2.427212774207563584e+01 -3.452813364161219312e+01
2.428123769389405240e+01 -3.452799176649670443e+01
2.430550067801225467e+01 -3.452701134586201448e+01
2.432922443775422394e+01 -3.452527048933029619e+01
2.440417025385891137e+01 -3.451611337801421087e+01
2.452880246331547198e+01 -3.449774360702347309e+01
2.458584749220938548e+01 -3.449247690379682751e+01
2.464166115292261594e+01 -3.449152240763641686e+01
2.471508652346153667e+01 -3.449450088216850929e+01
2.476382191329815541e+01 -3.449577151082358739e+01
2.479556746199810391e+01 -3.449501515798413465e+01
2.482066609032310112e+01 -3.449302120255787685e+01
2.503957224428043915e+01 -3.437054290839369486e+01
2.568282994522085971e+01 -3.357619849839632309e+01
2.618302179274779107e+01 -3.179023092040528553e+01
2.748841508106526987e+01 -3.001711092811324022e+01
2.746614327990852189e+01 -2.985046871184237460e+01
2.742432019535293719e+01 -2.913805239940347747e+01
2.824366166288891833e+01 -2.778710770664097041e+01
2.823749870645730553e+01 -2.770885489565591442e+01
2.823692675460032575e+01 -2.770139528935367679e+01
2.823186909800388733e+01 -2.763938533868325820e+01
2.822729947824178254e+01 -2.759247403876665317e+01
2.822182883300822098e+01 -2.754696210890841357e+01
2.821958103538492679e+01 -2.753089024025418041e+01
2.901929027688735374e+01 -2.571867670907860415e+01
2.901819408152931601e+01 -2.569658078947050228e+01
2.901263915143792005e+01 -2.560837921175076559e+01
2.900100691294604616e+01 -2.549382054382972029e+01
2.896911090189419724e+01 -2.532331021621163814e+01
2.895678300103057268e+01 -2.526912037660283161e+01
2.895120355804947820e+01 -2.524186441540056336e+01
2.974712462396805179e+01 -2.307904463852993970e+01
2.968946241723015333e+01 -2.291306232782318730e+01
2.916397111510895712e+01 -2.241701093652137544e+01
2.882609364400263274e+01 -2.217654302000815392e+01
2.872455944635068192e+01 -2.204430694378411104e+01
2.885815177209362048e+01 -2.163044814454661946e+01
2.939390779669502152e+01 -2.089128811672582486e+01
2.941600398098159630e+01 -2.034034167589853581e+01
2.940332641443289674e+01 -2.012113351513509585e+01
2.935743840471218391e+01 -1.965700790411954557e+01
2.932938451503515509e+01 -1.942085864190701727e+01
2.926243497833396745e+01 -1.885326686717601419e+01
2.924143279503383042e+01 -1.865129376128126637e+01
2.920739224126698375e+01 -1.829661305913876390e+01
2.919339072522773648e+01 -1.815131246016481725e+01
2.917485970271718543e+01 -1.796963929746867805e+01
2.909998598756963162e+01 -1.742938771635424544e+01
2.887488291279665376e+01 -1.677755000271961450e+01
2.848568198563866005e+01 -1.644596316943181691e+01
2.812935204812267997e+01 -1.616441805617241201e+01
2.758243708743065881e+01 -1.480653592101563554e+01
2.719663317421240123e+01 -1.452748809147754017e+01
2.657375091340109563e+01 -1.288506938818558112e+01
2.640408136249589788e+01 -1.117180200439110038e+01
2.638042521777025229e+01 -1.099954903653449101e+01
2.581787612125407705e+01 -9.769961970039560128e+00
2.569506297171793818e+01 -9.703066160278439156e+00
2.554632302931113585e+01 -9.596585034096566602e+00
2.547425448242903911e+01 -9.531181650734311006e+00
2.529783146050667852e+01 -9.309830630353175707e+00
2.524061747584433490e+01 -9.203363373828501892e+00
2.506839744154172323e+01 -8.408703908102049596e+00
2.503281205205309590e+01 -7.980075372747684526e+00
2.497955498292058607e+01 -7.404310509592956890e+00
2.491458929369288455e+01 -6.902094257998532711e+00
2.367668875260437034e+01 -6.217091957508365851e+00
2.220607178683809124e+01 -5.091703536894133464e+00
2.147543206292855800e+01 -4.495228845496471948e+00
2.071668224019940752e+01 -3.890097810045272109e+00
2.034139765896214769e+01 -3.595945151003522522e+00
2.010949593758056153e+01 -3.416581586264489712e+00
1.980285877781975756e+01 -3.186250034746084037e+00
1.943606360559661894e+01 -2.936188035605204583e+00
1.822713360833096985e+01 -2.825166993736962340e+00
1.815989549353563959e+01 -2.770500977017535060e+00
1.637281237998929484e+01 -2.208776751649474956e+00
1.571842087397755705e+01 -2.274834372405340144e+00
1.461705933985858508e+01 -1.726883391359846254e+00
1.458578531245644427e+01 -1.703912471149340746e+00
1.448245104826517782e+01 -1.626854132071956061e+00
1.441313405187901253e+01 -1.571652785294478605e+00
1.423895623559675272e+01 -1.374539177112764632e+00
1.419452884651051328e+01 -9.579430890215820948e-01
1.408814962174528418e+01 -4.852174496506194701e-01
1.403685858503670403e+01 -4.660394764140076140e-01
1.337904280536628399e+01 -5.101116088402989357e-01
1.185188650815533329e+01 -6.971118096345164661e-01
1.076330683306133551e+01 -4.664587693542045499e-01
1.059532103067925313e+01 -3.148957850305718620e-01
1.007662100986527420e+01 7.996519367479874851e-02
7.973142602819175195e+00 -6.777426036185070501e-02
7.806486475741814424e+00 6.767154770054203961e-02
7.665753526025277154e+00 2.069552590540359172e-01
7.288454566956767522e+00 5.533838488084211749e-01
7.218110987389848354e+00 6.884364663167883425e-01
4.485942061322064411e+00 4.954824917771271098e-01
2.295849969914060651e+00 2.552677738272094987e-01
