8.457499898368380231e-01 -1.555288317503046525e+00
7.933340085843489931e-01 -1.647341169540763151e+00
7.531130174875226846e-01 -1.709704746433536426e+00
7.230916518618110134e-01 -1.751186668887520614e+00
6.441443740548185026e-01 -1.841677950681716247e+00
-1.280853649866230681e-01 -2.218125003046570676e+00
-1.396107803110108181e+00 -3.177333721663307298e+00
-1.419228074884787860e+00 -3.243108738735374974e+00
-1.426179851903170537e+00 -3.263339862782551393e+00
-1.429934964544288922e+00 -3.274308906766386418e+00
-1.437013664950374414e+00 -3.295012116805342561e+00
-1.471768776226447528e+00 -3.394533347231185161e+00
-2.943614944017708179e+00 -4.118094418508628785e+00
-5.262730930353232139e+00 -5.279097117590120014e+00
-5.426120405507897537e+00 -5.431855733653299545e+00
-5.612160675661725939e+00 -5.818098422206363196e+00
-5.666490087966140621e+00 -5.974775003507636129e+00
-7.089824888521350843e+00 -7.435541509883447198e+00
-7.098273357121392735e+00 -7.457392822442361791e+00
-7.167609334124238174e+00 -7.645850791911207089e+00
-7.167615740915845635e+00 -7.645868453442977497e+00
-7.167618953437644436e+00 -7.645877309351446272e+00
-7.627681777181369860e+00 -8.386649081558076091e+00
-9.990435463088115142e+00 -1.062279431284207831e+01
-1.116493285127303636e+01 -1.327231977093100923e+01
-1.165517017755790796e+01 -1.446969283936562078e+01
-1.206302681833980550e+01 -1.549381617638148967e+01
-1.243790889495333118e+01 -1.651300069925546055e+01
-1.258772738462011631e+01 -1.732083125232626841e+01
-1.250111323118234985e+01 -1.822305421666974823e+01
-1.273803808346318611e+01 -1.874054701531530398e+01
-1.266847510485606243e+01 -1.956523594016549339e+01
-1.371680735909974835e+01 -2.101189202088444929e+01
-1.348751415621473093e+01 -2.113231567154682367e+01
-1.323407751393237497e+01 -2.128541735069831731e+01
-1.310626788048349667e+01 -2.138311161414605976e+01
-1.296504075923837362e+01 -2.153701356774327280e+01
-1.290137912364454564e+01 -2.164448424995708820e+01
-1.284058596007784381e+01 -2.180038440531845723e+01
-1.278928106209634663e+01 -2.205938955149274250e+01
-1.280703423986180844e+01 -2.244608479494653608e+01
-1.312746242238406147e+01 -2.322515407201074922e+01
-1.314685120949021524e+01 -2.382538331819082700e+01
-1.340216957097917039e+01 -2.564380021028014767e+01
-1.334383292711406455e+01 -2.599799249191197248e+01
-1.326953222504011620e+01 -2.621193053667715134e+01
-1.319349742904516276e+01 -2.641126860890991068e+01
-1.298873085639558767e+01 -2.701059663286533663e+01
-1.275022564980467088e+01 -2.755540867113973746e+01
-1.232808067649125938e+01 -2.784188776094318740e+01
-1.198191980271059442e+01 -2.792895130085762645e+01
-1.187746066534041844e+01 -2.920912751210449443e+01
-1.179683365206179957e+01 -3.003511084664631170e+01
-1.163121715267772949e+01 -3.040979562435602546e+01
-1.136664198663051373e+01 -3.097003607495594935e+01
-1.130882444001398923e+01 -3.108166651770786260e+01
-1.112967260557231874e+01 -3.134939414950077108e+01
-9.590050341012407387e+00 -3.271823294167437268e+01
-9.375464420951606925e+00 -3.290736868390828107e+01
-7.706600675631602115e+00 -3.488193995210058063e+01
-7.547204685318559036e+00 -3.513580774737980761e+01
-7.317537892838601898e+00 -3.534127691698131457e+01
-6.666807371335737642e+00 -3.559061004278740370e+01
-6.392428279698949112e+00 -3.573555279526119932e+01
-5.978597071621569725e+00 -3.642247456445239351e+01
-5.800565438459130085e+00 -3.714119565117645294e+01
-5.227044515019104054e+00 -3.784418287268790948e+01
-3.557613654216059018e+00 -3.849080931864288857e+01
-1.846853195270570236e+00 -4.003672984110870203e+01
-9.896054868017072348e-01 -4.093332420198218102e+01
4.979208702698338929e-01 -4.209647074058754157e+01
9.279523453172314751e-01 -4.306460383022479022e+01
1.098129052327514010e+00 -4.352495866457656604e+01
1.297535836195434555e+00 -4.400256748649989902e+01
1.384671686707408478e+00 -4.415141685009067629e+01
1.550122752246121172e+00 -4.427435462756460538e+01
1.745791479400266910e+00 -4.407794383492222323e+01
2.441847084387462896e+00 -4.313654682825099940e+01
3.299890299036384533e+00 -4.302855493209114002e+01
3.516733823802215220e+00 -4.312277247636728816e+01
4.174175787021224160e+00 -4.337915087338807041e+01
4.461956957142946933e+00 -4.372583733759866931e+01
4.522003919626867763e+00 -4.401392785825174769e+01
5.198380090434903344e+00 -4.419744666583320480e+01
5.961859484893115457e+00 -4.418546495196257951e+01
6.546617042848208001e+00 -4.441304646937844325e+01
7.188228655663329469e+00 -4.469508600221860917e+01
8.043023690420707084e+00 -4.507751749152032517e+01
9.083664097284747996e+00 -4.549833872705517734e+01
9.862414002990432138e+00 -4.563815265181357717e+01
1.087172709762547207e+01 -4.552980712083493131e+01
1.149186314845753287e+01 -4.578496837140785658e+01
1.349148155292214568e+01 -4.530256831361533187e+01
1.508924193899356325e+01 -4.581523257546967898e+01
1.586847972790114980e+01 -4.617896079196014369e+01
1.633133389278242831e+01 -4.639088732987863040e+01
1.666487770968514681e+01 -4.653043848384061221e+01
1.858522416579336678e+01 -4.538294963457715170e+01
1.858523598908055874e+01 -4.538295019749247672e+01
1.858527927771774557e+01 -4.538295225823793544e+01
2.149509943485917063e+01 -4.310781708957792802e+01
2.150731266732551816e+01 -4.310675718862024297e+01
2.151745259077654637e+01 -4.310572428184031679e+01
2.157005577632256177e+01 -4.309811028662004873e+01
2.169343107544320048e+01 -4.306546964842590342e+01
2.372786347409386920e+01 -4.115036315147809631e+01
2.376400393746541440e+01 -4.113740053502280603e+01
2.383101193153353137e+01 -4.111350365577867905e+01
2.397343902392689330e+01 -4.106226240353100110e+01
2.543683396736330238e+01 -3.941891112589910762e+01
2.559464597164653910e+01 -3.933288390286222125e+01
2.567052674658162914e+01 -3.931124808779111390e+01
2.585313965841598716e+01 -3.928422903881453010e+01
2.655914047233963160e+01 -3.836322949228016199e+01
2.827331526773879489e+01 -3.613966195837588202e+01
2.823032459542247707e+01 -3.582588957005901165e+01
2.796136141837174094e+01 -3.525960773679557292e+01
2.882591221582473295e+01 -3.310194391462204777e+01
2.897450383088527559e+01 -3.264561548926867118e+01
2.891932137426193705e+01 -3.215188095682538005e+01
2.889361109130949146e+01 -3.211294476516824403e+01
2.874389462818355767e+01 -3.169969800998614673e+01
2.915915076536492023e+01 -3.016279770079703226e+01
2.910172486912863477e+01 -3.001682132054989438e+01
2.907899264444414200e+01 -2.997505679175198878e+01
2.902808379282199880e+01 -2.988136352410088392e+01
2.899049171046365814e+01 -2.979585200192866523e+01
2.958300928610902858e+01 -2.666075121842980522e+01
2.924941957379995117e+01 -2.653608125000703311e+01
2.923722956164357356e+01 -2.503618315795275606e+01
2.921399256277197765e+01 -2.483576442591713018e+01
2.913009146729360310e+01 -2.456897280757227975e+01
2.907558235389113221e+01 -2.443756114881060526e+01
2.902587593854588022e+01 -2.432780143619823221e+01
2.858440812654430019e+01 -2.335903331500315616e+01
2.858929960680389470e+01 -2.156867232979509552e+01
2.786869249462681708e+01 -2.113023217651161900e+01
2.795889167263437969e+01 -2.077734977922548509e+01
2.811011798020058094e+01 -2.049244193679689019e+01
2.821006368731672964e+01 -1.958733792028701970e+01
2.812435917931390605e+01 -1.940356199475370147e+01
2.824123929642628639e+01 -1.844776692648979477e+01
2.839905377607065518e+01 -1.810012183199207669e+01
2.781119572018434738e+01 -1.743743291584596022e+01
2.735669768304640570e+01 -1.698364719379762633e+01
2.744890239204189442e+01 -1.669285126745489833e+01
2.754361817618658392e+01 -1.649805469515275291e+01
2.764177596249335167e+01 -1.630207320059074760e+01
2.773075478072324529e+01 -1.572235825818291488e+01
2.753189584946342450e+01 -1.509262121873219975e+01
2.697845772288349764e+01 -1.472810318936501162e+01
2.637801296887480973e+01 -1.451329259259662052e+01
2.566277061896556333e+01 -1.341030514950165120e+01
2.486043679762913783e+01 -1.305580844491281667e+01
2.388800398398675995e+01 -1.143932428171603632e+01
2.341589118399945946e+01 -1.037535861479907062e+01
2.324738251811939094e+01 -1.013877563249424263e+01
2.211630704232887012e+01 -9.497509628785770985e+00
2.190774468972963973e+01 -9.140895824540484327e+00
2.147948703808577164e+01 -8.707689695032712507e+00
2.053867773410816611e+01 -8.855593602541134146e+00
2.011781850511271230e+01 -8.720142514875396600e+00
1.974892265509426181e+01 -8.587850885677296375e+00
1.932016269541505338e+01 -8.096828084015138316e+00
1.916327778800177839e+01 -7.673352909363815755e+00
1.905177806176493505e+01 -7.186456605274954335e+00
1.895351456548486624e+01 -6.887941229387770647e+00
1.795777047822647887e+01 -6.180203334197718057e+00
1.633429137723409141e+01 -5.534233392377965188e+00
1.593508544509075620e+01 -5.066529406204146824e+00
1.508296234629956345e+01 -4.779001424325863390e+00
1.453262097128101793e+01 -4.756898520134304142e+00
1.449443595111215366e+01 -4.743870664224879796e+00
1.438609160851346580e+01 -4.702442578089782721e+00
1.426569675238475021e+01 -4.650167143717810703e+00
1.389389515111878204e+01 -4.460999934743949957e+00
1.378365952570988284e+01 -4.397643311282384282e+00
1.274738234651151991e+01 -3.556893645427789963e+00
1.196839401744736264e+01 -3.613620290915326994e+00
1.139931983500242296e+01 -2.263628118496876507e+00
1.145571238972440575e+01 -1.946709978746962166e+00
1.087983428635293492e+01 -1.622138752443692100e+00
9.663175054292963750e+00 -1.562924436244093496e+00
8.929804208118506281e+00 -1.578335612563827484e+00
8.741823152231010141e+00 -1.486366772895336696e+00
8.450479962240123655e+00 -1.338449749362082386e+00
8.401879276936528029e+00 -1.316060635711495674e+00
8.174606060509672645e+00 -1.237994863477129170e+00
6.057693626534707221e+00 -2.637688710754569232e+00
5.452721993402485978e+00 -2.348160231488499061e+00
5.202688031633242005e+00 -2.150254720801604957e+00
4.986099792035346923e+00 -1.621178755716371711e+00
4.720681188093759140e+00 -1.345450856213876278e+00
4.540199602114246780e+00 -1.235963626485423683e+00
4.254018078599088426e+00 -1.086777017841152215e+00
3.152938526720360013e+00 -5.660493650952573841e-01
2.861052100082903671e+00 -4.425215104912095798e-01
1.243829882217185823e+00 -5.442919666540284584e-01
6.879867104997251515e-01 -2.974962987632811529e-01
