-6.212557673404967007e-01 2.679304656709288190e-01
-7.535411128750398868e-01 1.565303324491748860e-01
-7.302520018569570448e-01 -1.120802136085571998e+00
-6.480402128355861047e-01 -1.558809778198376073e+00
-5.440263238692010228e-01 -2.058757179155692896e+00
-3.496771305450507294e-01 -2.952034671715866754e+00
-6.943509193164725701e+00 -9.660169360226365853e+00
-7.529921226555526204e+00 -1.081499322524479467e+01
-7.488140348542788871e+00 -1.137428556935245716e+01
-7.404438978005444483e+00 -1.173112808796193285e+01
-7.331836291602995104e+00 -1.200822749631893416e+01
-7.173591597068174508e+00 -1.278326146354704029e+01
-9.050296393230857106e+00 -1.473747592340788692e+01
-1.009857529235695672e+01 -1.599545199336225920e+01
-1.048604044303583827e+01 -1.707656771505895321e+01
-1.180441784393054050e+01 -2.119772545106608064e+01
-1.264669954487332149e+01 -2.340462753512741045e+01
-1.247847660914906953e+01 -2.369183934145921455e+01
-1.255015034904645432e+01 -2.424278329995505743e+01
-1.806481296222716537e+01 -3.059080413313325053e+01
-1.806481403676717434e+01 -3.059080535744661589e+01
-1.806481986753444247e+01 -3.059081200093977770e+01
-1.925844541334053517e+01 -3.156511005648664536e+01
-1.966397436637988960e+01 -3.227078601530749324e+01
-1.976499734179023093e+01 -3.422972078078871760e+01
-1.995202752729666074e+01 -3.477610448522557363e+01
-2.004481061929260832e+01 -3.542296689614752125e+01
-1.898089879649220890e+01 -3.704330395759136252e+01
-1.702005725926321844e+01 -4.108375329918083452e+01
-1.782971658331114639e+01 -4.449562866014898788e+01
-1.864226499666398951e+01 -4.630311070832184583e+01
-1.905533310615318499e+01 -4.934405036774728615e+01
-2.194184583750412898e+01 -5.322655154668461108e+01
-2.199061207647199723e+01 -5.413537009318585547e+01
-2.188012539925335886e+01 -5.462869581405619357e+01
-2.173688459792755623e+01 -5.520732577825170040e+01
-2.160316723585559018e+01 -5.573668655569993291e+01
-2.147363171170091789e+01 -5.626554623759319185e+01
-2.134939831153944212e+01 -5.682211446426449442e+01
-2.189474198532085580e+01 -5.893581177832373896e+01
-2.205822941616465016e+01 -6.019140565194191339e+01
-2.240404222654978739e+01 -6.111686175209238314e+01
-2.302731759824573388e+01 -6.238917069794175063e+01
-2.366037341707714248e+01 -6.543122465075163063e+01
-2.352075056099570460e+01 -6.593564674378959012e+01
-2.314681664642909453e+01 -6.606457225058970550e+01
-1.850270064889694765e+01 -6.636998962511033540e+01
-1.662373063283011021e+01 -7.040314561801604043e+01
-1.675762816075787498e+01 -7.781446169880211983e+01
-1.498439507562381401e+01 -7.856436474581859386e+01
-1.403208267420123079e+01 -7.955212336031604536e+01
-1.270953477717079316e+01 -8.423783963677934139e+01
-1.179646907178105764e+01 -8.718468357164836391e+01
-9.608423361497143489e+00 -8.911568046342647165e+01
-8.518247227999429683e+00 -9.238511825091096341e+01
-8.202487687406627259e+00 -9.337046452133972707e+01
-7.632833233682576157e+00 -9.497663203512752261e+01
-7.013838004389302050e+00 -9.624521828295246451e+01
-6.574107204223778922e+00 -9.668216265473205340e+01
-4.139785270246816751e+00 -9.800829039330184855e+01
-3.977201796592695349e+00 -9.808055269356648864e+01
-3.576381628085785636e+00 -9.816636536493956555e+01
5.736060656562692595e-01 -9.849683414031454731e+01
1.815637165593648517e+00 -9.889847922355947674e+01
3.142699102980259340e+00 -1.007708643545293938e+02
4.242439920638741313e+00 -1.020710967745336575e+02
5.905978925813777813e+00 -1.038575439957732982e+02
7.552704244672863609e+00 -1.063770387774115420e+02
9.858581552915417490e+00 -1.088862315714191880e+02
1.105512107509421327e+01 -1.101378567086948550e+02
1.280752687157658798e+01 -1.133937376922985720e+02
1.362980211346652304e+01 -1.164484831468092239e+02
1.400266300699417599e+01 -1.177420453811072321e+02
1.462314610961530192e+01 -1.191333219423891450e+02
1.489982149901462449e+01 -1.194342376819244578e+02
1.555715747744261712e+01 -1.197140261311598124e+02
1.557547212841011763e+01 -1.197164748915936343e+02
1.578221030569703665e+01 -1.197331715100453806e+02
1.700103494526404546e+01 -1.198600833518819968e+02
1.753700391953593396e+01 -1.201591100083868611e+02
2.598005830880851974e+01 -1.159541736423941813e+02
2.598774951503300201e+01 -1.159526045060429453e+02
2.599098445651215172e+01 -1.159519419401645024e+02
2.599707043463317646e+01 -1.159506912164427632e+02
3.143348726431092999e+01 -1.113890025058253030e+02
3.183667610836258532e+01 -1.114214861683499294e+02
3.198683682484281476e+01 -1.114167117468246033e+02
3.254423831580076865e+01 -1.113593238864809507e+02
3.332704919534144494e+01 -1.112770215453938221e+02
3.382723711215684403e+01 -1.112634931016661142e+02
3.419483907579772364e+01 -1.112884281401805424e+02
3.455444508293543038e+01 -1.113541460883513139e+02
3.502430834608336596e+01 -1.115255674229810552e+02
3.598677529086905480e+01 -1.124496696729484739e+02
3.640363178484485474e+01 -1.134236763402233947e+02
3.667784019312610866e+01 -1.144109796430102080e+02
4.456596943453266846e+01 -1.065631861751412970e+02
4.456657540767763237e+01 -1.065628813949537914e+02
4.456756083215671538e+01 -1.065623850419561478e+02
4.457528997634240397e+01 -1.065584604812783311e+02
4.464151697686189380e+01 -1.065223364750515032e+02
4.464157774312260329e+01 -1.065223011139189708e+02
4.464158145570957714e+01 -1.065222989533512106e+02
4.464163935919893333e+01 -1.065222652539358705e+02
5.163409769027432361e+01 -9.897276533539866250e+01
5.717999703888887097e+01 -9.515621339046820992e+01
5.751614161398418190e+01 -9.513433573022068401e+01
5.786967228283531739e+01 -9.518734552737376475e+01
5.827261359966207976e+01 -9.537534156098962512e+01
5.845875871086439446e+01 -9.550056979699228066e+01
5.859796251828366564e+01 -9.559997875347995944e+01
5.874669622527391510e+01 -9.569785864796214980e+01
5.908494798901867284e+01 -9.576245298552426277e+01
6.175711656565658103e+01 -9.215450201529363028e+01
6.963639045076175194e+01 -8.537965208613309187e+01
6.957365167083499102e+01 -8.449188679075098207e+01
6.951513610889738004e+01 -8.425457224127730171e+01
6.941956367699918928e+01 -8.388283036979225926e+01
6.937265640238682352e+01 -8.368409731532109674e+01
7.209902155407330326e+01 -8.024183230157966307e+01
7.209902846681193012e+01 -8.024174237093487250e+01
7.209904603618797125e+01 -8.024151398089672682e+01
8.047383199912370344e+01 -7.183870374493591271e+01
8.047383532198730904e+01 -7.183869881148143577e+01
8.047383685832924982e+01 -7.183869653046954795e+01
8.047383789060673109e+01 -7.183869499784186985e+01
8.047383845639420485e+01 -7.183869415781363443e+01
8.047383899417513931e+01 -7.183869335936647360e+01
8.047384158912092289e+01 -7.183868950662599673e+01
8.536523007189214240e+01 -6.157226846320409663e+01
8.511555941179710771e+01 -6.135525084843770571e+01
8.498995260271921381e+01 -6.126913243905799078e+01
8.486288304541453442e+01 -6.119173030097743293e+01
8.455809168579882851e+01 -6.095530016755379421e+01
8.270153217721860983e+01 -5.891905568903953849e+01
8.162699476819310007e+01 -5.787569619490059125e+01
8.147253487356130108e+01 -5.718735718703487692e+01
8.171553703142230063e+01 -5.600075017899894902e+01
8.186429929332426525e+01 -5.555531458433476644e+01
8.275553089103159721e+01 -5.289029537625710731e+01
8.284238044009462953e+01 -5.248636030057582502e+01
8.469643900878349996e+01 -4.874809488196335394e+01
8.487412045581972109e+01 -4.799335873303171951e+01
8.487038643157656281e+01 -4.592361883983740256e+01
8.482324891488337926e+01 -4.526029547933877240e+01
8.504108824189660254e+01 -4.375442050827958695e+01
8.674314070464201620e+01 -4.265929266549368037e+01
8.712207950786189770e+01 -4.054309104227513672e+01
8.539812978174040836e+01 -3.158814802197245797e+01
8.615936848820675209e+01 -2.476114442852226816e+01
8.568682982934846848e+01 -2.428723361737498720e+01
8.513594376062536639e+01 -2.398701309935748682e+01
8.450746625423539626e+01 -2.283082431153277980e+01
8.375802883474914040e+01 -2.212947793655901307e+01
8.289966494938279595e+01 -2.153798730621759816e+01
8.246326496355771951e+01 -2.135142863617487308e+01
8.141078167357198936e+01 -2.125517774727862985e+01
7.815651715608133543e+01 -2.146824256305907497e+01
7.653368599741956757e+01 -2.138725114609147937e+01
7.525280279919238069e+01 -2.133104581936258626e+01
7.382891617211582513e+01 -2.113486694754280038e+01
7.253717710469815927e+01 -2.047768501981421352e+01
7.161898744889157342e+01 -1.994624977130574450e+01
7.044030311986237791e+01 -1.907545183484218398e+01
7.016144463665935405e+01 -1.848180613895780056e+01
6.962662804741101752e+01 -1.776441670737345646e+01
6.910580392098719926e+01 -1.743817263925421557e+01
5.909009462674112712e+01 -1.630538585206522484e+01
5.796588920878802753e+01 -1.382017501172386531e+01
5.707890498023595427e+01 -1.212827523025005405e+01
5.624656556752503178e+01 -1.114320317092301771e+01
5.579328465540871207e+01 -1.067231147616269027e+01
5.547975650052480745e+01 -1.035577709063174723e+01
5.519360884823888114e+01 -1.006630227256347254e+01
5.484028874516403107e+01 -9.697122895520664088e+00
5.424332325463872451e+01 -8.975387268042757327e+00
5.345460839491929761e+01 -7.664565170734713995e+00
5.198441612324259609e+01 -6.213040970153438813e+00
4.793065139258557394e+01 -2.564685503376166853e+00
4.152184763119989697e+01 -4.312890235072483591e+00
4.148860478156571929e+01 -4.321167676322149376e+00
3.892262077095210770e+01 -5.604708639836776030e+00
3.445547285500268941e+01 -6.266115121013602796e+00
3.372803091292546185e+01 -5.252731442311072918e+00
3.199514115490858757e+01 -4.663210621399144884e+00
3.055880430776966250e+01 -2.488597781041419932e+00
3.032858420442977376e+01 -2.236848642807461651e+00
2.950870014405911945e+01 -1.739322215894990586e+00
2.765876896069471158e+01 -1.455990312086358429e+00
2.617021573323559736e+01 -1.120572391983707172e+00
2.589770037849097406e+01 -8.979219368454964822e-01
2.576424450985396319e+01 4.860607304979864401e-02
1.027298931530896198e+01 -2.955626777593568733e+00
1.005255075087864647e+01 -2.650442074911106172e+00
9.696616750776822613e+00 -2.185631858349627255e+00
8.591717539615167709e+00 -1.142507512175687578e+00
8.156447233953626252e+00 -8.335440445064515869e-01
4.160105572673780117e+00 -1.051894873431089561e+00
1.237645665408709128e+00 7.044331401096226575e-02
