-8.018729537233388882e-01 -7.790843583921047699e-01
-1.172220635338480532e+00 -1.541659599144393322e+00
-2.236283045745825149e+00 -3.813421005864763735e+00
-2.434561646982363214e+00 -4.240346331138266756e+00
-2.813229379354731385e+00 -5.052572248964258605e+00
-3.327534159153215487e+00 -6.138431075763461031e+00
-1.909755118451080946e+01 -1.707189493948236603e+01
-1.908767628208201472e+01 -1.723020199612455627e+01
-1.909164010101370934e+01 -1.734928864669977955e+01
-1.909641121239951644e+01 -1.739991818144377689e+01
-1.910090926793907684e+01 -1.743562163361382744e+01
-1.911210554657370153e+01 -1.750357770248327682e+01
-2.761602611714470257e+01 -2.546634297496028054e+01
-2.516343649054941523e+01 -2.926595287288881053e+01
-2.490600330021889164e+01 -2.951635186139179368e+01
-2.480493888792758739e+01 -2.961567210429818786e+01
-2.474938470917870603e+01 -2.967063914885411791e+01
-2.337618567526527258e+01 -3.946100158410113323e+01
-2.351968436819745278e+01 -4.074369952628024549e+01
-3.273291059919857560e+01 -5.753600389848343610e+01
-3.266086667091956741e+01 -5.775087550472592568e+01
-3.255110766834135205e+01 -5.871171882461305813e+01
-3.286806902198722469e+01 -6.117163793172874620e+01
-3.336518028549721748e+01 -6.335823421370908903e+01
-3.414665030587343608e+01 -6.747017302084984181e+01
-3.448977597813713913e+01 -6.885861909074024823e+01
-3.482573531424972657e+01 -7.023945558544038192e+01
-3.511250814575487311e+01 -7.162559326418438843e+01
-3.522843843932812291e+01 -7.300066513383822553e+01
-3.611532736158563495e+01 -7.544806595709624730e+01
-3.675610950689808476e+01 -7.681349377736393080e+01
-3.763960391587173859e+01 -7.896130463641671327e+01
-3.809563674890861762e+01 -8.045606161160522163e+01
-3.819030269050176685e+01 -8.113468833417444159e+01
-3.816976534933979792e+01 -8.156630574619212837e+01
-3.807260065392313919e+01 -8.191606028726597799e+01
-3.789049609978923883e+01 -8.221645498792138085e+01
-3.766304807388214471e+01 -8.243786926649873692e+01
-3.741232167281420118e+01 -8.261690718355848162e+01
-3.700546254426122061e+01 -8.290875553540966791e+01
-1.839172699276453926e+01 -8.023968900449088437e+01
-1.839796401823122451e+01 -8.025168238377312946e+01
-1.840444030494225203e+01 -8.026557299545294200e+01
-1.841074663892042906e+01 -8.028472130548450991e+01
-1.839895358788136903e+01 -8.030472637127975588e+01
-1.821324986660311751e+01 -8.025870730487777394e+01
-1.763546828623177731e+01 -8.020514376454075034e+01
-1.684857173693804455e+01 -8.710550755403014023e+01
-1.557681504831513308e+01 -9.605571368799668619e+01
-1.321923320615277397e+01 -9.899590688866537391e+01
-1.192365797533667049e+01 -1.008878600040729197e+02
-9.133981801095069741e+00 -1.054719010683131302e+02
-7.249808622034292327e+00 -1.086238356144503712e+02
-4.675355347185420563e+00 -1.116904600863337009e+02
-2.714325403039115514e+00 -1.164920222062614670e+02
-3.249824583813217593e+00 -1.178440594002280761e+02
-3.007756115738051683e+00 -1.185913714574295312e+02
-2.263698842567629654e+00 -1.190287512265566505e+02
-1.068500573507820683e-01 -1.201418099955269554e+02
1.091311613205614961e+01 -1.335893312143924163e+02
1.159755253359759664e+01 -1.352057928334640735e+02
1.210303894762688870e+01 -1.364260361674094497e+02
1.446695094688457672e+01 -1.464715704102714540e+02
1.500850312811353504e+01 -1.469850901952327149e+02
1.595128666775316617e+01 -1.480974655948955387e+02
1.427257874131231041e+01 -1.532288553842217027e+02
1.492783464046135222e+01 -1.550357676026424656e+02
1.715604958659264412e+01 -1.567709219992765100e+02
2.114045049230274032e+01 -1.591510801385357468e+02
2.447370117085352348e+01 -1.596135078284092117e+02
2.437344979370962861e+01 -1.661713661114425804e+02
2.293364810743279847e+01 -1.725436116941748139e+02
2.286549688423890103e+01 -1.747509727949378373e+02
2.454703323962852934e+01 -1.761229764535462152e+02
2.578061895313626195e+01 -1.772740379166312437e+02
2.800755688090874074e+01 -1.772911809002240489e+02
3.056008054135792662e+01 -1.759695874779244207e+02
4.007260585531638242e+01 -1.672671193551894078e+02
5.182251791876613112e+01 -1.626061489172880670e+02
5.340670398765075078e+01 -1.647557446423353156e+02
1.033853476050027211e+02 -1.381250690050162007e+02
1.036113126060006664e+02 -1.381957337682070488e+02
1.036739236652788207e+02 -1.382157450004008297e+02
1.037048468934347341e+02 -1.382256315564457907e+02
1.037273388471773501e+02 -1.382328151784484476e+02
1.037508114424597920e+02 -1.382403002987127536e+02
1.037682580860746668e+02 -1.382458532971400018e+02
1.037789448785713375e+02 -1.382492493601351669e+02
1.037945416156050413e+02 -1.382541972854031656e+02
1.038182890103411751e+02 -1.382617088866862787e+02
1.040218968273986206e+02 -1.383243410898441823e+02
1.167250173425836977e+02 -1.129235738241538343e+02
1.167250214886571484e+02 -1.129235776217833376e+02
1.167250239795235842e+02 -1.129235799033183554e+02
1.167250255128492711e+02 -1.129235813077861366e+02
1.167250266673278531e+02 -1.129235823652454798e+02
1.167250276514272400e+02 -1.129235832666445987e+02
1.167250290736928378e+02 -1.129235845693891349e+02
1.167250302013654419e+02 -1.129235856022980045e+02
1.167250322325869973e+02 -1.129235874628285075e+02
1.167250339562930179e+02 -1.129235890416874071e+02
1.167250367213659530e+02 -1.129235915744089880e+02
1.167250385411872600e+02 -1.129235932413121333e+02
1.167250406320616065e+02 -1.129235951564947698e+02
1.167250434934259573e+02 -1.129235977774297339e+02
1.167250535129138598e+02 -1.129236069550637325e+02
1.167250663827509101e+02 -1.129236187436584231e+02
1.167250885042966360e+02 -1.129236390069612952e+02
1.167251170033791112e+02 -1.129236651125808351e+02
1.167251466055313642e+02 -1.129236922292291325e+02
1.167251582993228283e+02 -1.129237029413357192e+02
1.167253095544989634e+02 -1.129238415073405832e+02
1.167253102356204124e+02 -1.129238421313571195e+02
1.167253105329981224e+02 -1.129238424038029223e+02
1.167253106071960360e+02 -1.129238424717801195e+02
1.167253106458485661e+02 -1.129238425071920915e+02
1.167253107120959612e+02 -1.129238425678853588e+02
1.167253108090197316e+02 -1.129238426566831492e+02
1.167253108879528867e+02 -1.129238427289986362e+02
1.167253109580087767e+02 -1.129238427931811231e+02
1.167253112374862098e+02 -1.129238430492275143e+02
1.189566289105471526e+02 -1.104427414861988979e+02
1.181950991875045673e+02 -1.101472354370505258e+02
1.179872408022349504e+02 -1.100912443125244238e+02
1.178518370548443244e+02 -1.100598773693355668e+02
1.177012427382285011e+02 -1.100291719917714772e+02
1.175521656248534725e+02 -1.100026236412744680e+02
1.173882472975024029e+02 -1.099772690735021854e+02
1.168316726013161002e+02 -1.099129645926122976e+02
1.220067518359306149e+02 -9.396517726950995097e+01
1.217398128461517075e+02 -9.340733744581845599e+01
1.213685847693806750e+02 -9.288328294795441309e+01
1.210223763265447161e+02 -9.254654361996996670e+01
1.202227338115849449e+02 -9.205011547027712027e+01
1.157100313298210352e+02 -8.824902065470860180e+01
1.138891903926045757e+02 -8.562173097988083725e+01
1.118049531331226376e+02 -8.440773005065346979e+01
1.113858694333230801e+02 -8.380411508557679667e+01
1.113160831400404334e+02 -8.367959990053196861e+01
1.110884017734335316e+02 -8.323317598013640861e+01
1.024039873777396252e+02 -7.982549957637586147e+01
1.005664563578488924e+02 -7.843462554088043248e+01
9.950725753106900129e+01 -7.724993742212767245e+01
9.734773309347018255e+01 -7.553432274957566506e+01
9.635674093299853382e+01 -7.438740365401910992e+01
9.618006337492288083e+01 -7.351178828508056995e+01
1.018323928499518445e+02 -7.172220127019085112e+01
1.036225247670461442e+02 -6.932914211048770881e+01
1.078452655075246298e+02 -6.470293567639342314e+01
1.086721764917406006e+02 -6.324704517300300921e+01
1.066496325825816314e+02 -6.313391634890606241e+01
1.053398192721428615e+02 -6.255918112635274753e+01
1.036894519212886365e+02 -6.010839952995119972e+01
9.700950913284277988e+01 -6.119014378834642542e+01
9.345367236621103757e+01 -6.019593865636011287e+01
9.272111699121796846e+01 -5.987606978908055311e+01
9.220962730311542543e+01 -5.963449459503289773e+01
8.925119105212817772e+01 -5.402219327470515964e+01
8.882149255998625392e+01 -5.142613001721970534e+01
8.751037230618801743e+01 -4.850688083378246063e+01
8.724174507109214005e+01 -4.808785336766003127e+01
8.614242512506233140e+01 -4.627778024070929064e+01
8.578570187541328096e+01 -4.565513838263031943e+01
8.440684821369507063e+01 -4.298571529421694493e+01
8.392195013940995807e+01 -4.169176692160561970e+01
8.429241575376271101e+01 -3.921229738992573743e+01
8.440968691496733811e+01 -3.726164413508248430e+01
7.788442087958462423e+01 -3.464806117343681535e+01
7.451451024830174674e+01 -2.823914366335147008e+01
7.443819240305761298e+01 -2.032768206991141469e+01
6.017329449201456981e+01 -2.195840602972279854e+01
5.872739215873345131e+01 -1.971629336247623954e+01
5.834291386264520440e+01 -1.859599892226925988e+01
5.806166544921264716e+01 -1.771511706499407524e+01
5.795180441424479056e+01 -1.736738692818072494e+01
5.697654627029092467e+01 -1.443825372254889494e+01
5.661196700428257600e+01 -1.342258445597376237e+01
5.386161046994241985e+01 -1.961439832389872295e+00
5.318033320164487066e+01 -1.043384628070618048e+00
5.088334077391586874e+01 5.752161880933345017e+00
5.058929235834591509e+01 6.197301356848009313e+00
4.999334651681112973e+01 6.990742607296439814e+00
4.473546633693045038e+01 4.638008563233511516e+00
4.472906404496273325e+01 4.632753075413258870e+00
4.472883878375728273e+01 4.632568169180517614e+00
4.472867104274293837e+01 4.632430478770321436e+00
4.472848526966896543e+01 4.632277986948828641e+00
3.083675257299479355e+01 -1.500292173894582781e+01
1.941054266472407264e+01 -1.998156916481636358e+01
1.706158126947814679e+01 -1.816199466158266063e+01
1.597492279684347061e+01 -1.726504170075370581e+01
1.381260627003124597e+01 -1.512558868562486580e+01
1.317363182226510077e+01 -1.310171781951031278e+01
1.310570726537794251e+01 -1.159265625542260025e+01
1.268997675362234112e+01 -7.898325315392143331e+00
6.115585140494208538e+00 -2.101622077062848426e+00
4.938830054451117668e+00 4.434160214622110963e-01
4.412368492957882360e+00 9.177836810715768179e-01
2.916016176521889047e+00 4.409413783711865209e-01
