-4.753891796404332126e+00 -2.090524041889596507e+00
-6.321160263765149168e+00 -2.791351468475154363e+00
-6.321808501638136235e+00 -2.856275560970517269e+00
-6.321158210032087332e+00 -2.889781491276337100e+00
-6.319400070601069785e+00 -2.936511131677033148e+00
-6.315138003238837783e+00 -3.010815821682678362e+00
-6.309547636775690194e+00 -3.121218559219509636e+00
-6.311631633769335892e+00 -3.178018765798368950e+00
-6.322158245664136089e+00 -3.243609460025241198e+00
-6.329670472221435418e+00 -3.271031682157758524e+00
-6.340627421103767425e+00 -3.302281783660758752e+00
-6.491316775374467163e+00 -3.528057189758794454e+00
-7.534629149253873948e+00 -4.383751192945430475e+00
-8.382835024144219105e+00 -5.063101673720364460e+00
-8.702573177505421143e+00 -6.200792168420436568e+00
-1.305025572706600556e+01 -1.038973319959718111e+01
-1.304944184632952719e+01 -1.040734323641784087e+01
-1.304916801111289004e+01 -1.041532732274575679e+01
-1.304905630490279478e+01 -1.041940055667642007e+01
-1.378990948170996589e+01 -1.139973207826081669e+01
-1.378990957404717221e+01 -1.139973215541847829e+01
-1.378990960585000281e+01 -1.139973218199316207e+01
-1.396845257814865882e+01 -1.154632239448866393e+01
-1.518791981780195499e+01 -1.260395810353697854e+01
-1.552366477677457191e+01 -1.375980011801200398e+01
-1.621861450662255422e+01 -1.432916620645017858e+01
-1.728767040938850030e+01 -1.459661336548435351e+01
-1.721903840753627080e+01 -1.468843960441794572e+01
-1.701058456686385867e+01 -1.491761255258568397e+01
-1.838164274584936209e+01 -1.631611299689466321e+01
-1.776989638165199281e+01 -1.723447545943610493e+01
-1.783812496130902403e+01 -1.905624753737776800e+01
-1.799452566744625770e+01 -2.052565503484263587e+01
-1.810070346174182987e+01 -2.137237236791433759e+01
-1.819136921427515574e+01 -2.203778331807992430e+01
-1.831526421603408039e+01 -2.291058311575892859e+01
-1.840645053318303326e+01 -2.357716540311831110e+01
-1.850931179661121817e+01 -2.447528504359387469e+01
-1.855093405904763060e+01 -2.507778776105446994e+01
-1.842627438995208067e+01 -2.637295570954932700e+01
-1.705948653606143139e+01 -2.813992316316666731e+01
-1.675515610025252755e+01 -2.849454401786053381e+01
-1.619523282647069351e+01 -2.928722483686849287e+01
-1.602082190447887555e+01 -3.096408899938065673e+01
-1.601859296788664011e+01 -3.144236891128608136e+01
-1.593803432938435627e+01 -3.172852360705701713e+01
-1.580922013356948241e+01 -3.195376881950036818e+01
-1.633512302806654048e+01 -3.423060304416291189e+01
-1.602134345533900373e+01 -3.503212271357659091e+01
-1.580377086201076509e+01 -3.524793238492801351e+01
-1.566398739072683632e+01 -3.540585057341701969e+01
-1.545568261011634092e+01 -3.668372212872060345e+01
-1.488686381772225076e+01 -3.747548154535146381e+01
-1.419607230971351264e+01 -3.834608604434908585e+01
-1.346435596198107021e+01 -3.924213793920170446e+01
-1.339578455892635489e+01 -3.932461792950232393e+01
-1.290617463060393533e+01 -3.990298883897883542e+01
-1.257848749098470087e+01 -4.027483508540991863e+01
-1.222080859096505989e+01 -4.065521665373090343e+01
-1.024271275126882941e+01 -4.204160017223313872e+01
-1.012003545055103437e+01 -4.213737134387524463e+01
-8.132884820533842429e+00 -4.242604901321622179e+01
-5.196965724123318253e+00 -4.363447538842945050e+01
-3.377706442534065712e+00 -4.396708217252961504e+01
-2.209293944098458251e+00 -4.509197016399699010e+01
-1.564304015154657668e+00 -4.586198515221470728e+01
-7.191772313507696079e-01 -4.691566777585126857e+01
4.344226714715795357e-01 -4.823376447987046589e+01
3.723360646967141641e+00 -4.959414748883422419e+01
5.835253437054925385e+00 -5.026542715338946010e+01
6.201505131012576832e+00 -5.077557679468141316e+01
6.546410068761838730e+00 -5.128057649141612018e+01
6.745621611496321002e+00 -5.153024385861816370e+01
7.036892392036222965e+00 -5.183353038554148640e+01
7.469659853755059586e+00 -5.198017878932931524e+01
7.988114225003386082e+00 -5.200942015075514746e+01
8.126471300026588906e+00 -5.197726419125919506e+01
8.555613561098910580e+00 -5.162311327288797713e+01
9.537453220333324211e+00 -5.153195983850397255e+01
9.914161359212670277e+00 -5.198489060371844062e+01
1.069694490895569849e+01 -5.226551798287164985e+01
1.089142461750580537e+01 -5.225574912331744315e+01
1.093272723362684928e+01 -5.225028253874389605e+01
1.245013660077007600e+01 -5.165187651869822361e+01
1.277417738391563162e+01 -5.217009786775361135e+01
1.298788123535746664e+01 -5.241549315743132809e+01
1.331453736120210429e+01 -5.253787374334986993e+01
1.392880907604041596e+01 -5.257100037171633033e+01
1.459507805599189112e+01 -5.258860872708034151e+01
1.497492489896692369e+01 -5.267080109149819833e+01
1.525040262153927983e+01 -5.287108462165773659e+01
1.553196976099103033e+01 -5.327326620554732273e+01
1.580378966203378788e+01 -5.358794536899861782e+01
1.732766425193952031e+01 -5.317568842913028959e+01
1.748713644476181273e+01 -5.336579916242002497e+01
1.756500445995790827e+01 -5.346949273284869975e+01
1.761821978725249593e+01 -5.353997209820440162e+01
1.779724510245089064e+01 -5.374906195007120857e+01
1.789594639895095085e+01 -5.383863082279883372e+01
2.046740603993418262e+01 -5.313678117484509045e+01
2.082541808897658342e+01 -5.320112930033487686e+01
2.115850970946927845e+01 -5.328467653522822900e+01
2.122275314324041773e+01 -5.330058880975330737e+01
2.172680924121460322e+01 -5.334919170010423528e+01
2.222973716681571332e+01 -5.315017810158197875e+01
2.487689512486129573e+01 -5.159749581401662510e+01
2.503626020573959465e+01 -5.162023292081223502e+01
2.523730160612819517e+01 -5.165463714017642616e+01
2.554152418856465800e+01 -5.168640439318527768e+01
2.578732040569133943e+01 -5.167020207966751855e+01
2.595609683781649935e+01 -5.163303593435367134e+01
2.612027479343962000e+01 -5.157911227973315960e+01
2.715399407352642314e+01 -5.095944249429351913e+01
2.994763315228049194e+01 -4.767114970452340827e+01
3.188025244986269868e+01 -4.509950385040279741e+01
3.395056903100154244e+01 -4.154614040858749746e+01
3.423037587175323182e+01 -4.069990577028929124e+01
3.457572480555757011e+01 -3.760466981490819904e+01
3.457903976685442871e+01 -3.666437229786546226e+01
3.435704777655558928e+01 -3.596564497447062081e+01
3.425598364266014784e+01 -3.587177711913476230e+01
3.396551890173117272e+01 -3.557739904287117128e+01
3.445251125202161546e+01 -3.393876563514405120e+01
3.436257222087614593e+01 -3.388577188295618470e+01
3.428731525266952218e+01 -3.384444182752044128e+01
3.419538956694536580e+01 -3.378487730210151341e+01
3.409880778674087765e+01 -3.367858255054128591e+01
3.401864016810498725e+01 -3.274900788090064907e+01
3.431276184247150240e+01 -3.045673021690525317e+01
3.373160633000802022e+01 -2.863522780630697895e+01
3.354688143030868730e+01 -2.841712497870780751e+01
3.327674148312751612e+01 -2.810808505958525316e+01
3.320375273317787901e+01 -2.626156209813515474e+01
3.286979294649248118e+01 -2.623925262388038604e+01
3.162788349793290976e+01 -2.497514200541054663e+01
3.096434715840950247e+01 -2.415743939799862616e+01
2.967516611939888094e+01 -2.373586233248648369e+01
2.961250433680804761e+01 -2.365965811683887310e+01
2.960524532221772631e+01 -2.365044637807484307e+01
2.946944195025310975e+01 -2.346893915004194753e+01
2.938211152376815960e+01 -2.334954519029661668e+01
2.924240136810292867e+01 -2.317029902238297367e+01
2.844930330082445735e+01 -2.281438248505571309e+01
2.782559581330815490e+01 -2.257902313065001110e+01
2.768425996918542253e+01 -2.242003067513707038e+01
2.761382229740773298e+01 -2.232296184751583112e+01
2.760337355964902173e+01 -2.230835470747391724e+01
2.759494647337355744e+01 -2.229660990638234352e+01
2.754304947799768399e+01 -2.222595124967675773e+01
2.733207747847179547e+01 -2.199610738711848512e+01
2.654067491638569720e+01 -2.164739881396199905e+01
2.557678813568092124e+01 -2.150642743619737374e+01
2.404998254616726072e+01 -2.138111082383477779e+01
2.191161138308204315e+01 -2.106668812345516173e+01
2.016201105573576768e+01 -1.994830356955804618e+01
1.969077020672613543e+01 -1.936766814978188478e+01
1.892135016279826942e+01 -1.922098493248853401e+01
1.667949789855797249e+01 -1.864500441721303758e+01
1.531663955619939266e+01 -1.850157615678478251e+01
1.438486755506436765e+01 -1.745574156492307694e+01
1.359346911946348158e+01 -1.734407657322721974e+01
1.292080922518989716e+01 -1.731659832793496179e+01
1.195011625928019150e+01 -1.724245855575219366e+01
1.152601198260072657e+01 -1.711671837738103363e+01
1.139325920611858578e+01 -1.703810366347984839e+01
1.124308714006278187e+01 -1.691440431420596013e+01
1.116288766358267637e+01 -1.683590833503176043e+01
1.080597167178388318e+01 -1.648351460290139414e+01
1.070592532548705300e+01 -1.418285404251165183e+01
1.052609223463779387e+01 -1.269840946713750363e+01
1.016619114032311089e+01 -1.231493411312615827e+01
1.002878396420367935e+01 -1.210632841241956825e+01
1.002678545217815120e+01 -1.077107103843562008e+01
9.902140406357892388e+00 -9.692349758831376505e+00
9.845895478476908380e+00 -9.635580600275082119e+00
9.552575907115791409e+00 -9.375096680907537561e+00
9.442940915101132759e+00 -9.263804729577898911e+00
9.085231698429234726e+00 -7.669478768159643245e+00
9.032826368812491680e+00 -7.604734883665864587e+00
8.630901652760307741e+00 -7.152352611952970562e+00
9.582072784142720678e+00 -4.992147608722778962e+00
9.582365591651972991e+00 -4.987204156829943003e+00
9.583521051318939499e+00 -4.967410976112101473e+00
9.621101091319774312e+00 -4.346004199732389495e+00
9.251197106874549547e+00 -3.860487946713670571e+00
8.069205299048029190e+00 -3.036881258743942436e+00
7.967117113021457087e+00 -2.917511669359413862e+00
7.500786685596374070e+00 -2.718028953749141330e+00
6.473613363790197361e+00 -2.652105444726853722e+00
5.652003956993515210e+00 -2.368323020754746544e+00
5.420760826999194926e+00 -2.125194453733777689e+00
4.889866661598750497e+00 -1.554326703118760866e+00
3.920564225538810454e+00 -1.323867804343149102e+00
3.668803227456329363e+00 -1.127550947960877625e+00
3.480449548161200113e+00 -8.963975732235597293e-01
3.004799988486156703e+00 -3.902686346405694340e-01
2.749179080777388595e+00 -2.629024380746645684e-01
2.106475012954863058e+00 -1.384270813903122621e-01
1.373759133858503345e+00 -1.311461731306034773e-01
