-4.098789217331147983e-01 -2.978629679497370453e-01
-6.190155101208633104e-01 -5.935218352486869575e-01
-6.602429744611540974e-01 -3.852899148091571302e+00
-4.364866170163399506e-01 -4.832171473359236913e+00
-5.477181732362106092e-02 -6.324225885234444178e+00
7.062809764516130295e-01 -8.014620231179391041e+00
-9.958055175236311118e-01 -1.306587836154036708e+01
-5.957518296507441358e-01 -1.435069074618729346e+01
-1.709697790416166763e+00 -1.705891841654254293e+01
-1.541231145894891963e+00 -1.752695521577147630e+01
-1.382946736723832393e+00 -1.799360504030014241e+01
-5.248196083028784820e+00 -2.428191262637351855e+01
-1.844619120500951581e+01 -3.867662301930653257e+01
-2.547939583702989097e+01 -4.279601294268604050e+01
-2.702181528064683036e+01 -4.459324595966686644e+01
-2.969685067628426367e+01 -4.985365403758908798e+01
-2.948077020662777414e+01 -5.052646384347041675e+01
-2.938158468729881179e+01 -5.075737902032546600e+01
-2.927530065708173268e+01 -5.096861101432225638e+01
-2.921270729284477596e+01 -5.108071970416562380e+01
-2.918468908141480611e+01 -5.112870213341329162e+01
-2.879757445476033340e+01 -5.229541238640517520e+01
-2.889970624244189423e+01 -5.569010984232740924e+01
-2.899247782009089747e+01 -5.802991356128271860e+01
-2.829145936102545988e+01 -6.404822815754420162e+01
-3.108043142676874027e+01 -6.573095529078752008e+01
-3.301928383917454113e+01 -6.665328803823912551e+01
-3.309248898679343398e+01 -6.725247592038438427e+01
-3.216449422827864879e+01 -6.866948902865949833e+01
-3.256746196842497199e+01 -6.964519028421008784e+01
-3.257620520267064279e+01 -7.023219809157563986e+01
-3.225866322566763245e+01 -7.146462586039461939e+01
-3.254444358613565669e+01 -7.274392453490234800e+01
-2.967727757083271456e+01 -7.340948016009890864e+01
-2.886838496923388675e+01 -7.483260508913620868e+01
-2.838303583268839958e+01 -7.603741268405590858e+01
-2.717811410413395734e+01 -7.742605759835984713e+01
-2.644502326747644361e+01 -7.833751388505417879e+01
-2.586358624677244578e+01 -7.955266859910787502e+01
-2.854328593375870682e+01 -8.784002001656857317e+01
-2.776019950150390869e+01 -9.044604143288933074e+01
-2.752370055011843775e+01 -9.102590011397283831e+01
-2.704699358311459179e+01 -9.196196805402560415e+01
-3.022395875669766951e+01 -9.985502516043115406e+01
-2.990483612780282385e+01 -1.000618344931390453e+02
-2.981790507033783655e+01 -1.001215601803319402e+02
-2.962066409298238767e+01 -1.002710604601326310e+02
-2.924204482017814755e+01 -1.009048007549102266e+02
-3.062830769088177263e+01 -1.035268235615925079e+02
-3.062878665358535812e+01 -1.035281302532786611e+02
-3.062901627532181337e+01 -1.035287573101081904e+02
-3.063069071754283357e+01 -1.035333419136031807e+02
-3.066182834129542201e+01 -1.036226535326769920e+02
-3.066255282219981382e+01 -1.036248281237504614e+02
-3.451685675179417956e+01 -1.080002790488161111e+02
-3.419773284713046735e+01 -1.085355342816872337e+02
-3.494757813499503385e+01 -1.107302719918444893e+02
-3.521543237309898444e+01 -1.114712493970628628e+02
-3.521415877223427771e+01 -1.114912197608929887e+02
-4.151596718512802653e+01 -1.233860618691390414e+02
-4.041667593010900106e+01 -1.230525583120129198e+02
-4.003774334325546391e+01 -1.235670707890806312e+02
-3.798802828437342072e+01 -1.235173640247171534e+02
-3.537909435567301131e+01 -1.227113642030842584e+02
-3.529791243799443379e+01 -1.227744964559928604e+02
-3.525551872241803864e+01 -1.228083798351096760e+02
-3.240588819569484968e+01 -1.228596959435766536e+02
-3.174844239872443197e+01 -1.233354509104995174e+02
-2.595147149230484729e+01 -1.233516314074252165e+02
-2.348550931708214407e+01 -1.246614331142334606e+02
-2.347408398046526656e+01 -1.282656383870752279e+02
-2.280715206407370133e+01 -1.298579288096122752e+02
-2.292221469793659594e+01 -1.311727847698716118e+02
-2.286709189572696488e+01 -1.320918118146863662e+02
-2.276794998049491880e+01 -1.320747309153197193e+02
-2.270691761102872874e+01 -1.320621072356593118e+02
-2.267444421901947393e+01 -1.320548618029788486e+02
-2.234801666377069296e+01 -1.319673393926165659e+02
-2.178006394468346585e+01 -1.317754070950354617e+02
-2.167806224884654753e+01 -1.317371944543864970e+02
-2.078833644230527966e+01 -1.313628613253999333e+02
-2.076919366975059233e+01 -1.313539395602370519e+02
-2.076854141091406092e+01 -1.313536348062996524e+02
-2.076830240076516532e+01 -1.313535231213343195e+02
-2.076814111120552298e+01 -1.313534477499228217e+02
-2.076796211628861499e+01 -1.313533641011041766e+02
-2.076776372841612783e+01 -1.313532713850374307e+02
-2.076756030386916407e+01 -1.313531763102530192e+02
-2.076728095034601651e+01 -1.313530457404595211e+02
-2.076658023837185851e+01 -1.313527181870972811e+02
-1.634810068673872152e+01 -1.161312091560488540e+02
-6.940110260884758908e+00 -1.002062014195858382e+02
-6.794135551510315452e+00 -1.001392922514954620e+02
-6.729359207704780133e+00 -1.001122850453157298e+02
-6.632204273834131136e+00 -1.000752242700559407e+02
-6.576340122405763822e+00 -1.000559264020251504e+02
-6.530762282433710375e+00 -1.000413328308756888e+02
-6.473848991495824379e+00 -1.000246046851857642e+02
-6.460737900065285366e+00 -1.000209879524273475e+02
-6.451585310517873317e+00 -1.000185154339774272e+02
1.063133852261355905e+01 -8.207275070310760157e+01
1.065345460259910304e+01 -8.206984188765520116e+01
1.068269653815752562e+01 -8.206592062635434104e+01
1.072825880195408565e+01 -8.205962190799382938e+01
1.083869200918763376e+01 -8.204321936132123483e+01
1.103292207909251843e+01 -8.200922730343074818e+01
1.111791400167296295e+01 -8.199169191628276110e+01
1.121895175913750542e+01 -8.196822594133001871e+01
1.131733731794684594e+01 -8.194219109826157421e+01
1.667374304710291355e+01 -7.557303198979920467e+01
1.708716467930919336e+01 -7.537047759204786246e+01
1.727812508779646095e+01 -7.531526246738978614e+01
2.091228701132278189e+01 -7.181806370670307160e+01
2.734531749969562497e+01 -6.859514104921822764e+01
2.826160949765128549e+01 -6.778447764764474925e+01
3.160313343739195702e+01 -6.472174682067094409e+01
3.217713331672291588e+01 -6.417202445216355500e+01
3.464901088721605760e+01 -6.126240684107206391e+01
3.464917002865882267e+01 -6.125866703349703357e+01
3.464923211110586010e+01 -6.125683613576472197e+01
3.464930382809645693e+01 -6.125415980320689613e+01
3.464935969635791935e+01 -6.125093878503939493e+01
4.896933294055266117e+01 -5.227505303418812588e+01
4.896933294062676367e+01 -5.227505303382608304e+01
4.896933294068121256e+01 -5.227505303356011268e+01
5.789109846384904756e+01 -4.144411635463841748e+01
5.780346600797292211e+01 -4.125234489102592761e+01
5.774725988736108917e+01 -4.112136663991816476e+01
5.765764687203803618e+01 -4.089485451576085495e+01
5.760170801786152595e+01 -4.073919348279893882e+01
5.757823555156566897e+01 -4.066982714787872766e+01
5.755463063900958076e+01 -4.059729732015791370e+01
5.752657168464133974e+01 -4.050705757208901758e+01
5.745346752082064512e+01 -4.024701797988710439e+01
5.720919976902059290e+01 -3.897143344691286160e+01
5.699451015603115422e+01 -3.769043415714361345e+01
5.685213704426923442e+01 -3.705530815567212244e+01
5.668084776640895939e+01 -3.650017495756886632e+01
5.663675561805671066e+01 -3.638405563860345637e+01
5.528880775601222552e+01 -3.401460838206957504e+01
5.470129431597978709e+01 -3.277868367691412743e+01
5.406349356884022939e+01 -2.954912156238372845e+01
5.453547008362194504e+01 -2.839002414076095349e+01
5.810699038710276909e+01 -2.078947361055352516e+01
5.928963226598386882e+01 -1.849158763490330060e+01
6.089737407793885637e+01 -1.342772512797498408e+01
6.265718683778325016e+01 -1.032704719030347995e+01
6.509960563320485960e+01 -5.993906232062515826e+00
7.074893489561144122e+01 2.964300202570854470e+00
7.014614458963097832e+01 3.627533328420750269e+00
6.991539814994543178e+01 3.754674422199691275e+00
6.977201285242585982e+01 3.806611441392451667e+00
6.877883790468781910e+01 3.510421872425591339e+00
6.680673114865817297e+01 3.218229994499623992e+00
6.629572383426646809e+01 3.202946076265480002e+00
6.601264691128316997e+01 3.186859381626529597e+00
6.468927827950329856e+01 2.862435014840791325e+00
6.281754255686640676e+01 2.295969251482099516e+00
6.218345064224692464e+01 2.600894022733268862e+00
6.167516288113761647e+01 2.910050542495076886e+00
6.136641575706124030e+01 3.114643423645758524e+00
6.093300780386714166e+01 3.417744993354399519e+00
4.895364567194942396e+01 -2.580860805601220775e+00
4.890335453215985240e+01 -2.589299808187335294e+00
4.889581055958569067e+01 -2.590556352763129677e+00
4.875797127450029222e+01 -2.613200058117009394e+00
4.871079925878984795e+01 -2.620864314864593148e+00
3.812113153747341698e+01 -7.573511266936147734e+00
3.787041201763242526e+01 -7.579640943890141536e+00
3.729796734867773012e+01 -7.657114650761921659e+00
3.383767362449585647e+01 -8.746149414999340621e+00
3.171369941639517265e+01 -9.414256839792409792e+00
3.158635536685306278e+01 -9.453627338529695834e+00
3.154043561624195746e+01 -9.467802479775759394e+00
1.834647270241959660e+01 -1.741641776493315419e+01
1.724100589084473967e+01 -1.701544041469169954e+01
1.698015138315098937e+01 -1.684546858291773930e+01
1.547763390164027797e+01 -1.422323508292811667e+01
1.525248628074696633e+01 -1.394884833012669567e+01
1.396904507748681823e+01 -1.258039249517574376e+01
1.882816141952380917e+01 -1.992581584457882027e+00
1.876581997397967783e+01 -1.913255715444895699e+00
1.868226806148573971e+01 -1.798621922278799135e+00
1.843333108349600735e+01 -1.241657391824483980e+00
1.838323187300514050e+01 -1.503574536514879489e-01
1.883599397785399532e+01 1.761451997150526694e+00
1.901655585912227764e+01 2.195784577404571447e+00
1.628963757038682658e+01 7.932054062542727157e-01
1.576794030563273452e+01 1.171117712387673926e+00
1.534693738375512417e+01 1.572800136189176579e+00
1.491901723713180594e+01 2.048518022754540979e+00
1.424151386745443659e+01 2.914096618396312621e+00
1.374133596794306555e+01 3.630762049529682400e+00
1.347492530044839221e+01 4.039821161311337505e+00
1.318265529823442783e+01 4.519464368891711992e+00
1.286707718119990673e+01 5.317631016346052952e+00
1.276766889904474489e+01 6.086444458893579323e+00
1.250590192751358920e+01 7.471200499523850347e+00
1.297973144861417349e+00 7.127521604814139877e-01
