8.585765864091908783e-01 -2.362200478380902080e+00
8.381949320729608077e-01 -2.641363718125614213e+00
7.200117679158097861e-01 -4.236631788190649672e+00
7.336453500686591633e-01 -4.665155577821117561e+00
9.083496104463648635e-01 -5.282884304385199847e+00
1.626781568615321971e+00 -6.237207345210469711e+00
2.000913066019340381e+00 -7.639798341271884397e+00
2.445216468156337530e+00 -8.335828115794306825e+00
2.464481371645867114e+00 -9.254883842890331280e+00
2.774620127982129425e+00 -9.612015385261381439e+00
3.086061681310117599e+00 -9.969850927683317821e+00
3.297967584593668899e+00 -1.082160046614918514e+01
3.205392604000663059e+00 -1.143393397529862554e+01
3.195732273312079652e+00 -1.153556146222889822e+01
3.280239758588548771e+00 -1.214217346560906208e+01
4.124909240334293514e+00 -1.328204388653405310e+01
5.268555359932170390e+00 -1.566045126989185476e+01
5.844422999174839539e+00 -1.632311185188175173e+01
5.901897283799499405e+00 -1.732988082250835760e+01
6.328375393543523408e+00 -1.797203911903923412e+01
6.619820505027554702e+00 -1.829527196907432085e+01
7.474022180557800432e+00 -1.929377094581192509e+01
7.675438840451547229e+00 -2.022536244850017795e+01
7.922156972092787797e+00 -2.084713951052590630e+01
8.530688129974286937e+00 -2.274666160496724032e+01
8.510904068814996393e+00 -2.299583853733888006e+01
8.521703661195118684e+00 -2.334941702111018813e+01
9.139600776797626835e+00 -2.419827182674520927e+01
9.347662423604333526e+00 -2.584874418415740394e+01
9.210444892542739126e+00 -2.763331355825910407e+01
9.362852202048399519e+00 -2.899261000401621757e+01
9.896234743804438239e+00 -3.187953023395437313e+01
1.068482594041123157e+01 -3.428427922948116446e+01
1.067991513880632937e+01 -3.585398500396526345e+01
1.060172372705049249e+01 -3.721758723934232904e+01
1.047723507443570412e+01 -3.897191773925256086e+01
1.037858336673572879e+01 -4.032242969256097354e+01
1.026736977630803338e+01 -4.202327767693624594e+01
1.021787133108961676e+01 -4.337102500599252153e+01
1.066989880347118813e+01 -4.542805358188662979e+01
1.140657709222148952e+01 -4.842798727372890255e+01
1.196765498605043199e+01 -4.905344980824789047e+01
1.252896390694466078e+01 -4.970633175973989637e+01
1.382362725336146170e+01 -5.222994992848826001e+01
1.454077261314523284e+01 -5.328084101847041154e+01
1.467396459107006201e+01 -5.426088543654500285e+01
1.496048205237968354e+01 -5.459220917865127376e+01
1.544184879891788853e+01 -5.543778030631076348e+01
1.563212052110289640e+01 -5.644106125193179935e+01
1.588093294263592270e+01 -5.671191426153542636e+01
1.603346229805766399e+01 -5.687669834509543421e+01
1.625209924385507776e+01 -5.769388786005679037e+01
1.679793243639573674e+01 -5.825508686268159408e+01
1.895500510490229118e+01 -5.910406272434418185e+01
1.912967793812609330e+01 -5.979003280210945803e+01
1.910446770795543614e+01 -6.004764302107409435e+01
1.910148986041878061e+01 -6.020308774630889559e+01
1.913839895744810704e+01 -6.034058391437061886e+01
1.960103093912954719e+01 -6.042011011736723702e+01
2.083990353986239086e+01 -6.132849105062797435e+01
2.090411594328122646e+01 -6.138574670944521472e+01
2.183927415932463845e+01 -6.156817853790731476e+01
2.373080029534255075e+01 -6.346623303330038368e+01
2.464684457917354976e+01 -6.368643405360366927e+01
2.530203232667858160e+01 -6.422822282024867491e+01
2.561425416880862471e+01 -6.458988833263410356e+01
2.603760849732020688e+01 -6.509047682683107894e+01
2.662226166168693453e+01 -6.570815882834693866e+01
2.812708156693951622e+01 -6.638247651390912552e+01
2.867012489704720579e+01 -6.732389086169330028e+01
3.008892319734783882e+01 -6.971931240107107897e+01
3.206438254239379404e+01 -7.205798998053730031e+01
3.226686385141199054e+01 -7.322289276911433831e+01
3.306081588062813381e+01 -7.418437445999072111e+01
3.346705389107314232e+01 -7.535178762666301111e+01
3.354015755514978991e+01 -7.535675015028662926e+01
3.357986339017642052e+01 -7.535648834667382800e+01
3.377484941655939110e+01 -7.534273740672342967e+01
3.406534312770205730e+01 -7.536765689129089196e+01
3.528264249787673634e+01 -7.773643229399461063e+01
3.621980306417705719e+01 -7.883920259053184054e+01
3.776608438292278436e+01 -8.221917559901937977e+01
3.794747809511116543e+01 -8.657522523693833705e+01
3.998429418587745232e+01 -8.582773329829366560e+01
4.062867656247226478e+01 -8.585211672561283081e+01
4.137435265718350053e+01 -8.589760470699648920e+01
4.204831114335027564e+01 -8.593472855182160686e+01
4.301001561846521781e+01 -8.598606128277783966e+01
4.395207765397625366e+01 -8.614140537547527288e+01
4.447685978956864261e+01 -8.633273354644830988e+01
5.297358108276900879e+01 -7.861248853780612933e+01
5.295889861146902433e+01 -7.876739694351981314e+01
5.295839015271023698e+01 -7.877239834049019862e+01
5.295820424556996642e+01 -7.877422080121156966e+01
5.295807844363654482e+01 -7.877545216244517690e+01
5.295791710113874728e+01 -7.877702917066929444e+01
5.295769609467506456e+01 -7.877918528574761581e+01
5.295729015768459647e+01 -7.878313330167681272e+01
5.144100831966162701e+01 -8.044545147706466537e+01
5.144100815791162518e+01 -8.044545148475752683e+01
5.144100678488362632e+01 -8.044545155005884851e+01
5.144100508097790936e+01 -8.044545163109631858e+01
5.144099183271827513e+01 -8.044545226116656522e+01
5.144099028261338447e+01 -8.044545233488584302e+01
5.144095464165696541e+01 -8.044545402978505422e+01
5.144094945119950779e+01 -8.044545427660040104e+01
5.144093037945729208e+01 -8.044545518346053825e+01
5.144092918972140893e+01 -8.044545524003058290e+01
5.144092828450827426e+01 -8.044545528307189386e+01
5.144092752923264555e+01 -8.044545531898384638e+01
5.144092691585688470e+01 -8.044545534814865562e+01
5.144092603274380338e+01 -8.044545539013883229e+01
5.144092513200064332e+01 -8.044545543296717938e+01
5.144092464866680814e+01 -8.044545545594858993e+01
5.144092437489982927e+01 -8.044545546896554811e+01
5.144092408354841695e+01 -8.044545548281861613e+01
4.635329755751743619e+01 -7.993742846286822612e+01
4.630997933586156989e+01 -7.974775443553309628e+01
4.627238648960412348e+01 -7.953379766226025538e+01
4.624257611619874808e+01 -7.944722479242433621e+01
4.623834780893157159e+01 -7.943623837864069515e+01
4.621332063205070995e+01 -7.937437127980855678e+01
5.046449486731427214e+01 -7.146124628196049855e+01
5.041976593241435012e+01 -7.098167102062821243e+01
5.040772190386924478e+01 -7.049474116418880953e+01
5.028237295827450026e+01 -7.026611479451244691e+01
5.003506206528820854e+01 -6.993038889834538452e+01
4.979569178629825643e+01 -6.965326296805628203e+01
4.930132243161868644e+01 -6.911214524978578311e+01
4.881859762284955195e+01 -6.851880269575886473e+01
4.874661444233496610e+01 -6.839562387068076532e+01
4.864392125554821433e+01 -6.804063130136546533e+01
4.851768274382118307e+01 -6.711333097549126592e+01
4.832376277552769750e+01 -6.687735602087950326e+01
4.698312960900164370e+01 -6.355662702738237613e+01
4.539962124321040449e+01 -6.143194504348110740e+01
4.425410452568410591e+01 -6.005820921891979935e+01
4.409110374296539447e+01 -5.966743936168582962e+01
4.413001110561234697e+01 -5.952492323727567225e+01
4.362781975138181423e+01 -5.833658798226959874e+01
4.281529752258359167e+01 -5.752419396811539798e+01
4.239943315633009746e+01 -5.608874981199360832e+01
4.246603168464616118e+01 -5.537401372403658684e+01
4.227127503349930748e+01 -5.348695505362388758e+01
4.172209973337236733e+01 -5.273615417969139685e+01
4.167928957933433765e+01 -5.206950750123928628e+01
4.170260617009992643e+01 -5.178615217187574160e+01
4.174192443285603105e+01 -5.148568894455820555e+01
4.184511567647714969e+01 -5.074251453579720561e+01
4.184836815673070021e+01 -5.016025330821131689e+01
4.089025881343945912e+01 -4.977349243257879863e+01
3.969340299256698756e+01 -4.947806687397511638e+01
3.977042493329149409e+01 -3.570466036896095829e+01
3.934718359132714482e+01 -3.525089863290185122e+01
3.872793420269849207e+01 -3.354790046946511239e+01
3.853555545519881775e+01 -3.325161930514830999e+01
3.829531703953650634e+01 -3.294313303865693854e+01
3.731931284659849979e+01 -3.183843444527354904e+01
3.706563682360457790e+01 -3.155497705791293583e+01
3.666814726467310948e+01 -3.109294652690767791e+01
3.655061114548102807e+01 -3.094592535035688741e+01
3.589744354724891906e+01 -2.910365670254105908e+01
3.571963049949419400e+01 -2.892643712084415242e+01
3.529996241714540162e+01 -2.830620003568688503e+01
3.532496774323263367e+01 -2.732481100501953009e+01
3.528504859520832326e+01 -2.656539165309137118e+01
3.511502690078578581e+01 -2.621294478019773777e+01
3.434668480921406797e+01 -2.520679604331769141e+01
3.272227780024733335e+01 -2.419582019852423116e+01
3.198375991386971506e+01 -2.359371802435526888e+01
3.081635935215320998e+01 -2.308667473514888968e+01
3.028565081191035446e+01 -2.277819114655767052e+01
3.004783989922063370e+01 -2.247654196620167610e+01
2.963547363062742335e+01 -2.207755887813731022e+01
2.941933361158545424e+01 -2.198187042442343042e+01
2.818806082733040341e+01 -2.142102895324167378e+01
2.812041711522161691e+01 -2.133877997348820088e+01
1.927786302560212661e+01 -1.774734609747058656e+01
1.815210959722482187e+01 -1.659541462952048363e+01
1.347485244358765044e+01 -1.113024239800417980e+01
1.292877192343574322e+01 -1.046554707219798885e+01
1.230176556686771860e+01 -9.704175838258777276e+00
1.188155450200296315e+01 -9.195428499868445016e+00
1.068975575730224392e+01 -7.750439698341519801e+00
9.516413566224654730e+00 -6.121235308672027919e+00
7.811837940669661862e+00 -3.076355994889505840e+00
7.665172151943794532e+00 -2.416074044529056053e+00
7.357591024601672025e+00 -1.982252453622649346e+00
6.849955587207189112e+00 -1.376870486037540253e+00
6.534120780590155775e+00 -1.025806836057983951e+00
6.234676481612569710e+00 -6.982392813711149060e-01
5.564020637690621385e+00 4.891565629191627074e-02
5.148489681983329014e+00 5.795995956718330566e-01
5.000528909966930335e+00 9.429811522363418241e-01
4.910122051601219617e+00 1.875400369527819189e+00
3.958303090027063043e+00 3.032957746587620296e+00
3.543335554086616490e+00 3.430221758511527330e+00
3.111128979033698894e+00 3.726801908330083624e+00
3.959672771607358754e-02 6.036985419020699517e-01
