-3.871810685387284678e+00 -5.960782974391507949e+00
-6.826059133428463710e+00 -7.695506560145224384e+00
-7.093111736085013774e+00 -9.154374813477261341e+00
-7.162369354171801206e+00 -9.466211035707958743e+00
-7.389245872422268491e+00 -1.032296747312085827e+01
-7.989717117344727448e+00 -1.153365193099074482e+01
-9.226481161129166608e+00 -1.422641226295464634e+01
-9.289576983032876711e+00 -1.484222613124644141e+01
-9.213397491316934307e+00 -1.556439359585950477e+01
-9.124813300624358803e+00 -1.588252602334125108e+01
-9.019569748623728955e+00 -1.619877054434308761e+01
-8.851160618132249525e+00 -1.722917930862158897e+01
-1.031935419420055844e+01 -1.887248508495047616e+01
-1.998440199444771537e+01 -2.193125068596770078e+01
-1.966932441956542377e+01 -2.390849699805771422e+01
-2.301406830717206731e+01 -3.274132008634263968e+01
-2.101730538038036755e+01 -3.396475369740909400e+01
-2.059938089710533760e+01 -3.433433185832083012e+01
-2.009413101955205150e+01 -3.473807235099102542e+01
-1.985361059309706278e+01 -3.489780909565599387e+01
-1.926447727382911523e+01 -3.520805811224207105e+01
-1.817770342351458268e+01 -3.642176669714042703e+01
-1.836166230733434901e+01 -3.834116887443888544e+01
-1.850404145994968275e+01 -3.992218932089748051e+01
-2.088719555688187413e+01 -4.231184436506734414e+01
-2.266774877497062235e+01 -4.401522845809449080e+01
-2.394943581081613004e+01 -4.515796164813559699e+01
-2.537361264857032950e+01 -4.628289354535671407e+01
-2.014051930641849708e+01 -4.969700067936621934e+01
-1.993489554986428303e+01 -4.995900104313809464e+01
-1.964258997773148252e+01 -5.037363372499283543e+01
-1.910614478482822065e+01 -5.135639990840357427e+01
-1.884645951118439910e+01 -5.227781910626104178e+01
-1.877848383065418858e+01 -5.295469082614143019e+01
-1.146629309830809618e+01 -5.412205807563208992e+01
-1.130083489521331863e+01 -5.438337682718646704e+01
-1.107350176017771659e+01 -5.481084064944241874e+01
-1.458094813023215863e+01 -6.140294933315806247e+01
-1.477874071635715225e+01 -6.181107871049350422e+01
-2.224559348127197111e+01 -7.392471944943984852e+01
-2.226674690748249574e+01 -7.615484520273543012e+01
-2.915844527702448019e+01 -8.852534110870251993e+01
-2.685950719975349443e+01 -9.182981083635928599e+01
-2.602701071674706057e+01 -9.822845509275443021e+01
-2.613454897464976767e+01 -1.007382687186126304e+02
-2.412149867423507033e+01 -1.016047579361640913e+02
3.509288606578225167e+00 -1.008404007403477465e+02
1.251396469976858938e+01 -1.036166058101680392e+02
9.991851756906422466e+00 -1.162440479364381645e+02
1.128533501255823879e+01 -1.172809220733233389e+02
3.407636385901357556e+01 -1.042841672102380386e+02
3.412232491315687355e+01 -1.043328184214713019e+02
3.413090573355813007e+01 -1.043418744332683019e+02
3.413826382386056224e+01 -1.043496329444439397e+02
3.415302643013079376e+01 -1.043651788750441796e+02
3.415724857179847618e+01 -1.043696200461787527e+02
3.416126676671975559e+01 -1.043738445934997401e+02
3.417785848288542638e+01 -1.043912663704373500e+02
5.553322591956232657e+01 -9.287583720579037561e+01
5.553325140654820302e+01 -9.287582632282438055e+01
5.553329443864210901e+01 -9.287580794851898247e+01
5.553385121769277077e+01 -9.287557025859074145e+01
5.553529274525038772e+01 -9.287495529572358066e+01
6.192694013406975273e+01 -6.559360971714376376e+01
6.192694026611075486e+01 -6.559360961665748846e+01
6.192694026803191321e+01 -6.559360961519546152e+01
6.192694026900770154e+01 -6.559360961445284488e+01
6.192694026976521116e+01 -6.559360961387636735e+01
6.192694027248892041e+01 -6.559360961180357208e+01
7.477985649722360506e+01 -2.799497138227211934e+01
7.477985649695665415e+01 -2.799497138129099127e+01
7.477985649688386616e+01 -2.799497138102355009e+01
7.477985649681662039e+01 -2.799497138077635938e+01
7.477985649673372848e+01 -2.799497138047172484e+01
7.477985649663695256e+01 -2.799497138011599517e+01
7.477985649642563715e+01 -2.799497137933933288e+01
7.477985195104123761e+01 -2.799495467377632707e+01
7.477984647910571425e+01 -2.799493456341729214e+01
7.477984556202807198e+01 -2.799493119304762345e+01
7.477984502565753644e+01 -2.799492922182965060e+01
7.477984440765959562e+01 -2.799492695062945558e+01
7.477984389216936734e+01 -2.799492505616030869e+01
7.477984350259599466e+01 -2.799492362444959426e+01
7.477983857372245780e+01 -2.799490551073492739e+01
7.477983851872033938e+01 -2.799490530860363435e+01
7.477982549508416810e+01 -2.799485744877747706e+01
7.477982449121425645e+01 -2.799485375985102209e+01
7.477982366976320350e+01 -2.799485074127485262e+01
7.477982331117986803e+01 -2.799484942359715589e+01
7.477982308626418728e+01 -2.799484859710614160e+01
7.477982290482742656e+01 -2.799484793038657671e+01
7.477982271973317552e+01 -2.799484725022757914e+01
7.477982248937341581e+01 -2.799484640373409050e+01
7.477982218370125622e+01 -2.799484528049481469e+01
7.477900859554499391e+01 -2.799186205419012552e+01
7.477900849056081256e+01 -2.799186167005848702e+01
7.477900834677417663e+01 -2.799186114395105207e+01
7.477900803503857219e+01 -2.799186000332895929e+01
7.477900771727669849e+01 -2.799185884065897412e+01
7.477900748851939738e+01 -2.799185800365215471e+01
7.477900684404168885e+01 -2.799185564555892469e+01
7.477900662730759507e+01 -2.799185485254764316e+01
7.477900641024072570e+01 -2.799185405831971707e+01
7.477900603392424728e+01 -2.799185268141408400e+01
7.477900564853634080e+01 -2.799185127131975293e+01
7.477900502994522469e+01 -2.799184900796493736e+01
7.477900458919066295e+01 -2.799184739529836818e+01
7.477900409805369009e+01 -2.799184559829307162e+01
7.477900375921173293e+01 -2.799184435851781316e+01
7.477900341249996075e+01 -2.799184308995027237e+01
7.477900313313499225e+01 -2.799184206779640149e+01
7.477900287270441027e+01 -2.799184111492196791e+01
7.477900245454463857e+01 -2.799183958494399249e+01
7.477900220003301968e+01 -2.799183865372929958e+01
7.477795438413343732e+01 -2.798801512290959792e+01
7.462030941981564069e+01 -2.748440742569276196e+01
7.447750574111707067e+01 -2.702785772788872620e+01
7.417051959509711878e+01 -2.548998741682544633e+01
7.426418526952355137e+01 -2.441042670368488743e+01
7.426421152539496973e+01 -2.441029989575670456e+01
7.426423221516202489e+01 -2.441019994855115982e+01
7.429605676981805118e+01 -2.420414150154587674e+01
7.430287872200284482e+01 -2.409079503365764907e+01
7.430347519971881809e+01 -2.404460310413774593e+01
7.430263387953725385e+01 -2.398965567715510971e+01
7.430051134932119794e+01 -2.394015166742885015e+01
7.429586142926297043e+01 -2.387477373324901819e+01
7.428772604111193800e+01 -2.379622896136048738e+01
7.425467784269838489e+01 -2.358779632019506423e+01
7.422003071496679638e+01 -2.342734201877566846e+01
7.420873491231868968e+01 -2.338075730812726150e+01
7.419983219145710507e+01 -2.334541704920764715e+01
7.419021380292963386e+01 -2.330840023284382312e+01
7.415610571315795596e+01 -2.318467929032764374e+01
7.403636087941150379e+01 -2.280228123839953369e+01
7.392632104553925387e+01 -2.248733999234001146e+01
7.387162023833789704e+01 -2.233843847743341371e+01
7.384178288930698386e+01 -2.225886810459955711e+01
7.376822021844265009e+01 -2.206689937495999487e+01
7.368724356081963833e+01 -2.186144522373120580e+01
7.357431487175176699e+01 -2.158328368798407482e+01
7.347238936842148860e+01 -2.133917125707026585e+01
7.332885246942487356e+01 -2.100474303762720041e+01
7.316953481904529610e+01 -2.064450707401245921e+01
7.305554619022453267e+01 -2.039303426584066514e+01
7.300561118858875886e+01 -2.028440665271180166e+01
7.296817760436441347e+01 -2.020356750006818913e+01
7.290350983487560654e+01 -2.006508890922493293e+01
7.272864615553100975e+01 -1.969789859979871949e+01
7.249875421449964108e+01 -1.923092216749136085e+01
7.239320757546906293e+01 -1.902192237600083757e+01
7.224553384709345494e+01 -1.873384462855243626e+01
7.207790493330838899e+01 -1.841122892014877621e+01
7.190209856668607813e+01 -1.807540060879121668e+01
7.164327359751689528e+01 -1.757866441975318850e+01
7.159079843549523048e+01 -1.747650907396312903e+01
7.149716606674853381e+01 -1.729191519187619264e+01
7.119892138070612475e+01 -1.666363248394661412e+01
7.110749100900395092e+01 -1.644414010300686257e+01
7.101892970364245627e+01 -1.619983049250227936e+01
7.099377735822973534e+01 -1.611957871964882472e+01
7.092770881663979310e+01 -1.586249152560494835e+01
7.090552038449594363e+01 -1.574865134131173505e+01
7.082515004978671413e+01 -1.486878118597077858e+01
7.071028355854534198e+01 -1.417357692113713696e+01
7.034838165510413432e+01 -1.308296959801254822e+01
7.009759901110005842e+01 -1.237683876810753780e+01
6.947057495329727317e+01 -9.506630916880286719e+00
6.157911551179931564e+01 -9.049246459014231192e+00
6.170435705874678689e+01 -6.085176278189000421e+00
5.995289274964547843e+01 -5.820318567352744665e+00
5.907271831698292885e+01 -5.693988839410126346e+00
5.882211988337030562e+01 -5.657527772400821497e+00
5.845443239995358198e+01 -5.603221699808215384e+00
5.761059634771165605e+01 -5.472702345286508674e+00
5.581383250846337774e+01 -5.109298433220232027e+00
5.523752860678373366e+01 -4.883385132374121085e+00
5.029559705246160206e+01 -3.185678176531203665e+00
4.919780459061281164e+01 -2.870991312880867063e+00
4.628248881775591883e+01 -7.193533191112910785e-02
4.607822823290792513e+01 1.311946532680958177e-01
4.090224995802169161e+01 -8.965366900771251091e-01
3.452658543908808042e+01 -3.059364928488350621e+00
3.426457746290485318e+01 -2.314246103565056778e+00
3.408743072026847898e+01 -1.295300197445632184e+00
3.337744860673634406e+01 -2.003447699311528551e-01
3.309612451279893008e+01 -2.186697303268455850e-01
2.509395428351915669e+01 -1.454787472407033322e+00
8.797310294296734057e+00 -6.592118532122909436e+00
6.529287010063574037e+00 -4.879333228032956882e+00
6.143461995418232569e+00 -4.220170403944735860e+00
5.757146595585089344e+00 -3.249946298115973686e+00
5.553491899468847137e+00 -2.603142107183240128e+00
5.400980039406647393e+00 -2.153298002722421778e+00
5.001508408932374472e+00 -1.376411745417708721e+00
4.598955098709033074e+00 -1.136657905472279462e-01
4.339167083090224253e+00 3.560093354636206242e-01
3.928522284703132250e+00 4.622799301536318906e-01
3.046042756324782275e+00 -1.075517291673517839e-01
