-1.819678360864686040e+00 -1.166338749671068431e+00
-4.415327268737227584e+00 -1.810618756440163457e+00
-4.462536702829229540e+00 -1.887117403631986656e+00
-4.470297414298202376e+00 -1.899591177624789795e+00
-6.303122034994032674e+00 -2.965400180574843780e+00
-6.485391110879445975e+00 -3.168420549995322855e+00
-8.638211647030379581e+00 -5.151368879590917160e+00
-8.610072090643349441e+00 -5.277266731998472515e+00
-8.595656420201168046e+00 -5.371960150708566140e+00
-8.593120359420360899e+00 -5.408186727892525525e+00
-8.593807552281944595e+00 -5.467625564494081658e+00
-8.743774443602392310e+00 -5.792215190714121498e+00
-9.356563782505364912e+00 -6.515024543132662771e+00
-1.054856678892458532e+01 -6.927673279929108752e+00
-1.055077796090053965e+01 -7.004684255594503917e+00
-1.051262531292451463e+01 -7.256649013761363953e+00
-1.049554051352518513e+01 -7.528356413718904072e+00
-1.061923853458776357e+01 -7.889199287868451371e+00
-1.064002097532260649e+01 -7.925560500929631047e+00
-1.411777091178161747e+01 -1.259762017291721747e+01
-1.410555418749920342e+01 -1.270979256522806367e+01
-1.407226034649288771e+01 -1.302817368629832728e+01
-1.403915409522311464e+01 -1.350522600689508046e+01
-1.406320998835552949e+01 -1.391811801813053506e+01
-1.444712235490050389e+01 -1.453186242286796848e+01
-1.481190475795458816e+01 -1.490599930769896098e+01
-1.498141616488019245e+01 -1.524113524675341402e+01
-1.480904915501203511e+01 -1.576529466168451599e+01
-1.525214217318965915e+01 -1.656342209939571219e+01
-1.853723142332778551e+01 -2.034619566638383148e+01
-1.956803544838756892e+01 -2.192658680187886233e+01
-1.980773580528606814e+01 -2.398745371809005178e+01
-2.115410937346609188e+01 -2.631721323664636714e+01
-2.113891537440096613e+01 -2.686059488565429731e+01
-2.107305402038210218e+01 -2.750885123930262566e+01
-2.105115187347089645e+01 -2.775364332952872459e+01
-2.129326191138936153e+01 -2.893035595672547799e+01
-2.185416311609164808e+01 -3.039934446530648060e+01
-2.182564864582837671e+01 -3.102359098443574936e+01
-2.171797555135724878e+01 -3.230167382137501875e+01
-2.160018508729176290e+01 -3.369693878379322882e+01
-2.160421720432468362e+01 -3.455919419437120865e+01
-2.238099747472564971e+01 -3.589854066827454915e+01
-2.130047449005969540e+01 -3.811289530343168508e+01
-2.124692978612191041e+01 -3.897437971143626356e+01
-2.112978992274825885e+01 -3.957097244055822216e+01
-2.093813616021768809e+01 -3.991325102651735079e+01
-2.029937687948964253e+01 -4.050380864050793406e+01
-2.038100406315420088e+01 -4.221333055882726626e+01
-1.974845079404746429e+01 -4.273259674258574137e+01
-1.934416805724376331e+01 -4.309845860242302251e+01
-1.887557303955799526e+01 -4.476616624564006486e+01
-1.836273959544473300e+01 -4.582453976403978402e+01
-1.724829925486852389e+01 -4.675649327088292040e+01
-1.662027620869508127e+01 -4.784932010833780680e+01
-1.668074722664964327e+01 -4.802244305633565347e+01
-1.637129876713241572e+01 -4.850209787158492247e+01
-1.605261679847095735e+01 -4.879847982966881403e+01
-1.556847297289842125e+01 -4.921183433549127528e+01
-1.272656069754101971e+01 -5.257518284871625269e+01
-1.236017700905992456e+01 -5.291768843656505084e+01
-1.177616285438378618e+01 -5.342678992140425009e+01
-1.024295650723685469e+01 -5.463534657161944352e+01
-9.302836457131366643e+00 -5.481208183396367417e+01
-8.819823212563887793e+00 -5.502435252035657953e+01
-8.698955531518393514e+00 -5.512339078562861516e+01
-8.525191556359899892e+00 -5.528316241255041064e+01
-8.308615982817890711e+00 -5.547883440186788562e+01
-7.180661633742178473e+00 -5.563979453137132225e+01
-6.734792591636869830e+00 -5.587343207629467656e+01
-6.512433064621675705e+00 -5.608352725679714013e+01
-6.307491584416792030e+00 -5.629155644734239416e+01
-6.195062109699435382e+00 -5.639724786162069847e+01
-5.069582984154355820e+00 -5.649743333170284387e+01
-4.253781353313437208e+00 -5.710258957954869885e+01
-3.190188399954532184e+00 -5.739247733665136053e+01
-3.119890795403461148e+00 -5.739070774802260644e+01
-2.262822905191795186e+00 -5.732968396681261680e+01
4.581057792240791349e-01 -5.739826367055693623e+01
1.364787653609034868e+00 -5.794609057196085189e+01
6.439056030970264466e+00 -5.796437010566639003e+01
6.830789072663086436e+00 -5.826357781614311904e+01
6.972315808573036122e+00 -5.840373150763795707e+01
7.424418238519638891e+00 -5.861533671874544638e+01
8.033116167634313243e+00 -5.854065302077795963e+01
8.453154633390727923e+00 -5.872473537394839127e+01
8.943066679173833577e+00 -5.919978832399011281e+01
9.867379370781504733e+00 -5.944107091979572033e+01
1.081347968062932985e+01 -5.984211962520022610e+01
1.127130963285848608e+01 -6.020255419103079220e+01
1.184449170038386789e+01 -6.032023257091613999e+01
1.259185133607080864e+01 -6.025023175969412392e+01
1.366809410955802484e+01 -6.043796976820274836e+01
1.563245483050275020e+01 -6.119028117604688788e+01
1.638952166892935480e+01 -6.187488328980376906e+01
1.714771095679482826e+01 -6.189295095081468645e+01
1.818874631059822633e+01 -6.183957187756317353e+01
1.993759401117346286e+01 -6.173133222691658517e+01
2.003692951816792700e+01 -6.172592461060524016e+01
2.145300586675103816e+01 -6.164903694776742782e+01
2.502197103929429645e+01 -6.031364611376665863e+01
2.560190961366629736e+01 -6.028723738179868974e+01
2.568181147706014755e+01 -6.028540903567148490e+01
2.599495825528946469e+01 -6.027890069421551544e+01
2.645624588515482856e+01 -6.026212220288935129e+01
2.881862519308519310e+01 -5.855112474568093006e+01
2.929355471062237370e+01 -5.816132570165198246e+01
2.951493604836978335e+01 -5.805071640260575094e+01
2.959109366879036429e+01 -5.802322325779743295e+01
3.540258254839876173e+01 -5.155579696194384098e+01
3.559573799827493445e+01 -5.155742926227850376e+01
3.583667647415835233e+01 -5.156693156069550099e+01
3.638184918992174488e+01 -5.156707821949972725e+01
3.684935997191136181e+01 -5.142201888148889566e+01
3.694738335715022259e+01 -5.020519141461544166e+01
3.764067543014963491e+01 -4.907252443373164397e+01
3.762789695719869343e+01 -4.884472136152493249e+01
3.994675046147678898e+01 -4.445604804023398060e+01
4.002289441560640171e+01 -4.403898397563566647e+01
3.988203481329369282e+01 -4.380905751509169477e+01
3.972633555783548331e+01 -4.369215780754204559e+01
3.941923626840087991e+01 -4.345871253137156742e+01
4.009174784857162877e+01 -4.141721399326208086e+01
4.008341826706884348e+01 -4.129869473614450470e+01
4.008045030539729936e+01 -4.126117867126161798e+01
4.006358845128357160e+01 -4.107291574865809025e+01
4.004940048722269097e+01 -4.093345198273215146e+01
4.001554294362181707e+01 -4.062807274991443762e+01
3.997136739073647504e+01 -4.022553482606730313e+01
4.053693703845522833e+01 -3.781785397813212768e+01
4.046391656023738648e+01 -3.777161329522898825e+01
4.039856995996316869e+01 -3.773137330466027350e+01
4.068751217541173304e+01 -3.559523704254988274e+01
4.067735592003337786e+01 -3.554805148211019628e+01
4.032931699580987583e+01 -3.489452207964616548e+01
3.992758562482826790e+01 -3.457262544041149255e+01
3.978064871727406882e+01 -3.439212801614176129e+01
4.018737194301697002e+01 -3.355902468330695143e+01
4.035588289556382335e+01 -3.152491919692807087e+01
4.097452940410792621e+01 -2.977011097534165529e+01
4.015917110363282916e+01 -2.879477140943079760e+01
4.002594738052506074e+01 -2.691677802539298270e+01
3.997261575398655253e+01 -2.583703611092664332e+01
3.942472153980891392e+01 -2.372060625683615953e+01
3.792601738649255338e+01 -2.240393613466969924e+01
3.796418340915098355e+01 -2.194472620728768320e+01
3.821077574163302870e+01 -2.171550436707449805e+01
3.843953302931002014e+01 -2.149682994906897093e+01
3.862681768327787779e+01 -2.087391704909981271e+01
3.850204691494682407e+01 -2.032746860673961820e+01
3.837148348889044058e+01 -2.013960496032364134e+01
3.824857605784612247e+01 -2.000872353979110940e+01
3.800593344738425117e+01 -1.980382998637170999e+01
3.777902633624989903e+01 -1.961820689526786410e+01
3.740038938028003912e+01 -1.838076060280223700e+01
3.699554462019573009e+01 -1.797324018327342898e+01
3.672203814895694052e+01 -1.780490216158680283e+01
3.508105197839932998e+01 -1.444587974998864510e+01
3.474141677641000570e+01 -1.417615418255700099e+01
3.402317451714698393e+01 -1.337118083937417268e+01
3.380012886556749407e+01 -1.247069537693807462e+01
3.315570902621252714e+01 -1.185001798377172477e+01
3.275641738669473568e+01 -1.151573053073710007e+01
3.211044993062593988e+01 -1.091189937409941813e+01
3.184148493857553675e+01 -1.048552683381574724e+01
3.177161826743302697e+01 -9.882728450622790817e+00
3.158225513609162149e+01 -9.637886975234330578e+00
3.061548274901884170e+01 -8.726179382674311924e+00
2.916368071714932242e+01 -7.484823800991859954e+00
2.854795637227208971e+01 -6.658678293094225431e+00
2.783214209852869558e+01 -6.074535020705887689e+00
2.737932891522050483e+01 -5.942616624412537796e+00
2.725919779374176244e+01 -5.851685313338528260e+00
2.710601454391803244e+01 -5.724029421415345098e+00
2.697442056149826684e+01 -5.608104116357289115e+00
2.650815903045067756e+01 -5.180252399476776404e+00
2.628517123785339749e+01 -4.977757542584899220e+00
2.420960043762146796e+01 -3.150861882566683647e+00
2.383934635160638749e+01 -2.852646765970520804e+00
2.133952692506526816e+01 -2.568012684653887323e+00
2.129958291541593951e+01 -2.546508474273383005e+00
2.096092829832581828e+01 -2.483283050924844915e+00
2.025588498488688671e+01 -2.545846218259470106e+00
1.995765978376743988e+01 -2.348539210299690261e+00
1.975453928614671639e+01 -2.147437925038601758e+00
1.933572492988148284e+01 -1.735703013329733313e+00
1.927112882711419672e+01 -1.697975967449351753e+00
1.879194055564951427e+01 -1.614149347857246619e+00
1.761078634067855475e+01 -1.741654882310571306e+00
1.680684698528348164e+01 -1.504063142370194228e+00
1.663098637421285986e+01 -1.327917580608138470e+00
1.608783017260176962e+01 -9.029188251177624469e-01
1.498123359848225711e+01 -7.807706912770919772e-01
1.476325531789004408e+01 -6.186191279896874340e-01
1.461328072754217366e+01 -4.721108219613857071e-01
1.158869766613349661e+01 3.543602508860663192e-01
1.138079918806458402e+01 6.419303198922896581e-01
8.471813902507195237e+00 6.790999251552932714e-01
5.869734749384562633e+00 4.237380244550457697e-01
