-8.295309355363629233e-01 -1.526761244239537296e+00
-1.422824755756883386e+00 -1.902738170564270082e+00
-1.548822807056382977e+00 -2.267625275750061231e+00
-1.563691356317779224e+00 -2.333255909221584989e+00
-1.590929359776375840e+00 -2.474852684770567190e+00
-1.623903360525206230e+00 -2.646542493604724822e+00
-3.800884252377981110e+00 -4.471123052358024985e+00
-3.826006538923347744e+00 -4.563323189584841622e+00
-3.865159421376898941e+00 -4.708575828817209263e+00
-3.888875614573065409e+00 -4.792709529377355615e+00
-3.897240713965667958e+00 -4.821156235934871859e+00
-4.310556575471408358e+00 -5.429458427487702465e+00
-6.122625137459500877e+00 -7.310751983593417158e+00
-6.570795561196722367e+00 -8.272582083815596121e+00
-6.955275978709857476e+00 -9.289588938663348117e+00
-8.196736354583931572e+00 -1.286350180869624005e+01
-8.852483897918014932e+00 -1.474912215720906694e+01
-9.252122014361848557e+00 -1.581589866545004064e+01
-9.292955366023932129e+00 -1.591708028650205975e+01
-1.018752804225486663e+01 -1.793755367140725809e+01
-1.017515461951648348e+01 -1.796723436174727695e+01
-1.013750811593645729e+01 -1.810568987395553719e+01
-1.027197125243406184e+01 -1.881938912431265720e+01
-1.043618870732628423e+01 -1.932613340720868322e+01
-1.029263488404674831e+01 -2.104903759444677647e+01
-1.041688115090021327e+01 -2.139189885659613566e+01
-1.048741202282758245e+01 -2.177455001798954370e+01
-1.025527873733693696e+01 -2.238711202549542278e+01
-1.035697099307266456e+01 -2.336547532519332293e+01
-1.092916910800329866e+01 -2.503205979017280924e+01
-1.123949835343664283e+01 -2.595436097314110668e+01
-1.112701602041851068e+01 -2.756176001420258714e+01
-1.141063306139007061e+01 -2.902454226624016798e+01
-1.122032946747143534e+01 -2.961757663709492050e+01
-1.094605105385454102e+01 -3.019923007923324931e+01
-1.069762850621277650e+01 -3.068518933135077376e+01
-1.039338432520188249e+01 -3.127956158603386072e+01
-1.017454152841156123e+01 -3.173247105329336648e+01
-9.927740005202251083e+00 -3.233342827711766887e+01
-1.008232055552588058e+01 -3.422959038731052317e+01
-9.408962476045157786e+00 -3.563381173832792825e+01
-9.206315807339317203e+00 -3.601976665464599137e+01
-8.851499426034575180e+00 -3.672818440469338697e+01
-8.939802356690174534e+00 -3.876833616787866532e+01
-8.793546741642366271e+00 -3.923144970343703619e+01
-8.657205518189755367e+00 -3.950922918381452575e+01
-8.491832687940309654e+00 -3.982160812672970707e+01
-8.119917460756219896e+00 -4.056489212661819721e+01
-7.761551012757013090e+00 -4.130907683740844760e+01
-6.952920925845393896e+00 -4.174295134866522261e+01
-6.338453349385950730e+00 -4.195900584459178617e+01
-5.948359925311621055e+00 -4.313232672167821136e+01
-6.293914488639448024e+00 -4.435514280226341555e+01
-6.189142474243301884e+00 -4.454504218330867360e+01
-6.052416624377212173e+00 -4.488105617201308206e+01
-5.989414348594158000e+00 -4.499643321621135073e+01
-4.836828554930731272e+00 -4.624456822648419063e+01
-4.886336181098137388e+00 -4.693533052239117609e+01
-4.152108199556463930e+00 -4.718788891465328561e+01
-3.364562278084822999e+00 -4.810450547510451713e+01
-3.270141883317059683e+00 -4.820111707237288101e+01
-2.999322816885783727e+00 -4.835408883300658545e+01
-2.408022460864135184e+00 -4.854710081508454067e+01
-2.125777687772616442e+00 -4.866315891770115343e+01
-1.849358249607369276e+00 -4.892180241078462899e+01
-1.746160373817154055e+00 -4.913289091197619740e+01
-1.638311938636109133e+00 -4.938092149609268233e+01
-1.370309578487799440e+00 -4.963998275951325923e+01
-5.957618297290477871e-01 -4.992888825549990628e+01
-1.840353703100931770e-01 -5.015908086865761106e+01
4.733872897844892957e-02 -5.058739600176401296e+01
4.976177325790430706e-01 -5.102221338634286951e+01
1.093951666611003404e+00 -5.127619306393490461e+01
2.316311106771129058e+00 -5.169833746140837150e+01
3.570460909593156540e+00 -5.282863687728085722e+01
4.357444918506116593e+00 -5.316148528545627272e+01
4.360271554869158628e+00 -5.316246005402629038e+01
4.623589756679064244e+00 -5.325129435919853194e+01
5.822392131366190604e+00 -5.370810527013674829e+01
6.227926073971208787e+00 -5.405007272241733318e+01
8.364483292011062332e+00 -5.455202789545481323e+01
8.861799015677615188e+00 -5.491367497200197079e+01
8.934306082076970412e+00 -5.507802136820811256e+01
9.001421655833373947e+00 -5.524278920465935272e+01
9.164735421768778423e+00 -5.543160178573993591e+01
1.039104508551293016e+01 -5.497148972105654963e+01
1.108382225826655976e+01 -5.475358478930627371e+01
1.155100718487486056e+01 -5.487436914634704266e+01
1.203627259416174056e+01 -5.506156975804076126e+01
1.264188411560934000e+01 -5.496958158579987241e+01
1.354187996520466264e+01 -5.458774252291649987e+01
1.433300084919574324e+01 -5.419704461025967390e+01
1.850042185802103134e+01 -5.126012609127750608e+01
1.862796420499254424e+01 -5.131694231382988391e+01
1.869111654758641450e+01 -5.134989596598705930e+01
1.872449468353875801e+01 -5.136808639903803453e+01
2.032434797493143108e+01 -5.013477673735203410e+01
2.032436341687934345e+01 -5.013477279761869454e+01
2.032436951072885378e+01 -5.013477124292477072e+01
2.032437945826061210e+01 -5.013476870511011185e+01
2.194540768270504216e+01 -4.823647597791974562e+01
2.194547176076196493e+01 -4.823645104902184499e+01
2.194549350911321639e+01 -4.823644258821635589e+01
2.194653455867580405e+01 -4.823603768310803730e+01
2.195627768372052557e+01 -4.823225722105110691e+01
2.472524093268225087e+01 -4.251219663506419977e+01
2.473707490913368545e+01 -4.250667716699535248e+01
2.474806474420441305e+01 -4.250130820659245501e+01
2.475739091321375440e+01 -4.249654847575445160e+01
2.476496891773141584e+01 -4.249252989929372859e+01
2.477278733363344543e+01 -4.248822904817738078e+01
2.478681397812847109e+01 -4.248007328707360131e+01
2.482160196599758706e+01 -4.245673840970531643e+01
2.490196245733769587e+01 -4.235859107157610026e+01
2.486033657265024388e+01 -4.052229247549753666e+01
2.530535125446627376e+01 -3.927023564094258745e+01
2.551474471502920949e+01 -3.868572215642019074e+01
2.567238436783717148e+01 -3.692829305461641098e+01
2.557329327841106092e+01 -3.640086053195808091e+01
2.705776135338322064e+01 -3.418719635590689165e+01
2.705990283925531514e+01 -3.418048482431156998e+01
2.707661435099574376e+01 -3.412758432754203142e+01
2.844559122745654989e+01 -3.234898587825659177e+01
2.844559247086631970e+01 -3.234898193967070767e+01
2.844559344601468354e+01 -3.234897885082000357e+01
2.844559448310726779e+01 -3.234897556575543121e+01
2.844559547986168013e+01 -3.234897240846374444e+01
2.844559694717514375e+01 -3.234896776064012869e+01
2.844565723132448909e+01 -3.234877680401086053e+01
3.151018188936372866e+01 -2.787838125501285447e+01
3.154343271418014538e+01 -2.778476267752964901e+01
3.157311417362320327e+01 -2.770051479909464476e+01
3.181917902744830329e+01 -2.698296921668359261e+01
3.183650743913566927e+01 -2.693143955460483596e+01
3.220856668667735079e+01 -2.580876555593264499e+01
3.268634758403665330e+01 -2.366051015996535511e+01
3.242343255531288548e+01 -2.331421519897102002e+01
3.257320915352774904e+01 -2.257159163104158495e+01
3.275027260200981516e+01 -2.213060382324225372e+01
3.322166551512627564e+01 -2.038695749126815571e+01
3.313129822504142652e+01 -2.023110597695337276e+01
3.315523424655830809e+01 -1.866090796545141117e+01
3.342491589402943930e+01 -1.801632927531722927e+01
3.363082587490955433e+01 -1.655109534857459508e+01
3.337142650953551737e+01 -1.614410118988865150e+01
3.341673194324716434e+01 -1.567623172142756260e+01
3.353027434063498191e+01 -1.543687834611479914e+01
3.372291954266852088e+01 -1.525511361761036788e+01
3.353249778756298838e+01 -1.405297016826810008e+01
3.257141388664279447e+01 -1.215749512423569456e+01
3.204095810275176603e+01 -1.114226088005075255e+01
3.160200898673248915e+01 -1.026840827198748762e+01
3.083581346205927076e+01 -7.782459509362189998e+00
3.022129677368234013e+01 -7.315380096804897647e+00
2.921090753339586854e+01 -5.109911015253365996e+00
2.881002589160322813e+01 -4.329971300486840313e+00
2.854136872660625457e+01 -4.015695997574201925e+00
2.702900910502813758e+01 -3.423747596038607011e+00
2.631583703700973942e+01 -3.180185408462163021e+00
2.557138116342770928e+01 -2.044855929084797186e+00
2.519871414361665884e+01 -1.989807145506147679e+00
2.486325952088550295e+01 -1.903510693896561135e+00
2.453664108649607201e+01 -1.814459898871690235e+00
2.424901438345683857e+01 -1.585393009829838995e+00
2.438258682455399295e+01 -9.567760142746415397e-01
2.451599058717005164e+01 -5.187361952239279983e-01
2.447467771006416370e+01 -3.739491049221234653e-01
2.377953519045189523e+01 -2.406826814785952007e-02
2.307310404122560854e+01 5.850737741298501771e-01
2.277272989109948043e+01 9.901239881489219963e-01
2.226303589725088372e+01 1.249164664175762107e+00
2.199100926689630597e+01 1.352875923179680306e+00
2.187325807607683359e+01 1.394351170502386772e+00
2.166670672810161946e+01 1.464457533529881061e+00
2.135756798812749935e+01 1.567002522506154572e+00
2.055190487776232544e+01 1.868141509051805205e+00
2.034165769859459871e+01 1.977493388318662726e+00
1.812890875396915291e+01 3.239000289128878496e+00
1.749392063141740294e+01 3.010736622558262354e+00
1.536722333905203364e+01 3.642017046800172686e+00
1.531678916696009196e+01 3.656739747004666530e+00
1.495688090035739748e+01 3.742856431503363446e+00
1.375993538029834085e+01 3.471912894674554106e+00
1.345494833903674881e+01 3.549634058082009158e+00
1.328453955302083145e+01 3.613954869872938680e+00
1.271754281474698445e+01 3.801101383933831457e+00
1.262561091714978190e+01 3.814304747934827766e+00
1.093185159581606669e+01 3.687167028063990326e+00
7.497371680631786717e+00 2.624046909325104870e+00
7.109746838173142791e+00 2.697465341826497554e+00
7.057799907484093360e+00 2.726024509633385495e+00
6.978128975976791715e+00 2.777607036402192975e+00
6.910211077381076095e+00 2.826810971503217473e+00
6.866933528246037532e+00 2.859175199641222687e+00
6.836974144753430238e+00 2.881334568963046294e+00
6.750806980132550095e+00 2.938432347509558618e+00
6.705729946909705141e+00 2.962103660655978743e+00
6.546711488577579008e-01 -2.271596356646143067e-01
6.546711488010507063e-01 -2.271596355898982955e-01
