-1.495108172775941657e+00 -1.039871610835058746e+00
-2.517932026986465122e+00 -1.731173695031911652e+00
-3.027303627509738693e+00 -2.311141955349930388e+00
-3.072525775905555978e+00 -2.362552820924944896e+00
-5.427787438499842132e+00 -3.922465895850440365e+00
-6.232387382533582709e+00 -4.768357434159347541e+00
-8.198639988878813512e+00 -7.015601750101437162e+00
-8.545590058475591277e+00 -7.481054390529247478e+00
-8.685212812820065409e+00 -7.918406609396567930e+00
-8.641764044783021959e+00 -8.008791746092157382e+00
-8.598043293043646784e+00 -8.096280668563757388e+00
-8.618946340304379561e+00 -8.415146915877285139e+00
-9.139441736034772390e+00 -9.058931399193765444e+00
-9.450398702221491476e+00 -9.404947140516206616e+00
-9.564104931054050240e+00 -9.879336882132307096e+00
-9.413596239609695715e+00 -1.073445705521320903e+01
-1.214428838635563501e+01 -1.473227666311618655e+01
-1.171167353443060577e+01 -1.511278258580549583e+01
-1.155791225413799417e+01 -1.522662148256997838e+01
-1.152104211207489115e+01 -1.525816984859675607e+01
-1.148779859603600428e+01 -1.528906745422964164e+01
-1.139905879795075094e+01 -1.539355845695714642e+01
-1.156215039930422073e+01 -1.595828464209326469e+01
-1.205006668827676819e+01 -1.659446071450228288e+01
-1.212793533480945563e+01 -1.783232158074915930e+01
-1.211497828039372671e+01 -1.819329285767088322e+01
-1.208594278462870264e+01 -1.862835417676611627e+01
-1.202969226906851574e+01 -1.910726480011800277e+01
-1.122750487534777974e+01 -2.035931492554202649e+01
-1.160666052906070433e+01 -2.127777581907968596e+01
-1.178995381907690465e+01 -2.178318153270181412e+01
-1.082148612900560103e+01 -2.300484684610193753e+01
-1.077035999586747828e+01 -2.422496973893533578e+01
-1.076745306703748462e+01 -2.492290252946393281e+01
-1.076050751213873191e+01 -2.551183261719889117e+01
-1.072535517237223956e+01 -2.616450177148963263e+01
-1.061053421783937978e+01 -2.667603702335700433e+01
-1.029351926210497936e+01 -2.695442051981390463e+01
-9.682662475397515678e+00 -2.748204698029821458e+01
-9.592266625791509682e+00 -2.832792680910573324e+01
-8.550231307031374683e+00 -2.956915804449673146e+01
-8.494810136158472247e+00 -3.005620799302487711e+01
-8.235474595359146832e+00 -3.068160450831294028e+01
-7.393762705724524764e+00 -3.163539194561775147e+01
-7.389558942620113591e+00 -3.206775397095657354e+01
-7.343728689803997511e+00 -3.236895828272037079e+01
-7.272030871635462468e+00 -3.250427931345656418e+01
-7.088085165776077723e+00 -3.270655963690101231e+01
-6.893421841997874111e+00 -3.286501926433706444e+01
-6.609260989506529960e+00 -3.306613365541246452e+01
-6.442967310970638906e+00 -3.321340405682844477e+01
-6.285366794466511031e+00 -3.482174253180595258e+01
-6.081605109241994711e+00 -3.552480168967709773e+01
-5.434838217580260533e+00 -3.603248466187557852e+01
-5.152151657673068819e+00 -3.673009609078197713e+01
-5.160017532238713400e+00 -3.691708197616449638e+01
-5.155024945116897683e+00 -3.704791811619134734e+01
-5.122916940390272345e+00 -3.716464299486637657e+01
-4.478060560917275446e+00 -3.726151873826906069e+01
-2.964307546810616145e+00 -3.817352075816803136e+01
-2.809221877794175093e+00 -3.819961770362748155e+01
-1.824295214149951772e+00 -3.838620078367844002e+01
5.480376787835960356e-02 -4.001780037060451178e+01
1.209581386558180593e+00 -4.014586921120417884e+01
1.796066344826712458e+00 -4.065773698360118260e+01
2.134577297608405644e+00 -4.097708978399009538e+01
2.628239055423629011e+00 -4.145181891351825954e+01
3.254397843624640352e+00 -4.204898184867708721e+01
4.739989017680892758e+00 -4.275718476841694837e+01
5.595637453875824008e+00 -4.317120198821032062e+01
6.067793736120439263e+00 -4.361195636056054070e+01
6.537317576010956088e+00 -4.406796484764020505e+01
6.814404360734708455e+00 -4.430131978122059877e+01
7.482212517883756853e+00 -4.461742593421830350e+01
1.043023362568062495e+01 -4.543046400524098516e+01
1.069597061432344276e+01 -4.547485197960994441e+01
1.075663908610081521e+01 -4.548117248032176008e+01
1.148703351147278084e+01 -4.549206191937039279e+01
1.290084574835573861e+01 -4.540581080387693191e+01
1.322173472255110305e+01 -4.538975308862521274e+01
1.487589085249531173e+01 -4.581254377515238474e+01
1.538728602290208158e+01 -4.639555254661144801e+01
1.536813781503803966e+01 -4.719142451682392192e+01
1.610344991879207299e+01 -4.713996830767753465e+01
1.656883603375388248e+01 -4.738086288347916053e+01
1.689079098537937185e+01 -4.764677875306028909e+01
1.732866187513026190e+01 -4.804148568591796931e+01
1.787686413092708904e+01 -4.856513672410088844e+01
1.858197129981457962e+01 -4.924496959942924690e+01
1.896986810324193584e+01 -4.958297017646407312e+01
1.936398587045669117e+01 -4.985374748508444043e+01
1.984407668817794246e+01 -5.002351678764194531e+01
2.085215254349910552e+01 -4.999223179770743286e+01
2.219225336809332205e+01 -5.056639766185375606e+01
2.290786227953128318e+01 -5.088685691743410189e+01
2.350194524733862522e+01 -5.087426559934335302e+01
2.424880407636566559e+01 -5.086962059552707416e+01
2.551540305794769736e+01 -5.161430502582862800e+01
2.570258313194407407e+01 -5.179614879561285790e+01
2.656749323228887860e+01 -5.256343131359548693e+01
2.899069240099258948e+01 -5.186297659079979638e+01
2.925260289092337374e+01 -5.221336336779992848e+01
2.937856298646448039e+01 -5.235602190011483259e+01
2.968317082878607849e+01 -5.252045366286917272e+01
3.028494497421728227e+01 -5.253346216176036165e+01
3.260174134050154748e+01 -5.155913746333661862e+01
3.286949678265312258e+01 -5.163426870627782250e+01
3.306246298328360922e+01 -5.179141945366905730e+01
3.335163026255835206e+01 -5.206929991915650646e+01
3.454747965360778039e+01 -5.146787019081780556e+01
3.501226951964258660e+01 -5.129023174242340133e+01
3.529653237504185626e+01 -5.126133601146703000e+01
3.602627907181491196e+01 -5.124478833001889200e+01
3.658294777240320883e+01 -5.114044586451079510e+01
3.668086302081872674e+01 -5.100158857826608028e+01
3.664656544845615116e+01 -5.075655782091158130e+01
3.656524230171645939e+01 -5.038731227064442919e+01
4.239259333892980663e+01 -4.638325513685475698e+01
4.238998350640932955e+01 -4.636139487256470915e+01
4.238899549488574792e+01 -4.635288211674757264e+01
4.238810292155128678e+01 -4.634502349260327492e+01
4.238531895571468056e+01 -4.631896361137385298e+01
4.238242602629648559e+01 -4.628719754640526673e+01
4.238006926531672747e+01 -4.625121114632275265e+01
4.237981932463038959e+01 -4.624583779646063419e+01
4.329212341552512555e+01 -4.429365508430261400e+01
4.329090716351002044e+01 -4.427471513403960302e+01
4.328931364160615658e+01 -4.422761403642789446e+01
4.517500204506254846e+01 -4.067312511358181837e+01
4.504704930579745792e+01 -3.941130634039394209e+01
4.502108777791424643e+01 -3.914710571680101481e+01
4.501421782891680579e+01 -3.906990923012097028e+01
4.586089143561788717e+01 -3.578169656091528594e+01
4.574740475325553746e+01 -3.559552272539167461e+01
4.490344762818379820e+01 -3.468375173830921199e+01
4.474405022451256997e+01 -3.328145542098722132e+01
4.469070283910738794e+01 -3.222684442710124131e+01
4.467733917685788469e+01 -3.189725778583471794e+01
4.465595141480729779e+01 -3.136944987897064863e+01
4.452697501376245981e+01 -2.957005629689332693e+01
4.438391953052662586e+01 -2.888391459454809862e+01
4.352935177276395962e+01 -2.782785050213358957e+01
4.342014817660185599e+01 -2.710102472985780508e+01
4.228892907066261841e+01 -2.581491575810917993e+01
4.135768906240062392e+01 -2.492101374018332294e+01
4.123272484606879118e+01 -2.451606041091323007e+01
4.125705876816643070e+01 -2.444245975789819880e+01
4.129158804577848230e+01 -2.437303749720314627e+01
4.135118038656512596e+01 -2.419965945841584443e+01
4.073005919911646799e+01 -2.342070285098213844e+01
3.994713401625345739e+01 -2.273867128441628793e+01
3.924638039816976942e+01 -2.214392691302581895e+01
3.816456446333636876e+01 -2.035101515956980833e+01
3.726518590463561509e+01 -1.938257248850679559e+01
3.598297141587077874e+01 -1.819751223785893401e+01
3.543809087645961142e+01 -1.772119350429941775e+01
3.510232849459871574e+01 -1.747212415482635706e+01
3.350169551977657534e+01 -1.691624815455947584e+01
3.302105439783565544e+01 -1.651291096317321916e+01
3.246623978484046802e+01 -1.599966848120039664e+01
3.216319413351186540e+01 -1.569185017813787297e+01
3.146499425941926020e+01 -1.411136104498920396e+01
3.119681153860148015e+01 -1.388669057259565065e+01
3.072129396251177269e+01 -1.333076805593398184e+01
3.065521880966771562e+01 -1.264876449046850304e+01
3.067487102466138538e+01 -1.200373199859716600e+01
3.063879153447250658e+01 -1.157721813400257638e+01
3.013045792489366193e+01 -1.101495769073374653e+01
2.962819985473894491e+01 -9.032921773357855955e+00
2.899245314260742035e+01 -8.152182667165631003e+00
2.836555293773574959e+01 -7.544008036403502260e+00
2.800382764965439719e+01 -7.207428359723000888e+00
2.780368708449280035e+01 -7.022183868067297219e+00
2.758406438580166764e+01 -6.818564108754113562e+00
2.730684120110249324e+01 -6.559985179407399336e+00
2.677381845229600188e+01 -6.060354329065697598e+00
2.605938877349626281e+01 -5.398198467178718651e+00
2.188482962702068946e+01 -3.590411016244280606e+00
2.068425786474907824e+01 -1.931950718144376244e+00
1.836067568612127232e+01 -1.271826200524058592e+00
1.832304696286678336e+01 -1.235641993198345112e+00
1.774894679334159875e+01 -1.060235806101013756e+00
1.643877027297442339e+01 -1.207938919739661277e+00
1.585325981898647107e+01 -1.015227193489605328e+00
1.566218024576537893e+01 -8.165381983378934283e-01
1.523550978301794778e+01 -3.890224747343707934e-01
1.516581770376772731e+01 -3.525209783680466891e-01
1.470662075378172595e+01 -2.641141567304108317e-01
1.363675537739905330e+01 -3.294097191935810853e-01
1.285734737378717973e+01 -1.537946253008261044e-01
1.272520988200397696e+01 -6.141124873660845640e-02
1.239891896548424910e+01 2.373300393345552650e-01
9.661080283764679422e+00 -2.050237557863694993e-01
9.572763634808671540e+00 -1.111430340438456787e-01
9.463972016117072172e+00 1.395552202586683443e-02
8.763408982268666492e+00 3.962431325175598262e-01
8.456982417191984069e+00 4.274912028734628167e-01
6.139369775560884257e+00 3.653135670930490742e-01
4.224563914303711698e+00 2.139964952203898263e-01
