-4.856959922972401422e-01 -1.216761450575488679e+00
-7.780240737977104359e-01 -1.701553908056876230e+00
-1.356908144604666022e+00 -2.645055611228460002e+00
-1.494070881750055646e+00 -2.866065374844378066e+00
-1.610795752460976615e+00 -3.053474244145557126e+00
-1.894444749585705967e+00 -3.506476273918659015e+00
-2.062756911364540358e+01 -1.219912824197819035e+01
-2.087352596594197962e+01 -1.247613475212697409e+01
-2.098666231436892460e+01 -1.260571504000987098e+01
-2.103948286199623396e+01 -1.266650779104193880e+01
-2.121018538669115827e+01 -1.286373886525023913e+01
-2.158516639921127833e+01 -1.329682113301111634e+01
-2.402516629069515730e+01 -1.546570783149282846e+01
-3.196204180986955379e+01 -1.618013321218781186e+01
-3.211711763851174339e+01 -1.655421735985123632e+01
-3.230675866762122439e+01 -1.739601274377497475e+01
-3.234332861166208772e+01 -1.789618538365731126e+01
-3.234814516789927552e+01 -1.816408912443132806e+01
-3.234794784432954629e+01 -1.838172724459682428e+01
-4.532350092338592873e+01 -2.880083009035184816e+01
-4.532447752510482530e+01 -2.880190215015727517e+01
-4.539583173678837369e+01 -2.887985674944797765e+01
-4.631441067864336247e+01 -3.013489867894275775e+01
-5.277748545975835981e+01 -3.335666733424581309e+01
-5.067375147772448685e+01 -3.915686265550068867e+01
-5.149742207813294215e+01 -3.952553544349743930e+01
-5.176706507552580661e+01 -3.975458895603785692e+01
-5.181012972611393508e+01 -3.997389316793053382e+01
-5.178582083179009743e+01 -4.015310799710298539e+01
-5.643450657819786187e+01 -4.436991447098647967e+01
-5.745710950338516199e+01 -4.581169009094276134e+01
-5.730406709722257830e+01 -4.760292158898353421e+01
-6.167983698760097866e+01 -5.213592357588860438e+01
-6.093044401550100986e+01 -5.219981162480424786e+01
-6.011790605386411102e+01 -5.239268972567257521e+01
-5.992413139085340390e+01 -5.242774117940142986e+01
-5.746024400029105550e+01 -5.250523540230564379e+01
-5.731241364420989726e+01 -5.251215096841725227e+01
-5.615257656706726408e+01 -5.265148728952611634e+01
-5.925795952871259686e+01 -5.952102419752260687e+01
-5.927872522073519690e+01 -6.007737857588302433e+01
-5.971085385088790076e+01 -6.139299844144903773e+01
-6.099779491528751407e+01 -6.288929959028488526e+01
-6.111860243255522818e+01 -6.587047989750460886e+01
-6.079287240651313340e+01 -6.650152525303303719e+01
-6.058443348134657924e+01 -6.691640093422613234e+01
-6.035799185975533021e+01 -6.739989069070942662e+01
-5.981053000575540324e+01 -6.914822463246159145e+01
-6.718856275986365745e+01 -8.128604868442202758e+01
-5.940883826875581519e+01 -7.462182989683580558e+01
-5.890763486525450077e+01 -7.522866566775749675e+01
-5.842098841217282512e+01 -7.663748408380011767e+01
-5.821193907218305696e+01 -7.755101174744294212e+01
-5.809122106528095486e+01 -7.812051016840950979e+01
-5.782408159074610410e+01 -7.930745963090208761e+01
-5.771070091794037182e+01 -7.972803999670620101e+01
-5.749645842153559983e+01 -8.034763015059559166e+01
-5.722414474816637409e+01 -8.082797421133881244e+01
-5.612173827867835030e+01 -8.112780385158210095e+01
-5.318615952008548931e+01 -9.003562609536058403e+01
-5.318681696797050051e+01 -9.003695573612029079e+01
-5.318682981877717708e+01 -9.003698174518390829e+01
-5.318683994983380359e+01 -9.003700225019876768e+01
-5.318692639789997401e+01 -9.003717723766048664e+01
-5.319738500264696057e+01 -9.005859563281991598e+01
-5.665927988018005124e+01 -9.357799792045257448e+01
-5.680169947394814756e+01 -9.414402467634512561e+01
-5.681064925228346851e+01 -9.420471925259577972e+01
-5.681428118303448116e+01 -9.423096594981410590e+01
-5.681577270112734368e+01 -9.424203364336905508e+01
-5.681817565519561697e+01 -9.426023061304726980e+01
-5.681905779571922466e+01 -9.426702650699428432e+01
-5.681930016018967677e+01 -9.426890468575132331e+01
-5.681942247426172088e+01 -9.426985436110528838e+01
-5.681950596027304101e+01 -9.427050326652725687e+01
-5.681964515493848467e+01 -9.427158643946641803e+01
-5.681995044942143380e+01 -9.427396770319919028e+01
-5.696908132420931281e+01 -9.542947082771193834e+01
-4.109878540740748321e+01 -9.921581875771097714e+01
-3.206685299048857019e+01 -9.656257462783038648e+01
-2.003817172735581664e+01 -1.020672521317505357e+02
-1.626600986729243203e+01 -1.028349429802174200e+02
-1.557932525828033121e+01 -1.033761182861031216e+02
-1.375685790455661284e+01 -1.044987679636303994e+02
-2.065621927307010441e+00 -9.613935207474528966e+01
-1.693961123835200921e-01 -9.607889856967487674e+01
5.879847514287189547e+00 -9.226885078530931139e+01
7.532466641194650592e+00 -9.237830669751249957e+01
8.760854889141679536e+00 -9.527411514432056094e+01
9.658458165871913081e+00 -9.565881602809719197e+01
1.187772009198074485e+01 -9.452005030571328348e+01
1.812235387230035499e+01 -8.891430093556694203e+01
4.961643450666623778e+01 -2.033321326800546558e+01
4.961680361760187452e+01 -2.033333264335080415e+01
4.961688009785087417e+01 -2.033335737755743011e+01
4.961700110774372519e+01 -2.033339651257772118e+01
4.961714453438145256e+01 -2.033344289667870797e+01
4.961733260579377003e+01 -2.033350371793587641e+01
4.961774959797181594e+01 -2.033363856709902606e+01
4.961819738956312165e+01 -2.033378337050181273e+01
4.961871433670153664e+01 -2.033395052937847680e+01
4.961933237362001137e+01 -2.033415036585927282e+01
4.961939068172831924e+01 -2.033416921864951377e+01
4.961958548561545967e+01 -2.033423220394750075e+01
4.961994570262534410e+01 -2.033434866871822067e+01
4.962052204396771060e+01 -2.033453500234011813e+01
4.962092896219066773e+01 -2.033466655473350571e+01
4.962134018806425217e+01 -2.033479949469572645e+01
4.962194467076914606e+01 -2.033499490098323292e+01
4.962230119188987487e+01 -2.033511014557844021e+01
4.962253873804831272e+01 -2.033518692968937813e+01
4.962277450479763985e+01 -2.033526313695566046e+01
4.962324416753153145e+01 -2.033541494183979026e+01
4.962339640171909849e+01 -2.033546414571824101e+01
4.962343776632475567e+01 -2.033547751512514523e+01
4.962344682396243201e+01 -2.033548044262704124e+01
4.962345201508687609e+01 -2.033548212043941916e+01
4.962346657307218578e+01 -2.033548682569082899e+01
4.962346804187254179e+01 -2.033548730041790975e+01
4.962349609436593312e+01 -2.033549636717771492e+01
4.962349803638327472e+01 -2.033549699485027418e+01
4.962349956720228050e+01 -2.033549748962079917e+01
4.962355181079196598e+01 -2.033551437504202752e+01
4.962355215221339222e+01 -2.033551448539107653e+01
4.962360891567356447e+01 -2.033553283156673430e+01
4.962361162656222291e+01 -2.033553370773429236e+01
4.962361507771120728e+01 -2.033553482315596028e+01
4.962361846759192474e+01 -2.033553591877518940e+01
4.962362184462367054e+01 -2.033553701024126070e+01
4.962362408838894368e+01 -2.033553773543225063e+01
4.962364243081657378e+01 -2.033554366374876565e+01
4.962364326285242555e+01 -2.033554393266449623e+01
4.962366034660338698e+01 -2.033554945416422655e+01
4.962366211732917520e+01 -2.033555002646555820e+01
4.962366433782886332e+01 -2.033555074413438390e+01
4.962366776285269054e+01 -2.033555185110692065e+01
4.962367112651055834e+01 -2.033555293824555577e+01
4.962367528643958536e+01 -2.033555428273960430e+01
4.962368316779866717e+01 -2.033555683000288994e+01
4.962368660380884222e+01 -2.033555794052430343e+01
4.962368933938034132e+01 -2.033555882466308162e+01
4.962369388649337054e+01 -2.033556029429296075e+01
4.962369723470985861e+01 -2.033556137643831008e+01
4.962370145862516324e+01 -2.033556274160949684e+01
4.962370468462106032e+01 -2.033556378425236133e+01
4.962370990655411873e+01 -2.033556547198206488e+01
4.962372203722622288e+01 -2.033556939261432817e+01
4.962373185007779597e+01 -2.033557256412395731e+01
4.962374449024629541e+01 -2.033557664941702470e+01
4.962376681007735613e+01 -2.033558386315818822e+01
4.962377496934408327e+01 -2.033558650021915426e+01
4.962377919001266946e+01 -2.033558786433119181e+01
4.962378472299668175e+01 -2.033558965258027129e+01
4.962379369831265308e+01 -2.033559255338203542e+01
4.962379627674312843e+01 -2.033559338672447581e+01
4.962386311045234066e+01 -2.033561498714681548e+01
4.962386468316304189e+01 -2.033561549543983915e+01
4.962386668403755152e+01 -2.033561614211336988e+01
4.962386869066128270e+01 -2.033561679064489880e+01
4.962387020829344664e+01 -2.033561728113653544e+01
4.962387119752226283e+01 -2.033561760085063241e+01
4.962387231104619900e+01 -2.033561796073629679e+01
5.753957374447234940e+01 -1.898672054501787798e+01
5.753957410143628692e+01 -1.898672044742495402e+01
5.753957434262591875e+01 -1.898672038148439611e+01
5.753957456001574400e+01 -1.898672032205062976e+01
5.753957484038602388e+01 -1.898672024539818892e+01
5.753957522076493092e+01 -1.898672014140366571e+01
5.753957589265611006e+01 -1.898671995771048771e+01
5.753957667149598620e+01 -1.898671974477781177e+01
5.753957738038172209e+01 -1.898671955097038477e+01
5.753957808594447698e+01 -1.898671935807143640e+01
5.909202587448555022e+01 -1.668737327241914414e+01
5.843648890854154132e+01 -1.665392796270279518e+01
5.672785868470079151e+01 -1.673103445089590835e+01
5.398168780648187237e+01 -1.670411738778782862e+01
5.375137618664752637e+01 -1.667517187494361863e+01
4.981088342920581624e+01 -1.542364993404017603e+01
4.879281606715383646e+01 -1.517315048789647314e+01
4.644169779427564748e+01 -9.637644668359291344e+00
4.685810478065278062e+01 -7.412977158077822537e+00
4.690491459540968577e+01 -6.902344581751410857e+00
4.689894261537059350e+01 -6.869259910636172251e+00
4.683520158238376041e+01 -6.686640711451581787e+00
4.671139198242451585e+01 -6.510432934721715803e+00
4.617685153991290292e+01 -6.200133617101858619e+00
4.611164956646796753e+01 -6.182392417445034205e+00
4.444265275744066912e+01 -6.455764163789227794e+00
3.843179854649893912e+01 -9.307872658989012393e+00
3.517786340940661205e+01 -8.906681240918503661e+00
3.493359992481011744e+01 -8.403535168467152872e+00
3.632456414605587725e+01 -5.622332902921651332e+00
3.331211159339582650e+01 -3.757627922446013624e+00
1.741181225923569542e+01 -7.495975711093294080e+00
1.728588920699033338e+01 -7.510694172806537949e+00
1.059753157254946387e+01 -7.564903201503815566e+00
1.032499927698403397e+01 -7.493684566160450977e+00
9.827570813346895306e-01 -9.272290982562148898e+00
2.046615299208840444e-01 -2.177815209783970918e+00
