-3.522520676644913085e+00 -3.356368829035202506e+00
-5.521319826911187612e+00 -5.642608085032933651e+00
-8.331054585531003198e+00 -1.126353922440975808e+01
-8.738672466738920619e+00 -1.203167450566599861e+01
-1.020012273088331511e+01 -1.487841015091013475e+01
-1.205965921761833748e+01 -1.806636605911506521e+01
-2.004501096227915724e+01 -2.860003470257348468e+01
-7.435894108619936382e+00 -3.260457943444846052e+01
-5.017156254643821534e+00 -3.537650627000001435e+01
-3.617971221192461950e+00 -3.713899569668358680e+01
-2.277584793000070107e+00 -3.902596520086744647e+01
-5.392491834090498148e-01 -4.301613609679892392e+01
-1.828357688375173318e+00 -4.537179358532178242e+01
-2.760393703493831286e+00 -4.617332133883711975e+01
-3.013951080450777198e+00 -4.699086167342418463e+01
-1.698379564080043647e+00 -4.978216455322434797e+01
-2.529803150157673208e+00 -5.448920256614082547e+01
-2.757240554843925828e+00 -5.708185884053047943e+01
-2.562954719950603089e+00 -5.824522038945647040e+01
-2.292608490989894499e+00 -5.941199577541388521e+01
-2.231684556737384639e+00 -5.965792260561658367e+01
-2.000398299660661738e+00 -6.065189836018370784e+01
-3.411106040441515219e+00 -6.606446339752508834e+01
-1.884323927418287070e+01 -7.619805635359274731e+01
-1.522914493637077804e+01 -9.476532379537165696e+01
-1.924791550180764332e+01 -9.772363983882270588e+01
-2.183711438700342100e+01 -9.956858666988804885e+01
-2.293481868063934570e+01 -1.011191345012452700e+02
-2.328020878557603979e+01 -1.016178324228514924e+02
-2.912387044813609194e+01 -1.068195245335344481e+02
-3.077001013218499637e+01 -1.086119082208727349e+02
-3.109864180673690370e+01 -1.103452684153738232e+02
-3.156991187736490545e+01 -1.118389572403044525e+02
-3.886917711725180169e+01 -1.168773518493874377e+02
-3.888387251548963519e+01 -1.168939740896873900e+02
-3.892880960339372365e+01 -1.169449313968074193e+02
-3.902751760828621030e+01 -1.170575013260112769e+02
-5.288185596924609655e+01 -1.261712570639201374e+02
-5.288051205197734816e+01 -1.262386890347038673e+02
-5.287872368253344035e+01 -1.263629417730493429e+02
-5.287792833336555987e+01 -1.266352905080595121e+02
-5.287971094072238998e+01 -1.268114674811203173e+02
-5.288339495867978712e+01 -1.269907447119116597e+02
-5.289195766114180230e+01 -1.272464133204563979e+02
-5.291051743475627944e+01 -1.276023315337303359e+02
-5.292839748339346784e+01 -1.278530582194603085e+02
-3.431683732685998223e+01 -1.203822604796244775e+02
-3.431208907481983061e+01 -1.203798592810423997e+02
-3.431152859866336513e+01 -1.203795760537770150e+02
-3.430740940118298710e+01 -1.203774958239818034e+02
-3.430369896539774288e+01 -1.203756240393700381e+02
-3.430358179296137422e+01 -1.203755649611391050e+02
-3.430341125866425500e+01 -1.203754789813171584e+02
-5.986578893633635268e+00 -1.153722734196562527e+02
-8.331562720117162257e+00 -1.203374318205627276e+02
-1.091245154187964594e+01 -1.248702707775180585e+02
-1.108426259481163356e+01 -1.258603088599630695e+02
-1.098182033543027281e+01 -1.268911675164247583e+02
-1.095582556262401575e+01 -1.270083595961287983e+02
-1.085711271879558915e+01 -1.273884299902974817e+02
-1.062574231193315377e+01 -1.281155145961493531e+02
-1.007985922953569613e+01 -1.296333006432537047e+02
1.842741224996606064e+01 -1.187858421058775491e+02
3.152172304709706196e+01 -1.154814661818684272e+02
3.225065873954312679e+01 -1.158972803527581164e+02
3.282454147402800260e+01 -1.162153428958112471e+02
3.391117645118787038e+01 -1.167536962113293129e+02
3.570011707546001389e+01 -1.172882920671296176e+02
4.395415988754052705e+01 -1.175943471498500088e+02
4.731797549415999526e+01 -1.193706190805358602e+02
4.975516294097602099e+01 -1.207704928147386880e+02
5.268992768352403999e+01 -1.223043788942875238e+02
5.438286604365804777e+01 -1.231867282305646114e+02
5.698946689678047761e+01 -1.245577744356106962e+02
5.898872753956356263e+01 -1.255947896500605765e+02
6.263546546323451025e+01 -1.279677914088743762e+02
6.263548911919645690e+01 -1.279678095127708275e+02
6.263550325979733913e+01 -1.279678203345303587e+02
6.263551963760693297e+01 -1.279678328683857274e+02
6.263554339955621941e+01 -1.279678510532225602e+02
6.263556641029956040e+01 -1.279678686630955866e+02
6.263615833392528032e+01 -1.279683216315942644e+02
6.263664011160152256e+01 -1.279686902766285357e+02
6.264037171119699821e+01 -1.279715445604331876e+02
6.272494719615752246e+01 -1.280357261507223825e+02
6.291684933772630473e+01 -1.281774876596143997e+02
6.303020075895305752e+01 -1.282584914806332961e+02
6.327774229960497365e+01 -1.284276367732592519e+02
6.346470409701039728e+01 -1.285477511154987553e+02
6.362076782449147316e+01 -1.286425891201333513e+02
6.376553720573361517e+01 -1.287258965328086333e+02
6.389502761595951341e+01 -1.287964278968751444e+02
6.412274328665394307e+01 -1.289108672773364219e+02
6.466920903117555497e+01 -1.291345237531495798e+02
6.498448658811892642e+01 -1.292371104657820524e+02
6.516118468826886101e+01 -1.292886168939692482e+02
6.534387652931057744e+01 -1.293384592751339142e+02
6.564278780057638585e+01 -1.294147022798449314e+02
6.571427986478286698e+01 -1.294322727301639020e+02
6.610926711689849355e+01 -1.295274104856068789e+02
6.617518156788365502e+01 -1.295432455747703955e+02
6.619928194295651736e+01 -1.295490492478628255e+02
6.622401120643426964e+01 -1.295550141506106456e+02
6.637946918115393657e+01 -1.295928209724252156e+02
8.675024209542310416e+01 -1.329810514527591465e+02
9.714002688094440430e+01 -1.457495184346438464e+02
1.086557548365843360e+02 -1.573242204189152744e+02
1.200626662760434584e+02 -1.676337580652295003e+02
1.347452318631536627e+02 -1.837715709536922475e+02
1.395934615133442946e+02 -1.870555417474789124e+02
1.513930941276339581e+02 -1.952541575832819660e+02
1.649854884697703028e+02 -2.018151670347324398e+02
1.649788553513834302e+02 -2.018049381141822778e+02
1.649768425758008448e+02 -2.018018415733437791e+02
1.649739486229927650e+02 -2.017973953405654299e+02
1.649725303117254782e+02 -2.017952188148123867e+02
1.568375929186446740e+02 -1.944234128053140864e+02
1.438130169313555484e+02 -1.808281596992670472e+02
1.284316771671432207e+02 -1.671884406574368427e+02
1.236442357437571644e+02 -1.626984436410053263e+02
1.196088940904930240e+02 -1.584068835008459359e+02
1.074997819137570900e+02 -1.479273936781370651e+02
1.029942415485827638e+02 -1.424255966568975964e+02
1.013014547327756389e+02 -1.341401377781207032e+02
1.005743710170177962e+02 -1.337474482715574595e+02
1.001429302872445959e+02 -1.334835324261538005e+02
9.923362287794596170e+01 -1.327927500273355577e+02
9.837574036663227162e+01 -1.317816027958159282e+02
9.738196024887953683e+01 -1.289017579668780513e+02
9.578333066462522538e+01 -1.261801811599697345e+02
9.456533493110724464e+01 -1.256067775845659753e+02
9.336663584967058682e+01 -1.252261187154654891e+02
9.479518445900963286e+01 -1.069893284699338665e+02
9.457755285692317671e+01 -1.069043452849020071e+02
9.278765168934943119e+01 -1.050723043641845180e+02
9.223304476418448417e+01 -1.029035388705381990e+02
9.213984209214662258e+01 -1.020094528890739412e+02
9.209823644960374622e+01 -1.005464156190504355e+02
9.211918575674900467e+01 -9.990764678774239371e+01
9.240595789475892730e+01 -9.753110447249279957e+01
8.684117298779966632e+01 -9.479599771812516451e+01
8.836564296717108391e+01 -9.153110727491832677e+01
8.873876689978362720e+01 -9.089129088249606525e+01
9.115830946940263857e+01 -8.687234983252436393e+01
9.119367756242840528e+01 -8.631821675574001063e+01
9.251708680482563807e+01 -8.390683293139328214e+01
9.622492599463056706e+01 -8.143400527105390552e+01
1.004643290730442402e+02 -7.947898271827310168e+01
1.025478395794922193e+02 -7.429978291628655995e+01
1.030220429875251256e+02 -7.132966010100273024e+01
1.020756778833723359e+02 -7.129564218683394472e+01
1.004817677568396306e+02 -7.175478774620370359e+01
9.799948063392800179e+01 -7.279254911951586848e+01
8.925664431262828202e+01 -7.715434782771340849e+01
8.330317540050599234e+01 -7.973284331510305378e+01
9.329335697803392691e+01 -4.743507627565784901e+01
9.271394594457903793e+01 -4.690130598207944956e+01
9.155988383030893374e+01 -4.598679962344352390e+01
9.113014785507523641e+01 -4.567237716772687151e+01
9.048860265478570852e+01 -4.527421622309706351e+01
8.650925292807487210e+01 -4.662391536740757658e+01
8.520818296705179762e+01 -4.738647136058285270e+01
8.062891642385794455e+01 -4.897000188425167266e+01
8.062363563229821750e+01 -4.814563398365221758e+01
8.942481019840191436e+01 -3.586339069730749429e+01
8.996861187385087533e+01 -3.302313513519191446e+01
8.975527253252171533e+01 -3.271854678152126894e+01
8.775558570085745203e+01 -3.138388344083065817e+01
8.570461117424554232e+01 -2.749949058241084998e+01
8.389734056805725970e+01 -2.552631345565015408e+01
8.212108541151644658e+01 -2.388466306719698551e+01
8.140585824719765640e+01 -2.279299496327194774e+01
8.077012986693688390e+01 -2.125115192024979294e+01
7.948484661085713299e+01 -1.897282636179976123e+01
7.856609271432444075e+01 -1.807295162698311231e+01
5.639126252211714529e+01 -3.159095878884311404e+01
5.623254530519597694e+01 -3.152588388949364528e+01
4.205729433460222566e+01 -3.735775157296182414e+01
4.209605015897854940e+01 -3.547326868889341966e+01
4.200021950854358010e+01 -3.031302195573153924e+01
4.167043824512352046e+01 -2.979433064821468946e+01
4.093310365722335575e+01 -2.924217617968156091e+01
4.022037401864928086e+01 -2.891169592240584763e+01
3.901217546489655064e+01 -2.817590615634860995e+01
3.816280672428526088e+01 -2.745085775719034871e+01
3.625630630048966907e+01 -2.592860084454446934e+01
3.599562945476714049e+01 -2.576950412392944756e+01
3.481889333855504276e+01 -2.525935992027860166e+01
2.007324575235113784e+01 -3.516483180901234817e+01
1.231735717452941259e+01 -3.588976164601461960e+01
1.189242603952938815e+01 -3.257940840315473707e+01
8.436562878815630384e+00 -2.815672608015631084e+01
8.569699264025269159e+00 -2.278276122818408567e+01
8.368407585227039647e+00 -1.985167637377166372e+01
7.729753845119311961e+00 -1.251571423779296488e+01
7.349202909048893062e+00 -6.943456884850412791e+00
6.330947946938649373e+00 -1.441056436544057906e+00
6.125914760433423645e+00 -1.118546143966262063e+00
5.357994671936575415e+00 4.282719636737160052e-01
