6.325851519202990714e-02 -1.347038398052071706e-01
6.427840742211672620e-02 -1.368725421836411993e-01
2.721683429185712821e+00 -4.382003810479673689e+00
5.138492762490097121e+00 -6.627680828198939444e+00
7.629977741103719957e+00 -8.732774791120361257e+00
1.016618837902841932e+01 -1.239564164658254164e+01
1.179714975679483580e+01 -1.706587645898449423e+01
1.462627563667620656e+01 -1.989300134719348279e+01
1.675542262680738048e+01 -2.271988153098468288e+01
1.843852775268880606e+01 -2.456015574112693756e+01
2.006930675347575388e+01 -2.638962427533724409e+01
2.232471720347961863e+01 -3.056596419377505569e+01
2.295272224342748402e+01 -3.155733557563862135e+01
2.295452616600498885e+01 -3.156019168742379932e+01
2.298077853795128433e+01 -3.160156440997423388e+01
3.138714425499883376e+01 -3.941240316539924038e+01
4.075319738202139774e+01 -4.508696955984410693e+01
4.238579614994218758e+01 -4.680007367445538335e+01
5.119458535903296337e+01 -5.158052254426417704e+01
5.287984774794018961e+01 -5.261835606443450786e+01
5.680390399890075770e+01 -5.510981025913205400e+01
6.325739703341212561e+01 -5.964335367020863998e+01
6.466194949368039602e+01 -6.104031246126947963e+01
6.498011674721493591e+01 -6.141905294402292270e+01
6.830736356157993328e+01 -6.473566661417571311e+01
6.832790231099400557e+01 -6.475759000744038474e+01
6.835239344624766034e+01 -6.478382148518738859e+01
6.906203735844725600e+01 -6.557160813456913218e+01
7.103565725243942097e+01 -6.753521930935872319e+01
7.195422664073454655e+01 -6.834158096326768828e+01
7.269056511494501649e+01 -6.897112913973238335e+01
7.579722393669518965e+01 -7.156610240706207549e+01
7.881398803646990814e+01 -7.436455962610411063e+01
7.991883841724249748e+01 -7.569865888287937139e+01
8.138116554193088348e+01 -7.765216436708850267e+01
8.255682236470821067e+01 -7.916500263842445406e+01
8.416538117613373515e+01 -8.107714806653493156e+01
8.535861199631176532e+01 -8.257805394908137941e+01
8.648678226344068776e+01 -8.432128071239441169e+01
8.781694501592900792e+01 -8.700490305164319693e+01
9.052085862764181456e+01 -9.185709387171503693e+01
9.153484510933466822e+01 -9.347810155308131641e+01
9.230220999008776062e+01 -9.531747424681226732e+01
8.802656315778433793e+01 -1.089728470294266458e+02
8.599468524434819017e+01 -1.116454796364270976e+02
8.587835836707790804e+01 -1.126122078016013290e+02
8.586771473472948912e+01 -1.127275590683673556e+02
8.556763407429507140e+01 -1.148438129632123577e+02
8.389614802890970680e+01 -1.230281834554807574e+02
8.736131352277001838e+01 -1.249138002091186053e+02
8.960479624973193324e+01 -1.262553276038286754e+02
9.083369511611007852e+01 -1.278345667791771376e+02
9.140738610874944925e+01 -1.288878575771229862e+02
9.213552369111647522e+01 -1.298458440717512019e+02
9.292584823066650301e+01 -1.310833415653377756e+02
9.301905314048705975e+01 -1.313272973507037875e+02
9.418569795999709982e+01 -1.326012730044934074e+02
9.507872650812140591e+01 -1.333319070657253462e+02
9.657823333047363690e+01 -1.345237099675177603e+02
1.048034874222370405e+02 -1.434962038285127051e+02
1.056083899304683342e+02 -1.444757756934802728e+02
1.073324202387302222e+02 -1.456006787519755221e+02
1.115996581302688924e+02 -1.486470923942677871e+02
1.129506653532654781e+02 -1.498127542181024126e+02
1.156281137219738611e+02 -1.547375634684413512e+02
1.172429361710480009e+02 -1.593965280518196437e+02
1.193462017799307660e+02 -1.643414939117431004e+02
1.216369266331134895e+02 -1.715531220548694762e+02
1.236752451865537097e+02 -1.772453032575294571e+02
1.244052519832904125e+02 -1.796657599499190496e+02
1.262722988526127352e+02 -1.995867887270466952e+02
1.279271158265822095e+02 -2.176271747475010727e+02
1.277370382535928570e+02 -2.245472550018795914e+02
1.268808806417343789e+02 -2.329386907336779302e+02
1.268812053502637980e+02 -2.329499875875391979e+02
1.268990667721945016e+02 -2.335664913763346249e+02
1.268990668025676882e+02 -2.335664924402276199e+02
1.268990668194361717e+02 -2.335664930310860257e+02
1.268990668517752312e+02 -2.335664941638390530e+02
1.267913378299320470e+02 -2.403231339559950186e+02
1.267921316361011606e+02 -2.403398356517425611e+02
1.266922630707499025e+02 -2.471038412361187113e+02
1.267677899158538963e+02 -2.512104686592375060e+02
1.267597391965247056e+02 -2.517987348677498289e+02
1.261286696519588304e+02 -2.585069600895392341e+02
1.261349932867524473e+02 -2.587230871456567343e+02
1.261449159267881157e+02 -2.589925312248972773e+02
1.263048440681382516e+02 -2.615658063048333020e+02
1.264322688970779751e+02 -2.631773450951124573e+02
1.265519758393783007e+02 -2.646280705274842262e+02
1.266189893639271986e+02 -2.654476173459208894e+02
1.266841355510652534e+02 -2.662740347482202878e+02
1.267627478905939427e+02 -2.673804348806712028e+02
1.271155076716324146e+02 -2.730445678989926250e+02
1.273280158931414547e+02 -2.750554469698123512e+02
1.274525660030998040e+02 -2.761704883996376338e+02
1.275724350515647103e+02 -2.772378043410729447e+02
1.257479992275901850e+02 -2.900847885470234928e+02
1.248086646816705070e+02 -2.959106063034193426e+02
1.248086568846660782e+02 -2.959257151631695706e+02
1.248165644150123654e+02 -2.966121179619436816e+02
1.248337890014370686e+02 -2.971914034660571815e+02
1.248395946659933458e+02 -2.973413929652318188e+02
1.248450339907600153e+02 -2.974711280306677850e+02
1.349674738072458240e+02 -2.657117470363097027e+02
1.349741739783802359e+02 -2.657056638484905307e+02
1.349763713558342602e+02 -2.657036676686429360e+02
1.349786734960198942e+02 -2.657015756140777967e+02
1.349909495757193554e+02 -2.656904051409750309e+02
1.350139770275339117e+02 -2.656693594444188875e+02
1.350238585813191037e+02 -2.656602791161921573e+02
1.350255914380308297e+02 -2.656586831310439720e+02
1.350302112096953522e+02 -2.656544225524968397e+02
1.356235924792285346e+02 -2.627559643136319778e+02
1.368780527522594923e+02 -2.575908703177834127e+02
1.382930490014729514e+02 -2.516454033924209170e+02
1.386989870350163017e+02 -2.477884268789400721e+02
1.414349128671577773e+02 -2.335499747730105469e+02
1.423278246115910690e+02 -2.285311794824420701e+02
1.442597883200730564e+02 -2.221540414734368198e+02
1.442631457598702696e+02 -2.220827151442062473e+02
1.444630577076569864e+02 -2.201028332896359530e+02
1.447863939818682013e+02 -2.168244802525207433e+02
1.445637193813548436e+02 -2.156930452128445097e+02
1.404473642119911005e+02 -2.172524461136297589e+02
1.397820732081364667e+02 -2.166874857743270297e+02
1.367720720418370774e+02 -2.173700336800841058e+02
1.349726467104372034e+02 -2.171409336586936547e+02
1.334294043113767998e+02 -2.159781912021976211e+02
1.329253006422732426e+02 -2.096661350592551400e+02
1.330026803740329058e+02 -2.083664841418278115e+02
1.331835441148383268e+02 -2.070704575375400225e+02
1.330667508488951398e+02 -2.033493806906873544e+02
1.328754945093013191e+02 -2.028950631643515976e+02
1.308896918889584526e+02 -1.966985124657884683e+02
1.297858669471471558e+02 -1.892011608177607229e+02
1.295453021070274531e+02 -1.861378316673426525e+02
1.296809584279321825e+02 -1.809010697020585212e+02
1.295979327094456437e+02 -1.787366566442717044e+02
1.294226164460194184e+02 -1.696724678031312123e+02
1.261187916463035918e+02 -1.664748445875513596e+02
1.255027003828455605e+02 -1.604125647409049691e+02
1.251769313231431084e+02 -1.579368963460127020e+02
1.233130209654861318e+02 -1.511622759732458690e+02
1.228512859868581302e+02 -1.495463970317717894e+02
1.252028968645734324e+02 -1.447118270272008260e+02
1.262898474637896697e+02 -1.385216416502504160e+02
1.287941719431241552e+02 -1.351665178267711269e+02
1.303443898727554711e+02 -1.242773097487283138e+02
1.295451622012135431e+02 -1.153129115806062543e+02
1.284590460562417036e+02 -1.132439483051654179e+02
1.274925973273113016e+02 -1.114831988710200648e+02
1.255268634678789823e+02 -1.082787473304124859e+02
1.239125085678530382e+02 -1.063699759333631079e+02
1.214452176731072797e+02 -1.030650828376755186e+02
1.202760333226120650e+02 -1.020138202067370798e+02
1.183572604785047275e+02 -1.012408309327519476e+02
1.126188200482240092e+02 -9.717630025271651562e+01
1.104582954785552147e+02 -9.594052464983526818e+01
1.082323211359135655e+02 -9.473070003560198415e+01
1.064835415679287678e+02 -9.382833846612670925e+01
1.043517645814713859e+02 -9.300044925747479851e+01
1.027220592973940967e+02 -9.185226670224105305e+01
1.007615094270983889e+02 -9.037643676451865815e+01
9.949189051412746210e+01 -8.941374142068997344e+01
9.739990081925940046e+01 -8.786232107126380697e+01
9.613843060812106955e+01 -8.699086939742582558e+01
9.261123469530022589e+01 -8.177921958660959945e+01
8.559071064496990289e+01 -7.577456837177906834e+01
8.252133639878719862e+01 -7.181399951984124641e+01
8.087575833909021128e+01 -6.824677002810066995e+01
8.022265778586763929e+01 -6.663006697448616933e+01
7.925388564507882450e+01 -6.397039036038669479e+01
7.814669289708623978e+01 -6.119616489954155725e+01
7.531129866142576645e+01 -6.106896267248424692e+01
7.062859084298031576e+01 -5.913419580835594758e+01
6.993204030931622128e+01 -5.799508093273932019e+01
6.195225120353323689e+01 -5.080838417448232747e+01
6.108653128266805510e+01 -4.737051768359706472e+01
5.502089096788625966e+01 -4.079674362152373845e+01
5.472196895636916736e+01 -4.006361687660221804e+01
5.335952596323129171e+01 -3.893459148320012275e+01
5.156689650142563863e+01 -3.863589976304158569e+01
4.948698046946989137e+01 -3.626835484543286015e+01
4.723312458372309663e+01 -3.333218304342517513e+01
4.148892462793444480e+01 -2.911680836290786800e+01
4.015550703993642401e+01 -2.880714943141293816e+01
3.624729018485625431e+01 -2.735769667889701751e+01
2.980768315936222734e+01 -2.411338760946079063e+01
2.537405229067199386e+01 -2.160460268958026120e+01
2.316662139276553845e+01 -2.001755452719359241e+01
1.781046521867350663e+01 -1.594135778894852606e+01
1.428666387460697962e+01 -1.315810907095952054e+01
1.232528269148766498e+01 -1.154589056966673688e+01
1.034985296548719269e+01 -9.698150540522306073e+00
5.529016290698119285e+00 -5.037064409607079796e+00
4.109806691114331834e+00 -3.284791875936925010e+00
3.094230452483130556e+00 -2.597346517371112995e+00
1.301291719050646778e+00 -1.505006332594801766e+00
