-8.446175294740569661e-02 -3.044944974809510665e-02
-2.188589905755126686e-01 -8.830984244912949699e-02
4.489448900892501482e-01 -3.671272989895307592e+00
2.908487999328067897e+00 -6.522386377168492011e+00
4.849945553751557448e+00 -8.623169520596555060e+00
7.295868882415994960e+00 -1.178909743717076530e+01
9.268995460115133866e+00 -1.623536665160322556e+01
8.991999174391517968e+00 -1.832467422079902164e+01
8.453998968977952444e+00 -2.124980449097025570e+01
8.550236426492194397e+00 -2.217901652929877443e+01
8.721175292519010469e+00 -2.304476104913955581e+01
9.041412490982144945e+00 -2.539658564388096096e+01
8.371989612402430225e+00 -2.758510806632616408e+01
8.218993502046082256e+00 -2.809086512662682011e+01
8.132800740637826209e+00 -2.916168264711812697e+01
8.792288230429743834e+00 -3.333953546179235872e+01
8.864833275779158583e+00 -3.792552967602066616e+01
8.798746919868870364e+00 -4.055022693952511048e+01
8.474235618238761703e+00 -4.237891933360069174e+01
8.395669413626876576e+00 -4.464365095350637347e+01
8.397571762224083969e+00 -4.467163863151895242e+01
8.414716958124733637e+00 -4.490303393407630494e+01
8.437498294479517824e+00 -4.841430169248756954e+01
7.717803273473117009e+00 -5.064251998864689597e+01
7.878268878190288760e+00 -5.472336815959064182e+01
5.613294353866504771e+00 -5.925942901756609871e+01
-8.213434884671606540e+00 -5.950725499725274403e+01
-8.613222492269194674e+00 -6.030769062794129809e+01
-8.876154377850424382e+00 -6.104272133546695756e+01
-9.168449834007375898e+00 -6.212430121375724923e+01
-9.349186883003099524e+00 -6.284416259963556683e+01
-9.796244445207561213e+00 -6.414616654556272124e+01
-1.037698541718916800e+01 -6.535776116930482260e+01
-9.604868528757242174e+00 -6.658228985771145858e+01
1.146010378860211620e+00 -6.785460553569106423e+01
3.352986888343918448e-01 -7.013928727098354443e+01
-6.412534148725768102e-02 -7.113237259312175809e+01
-1.338690017432461188e+00 -7.406551086895608194e+01
-1.807232140384310348e+00 -7.508182594828788581e+01
-7.427216530833585573e+00 -8.412195020259767375e+01
-7.477265438304591783e+00 -8.455689167838433207e+01
-9.295606407768081780e+00 -8.808878226810379886e+01
-9.378069079338892777e+00 -9.026525585701875798e+01
-1.383632970223153436e+01 -9.940566038911003943e+01
-1.400572944820866361e+01 -9.969694213305263020e+01
-1.636331548705652494e+01 -1.029521967758013830e+02
-1.636520687815928810e+01 -1.029584029456570278e+02
-1.641459269076637284e+01 -1.031115369875915491e+02
-1.664823640322013887e+01 -1.036463299431497092e+02
-1.393468470892223543e+01 -1.037696712503331327e+02
-1.144369374843356191e+01 -1.042717567801525291e+02
-1.108841930225651495e+01 -1.047882608698478322e+02
-1.088547622479350352e+01 -1.051369173989904908e+02
-1.069449437032438333e+01 -1.054709111020010539e+02
-1.043721739535004467e+01 -1.058957222038374653e+02
-1.035720780842120448e+01 -1.060158236421421520e+02
-1.027811173121938992e+01 -1.061267582195643087e+02
-1.005067919630691442e+01 -1.063913394338710106e+02
-9.617861847716460133e+00 -1.066045081733766438e+02
-8.076858846798648628e+00 -1.065709381755538203e+02
-8.076746903144318424e+00 -1.065709779871948228e+02
-8.076685899525516632e+00 -1.065709996844890242e+02
-8.076546886938825054e+00 -1.065710491325915541e+02
-6.765058191464992099e+00 -1.045268076281393661e+02
-6.765058056726628521e+00 -1.045268070096982882e+02
-6.765057964563525594e+00 -1.045268065866754910e+02
-6.765057856713063700e+00 -1.045268060916491066e+02
-6.765057678883062309e+00 -1.045268052754221770e+02
-6.765057385622335495e+00 -1.045268039293789428e+02
-6.765056999748219724e+00 -1.045268021582521953e+02
-6.765056678978544014e+00 -1.045268006859527787e+02
-6.765056398460557396e+00 -1.045267993984073627e+02
-6.765056140482291092e+00 -1.045267982143190721e+02
-6.765055885959621484e+00 -1.045267970460938187e+02
-6.765055616801515015e+00 -1.045267958106962851e+02
-6.765055284544325254e+00 -1.045267942856863783e+02
-6.765054025118097947e+00 -1.045267885051465555e+02
2.161684393606451593e+00 -8.836540880874680681e+01
9.350915215947463111e+00 -8.376164902901261655e+01
9.756507656280914986e+00 -8.383401970327396668e+01
1.389155860157300637e+01 -8.456450607521098561e+01
1.722469840932919638e+01 -9.824751725699780991e+01
1.848620834742765950e+01 -1.048155946779687753e+02
1.962675236005946644e+01 -1.052185834374181042e+02
2.104325663165296234e+01 -1.067397681234101299e+02
2.218850966747676523e+01 -1.074311327491218719e+02
2.357295661114953944e+01 -1.081041585067904833e+02
2.510372675813032473e+01 -1.098522293749617234e+02
2.693670607933122341e+01 -1.126970820580579016e+02
2.822946839233083338e+01 -1.131708618548436789e+02
2.975911508021019714e+01 -1.133278860733632172e+02
3.134386379312271842e+01 -1.133803531719088085e+02
3.357734705179179713e+01 -1.140595185716897504e+02
3.844503100297903586e+01 -1.149987808291355265e+02
4.081951761351018604e+01 -1.158004106290470077e+02
4.226196909297003401e+01 -1.161250031629136714e+02
4.496821174230606744e+01 -1.167216042131573630e+02
4.716410033494692300e+01 -1.176835177742177336e+02
4.773996875753991276e+01 -1.179495183773155844e+02
5.106170748671366511e+01 -1.194631302202185310e+02
5.294886614786770451e+01 -1.196844267101736250e+02
5.451834574160143632e+01 -1.206668325719495982e+02
5.473044688296831595e+01 -1.208994308658009658e+02
5.497078228552667412e+01 -1.211157169638248376e+02
5.546325618283616166e+01 -1.214816411810652568e+02
5.613523267805996397e+01 -1.219618999441732399e+02
5.680509344941515337e+01 -1.225770656477607758e+02
5.773880485063909163e+01 -1.229262052594621508e+02
5.945408262433505797e+01 -1.231486379832305573e+02
6.048689062756047718e+01 -1.232796043712162515e+02
6.113809617300790933e+01 -1.234310175877368323e+02
6.183392898438874852e+01 -1.236264570070000559e+02
6.302026095675940809e+01 -1.239986008658491130e+02
6.482108793960739490e+01 -1.216685498915473005e+02
7.100665485324414306e+01 -1.173652358832829634e+02
7.121267908921296907e+01 -1.165775305641720365e+02
7.133521045361901258e+01 -1.159309298072864181e+02
7.108489044844908733e+01 -1.142772242034971981e+02
7.092470178510588141e+01 -1.136203681580944647e+02
7.082636919079014604e+01 -1.130192678236012398e+02
7.081589165593963742e+01 -1.129341469961298259e+02
7.122727572132151863e+01 -1.104525932244779654e+02
7.166302641727548917e+01 -1.088273955173060443e+02
7.163887141087722910e+01 -1.084309905746455485e+02
7.162686316440347412e+01 -1.083212180709236350e+02
7.157844545080502030e+01 -1.079657225392339939e+02
7.153967147888614875e+01 -1.077206508125973556e+02
7.144331226543546620e+01 -1.071441617427119297e+02
7.133458157844721370e+01 -1.063810180345121665e+02
7.144558469769891929e+01 -1.042135656039910856e+02
7.164270758338577139e+01 -1.033207627032393532e+02
7.172703580884640928e+01 -1.029568576651341090e+02
8.451997282065075012e+01 -8.576200346024538135e+01
8.446697325042693194e+01 -8.553547327654274568e+01
8.421313100339895641e+01 -8.407148015911094774e+01
8.458161832719366657e+01 -8.050035160743544793e+01
8.456651367933227448e+01 -7.954138386755835199e+01
8.461095621824675561e+01 -7.777753963862026865e+01
8.633132564669672604e+01 -7.510250436614282421e+01
8.631906526876608154e+01 -7.502733580202492192e+01
9.105558454648947020e+01 -6.976022330341372424e+01
9.088755859365440415e+01 -6.825305474113302751e+01
9.075715337102808178e+01 -6.729396377375041993e+01
9.036262440184943046e+01 -6.514739403286129971e+01
9.011327995884245468e+01 -6.428308888438280633e+01
9.024731416389738570e+01 -6.269465776011940505e+01
9.354594936384090431e+01 -6.116449546874098786e+01
9.634644841673166127e+01 -5.977086314766211927e+01
9.586456713274289143e+01 -5.224856867477888756e+01
9.564516881075499555e+01 -4.468675634027337651e+01
9.505580086544216556e+01 -4.348808935417824273e+01
9.448811410681136636e+01 -4.255737549563378508e+01
9.247249625931155492e+01 -4.219228052887554981e+01
8.946767758358042499e+01 -4.178918993272049676e+01
8.698238835654969137e+01 -4.054506699275741965e+01
8.625731974329490015e+01 -4.016141428828302651e+01
8.568644070802051260e+01 -3.985374009108643634e+01
8.331516945329299517e+01 -3.838482546650327265e+01
8.241908256078237116e+01 -3.797032713682134641e+01
8.150334601613030827e+01 -3.762847698137285590e+01
8.058685581998682324e+01 -3.746139609973333506e+01
7.977171473531214474e+01 -3.753177179417701836e+01
7.890096955815216972e+01 -3.719261517182481924e+01
7.811178535590899230e+01 -3.639555051070600200e+01
7.875024624080974434e+01 -2.799162135430638898e+01
7.846246064131285891e+01 -2.778211362070193502e+01
7.755661995240569695e+01 -2.656265032751645094e+01
7.658266899285528950e+01 -2.492171889470152024e+01
7.216692935028765987e+01 -2.225722068229897133e+01
7.054262384626353821e+01 -2.101004241388345406e+01
6.899900669312455648e+01 -2.004847001482372804e+01
6.784110768424611138e+01 -1.965997553738178993e+01
6.721843754123669612e+01 -1.967290912268792979e+01
6.694593803431173740e+01 -1.969959743280184483e+01
6.672278531008356595e+01 -1.968122250089261271e+01
6.624595018978382654e+01 -1.934249215187042381e+01
6.587133153835151234e+01 -1.889663300222473197e+01
6.426158490971488391e+01 -1.757452025503286563e+01
5.090524752901557548e+01 -2.269545578338666303e+01
4.736362923827783078e+01 -2.186898111245466580e+01
4.727397440555946417e+01 -2.185509019723551916e+01
4.442254614969121462e+01 -2.200979417890295764e+01
4.093190397941030056e+01 -2.234196934093389331e+01
3.653311189251741808e+01 -2.094575258606980128e+01
3.399257691257705005e+01 -1.994379586304206242e+01
2.938658302503681696e+01 -1.717846524941204223e+01
2.890985069250036688e+01 -1.678932913189984433e+01
2.775800508049845305e+01 -1.593658171166897652e+01
2.584406911290586351e+01 -1.460534064162779444e+01
2.451662233382132072e+01 -1.364242375571149601e+01
2.369025705276915517e+01 -1.285044193056810791e+01
1.967938244495938704e+01 -1.081484296529544942e+01
1.751966629451708712e+01 -9.309748864059303131e+00
1.616468465247855946e+01 -8.464996839933341732e+00
1.489151148484707399e+01 -7.782067096169559051e+00
7.992772903152156161e+00 -4.802889346835588213e+00
6.272913959191271260e+00 -3.939308707602396264e+00
4.747377258320971016e+00 -3.062975887750547521e+00
1.969497917680695265e+00 -2.307924593529768753e-01
