-1.685985898047406284e+00 4.657183345919235773e-01
-3.132148369940136678e+00 4.352032120496458489e-01
-2.177488076732625011e+00 -1.519551961325471989e+00
-1.273576236384384330e+00 -2.663391052049846053e+00
-4.991842937288232251e-01 -3.684750823002253650e+00
6.669334158484353514e-01 -5.412600882613803677e+00
-2.771879007318800880e+00 -1.205219286057800154e+01
-4.122261953988431316e+00 -1.429112510658150903e+01
-1.133433473976888806e+01 -2.048017109721315165e+01
-1.134793937270100095e+01 -2.053045213340592312e+01
-1.139389677177686266e+01 -2.069734197344796911e+01
-1.145650281725435882e+01 -2.091675028313475337e+01
-1.155483060190157474e+01 -2.124184870334071107e+01
-1.158891043771014751e+01 -2.134894412467523850e+01
-1.160835819916337819e+01 -2.140879236465373836e+01
-1.163949589389234340e+01 -2.150272888377283920e+01
-1.167033656438881906e+01 -2.159352020277530926e+01
-1.169408540784041328e+01 -2.166193940902392967e+01
-1.172533059245488474e+01 -2.175001775636482293e+01
-2.061744328033381635e+01 -2.402954164189738862e+01
-2.061744331173922617e+01 -2.402954162901700386e+01
-2.061744333007401764e+01 -2.402954162149730166e+01
-2.061744334419794811e+01 -2.402954161570461977e+01
-2.061744336428338897e+01 -2.402954160746692125e+01
-2.061744341357679744e+01 -2.402954158725008682e+01
-2.086656877707720881e+01 -2.392576707207145148e+01
-2.086656908768384611e+01 -2.392576694069869347e+01
-2.086656930689036216e+01 -2.392576684798411435e+01
-2.086656977862179474e+01 -2.392576664846273715e+01
-2.086665216961381475e+01 -2.392573180056963622e+01
-2.086665263692863803e+01 -2.392573160291430412e+01
-2.086665269577504489e+01 -2.392573157802464934e+01
-2.086682859311476079e+01 -2.392565717974628825e+01
-2.086682878730510993e+01 -2.392565709760984660e+01
-2.086682899323462692e+01 -2.392565701050810034e+01
-2.086687967633595875e+01 -2.392563557307529010e+01
-2.086687971829146448e+01 -2.392563555532930764e+01
-2.086693208018488832e+01 -2.392561340767944600e+01
-2.086693214167746646e+01 -2.392561338166968454e+01
-2.086702914605046999e+01 -2.392557235109961411e+01
-2.086702943436162272e+01 -2.392557222915004900e+01
-2.086702959740537366e+01 -2.392557216018597188e+01
-2.086702976699801226e+01 -2.392557208845184391e+01
-2.086703010622757759e+01 -2.392557194496485096e+01
-2.099322954347369929e+01 -2.387178472803820739e+01
-2.099323097908938252e+01 -2.387178411153561797e+01
-2.099323377352800080e+01 -2.387178291150756948e+01
-2.099323889282198508e+01 -2.387178071310564320e+01
-2.099324344324488223e+01 -2.387177875899551793e+01
-2.099324600780291306e+01 -2.387177765768448268e+01
-2.099325353067392186e+01 -2.387177442709827346e+01
-2.099327644563679840e+01 -2.387176458658697342e+01
-2.099328294696751840e+01 -2.387176179467626014e+01
-2.099328561031543927e+01 -2.387176065093600741e+01
-2.099328894084964148e+01 -2.387175922068074030e+01
-2.099329346797047791e+01 -2.387175727656575575e+01
-2.099329455609386841e+01 -2.387175680928472232e+01
-2.099329553218402467e+01 -2.387175639011491768e+01
-2.099329603957989931e+01 -2.387175617222003510e+01
-2.099329638309593804e+01 -2.387175602470131608e+01
-2.099329697614632906e+01 -2.387175577002313531e+01
-2.099329782889432039e+01 -2.387175540382098404e+01
-2.099329893188770413e+01 -2.387175493015397620e+01
-2.099330098970014191e+01 -2.387175404645143928e+01
-2.099330304938501612e+01 -2.387175316194459285e+01
-2.099331301540361849e+01 -2.387174888215494306e+01
-2.099331859807596601e+01 -2.387174648473964922e+01
-2.099332807789629030e+01 -2.387174241373472938e+01
-2.099332949390653624e+01 -2.387174180564425896e+01
-2.099333136990832571e+01 -2.387174100001517729e+01
-2.099337303866274951e+01 -2.387172310576391254e+01
-2.099339229523082295e+01 -2.387171483618347168e+01
-2.099339426797028096e+01 -2.387171398900508734e+01
-2.099339618454780165e+01 -2.387171316594483983e+01
-2.099339858722828112e+01 -2.387171213413095927e+01
-2.099339982544276495e+01 -2.387171160238852252e+01
-2.099340318894390123e+01 -2.387171015795639661e+01
-2.099340577368210603e+01 -2.387170904795819126e+01
-2.099340737681613689e+01 -2.387170835950304237e+01
-2.099340909923554932e+01 -2.387170761982143574e+01
-2.099341261071749187e+01 -2.387170611183830715e+01
-2.099341524701255324e+01 -2.387170497969808736e+01
-2.099341836201735489e+01 -2.387170364197854866e+01
-2.099341867126398498e+01 -2.387170350917446981e+01
-2.099341891618904299e+01 -2.387170340399289259e+01
-2.099341910745144801e+01 -2.387170332185640831e+01
-2.099341926144158776e+01 -2.387170325572628471e+01
-2.099341939282547997e+01 -2.387170319930426743e+01
-2.099341950393898770e+01 -2.387170315158724065e+01
-2.099341957911099854e+01 -2.387170311930507793e+01
-2.099341962499207170e+01 -2.387170309960172787e+01
-2.099341965547414190e+01 -2.387170308651138484e+01
-2.099341968482918830e+01 -2.387170307390503865e+01
-2.099341977655759806e+01 -2.387170303451283004e+01
-2.099341980463990609e+01 -2.387170302245305464e+01
-2.099584018037845823e+01 -2.387066345704320014e+01
-2.099584060967003296e+01 -2.387066327263343268e+01
-2.099584070169414929e+01 -2.387066323310284588e+01
-2.099584074562426750e+01 -2.387066321423188953e+01
-2.099584080232897065e+01 -2.387066318987338676e+01
-2.099584090250254675e+01 -2.387066314684205537e+01
-2.099584099188046693e+01 -2.387066310844818773e+01
-2.099584107805939226e+01 -2.387066307142850974e+01
-2.099584117530956107e+01 -2.387066302965298092e+01
-2.099584130627790657e+01 -2.387066297339321252e+01
-2.099584148421569552e+01 -2.387066289695689036e+01
-2.099584170216630241e+01 -2.387066280333234758e+01
-2.099584201074588918e+01 -2.387066267077652171e+01
-2.099584258205809917e+01 -2.387066242535923166e+01
-2.099584337134035295e+01 -2.387066208630901443e+01
-2.099584403239195396e+01 -2.387066180234252855e+01
-2.099584469353065330e+01 -2.387066151833860062e+01
-2.099584559164070896e+01 -2.387066113253937161e+01
-2.099584724864840979e+01 -2.387066042074198080e+01
-2.099585203957933288e+01 -2.387065836271083796e+01
-2.099587908656263480e+01 -2.387064674416735244e+01
-2.100572141924109459e+01 -2.386641630262396774e+01
-2.104115501077065531e+01 -2.385114522648934354e+01
-2.105575387255044006e+01 -2.384483479590626231e+01
-2.114316222589377148e+01 -2.380682445995899954e+01
-2.127587272531714291e+01 -2.374836792632428129e+01
-2.138929385015579854e+01 -2.369769348436042833e+01
-2.156106243338144779e+01 -2.361968980842362242e+01
-2.180421315799221560e+01 -2.350664137104146434e+01
-2.204255248877777262e+01 -2.339276524594014361e+01
-2.232264028912455700e+01 -2.325488336741798534e+01
-2.267290131115832352e+01 -2.307574099783606769e+01
-2.311929135769688415e+01 -2.283440749380270063e+01
-2.360985913160107685e+01 -2.254125767235220223e+01
-2.419796432500712413e+01 -2.190375311601521702e+01
-2.430803211314693613e+01 -2.157995065153743752e+01
-2.430803449704456654e+01 -2.157994611488602743e+01
-2.430822959038597020e+01 -2.157957502285534090e+01
-2.527185109384244655e+01 -2.057232167417202007e+01
-2.533481211352911089e+01 -2.051745672550822874e+01
-2.638132188540850365e+01 -1.958429767939493260e+01
-2.651258738715344876e+01 -1.946089885312467871e+01
2.734073269055676292e+01 -1.086574151445165768e+02
2.734049554028834805e+01 -1.086573257049455634e+02
2.734048643161959902e+01 -1.086573222694608205e+02
2.734047837097841693e+01 -1.086573192292437824e+02
2.734046207455823563e+01 -1.086573130827154756e+02
2.734040356530766758e+01 -1.086572910143373036e+02
2.734029475447813340e+01 -1.086572499715955757e+02
2.734012217992665938e+01 -1.086571848729618637e+02
2.733992482821349057e+01 -1.086571104209207590e+02
1.312039438875530948e+02 -1.298148211457572074e+02
1.311804833279945228e+02 -1.297921745753063760e+02
1.311735602735007831e+02 -1.297854585494895616e+02
1.311660387217824564e+02 -1.297781447369514183e+02
1.311544308286938474e+02 -1.297668222398921216e+02
1.311485440966330316e+02 -1.297610638781981436e+02
1.311415602666029656e+02 -1.297542180299172117e+02
1.311276378884184908e+02 -1.297405242595236530e+02
1.311125600503277724e+02 -1.297256239655377783e+02
1.311062134673164792e+02 -1.297193302602431402e+02
1.311018257456476874e+02 -1.297149715058115760e+02
1.310843397640428236e+02 -1.296975391472174408e+02
1.310755840318130652e+02 -1.296887730087141222e+02
1.310688879007929586e+02 -1.296820520810889548e+02
1.310640164432028030e+02 -1.296771533924058986e+02
1.310614198980140088e+02 -1.296745391647073973e+02
1.310588717876975977e+02 -1.296719715575335954e+02
1.296597921952949832e+02 -1.277766919194302488e+02
1.367516583577788083e+02 -1.195462500759507378e+02
1.356264218938756017e+02 -1.188565801914554640e+02
1.350923522826496139e+02 -1.185169930034447106e+02
1.327329929477218116e+02 -1.168058705251281282e+02
1.299660411884759412e+02 -1.143597992352529644e+02
1.282338726959078485e+02 -1.128595350031571485e+02
1.270494753863732882e+02 -1.116812016530479070e+02
1.262049459129435434e+02 -1.108700758042195815e+02
1.280377713100468213e+02 -9.851070973032091160e+01
1.290099329066860037e+02 -9.015924961919064629e+01
1.239526766014896424e+02 -9.069523745730451481e+01
1.152985471470923216e+02 -8.294306351598187632e+01
1.122595630661031549e+02 -7.922175988401578195e+01
8.347247133445456768e+01 -4.626004798857329092e+01
7.447081893676356401e+01 -4.556829382004339379e+01
4.663860601921091842e+01 -4.269769553615012825e+01
4.581754358226951496e+01 -4.245132497452001985e+01
4.420811078369095526e+01 -4.203504492054869957e+01
2.171885405306587558e+01 -4.921122616389098425e+01
1.783884163126541367e+01 -4.566035292373644694e+01
1.334457951118887920e+01 -4.274893751444105305e+01
1.468885046040208486e+01 -2.828594058942382361e+01
1.400739589095261550e+01 -2.654665705586503321e+01
1.318532977025508401e+01 -2.548109472503496420e+01
9.768448565169350672e+00 -2.550215658500689742e+01
6.859277436880560685e+00 -2.502228589069947517e+01
6.451784462489474237e+00 -2.406526383202354324e+01
6.113659098612525433e+00 -2.217532779854706249e+01
6.096332793323516519e+00 -2.050590690266913896e+01
6.705265784113377592e+00 -1.884666899706841647e+01
9.997365857562957814e+00 -1.042884620644919202e+01
7.959604412506217308e+00 -8.751599784658134595e+00
7.330948986863222494e+00 -8.230054776353185275e+00
5.411862671903280742e+00 -7.902896952688349685e+00
2.068266257458674318e+00 -2.977165530006940397e+00
