-1.400189921475160360e-01 -3.265844029529734183e+00
-3.443226355326602373e-01 -3.807718811389700697e+00
-5.775512484006795066e-01 -8.193595056339081140e+00
5.741272628573391712e-01 -9.521733620454478242e+00
1.091061173271013374e+00 -1.101150056580727465e+01
1.526650929475543483e+00 -1.321638654001114688e+01
1.408899056746907297e+00 -1.743384807318873442e+01
1.451519709559237592e+00 -1.903852353430104216e+01
1.253136945403047875e+00 -2.123089854292540224e+01
1.604539973811122344e+00 -2.194705580344809448e+01
1.912020129050646666e+00 -2.269225814794917895e+01
9.611324832083187886e-01 -2.647427489394047839e+01
9.544041013048770727e-02 -3.106517980367742737e+01
-7.351848909992042547e-02 -3.170537198490174191e+01
-3.085598348218103748e-01 -3.332266662448716232e+01
-1.252194241346202386e+00 -3.971470013563775581e+01
-6.721425053015510631e-01 -4.369333650797390334e+01
-1.742420790369952066e-01 -4.525440962314021220e+01
3.140198987739040160e-01 -4.645793464070324319e+01
7.295404083608660883e-01 -4.738025493057832449e+01
8.915068775743354434e-01 -4.772186511751688442e+01
1.322702703463761731e+00 -4.858755651733237357e+01
1.040702993383924024e+00 -5.143128447662121516e+01
5.737691196590292142e-01 -5.381723098826015672e+01
1.674121218391267929e+00 -6.025213454041286099e+01
2.018835522319964770e+00 -6.219834352576607017e+01
1.951975045111924656e+00 -6.273647518035261328e+01
2.130081335927622277e+00 -6.478659695794613071e+01
3.348434712954590609e+00 -6.786331397930123899e+01
3.885652425264601639e+00 -6.989530073043160030e+01
3.926102701562265374e+00 -7.126935406263021378e+01
4.125976625818949195e+00 -7.382322023764147900e+01
5.175712390007513264e+00 -7.644554878129005715e+01
5.855412974820279004e+00 -7.767573773690895678e+01
7.230717600589184890e+00 -7.911454069587142612e+01
7.411630366628688904e+00 -8.068233757991009725e+01
7.693718548371416333e+00 -8.203325323682578585e+01
8.071537748086559105e+00 -8.326622586159477635e+01
8.242679960071601641e+00 -8.462839347973996951e+01
8.403631963587860909e+00 -8.778322825951111952e+01
8.914645732218993146e+00 -9.105558810801916536e+01
9.183732608624413984e+00 -9.239807377458991766e+01
9.269588998377908950e+00 -9.461744208013078605e+01
9.454151905739008654e+00 -9.930672085338500210e+01
9.058129237633671949e+00 -1.006985302344981363e+02
9.317086576590844160e+00 -1.011370604891361182e+02
1.079564988373101997e+01 -1.017607899792824782e+02
1.179579366361455683e+01 -1.055843542530218855e+02
1.178594684132798776e+01 -1.095968644676488282e+02
1.217681421839968614e+01 -1.097406630209538037e+02
1.238526502222153169e+01 -1.098724526467645859e+02
1.231475229675790573e+01 -1.151848353014563457e+02
1.200072957549208041e+01 -1.179486656741921422e+02
1.234507495879228856e+01 -1.185323955486991423e+02
1.234054969594665430e+01 -1.207875572302684901e+02
1.236849903097240855e+01 -1.219484561675308782e+02
1.333644029038283207e+01 -1.239586302189093487e+02
1.348794979670126892e+01 -1.259560169551637614e+02
1.352164086549554334e+01 -1.260848019943408076e+02
1.408497255802412695e+01 -1.330502486938055711e+02
1.300371855785705044e+01 -1.368735725394440124e+02
1.299109051984550156e+01 -1.369443600933674645e+02
2.097711377008014111e+01 -1.326007301831122618e+02
2.097711206375418058e+01 -1.326007262279300676e+02
2.097711201526046665e+01 -1.326007261155239405e+02
2.097711170015852744e+01 -1.326007253851328755e+02
2.097711162978055199e+01 -1.326007252220001362e+02
2.097711157586391195e+01 -1.326007250970239681e+02
2.097711154792738597e+01 -1.326007250322684570e+02
2.097708874881633889e+01 -1.326006721851937868e+02
2.097708831477903857e+01 -1.326006711791225143e+02
2.097708744983455986e+01 -1.326006691742356622e+02
2.097708641239445271e+01 -1.326006667695154420e+02
2.097708541353656386e+01 -1.326006644542269441e+02
2.097703274844336363e+01 -1.326005423807838213e+02
2.097703274643085081e+01 -1.326005423761189945e+02
2.097702386025491350e+01 -1.326005217788460868e+02
2.097701436592377178e+01 -1.326004997719830669e+02
2.097701115355318535e+01 -1.326004923260576618e+02
2.097700848471985324e+01 -1.326004861399972867e+02
2.097698222977034277e+01 -1.326004252841607070e+02
2.097698074611647812e+01 -1.326004218452407883e+02
2.097698017495625677e+01 -1.326004205213648106e+02
2.097698005883366079e+01 -1.326004202522075843e+02
2.097698000919728045e+01 -1.326004201371568740e+02
2.097562353553334091e+01 -1.325972765615644278e+02
2.097562353553187009e+01 -1.325972765615609887e+02
2.097562353553145087e+01 -1.325972765615600508e+02
2.097562353553096770e+01 -1.325972765615589140e+02
2.097562353553027137e+01 -1.325972765615572939e+02
2.097536864915500487e+01 -1.325966859947920113e+02
2.097536853846457561e+01 -1.325966857383327806e+02
2.097536837713624536e+01 -1.325966853645503249e+02
2.097536806509154061e+01 -1.325966846415723808e+02
2.097536771294904767e+01 -1.325966838256917129e+02
2.097536731392852261e+01 -1.325966829011992445e+02
2.097536687664860722e+01 -1.325966818880634719e+02
2.097536646161659846e+01 -1.325966809264740789e+02
2.097536625687866874e+01 -1.325966804521160043e+02
2.097536588913630595e+01 -1.325966796000923011e+02
2.080841060991682667e+01 -1.322110801081911120e+02
2.080841060922205799e+01 -1.322110801065698524e+02
2.080841060892334227e+01 -1.322110801058728100e+02
2.542458580611262065e+01 -1.276516410882507415e+02
2.683744451131842013e+01 -1.289443068301970357e+02
2.866988874603825366e+01 -1.318417690283668549e+02
3.090610552501415143e+01 -1.343535574586322809e+02
3.299521047712446631e+01 -1.372574744804413456e+02
3.616052179528158916e+01 -1.408211784620899039e+02
3.788288329117834508e+01 -1.415869600443776335e+02
3.915732471754809296e+01 -1.420585047265836351e+02
4.024462181170650155e+01 -1.443587458790225355e+02
4.199511967117233979e+01 -1.444306905386787889e+02
4.467847729288173753e+01 -1.421695651059333727e+02
4.593801119271233802e+01 -1.394832666587087431e+02
4.618446023373178377e+01 -1.360806082974043818e+02
4.610638729380568890e+01 -1.327804665567412599e+02
4.725741398830124496e+01 -1.201095637591715928e+02
4.744045341835235519e+01 -1.177271063457998679e+02
4.788230193159927239e+01 -1.141566743003497066e+02
4.787237682502104263e+01 -1.141120941839461125e+02
4.816717064282902072e+01 -1.078218465077929125e+02
4.835822303541474554e+01 -1.031931223644184286e+02
4.817272089756071551e+01 -1.019750030099376232e+02
4.815058207777271804e+01 -1.018393338799725996e+02
5.488377390197444328e+01 -7.772624584404077552e+01
5.438258922712353183e+01 -7.734216887504089755e+01
5.374384937790596695e+01 -7.696530659661490859e+01
5.252894797095288482e+01 -7.650752913726581994e+01
5.442461298993517715e+01 -6.286691746276342485e+01
5.452663390331974824e+01 -6.105937760911706391e+01
5.439101797007669603e+01 -6.087465146031213692e+01
5.635505303893037876e+01 -5.146005864320199663e+01
5.588338049356001136e+01 -5.119626778848778059e+01
5.352811784288737584e+01 -5.004266575928030392e+01
5.354885012206790407e+01 -4.840448052666852874e+01
5.348088130610279478e+01 -4.786236496354892722e+01
5.328641159006591010e+01 -4.721747901572861394e+01
5.322723280413480040e+01 -4.705934590966438691e+01
5.245545845371231053e+01 -4.542863764328017595e+01
5.110595339255324632e+01 -4.401919973730421276e+01
5.179878529629317541e+01 -3.922051641818924850e+01
5.212591608366167151e+01 -3.743322175719381306e+01
5.181201085221511704e+01 -3.256550111903212752e+01
5.135181454410796675e+01 -3.138117665891634545e+01
5.137308523862760978e+01 -2.866748959459705404e+01
5.132701400880640819e+01 -2.737680815637654774e+01
5.127350809462333814e+01 -2.589367538771515243e+01
4.923462793445357732e+01 -1.935111481321676408e+01
4.613125779796068571e+01 -1.187287544008784934e+01
4.348182857312793459e+01 -6.769857534989179193e+00
4.126995309636458131e+01 -2.919803387090652791e+00
3.768275883506795765e+01 3.095000579011532249e+00
3.432643889219844624e+01 6.256591179575254458e+00
3.020147117921833058e+01 1.270967516631409922e+01
2.772489964740240609e+01 1.741431135573138889e+01
2.663440132662826088e+01 1.827971449703328233e+01
2.632239971052002403e+01 1.961751695996300526e+01
2.412140319270810451e+01 1.861312503831076270e+01
2.412122422385711928e+01 1.861218794205564109e+01
2.412117560810566985e+01 1.861193347829285116e+01
2.412117437686086419e+01 1.861192703424379502e+01
2.412117318850293302e+01 1.861192081467865478e+01
2.412117291250174844e+01 1.861191937016156928e+01
2.412117280431490229e+01 1.861191880394062537e+01
2.412117270727096141e+01 1.861191829603882297e+01
2.412117259977598493e+01 1.861191773343928446e+01
2.412117246700491435e+01 1.861191703855182311e+01
2.412117231427520281e+01 1.861191623920666061e+01
2.412117213118022363e+01 1.861191528093857528e+01
2.412117190244319787e+01 1.861191408379349355e+01
2.412117160352316958e+01 1.861191251933174939e+01
2.412117136420805963e+01 1.861191126682609820e+01
2.412117111833868321e+01 1.861190998001833563e+01
2.412117065039329944e+01 1.861190753093306682e+01
2.412117043599876354e+01 1.861190640885782699e+01
2.412117032497049252e+01 1.861190582777022584e+01
2.412117026514838258e+01 1.861190551467986865e+01
2.412117024399818277e+01 1.861190540398631299e+01
2.412117022098773234e+01 1.861190528355680129e+01
2.412117017452539258e+01 1.861190504038742688e+01
2.412116965555154735e+01 1.861190232424295843e+01
1.302487316801066086e+01 1.325250104941847873e+01
1.179939063084593087e+01 1.375160232180492237e+01
1.093716794084086885e+01 1.421409185506614392e+01
9.644299239647599720e+00 1.545940465812655162e+01
9.552194238199124499e+00 1.568004107591280594e+01
9.364389815220079072e+00 1.592589529658474490e+01
9.071522935859666958e+00 1.620576370217819928e+01
6.154328252973350288e+00 1.472214690019078809e+01
6.153606254263836561e+00 1.472198657454687876e+01
6.153467232725547298e+00 1.472195570987298296e+01
6.153394086346955838e+00 1.472193947117320967e+01
6.153266793477635055e+00 1.472191121309805517e+01
6.153088930425618663e+00 1.472187173156085827e+01
6.152969880508974754e+00 1.472184530697460048e+01
6.152715287196543592e+00 1.472178880162197956e+01
5.014921683770732219e-01 1.014768744619412688e+00
5.014921683770732219e-01 1.014768744619412688e+00
