-5.587029550335726943e-03 -1.100087093752329971e-02
-1.222513826696895213e-02 -2.460056618947565124e-02
3.601832285935727018e+00 -3.930638888666620367e+00
5.547697484291266079e+00 -5.423663300699529621e+00
6.494459367364663116e+00 -6.831898822879007405e+00
8.601485902966816255e+00 -1.101686584435701022e+01
9.604939700378087863e+00 -1.655246868745279798e+01
1.049902956035768575e+01 -1.906526977691933311e+01
1.132782037989825952e+01 -2.178896061677796325e+01
1.156341330446155702e+01 -2.335610086506313010e+01
1.187623493128406515e+01 -2.469950533601685905e+01
1.233257125664468923e+01 -2.844325754659237759e+01
1.254443456719747729e+01 -3.167548947236931767e+01
1.255656775237293132e+01 -3.189303001249651714e+01
1.256630995039085263e+01 -3.206231785737868734e+01
1.378681850434004019e+01 -3.658664432499492136e+01
1.427800885863128677e+01 -4.186310864762312889e+01
1.450095954092124906e+01 -4.451299521907917267e+01
1.443933882006782987e+01 -4.628091208765224707e+01
1.436271492045983322e+01 -4.905311716272245093e+01
1.436478061981242327e+01 -4.907185939951455822e+01
1.438907311579947823e+01 -4.929331860464516524e+01
1.407917047351518036e+01 -5.473602724922216822e+01
1.287277753573457595e+01 -5.847781168995013701e+01
1.038373983998945427e+01 -6.334158116537558669e+01
-5.333522774770003139e+00 -6.709661428689663865e+01
-6.091035111204119445e+00 -6.835848850865437498e+01
-4.803140321588838191e+00 -7.040537150926131460e+01
-2.279443479453629351e+00 -7.428125787007481051e+01
-2.005698382114913247e+00 -7.592683303612270151e+01
-1.463541784530703493e+00 -7.761233220883697470e+01
2.921640623756815547e+00 -8.264837797928508678e+01
5.378561399732925352e+00 -8.704853221680491515e+01
6.973002695600077239e+00 -8.958702599351647677e+01
8.479268716001184814e+00 -9.281573990449250289e+01
9.638492025193794888e+00 -9.559091162244192219e+01
1.075705819337437674e+01 -9.888148732674420671e+01
1.187741191779857353e+01 -1.015670341141507436e+02
1.398902486500134756e+01 -1.050052136505495497e+02
1.578638963130441120e+01 -1.092854785064823773e+02
2.024936457806706969e+01 -1.176081290356291760e+02
2.151630027096516073e+01 -1.194813181068260803e+02
2.598358603701836955e+01 -1.239863026984938443e+02
2.914454570081322515e+01 -1.298845752762623533e+02
2.882748956060732226e+01 -1.323506682218696824e+02
2.910882651091488071e+01 -1.337620552919149191e+02
3.010511240673285371e+01 -1.343782376976678563e+02
3.121268334787934506e+01 -1.377002507979622692e+02
3.297994356821583040e+01 -1.403925030046970051e+02
3.974135165351420085e+01 -1.426371927569700233e+02
4.438950543518871683e+01 -1.443082989584983977e+02
4.492504583622186942e+01 -1.454116443347086829e+02
4.585685907126894989e+01 -1.462302783838743778e+02
4.683975787515623068e+01 -1.470346869776180938e+02
4.838132334286282088e+01 -1.485905232095795725e+02
4.850212929652637683e+01 -1.487409758464476965e+02
4.927536618564507620e+01 -1.495531270762391500e+02
4.989577950934449291e+01 -1.499990242118308004e+02
5.131022191107068409e+01 -1.508856740860284447e+02
5.819896654137838965e+01 -1.581763531999591237e+02
5.893892484193310821e+01 -1.588938312718139798e+02
6.027224532757742281e+01 -1.598700996511312837e+02
6.378278580981421442e+01 -1.628356992516163473e+02
6.499718345576873446e+01 -1.639012207957136127e+02
6.676873948326080210e+01 -1.654307030951970034e+02
6.788485798654211578e+01 -1.663619109436120880e+02
6.802726814898235830e+01 -1.679492144020170201e+02
6.958841922493229504e+01 -1.691768978952816838e+02
7.308410130443071751e+01 -1.707758151918137628e+02
7.473239183165244981e+01 -1.721193018552065439e+02
7.652011555547477428e+01 -1.742416118771018034e+02
7.878814123471289577e+01 -1.765870331894723222e+02
8.005315561718339268e+01 -1.780388885685081277e+02
8.079785387969245392e+01 -1.788916670407477625e+02
8.338502706226189787e+01 -1.870749318875595293e+02
8.349127300559904086e+01 -1.871765737202488822e+02
8.354059466335814932e+01 -1.872233293889563868e+02
8.388636750180499746e+01 -1.875452230824953972e+02
8.574226164302585573e+01 -1.895889296624306155e+02
8.754607060079767678e+01 -1.912086593118553708e+02
9.111552979644251593e+01 -1.939680987458618517e+02
9.276388513297877125e+01 -1.954939519926219020e+02
9.341642315900000426e+01 -1.961925914365984340e+02
9.416175853793011186e+01 -1.969348209326070958e+02
9.539445414834666792e+01 -1.980737965949083161e+02
9.623460876379883189e+01 -1.988394402902451077e+02
9.742410154648698040e+01 -1.999966769436433367e+02
9.888861239926434621e+01 -2.015037322072832637e+02
1.008944942587317684e+02 -2.032542500376621888e+02
1.019808528654094744e+02 -2.041018916123298936e+02
1.030460656555114269e+02 -2.052564849232086885e+02
1.041472302185513996e+02 -2.068685221251811299e+02
1.052047158502575712e+02 -2.084534848288791693e+02
1.098610684518947522e+02 -2.145002370182227764e+02
1.110976107755807618e+02 -2.177047346470906177e+02
1.127708314716397666e+02 -2.180884590118598112e+02
1.140024559465799854e+02 -2.187477029096362742e+02
1.185617184831642703e+02 -2.230840539427700548e+02
1.194213293104259037e+02 -2.243570072193201952e+02
1.224297752041549217e+02 -2.292824795933682935e+02
1.231899617248682119e+02 -2.305433848893319180e+02
1.267339756632556345e+02 -2.161847078886382008e+02
1.267339755820390366e+02 -2.161847062724037301e+02
1.267339754823289155e+02 -2.161847042881630330e+02
1.267339753044674211e+02 -2.161847007487578480e+02
1.267339749833783031e+02 -2.161846943593349977e+02
1.267339745206479336e+02 -2.161846851517698838e+02
1.267339741452775854e+02 -2.161846776828776342e+02
1.267339738958616522e+02 -2.161846727203254943e+02
1.267339735770893299e+02 -2.161846663780137874e+02
1.267339733623492748e+02 -2.161846621056627669e+02
1.267339731133307481e+02 -2.161846571514556672e+02
1.267339721700116115e+02 -2.161846383854483520e+02
1.267339715480996034e+02 -2.161846260144775442e+02
1.263302007322063076e+02 -2.143147396847218715e+02
1.254683446469079797e+02 -2.120093521450703520e+02
1.232380075005239917e+02 -2.062611874774439968e+02
1.184266948794537768e+02 -1.943969085686185565e+02
1.155244796523953568e+02 -1.872119600375063442e+02
1.139909089137013325e+02 -1.819172389064549975e+02
1.136363474517618073e+02 -1.813506744537058353e+02
1.115227526789174988e+02 -1.766635831999079471e+02
1.118685315924188899e+02 -1.686324891988173249e+02
1.111297385641920528e+02 -1.656097991921522237e+02
1.109059444759089956e+02 -1.655178991163082287e+02
1.105635674839787441e+02 -1.653544765828453933e+02
1.133292364667926364e+02 -1.544746728720805322e+02
1.123102064992962283e+02 -1.531295261009466628e+02
1.110117157770940395e+02 -1.514443770134319607e+02
1.094732838381232511e+02 -1.491561762366281130e+02
1.091188291196234132e+02 -1.485938673360849691e+02
1.088426489340968999e+02 -1.481467849560431773e+02
1.106248433767266448e+02 -1.367352980172970547e+02
1.103927651723855661e+02 -1.362229350255876454e+02
1.075709692793490433e+02 -1.317126398407421846e+02
1.056421346317575285e+02 -1.283661863205619795e+02
1.054115742020095041e+02 -1.270749941912591083e+02
1.047425355299300236e+02 -1.246841798374341153e+02
1.046036159160267971e+02 -1.241304616930177502e+02
1.039306926570231298e+02 -1.208730178112077880e+02
1.037047025551958370e+02 -1.197176499837428736e+02
1.050135762959616557e+02 -1.138375876896588466e+02
1.044938679763371425e+02 -1.126171825360403176e+02
1.033593081130231610e+02 -1.097137618164765911e+02
1.026007400420062794e+02 -1.083564887477902374e+02
1.026214468158607929e+02 -1.066661609122968173e+02
1.026252376688009065e+02 -1.058259346726855199e+02
1.026169805806971880e+02 -1.048547112317166494e+02
1.010528852572595326e+02 -1.001165528737641779e+02
9.862305123838260101e+01 -9.402607903490184071e+01
9.648914787533355764e+01 -9.108245099910992337e+01
9.438819498662695651e+01 -8.923047595772783325e+01
9.101792855439482821e+01 -8.423971616144270058e+01
8.756489123219377291e+01 -8.219261433632449609e+01
8.342968195994583880e+01 -7.936676907643352763e+01
8.197768193871921483e+01 -7.835474512180223883e+01
8.101911243007432972e+01 -7.774421975840445498e+01
7.667890374445443058e+01 -7.500636120630210257e+01
7.538268892509778141e+01 -7.401402693248323317e+01
7.373092042258579681e+01 -7.253998139442722959e+01
7.274263095394324807e+01 -7.192561065921738361e+01
7.138446145951779442e+01 -7.118522785019938226e+01
7.024575146301542361e+01 -7.055947943895746732e+01
6.908935427206725421e+01 -6.983453340702104128e+01
6.839074608472472505e+01 -6.935003463580113703e+01
6.750207733518098507e+01 -6.873948846641347643e+01
6.656485345673635834e+01 -6.812600187137734054e+01
6.303911455541526010e+01 -6.578709503323153740e+01
5.998546860637485167e+01 -6.322237208047776846e+01
5.794018923720445713e+01 -6.146599735227933792e+01
5.589080588343006895e+01 -5.995277399173384936e+01
5.460612271905525006e+01 -5.912893577367871956e+01
5.399418783002010258e+01 -5.874443392294554656e+01
5.333360482145115355e+01 -5.832548218909450100e+01
5.232686147933247867e+01 -5.765931957494604632e+01
5.021748596364422212e+01 -5.586272784320976825e+01
4.788185464711850159e+01 -5.374704992672476322e+01
3.719653343799797085e+01 -4.328848379338419505e+01
3.706840886781938593e+01 -4.310079259905722182e+01
3.217601329472984162e+01 -3.774764477131860474e+01
3.082960357995168366e+01 -3.621718642259894949e+01
3.063314233573539269e+01 -3.599695022963885549e+01
2.938515220550278073e+01 -3.474001885944996104e+01
2.773642205941803596e+01 -3.251873129599186996e+01
2.591690500482801340e+01 -3.017339012067488468e+01
2.213695560261459505e+01 -2.543484057707062362e+01
2.159428140911900229e+01 -2.483500306558536508e+01
2.055180732749443706e+01 -2.371554300915347824e+01
1.872444087886066200e+01 -2.205534198090729703e+01
1.764015346136804752e+01 -2.046634758259899911e+01
1.606210762918923862e+01 -1.771130217744293134e+01
1.409510524017925803e+01 -1.193013876541976259e+01
1.190311295075686715e+01 -8.738795684485568316e+00
9.578837143006989407e+00 -7.402045940604389251e+00
7.832430794643792993e+00 -6.136675175849291008e+00
6.022670961867437889e+00 -3.054544522658584338e+00
4.675806222263366507e+00 -2.260047077102861124e+00
3.105272928117220665e+00 -1.553805837629664843e+00
7.592489886195292748e-01 5.940855795566474251e-02
