-6.889773141759545361e-01 -1.405351932077406385e+00
-8.917177725728201443e-01 -2.360524116922973370e+00
-1.892522468707150463e+00 -9.859356986858433203e+00
-2.486126171510409377e-01 -1.161432878602860441e+01
1.422777484245481672e+00 -1.296001555325740284e+01
4.420592813575738411e+00 -1.539259747294679848e+01
7.256447651065258242e+00 -1.839670488644777535e+01
-3.402601130698566845e+00 -2.638244493660110024e+01
-3.087955316986402465e+00 -2.712284332385032215e+01
-2.979831376037364254e+00 -2.747686078924570197e+01
-2.907399190749712758e+00 -2.779553410983764650e+01
-2.843079433681878321e+00 -2.877572823851928518e+01
-1.145372197002205006e+01 -3.511972480358407012e+01
-2.038570604887941329e+01 -4.085684857407988346e+01
-2.121635556194031835e+01 -4.186017712415218739e+01
-2.327037276757458173e+01 -4.549164918684985537e+01
-1.549968338720538519e+01 -4.909577430757480698e+01
-1.992151907512899811e+01 -5.818569759015307596e+01
-2.027244848309510061e+01 -5.957141271043321495e+01
-1.975577369778238790e+01 -6.061503900345704920e+01
-1.943340369957707736e+01 -6.087472896642606202e+01
-1.770453202157682071e+01 -6.500521195989030332e+01
-1.612957748222881804e+01 -6.988585384964513025e+01
-1.703808475733774586e+01 -7.196225340800600634e+01
-1.696557259773940274e+01 -7.684469708947850108e+01
-2.023982290529877304e+01 -7.887061177538215873e+01
-2.209002648119414403e+01 -8.010372823890935479e+01
-2.203503346882317615e+01 -8.117292471690484490e+01
-2.045581667526140635e+01 -8.370988469042666225e+01
-1.924309135060437370e+01 -8.502131879359204447e+01
-1.842386681461696796e+01 -8.608192430440527687e+01
-1.898764004105080971e+01 -8.893678877844017450e+01
-1.969946000011298182e+01 -9.121977810917572072e+01
-1.720145946862976771e+01 -9.306392506704905543e+01
-1.605553397519590808e+00 -9.651624590508231449e+01
-3.367069214972291835e+00 -1.020762247633335136e+02
-4.514785076715883250e+00 -1.055896337235125486e+02
-5.705161571974463719e+00 -1.104030308246011032e+02
-2.659374662621327712e+00 -1.122338542674678337e+02
-2.309069315732482863e+00 -1.156482603669962543e+02
4.097218607994177475e+00 -1.220504867575987475e+02
4.640981967774915340e+00 -1.237241883502292126e+02
3.432823055672833856e+00 -1.271704449198309845e+02
-5.793111289405253883e-01 -1.399782103777810391e+02
5.959376336661252882e-01 -1.409646237830779114e+02
1.284874528357916823e+00 -1.414047888314603085e+02
3.371229148413988241e+00 -1.425614905854444885e+02
5.484555402150498082e+00 -1.454517687490831008e+02
5.213879734167594648e+00 -1.502296789582723875e+02
5.272283937323896552e+00 -1.509460459292136818e+02
5.312136556377279994e+00 -1.513637481564833536e+02
5.610424943332660952e+00 -1.537107393986231898e+02
6.058849979641320438e+00 -1.559474661474295374e+02
6.410071907318775963e+00 -1.570001426638043824e+02
6.847681891227751727e+00 -1.595576394177997201e+02
6.878618028236965998e+00 -1.606101022262600111e+02
6.930024683174711875e+00 -1.615161888761776083e+02
7.019250580602943934e+00 -1.624213679264515235e+02
7.035426795352965001e+00 -1.625481181930879018e+02
7.511669319651135268e+00 -1.648292663532780864e+02
7.544797921993876777e+00 -1.649456102927725283e+02
7.565869794706705953e+00 -1.650182785605688878e+02
7.807290390377086275e+00 -1.657909966810550486e+02
7.828597642935856804e+00 -1.658548031481705607e+02
7.943387319951980885e+00 -1.661886648276015137e+02
8.037098477725244550e+00 -1.664501025254879210e+02
8.160685104925423872e+00 -1.667815606305543099e+02
8.356055567405419993e+00 -1.672786559568456539e+02
8.540200958273926446e+00 -1.677208836823584477e+02
8.633663777557709196e+00 -1.679364845528119190e+02
8.817107780703597797e+00 -1.683433794837388859e+02
9.190077683209921133e+00 -1.691057186368428518e+02
9.334584880514999128e+00 -1.693754540704010196e+02
9.514009660325683626e+00 -1.696818921038836265e+02
9.703043649930057413e+00 -1.699578447235893179e+02
9.703053706559881419e+00 -1.699578578331703511e+02
9.703054987657393937e+00 -1.699578595031650536e+02
9.703058028732650442e+00 -1.699578634673942190e+02
9.713804173916642526e+00 -1.699717657166935396e+02
9.743205561633290657e+00 -1.700086960878630009e+02
9.771165611908921633e+00 -1.700422599923245457e+02
9.794029321221902507e+00 -1.700685326350850914e+02
9.804328672748148676e+00 -1.700800121915405896e+02
9.812720562799606583e+00 -1.700891991898371884e+02
9.825327280029577892e+00 -1.701027150902413609e+02
9.837914269803535561e+00 -1.701158626460788241e+02
9.849032696200616499e+00 -1.701271827243987502e+02
9.867345053000256883e+00 -1.701452152674880551e+02
9.888203204281570180e+00 -1.701648055573772638e+02
9.903484420017759859e+00 -1.701785005496547285e+02
9.913828281618041416e+00 -1.701874486883694431e+02
9.927209360792662807e+00 -1.701986320037647147e+02
9.944942774566317922e+00 -1.702127589830703585e+02
9.986412320205833026e+00 -1.702426130536876201e+02
1.001864724238155802e+01 -1.702626247523427025e+02
1.003065200797441570e+01 -1.702693393138041529e+02
1.004339081794342370e+01 -1.702760169548485578e+02
1.007137430322960370e+01 -1.702890367332556139e+02
1.009429218193385047e+01 -1.702979732637474513e+02
1.011667418895741655e+01 -1.703051626014447493e+02
1.015747996169109690e+01 -1.703142477879304977e+02
1.016955722760087077e+01 -1.703159171652935129e+02
1.017863245024858543e+01 -1.703168595227483877e+02
1.018688693445519000e+01 -1.703174821691944203e+02
1.020035646859655287e+01 -1.703180144399098879e+02
1.022700966372774012e+01 -1.703172767383573785e+02
1.024729838822366368e+01 -1.703150953873083040e+02
1.026239673584961132e+01 -1.703125495986911631e+02
1.028755147991579300e+01 -1.703065356037506604e+02
1.031925905366345653e+01 -1.702957501310042971e+02
1.033774651270467615e+01 -1.702877874539848619e+02
1.035714093702031491e+01 -1.702780920791889798e+02
1.042371549402422914e+01 -1.702341852979384385e+02
1.079366419390616194e+01 -1.696809669890150758e+02
1.111467127885037520e+01 -1.687973578988277552e+02
1.134543363478152855e+01 -1.679404020602244145e+02
1.154599248347243901e+01 -1.669937178730835399e+02
1.178528779354799028e+01 -1.651315133624489420e+02
7.383622640245330615e+01 -1.472866578077894530e+02
7.378395337523278386e+01 -1.469519101984292035e+02
7.377223722691870478e+01 -1.468714023043397958e+02
7.373771113224734108e+01 -1.466262023816687758e+02
7.367983431844579911e+01 -1.462100228114412630e+02
7.364179043213366072e+01 -1.459510749709495769e+02
7.362921403368953577e+01 -1.458698248604245293e+02
7.360253857976964298e+01 -1.457055079104085564e+02
7.357032294525319571e+01 -1.455217577589304483e+02
7.350605958688642261e+01 -1.451995142977502837e+02
7.340302886633163837e+01 -1.447792603673540839e+02
7.323006360813076299e+01 -1.442102923561017747e+02
7.318753106356101057e+01 -1.440829891998595258e+02
7.314099480950918064e+01 -1.439469477593885074e+02
7.308444815821199825e+01 -1.437849349967818569e+02
7.304800063134462107e+01 -1.436818031785130074e+02
7.275504910151683191e+01 -1.428416264769971917e+02
7.253319884501642889e+01 -1.419544049904964140e+02
7.252147225418099197e+01 -1.414833615883661935e+02
7.260972750431876932e+01 -1.410161745762283942e+02
1.452749100002105251e+02 -1.219499089988767793e+02
1.420937846766681787e+02 -1.182516157180742340e+02
1.184281184059618255e+02 -1.125846677097912192e+02
1.120037224977964456e+02 -1.061597654275617515e+02
8.761422965125007067e+01 -9.551858468804456948e+01
8.575707558126767083e+01 -8.888230711764450120e+01
8.999545995490611006e+01 -8.429606323467898221e+01
9.147349113420207800e+01 -7.392233661440430126e+01
1.078000944924575464e+02 -6.507762872011009847e+01
1.230164691175371985e+02 -5.721061568580602597e+01
1.365234214040618497e+02 -4.121141443412415128e+01
1.385292943330930484e+02 -3.615780992875987465e+01
1.388806565517073750e+02 -3.512858381834522703e+01
1.388985419592142989e+02 -3.507851593161237957e+01
1.388995483245132050e+02 -3.507570714516607779e+01
1.388998859444654386e+02 -3.507476504330508504e+01
1.412621309653910942e+02 -3.007993273348360930e+01
1.412341470396569605e+02 -2.916165703542835885e+01
1.412193849920437287e+02 -2.905357846724238513e+01
1.412113556984000979e+02 -2.899827512626632142e+01
1.411850688294028657e+02 -2.882780468172738608e+01
1.441854596042447554e+02 -2.227226849918108442e+01
1.441853726725494766e+02 -2.227205618467721138e+01
1.441853051099205345e+02 -2.227189117847725797e+01
1.441852739416628424e+02 -2.227181505804063733e+01
1.441852555988131712e+02 -2.227177026061500698e+01
1.441852388904208340e+02 -2.227172945507328450e+01
1.441852218350482531e+02 -2.227168780229314393e+01
1.441851965155689470e+02 -2.227162596714326526e+01
1.019886077974072549e+02 -6.179972467064910546e+01
1.019102685621020612e+02 -6.180487295744975995e+01
1.018319636577184042e+02 -6.180998364988777638e+01
1.017007216718681946e+02 -6.181847134365475682e+01
1.016930678022111891e+02 -6.181896335417480515e+01
1.016929178612978433e+02 -6.181897298950699593e+01
1.016904917823456742e+02 -6.181912887404197932e+01
8.935908011554001007e+01 -6.679069954402051223e+01
7.367762611328117828e+01 -6.787436188440503315e+01
7.216259435642776054e+01 -6.608118439192352866e+01
6.731433446672151888e+01 -6.055777878771642264e+01
6.540649476418273878e+01 -5.848200612509867824e+01
6.132033693106011185e+01 -5.440612121963081904e+01
6.076291857370550531e+01 -5.393399960619761657e+01
5.988665996828921578e+01 -5.326964836272386350e+01
5.920549679741270666e+01 -5.283231650498442633e+01
5.693446888554073837e+01 -4.683706102380840264e+01
5.624540341122202136e+01 -3.562441243148477099e+01
5.053048619664552632e+01 -2.527014250889785885e+01
5.562208762941580176e+01 -1.518064623609004293e+01
5.562208792998904983e+01 -1.518056561535105686e+01
5.562208935414187749e+01 -1.518017571836386637e+01
5.562209307738363151e+01 -1.517908538317821687e+01
5.562210936002751538e+01 -1.516939046936230007e+01
1.375879266813203294e+01 -2.029756564963366827e+01
1.143254630392737603e+01 -1.767020672738930287e+01
1.024961024078963767e+01 -1.633325852336701089e+01
8.645365787051604300e+00 -1.451605961327065053e+01
5.211694315555681634e+00 -1.059569766969255511e+01
4.019823911014625217e+00 -9.218734638924750868e+00
3.503862074656456826e+00 -8.618838878135107961e+00
1.693549244968413525e+00 -3.647304535066687059e+00
