-1.168699704528938232e+00 -3.768899999577177251e+00
-1.611113044974644026e+00 -5.310568741772409673e+00
-3.164445978509681456e+00 -1.825592142043026200e+01
-2.896620571931815658e+00 -2.145165322018937815e+01
-2.010113449580335221e+00 -2.597773487382484348e+01
-1.108006283395232827e-01 -3.251973892635005114e+01
2.925661664196930634e+00 -4.287269905677960224e+01
4.309473933875502816e+00 -4.779566456874791669e+01
5.803888167320536695e+00 -5.322927872074479438e+01
6.564626750732803551e+00 -5.605012487764567197e+01
7.313299764639560330e+00 -5.888019749655354929e+01
8.798835715752257869e+00 -6.616439375229747100e+01
9.076546374560974684e+00 -7.149267533967366717e+01
9.065940923260084716e+00 -7.178295332724735545e+01
9.121837899252765780e+00 -7.286750573057442182e+01
1.036179682218639542e+01 -7.903013417545714958e+01
1.046350766727366910e+01 -8.495863037584271638e+01
1.102755631329983466e+01 -8.757846668251613664e+01
1.144133780320917282e+01 -8.957859762116804347e+01
1.131894339760944845e+01 -9.259931459918556129e+01
1.124404667416426129e+01 -9.319972355158006394e+01
1.120682968994480255e+01 -9.378815126617227804e+01
1.081469649059346771e+01 -9.802196204912726785e+01
1.091562903089859660e+01 -1.014101924948653846e+02
1.122979816011870113e+01 -1.091821404276795704e+02
1.071641179238154606e+01 -1.113200450898219884e+02
1.027310373364677076e+01 -1.131062189262438693e+02
1.010337115417407539e+01 -1.152940024007626505e+02
1.042875180134755730e+01 -1.179457884630021027e+02
8.389773376507559277e+00 -1.230850162432437571e+02
4.672607731753012139e+00 -1.265201678671762551e+02
4.454737541491534891e+00 -1.289371755634612668e+02
4.530376707732009400e+00 -1.307408935745206406e+02
4.545460300879975435e+00 -1.317684819993856991e+02
4.440930126812170364e+00 -1.327237173366978311e+02
4.320730282302480241e+00 -1.338845793688706465e+02
4.464364160526111291e+00 -1.346185268531864949e+02
4.702567131857949612e+00 -1.351615777922324071e+02
5.085044635807586033e+00 -1.357617030379690277e+02
-3.615374948764287666e+00 -1.532503464301452425e+02
-3.116417088454114470e+00 -1.537820987810964368e+02
-2.933723465958780530e+00 -1.539872059517123262e+02
-2.775679516741262454e+00 -1.541708252057069615e+02
-2.656656792247053644e+00 -1.543137945544970364e+02
-2.511450088341511844e+00 -1.544950530630729020e+02
-2.314211295073375751e+00 -1.547575149502262946e+02
-1.709052251490081664e+00 -1.564755197153137658e+02
-4.485183559209707127e+00 -1.705869499524025059e+02
-1.386856784702925616e-01 -1.805070346715559708e+02
4.460761284056187215e+00 -1.856903563275915872e+02
7.366333970011433863e+00 -1.883759967005390763e+02
1.080524702926878966e+01 -1.922271487214200647e+02
1.338325630046065129e+01 -1.951322085773109336e+02
1.860703668966694480e+01 -1.988481352428985645e+02
2.040933895004570431e+01 -2.044168256041106133e+02
2.027067033483555747e+01 -2.062363679058221919e+02
2.140274993927797809e+01 -2.088507405970156015e+02
2.268565618396410599e+01 -2.107217327770747488e+02
2.365988796243733105e+01 -2.120884428646263586e+02
3.218360573577380990e+01 -2.274278994392067261e+02
3.319815634919034153e+01 -2.292054708489521602e+02
3.401502506019338057e+01 -2.300965075802673994e+02
3.765926712342471205e+01 -2.367813228114912647e+02
3.904498314815487703e+01 -2.374735330659765395e+02
4.023616376091161584e+01 -2.405215062470462613e+02
4.161089315774413677e+01 -2.460727181981206115e+02
4.249780054859438394e+01 -2.508161654604333535e+02
3.929818945539055619e+01 -2.626245423046523797e+02
3.664039045114602544e+01 -2.684782072597234333e+02
3.662724810483125282e+01 -2.685495187934086516e+02
3.604174863890023772e+01 -2.727498994540012518e+02
3.110237798586672398e+01 -2.805888576027753061e+02
3.084722787384779252e+01 -2.819821339785938790e+02
3.093782382330546454e+01 -2.827866040515972372e+02
3.110281808829686057e+01 -2.829355500466602962e+02
3.157114023202267461e+01 -2.828011991567292966e+02
3.402056740487370234e+01 -2.799769773674707380e+02
4.869193618893074671e+01 -2.671830331411781003e+02
6.243852821058602842e+01 -2.576116854824688289e+02
6.326387807032211441e+01 -2.572325467841433237e+02
7.541840963950315313e+01 -2.511817200926960822e+02
7.544424955851332015e+01 -2.511666310257633086e+02
7.545069999744877975e+01 -2.511628614632364815e+02
7.580585523951280891e+01 -2.509535253756359339e+02
8.797872329819688275e+01 -2.448023151389793668e+02
9.131915477306861817e+01 -2.450119901399522746e+02
9.554448051205010017e+01 -2.452260559194922962e+02
9.885946594383820241e+01 -2.464911530500877177e+02
1.035354914607008254e+02 -2.482354921135683981e+02
1.070477936998766637e+02 -2.483673380833819806e+02
1.107539990046837346e+02 -2.486650344467928164e+02
1.155144141209874817e+02 -2.493634082744036959e+02
1.398494683355629888e+02 -2.356557076787409528e+02
1.484243089935767728e+02 -2.349860632786810015e+02
1.545803252942081372e+02 -2.343970673706741366e+02
1.579775074211848960e+02 -2.340130900718625924e+02
1.697022942105920151e+02 -2.300495152618287307e+02
1.697022677514422071e+02 -2.300495098559603662e+02
1.697022676534061247e+02 -2.300495098359293422e+02
1.697022676223600968e+02 -2.300495098295859009e+02
1.697022675908233396e+02 -2.300495098231422446e+02
1.697018228273862519e+02 -2.300494188507032334e+02
1.697018228102427884e+02 -2.300494188471929249e+02
1.697018227236864334e+02 -2.300494188294697437e+02
1.697018225697288756e+02 -2.300494187979454637e+02
1.697018221635326825e+02 -2.300494187147728837e+02
1.697018213508042948e+02 -2.300494185483583749e+02
1.697018208081733803e+02 -2.300494184372487325e+02
1.697018204523657516e+02 -2.300494183643930626e+02
1.697018201908654191e+02 -2.300494183108478126e+02
1.697018199653130637e+02 -2.300494182646632453e+02
1.697018195301145340e+02 -2.300494181755510397e+02
1.697018188611227743e+02 -2.300494180385664151e+02
1.697018185229023004e+02 -2.300494179693112642e+02
1.697018183864055629e+02 -2.300494179413616962e+02
1.697018182861478977e+02 -2.300494179208325818e+02
1.681308489982438061e+02 -2.294140101389407107e+02
1.671826846399595468e+02 -2.291573619507762771e+02
1.581651428713719554e+02 -2.283396924444239744e+02
1.578630063485359756e+02 -2.282919437861926042e+02
1.574632270462245174e+02 -2.282221415947551861e+02
1.496853764821057666e+02 -2.277183392765651320e+02
1.494682057587792201e+02 -2.277207281797060148e+02
1.440683687650508205e+02 -2.279393831183651571e+02
1.393036648557781803e+02 -2.282364507456767058e+02
1.345086150956283859e+02 -2.282561816148382547e+02
1.288414654677170859e+02 -2.272172813755297227e+02
1.217622733738875382e+02 -2.265556150306234713e+02
1.123892350716348716e+02 -2.240554664410090027e+02
1.080677583012941483e+02 -2.214836693185109482e+02
1.000334394450833457e+02 -2.216559323383564788e+02
9.708336631218627133e+01 -2.215042628222750238e+02
9.580798445172439415e+01 -2.213736329472098134e+02
9.224754359446170326e+01 -2.203211430245100075e+02
7.727510413437150305e+01 -2.131733620673125813e+02
7.175119072795666852e+01 -2.102883956802735383e+02
6.819585328942332580e+01 -2.082649380436149329e+02
6.776764725342367512e+01 -2.077956601650425625e+02
6.776530437159942721e+01 -2.077802461091727650e+02
6.204128853662189869e+01 -2.036873148032455845e+02
5.970721735805699382e+01 -2.020257016310853260e+02
5.638176360049680369e+01 -1.985596902418330671e+02
5.394638528196414029e+01 -1.956577126213312567e+02
5.040743337838550531e+01 -1.913563414392742743e+02
4.773015516519168244e+01 -1.885366317876465132e+02
4.725335713124488279e+01 -1.870190406276957731e+02
4.714536317535797139e+01 -1.865637279943672979e+02
4.702667466679292119e+01 -1.860147287784978687e+02
4.671759861187504015e+01 -1.843333022711775584e+02
4.652566491770035384e+01 -1.830805157380586934e+02
4.646170655418845996e+01 -1.826181000611522904e+02
4.638188302644271488e+01 -1.819979735028674952e+02
4.634433150993260142e+01 -1.816818984337888878e+02
4.632229303865357650e+01 -1.814833952249020115e+02
4.624377565396444112e+01 -1.803874121863781284e+02
4.734783481292826224e+01 -1.671696713714680129e+02
4.262286062486284521e+01 -1.698473800924450359e+02
4.075318768901537680e+01 -1.698371057132170563e+02
3.947307503923042304e+01 -1.695991788149949571e+02
3.857519339484723986e+01 -1.693575639275613582e+02
3.744640713640151830e+01 -1.689895943256206010e+02
3.647861498887797893e+01 -1.686380517080866071e+02
3.532093610161096109e+01 -1.682513374805135413e+02
3.398624677775523395e+01 -1.661916990806838328e+02
3.298534067831337069e+01 -1.645998666457650188e+02
3.179597663775821559e+01 -1.626484290171641760e+02
3.106876001303385948e+01 -1.613965397533495434e+02
2.878368397751957275e+01 -1.570449281456430697e+02
2.522953410742819358e+01 -1.481449772039929371e+02
2.330271699093390581e+01 -1.418968320260841551e+02
2.232038797055977142e+01 -1.382430347732090752e+02
2.195514939417927991e+01 -1.367607215906499505e+02
2.141490202320413871e+01 -1.326258364618880137e+02
2.178745061602673871e+01 -1.286439951178736294e+02
2.180545144044491579e+01 -1.283003030976316268e+02
2.187704625695102933e+01 -1.269115270273609184e+02
2.159235066395638469e+01 -1.212433657785218628e+02
1.783586526232594593e+01 -1.052815836873896274e+02
1.744369436384354444e+01 -1.030595267508075352e+02
1.590794325624262306e+01 -8.687248689877009156e+01
1.527656931964406084e+01 -8.274187677574597899e+01
1.503109891030544532e+01 -8.166392947858010132e+01
1.487993014794727387e+01 -8.101945736825199162e+01
1.383037295696757063e+01 -7.639650455651880634e+01
1.255492465410175562e+01 -6.972574968783773386e+01
1.058869300042521644e+01 -6.115665611016500947e+01
1.033123069148600770e+01 -5.939636019031694047e+01
1.012038517605524568e+01 -5.809362999024850183e+01
9.804319728305566528e+00 -5.625216436921650853e+01
9.691019336956864905e+00 -5.555797979446603563e+01
9.398072444991862895e+00 -5.037228325581366306e+01
8.505154573371012106e+00 -4.313928777044669260e+01
8.113565032003336341e+00 -3.764163475881525756e+01
7.887720304358071921e+00 -3.452482715966824145e+01
7.649067816863198033e+00 -2.599704775338423346e+01
5.764479933698980929e+00 -1.560777026721964234e+01
5.475912424332927131e+00 -1.429066460729596244e+01
5.389988458191886878e+00 -1.388716435595259391e+01
4.786159329387218442e+00 -9.998706447915408191e+00
