-3.058522407331213611e+00 -2.741130193535508131e-01
-5.777421388305086225e+00 -9.199547269025644125e-01
-3.956734646274414846e+00 -1.487981687893381277e+01
4.883400028515930136e-01 -2.060790859120075424e+01
4.169931205221704573e+00 -2.606961636974560292e+01
7.432913801451152658e+00 -3.548521691956683100e+01
1.056907619633158824e+01 -4.833131710696017080e+01
1.334265490120255038e+01 -5.465896185583273592e+01
1.719466872483468478e+01 -6.161024959844759508e+01
1.924072265821848049e+01 -6.559377720855255234e+01
2.236229495088037922e+01 -6.916146237142983466e+01
2.477926538786912758e+01 -7.229584751358248695e+01
2.701988892724203239e+01 -7.926729291626185159e+01
2.702090394901157211e+01 -7.927034283454266017e+01
2.747055878294470688e+01 -8.062046379288592846e+01
2.917071815449465788e+01 -8.588664504254681731e+01
3.044882057901478944e+01 -9.281817025608596339e+01
2.964490629784070208e+01 -9.808054425971799617e+01
3.067503192028146586e+01 -9.913901356574955059e+01
3.211463851538631786e+01 -9.942873106543206063e+01
3.271324205011036668e+01 -9.955010062139355398e+01
3.300588197199607521e+01 -9.963200385742678122e+01
3.329975702600106047e+01 -9.973548412078829983e+01
3.365065259405370313e+01 -9.989411693967653605e+01
3.390192365814404241e+01 -1.000364462013107669e+02
3.418243501537045859e+01 -1.002298020588654595e+02
-2.874078708345952293e+01 -9.082686776126126915e+01
-2.892537952578514648e+01 -9.094198960139266319e+01
-2.895133820611268760e+01 -9.095797899131342490e+01
-3.025122985829261424e+01 -9.170656599436988188e+01
-2.948203796503655383e+01 -9.226772626018438928e+01
-2.511808587703795226e+01 -9.440487636641221059e+01
-2.139611764710202735e+01 -9.678283944533012573e+01
-1.945643424449421843e+01 -9.808050990357757826e+01
-1.630267148464270477e+01 -1.002159548687727266e+02
-1.473846189605196599e+01 -1.012718512109434101e+02
-1.134801546430608177e+01 -1.034990978481669686e+02
-9.848267667654317492e+00 -1.044268319051587071e+02
-5.489274726073084310e+00 -1.069269718882110141e+02
-2.747856933584829076e+00 -1.087249445938044943e+02
4.965284742407847229e-01 -1.117594354338684468e+02
-1.581519287264624651e+01 -1.302523119194797516e+02
-1.581578207956746596e+01 -1.302531420760696221e+02
-1.989119305189741738e+01 -1.360921879926711995e+02
-1.880450948315148096e+01 -1.362369251543304927e+02
-1.797352935858879874e+01 -1.363418273328405803e+02
-1.573770835872722351e+01 -1.365930010835638484e+02
-1.467266998299512082e+01 -1.366922986292704820e+02
-1.354991812054560363e+01 -1.367814107628863098e+02
-9.561582343515272697e+00 -1.369771422351209935e+02
-4.637882279514307093e+00 -1.374359848072355987e+02
-4.225980579143497451e+00 -1.375643198538622585e+02
-3.613129319513096682e+00 -1.377777461672064589e+02
-2.183645426321942473e+00 -1.383350636014774295e+02
-1.737601085164960146e+00 -1.385172524994660250e+02
-1.718326155287772883e+00 -1.385251715898988039e+02
-1.697083909082078845e+00 -1.385339026745163267e+02
-1.512088066301909839e+00 -1.386100924083991686e+02
-7.696729697896573796e-01 -1.389176956534089413e+02
-4.560459608458959369e-01 -1.637376782735441907e+02
-1.978567003749028830e-01 -1.647404757109508182e+02
5.316030257863604724e+00 -1.657680551474214496e+02
1.202817419129504017e+01 -1.658076589986215481e+02
1.737596269746119049e+01 -1.661240695354355807e+02
1.979780851810583897e+01 -1.691444144475296127e+02
1.914144889276138883e+01 -1.750276244451004004e+02
2.045754192153566819e+01 -1.786017937450916406e+02
2.529343668566842140e+01 -1.819049182620065892e+02
4.230312601713904996e+01 -1.860099531273514515e+02
5.320672253638588955e+01 -1.894066746157407692e+02
5.531218939578341320e+01 -1.932366487695572062e+02
5.264310779416214103e+01 -1.987608455073419407e+02
4.978667238500285919e+01 -2.021432799804407807e+02
4.978667176530245086e+01 -2.021432810179964576e+02
4.978667173586283923e+01 -2.021432810672868357e+02
4.978667163382763761e+01 -2.021432812381229382e+02
4.978667085194627617e+01 -2.021432825472164438e+02
4.978667039540783890e+01 -2.021432833115929100e+02
4.978667012480702425e+01 -2.021432837646564451e+02
4.978666979624652811e+01 -2.021432843147613028e+02
4.978666873864396081e+01 -2.021432860854928606e+02
4.978665979199750069e+01 -2.021433010647959065e+02
4.949169096116259681e+01 -2.026803283269077554e+02
4.949164668361688513e+01 -2.026804166471142707e+02
4.948486259558459466e+01 -2.026939816753538537e+02
4.948396668301209900e+01 -2.026957779887147808e+02
4.947405320586069877e+01 -2.027157319176323256e+02
4.945854642744882312e+01 -2.027472337876756114e+02
4.941647903733288416e+01 -2.028345619576114984e+02
4.941646651591587869e+01 -2.028345883749484813e+02
4.941645817664727502e+01 -2.028346059690495906e+02
4.941643295656508883e+01 -2.028346591788161106e+02
4.941618146081146534e+01 -2.028351898467039689e+02
4.939420523825096865e+01 -2.028819733069991571e+02
4.938170101908861653e+01 -2.029089666602406794e+02
4.937913173652771803e+01 -2.029145476609988918e+02
4.937913123178687158e+01 -2.029145487585703336e+02
4.929868812048104587e+01 -2.030957437179119722e+02
4.913687689696998007e+01 -2.035080419527326967e+02
4.913029622281161579e+01 -2.035265318932590048e+02
4.912683707802374755e+01 -2.035363141100920075e+02
4.908798752894736594e+01 -2.036492817718211370e+02
4.897787880221032708e+01 -2.040049970053093205e+02
4.897787663157819082e+01 -2.040050046115906071e+02
4.897787347527825119e+01 -2.040050156718737355e+02
4.897780288409059324e+01 -2.040052630513587815e+02
3.388909667648475477e+01 -2.439851983412398511e+02
3.516568944271258346e+01 -2.506263399800874367e+02
7.102366221975616156e+01 -2.312647131720484026e+02
9.460647456589163085e+01 -2.225772534267865410e+02
9.790280868601138309e+01 -2.303094585975373150e+02
1.059190553457470969e+02 -2.324789017474737420e+02
1.113702897343175806e+02 -2.403247545811427415e+02
1.225223872224183168e+02 -2.522304948646578850e+02
1.296486177469006691e+02 -2.591097760458872585e+02
1.064538344531142826e+02 -2.278926071294028475e+02
1.188032476258784556e+02 -2.186900254314789720e+02
1.178895240136866107e+02 -2.178718800050194204e+02
1.173211306685924171e+02 -2.173460084449560554e+02
1.170045736510859484e+02 -2.170484342958068851e+02
1.167247645369036348e+02 -2.167829686154386195e+02
1.163417705738492884e+02 -2.164163102865054213e+02
1.161175800097769724e+02 -2.162000702885188161e+02
1.158973644487574575e+02 -2.159865907655447756e+02
1.155180909894836532e+02 -2.156165830416030076e+02
1.278383143063109060e+02 -1.777487785383250412e+02
1.278066390009731208e+02 -1.776960367430742735e+02
1.278012397300833527e+02 -1.776870470847021295e+02
1.277966632151594268e+02 -1.776794272470924909e+02
1.276917127101076943e+02 -1.775045575544914982e+02
1.276415123886165475e+02 -1.774207187442564475e+02
1.276031465208697426e+02 -1.773565036162795820e+02
1.275548021603826783e+02 -1.772753643961160037e+02
1.274980429672637285e+02 -1.771797119436213848e+02
1.273676175591097604e+02 -1.769578079500812464e+02
1.270867515510183239e+02 -1.764645400841513663e+02
1.269907718670358747e+02 -1.762888891405040681e+02
1.269097510306933714e+02 -1.761367325578742111e+02
1.645327319394805556e+02 -1.662098591451342600e+02
1.625459231029355749e+02 -1.657877063549896377e+02
1.506306100718352639e+02 -1.630957013356500340e+02
1.481438115425690683e+02 -1.621911655340811365e+02
1.408065778622758160e+02 -1.600932988516924240e+02
1.338994413734156410e+02 -1.574732300834473051e+02
1.338938787339497765e+02 -1.574709151127678695e+02
1.338937809520544135e+02 -1.574708744233622895e+02
1.338937124189121164e+02 -1.574708459051489058e+02
1.338936736657078370e+02 -1.574708297790805602e+02
1.338936514853621134e+02 -1.574708205493560058e+02
1.333070101160830916e+02 -1.572293148382162826e+02
1.319462060497777429e+02 -1.566930189420228885e+02
1.304117664767048268e+02 -1.561310434680007688e+02
1.279546297596404401e+02 -1.553274531104983396e+02
1.244023665303212027e+02 -1.544612591868547895e+02
1.203515571268957274e+02 -1.535512271699454914e+02
1.207043189835738559e+02 -1.406948232065094544e+02
1.152959750212665710e+02 -1.428470172575192123e+02
1.099534020727344057e+02 -1.442499229812464989e+02
1.055970930734510631e+02 -1.450066377794501875e+02
1.035522375453947035e+02 -1.452429949620839409e+02
1.003537296686311038e+02 -1.454033377703921133e+02
9.814273402769954657e+01 -1.452903697302905641e+02
9.540255060548849997e+01 -1.447193380521434278e+02
9.407305532775124846e+01 -1.441494808708149549e+02
1.019224578768440352e+02 -1.319495430889744512e+02
1.017967905806059861e+02 -1.314426480060555491e+02
1.014252422947862300e+02 -1.298538732649319059e+02
8.413329136348890813e+01 -1.303130208301791413e+02
8.557459866168809981e+01 -1.231271781890828407e+02
8.493818693860670521e+01 -1.198965003421059379e+02
8.464781425479003474e+01 -1.188873227720229977e+02
8.443633837742707726e+01 -1.182555914176331413e+02
8.416825402521118349e+01 -1.175675019182902332e+02
8.370317155198057435e+01 -1.166581141787868745e+02
8.237678553629051237e+01 -1.159154765314422235e+02
7.246389680642772646e+01 -1.181971620456809973e+02
7.242414678761348057e+01 -1.179141867266465766e+02
6.080406008475153357e+01 -1.153887597263625366e+02
5.449225446887834323e+01 -1.162166469812781031e+02
5.092097144537400055e+01 -8.699989106410873774e+01
5.075126151269029151e+01 -8.680132192752805054e+01
4.780243517318269397e+01 -8.407003157893942102e+01
4.472250101361700558e+01 -8.176447083680068317e+01
3.809746398583958893e+01 -7.699662363644139873e+01
3.455799527381702063e+01 -7.154199493939147203e+01
3.299091321775016183e+01 -5.863765116723006088e+01
3.242211456488399079e+01 -5.714882176169141559e+01
3.170084178103117623e+01 -5.477089177627927796e+01
2.318783068068689701e+01 -6.282780101275847784e+01
1.844080065944239522e+01 -5.572431300384195652e+01
1.637772397199033136e+01 -5.227367805015608582e+01
1.606186821250909702e+01 -4.103105960026044130e+01
1.138558265353872834e+01 -3.743444317247313080e+01
1.072349209525617120e+01 -3.396264319296416545e+01
9.205160809108226871e+00 -2.602705913373583968e+01
6.914648813863736976e+00 -1.643781923028441128e+01
5.749997086043057593e+00 -1.192411907472558674e+01
5.434789989278870692e+00 -1.071319146649083009e+01
4.352819573525199104e+00 -6.447700530538495123e+00
