1.207980496578933256e-34 -3.329486261891442055e-34
2.739917780786841233e-31 -7.551875742760207034e-31
2.422312237057222713e-27 -6.676478087298782033e-27
2.615244510395822886e+01 -9.937921774858240909e+00
2.928236083420480895e+01 -1.342499498043136796e+01
3.267557364217563531e+01 -1.955155850775319237e+01
3.488718991443913353e+01 -2.904329157050781518e+01
3.479516265997748548e+01 -3.293400058080227666e+01
3.172906749359805900e+01 -4.133754845410311418e+01
3.198102090113277995e+01 -4.253331195356268069e+01
3.271631587456644752e+01 -4.469233234474728533e+01
3.428176039937505237e+01 -4.804113573675916626e+01
2.960404772432135800e+01 -5.175972052676541324e+01
1.773225057536337967e+00 -5.816016522925304599e+01
1.637971410998963817e+00 -5.819554602146851607e+01
1.637966362176921598e+00 -5.819554730699999823e+01
1.637964209381370217e+00 -5.819554785514414164e+01
-2.401930614606666126e+01 -7.116027192731587547e+01
-2.385284873247290705e+01 -7.202806190939382702e+01
-3.199114406676953237e+01 -8.095046751236401406e+01
-3.204778323872490375e+01 -8.107296658388916910e+01
-3.227692281757831694e+01 -8.160529542458166929e+01
-3.307885460644678233e+01 -8.374477234081417976e+01
-3.468366573818694576e+01 -8.676822738291274106e+01
-3.105139243747638389e+01 -9.845299700020632372e+01
-3.220628107610345126e+01 -9.937345245642632108e+01
-3.289972709871955203e+01 -9.998752486802946748e+01
-3.350708378473696314e+01 -1.006234700300365859e+02
-1.798009788008323895e+01 -1.123663139087669975e+02
-1.801075506939363180e+01 -1.128117996515147894e+02
-1.817590142120198493e+01 -1.139877899067988380e+02
-4.831713722728306237e+00 -1.166212475423688630e+02
-7.539130990002311350e+00 -1.220294074420733352e+02
-1.974140899695748352e+00 -1.237158802303920879e+02
8.844182645940719567e+00 -1.277816331250691348e+02
1.050571681081452269e+01 -1.296752381631015112e+02
1.797583944923328048e+01 -1.334258887985714637e+02
1.844247829394790728e+01 -1.350131720770194477e+02
1.843646731914374826e+01 -1.365267712288422786e+02
7.864358632096161150e-01 -1.646483543789509270e+02
-3.165913274070012440e-01 -1.661888686317704753e+02
-5.976923220948474835e+00 -1.757841107453061795e+02
-6.042595942230663653e+00 -1.787263586917904377e+02
-9.670083064286131957e+00 -1.916865184166436507e+02
-9.796190634228475247e+00 -1.942200506887013773e+02
-9.615342488325474335e+00 -1.949329541153370258e+02
-9.369503565462371952e+00 -1.955647569112675228e+02
-8.674913562637904363e+00 -1.974196425909204891e+02
-8.594314596295818731e+00 -1.998985966769650986e+02
-8.834661642567423812e+00 -2.013123427821380176e+02
-9.000328739924748689e+00 -2.020825876929624201e+02
-9.314766936247572460e+00 -2.034251853491854547e+02
-9.898021069433625030e+00 -2.058807010839140901e+02
-1.011421506035310003e+01 -2.068671559459378102e+02
-6.196945443628289141e+00 -2.027758491940218448e+02
-6.196945422941958270e+00 -2.027758489809710056e+02
-6.196945396425408426e+00 -2.027758487078741041e+02
-6.196945320577117222e+00 -2.027758479267041025e+02
-6.196945001973030998e+00 -2.027758446453659076e+02
-6.196944884021486466e+00 -2.027758434305704043e+02
-6.196944812244401746e+00 -2.027758426913306380e+02
-6.196944616290705810e+00 -2.027758406731831826e+02
-6.196944398901655049e+00 -2.027758384342712930e+02
-6.196940757286028223e+00 -2.027758009289846655e+02
-6.196940189669335020e+00 -2.027757950830694256e+02
-6.196940089913801408e+00 -2.027757940556821552e+02
-6.196940047325079526e+00 -2.027757936170587527e+02
-6.196939917686742128e+00 -2.027757922819072292e+02
1.298180017421780796e+01 -1.955673994876346455e+02
1.496560717082270919e+01 -1.979267045835329384e+02
2.033601422176313278e+01 -2.031775001034750687e+02
2.120704230101375742e+01 -2.045942819111345159e+02
2.220610699241289865e+01 -2.059186047222512173e+02
2.344960648833071559e+01 -2.073787389242258143e+02
2.518233865852884890e+01 -2.092485339938503444e+02
2.615926457348585643e+01 -2.102570085064670877e+02
2.637652164357099593e+01 -2.104784988219473973e+02
2.653075436029516609e+01 -2.106352583827399201e+02
2.676224339437395372e+01 -2.108698830953380252e+02
2.749290120012679495e+01 -2.116065238929151349e+02
2.810761008379192560e+01 -2.122237521330676771e+02
2.868272244374909974e+01 -2.128013722254030995e+02
2.945825510491350485e+01 -2.135846573652205507e+02
1.129297244896200283e+02 -8.441518008898881931e+01
1.134065380879002589e+02 -8.449194722126260615e+01
1.141404891456101467e+02 -8.461318157931792427e+01
1.144715634705740968e+02 -8.466902415747657074e+01
1.148405096374937955e+02 -8.473206233183961444e+01
1.153053741069452940e+02 -8.481265781417705796e+01
1.169016468704641056e+02 -8.509864033583249920e+01
1.226396665671484811e+02 -8.622359464037469934e+01
1.555497477546948915e+02 -4.510267606056299883e+01
1.568598475251841080e+02 -4.571897198901870496e+01
1.572132187675947819e+02 -4.590139622943762276e+01
1.573350287110102954e+02 -4.596540121778874521e+01
1.573885442106517587e+02 -4.599367356393094042e+01
1.574613627928713413e+02 -4.603227885787560325e+01
1.575985203433787376e+02 -4.610536582277466522e+01
1.577806319614365691e+02 -4.620299577139908109e+01
1.580416974598091713e+02 -4.634368377203726652e+01
1.599873703754380188e+02 -4.738744085945863560e+01
1.609048216380300573e+02 -4.784434976185450239e+01
1.503114232237300882e+02 -4.071342826561518535e+01
1.503114231829566165e+02 -4.071342826287845895e+01
1.503110089290178735e+02 -4.071340045872265279e+01
1.503110089287295921e+02 -4.071340045870330471e+01
1.503110089285800939e+02 -4.071340045869326474e+01
1.503110089283250090e+02 -4.071340045867614776e+01
1.503110089281364878e+02 -4.071340045866349300e+01
1.503110089280333739e+02 -4.071340045865657942e+01
1.503110089279462329e+02 -4.071340045865073165e+01
1.503110089278407600e+02 -4.071340045864364754e+01
1.503110089277064390e+02 -4.071340045863463786e+01
1.503110089275646999e+02 -4.071340045862512369e+01
1.503110089273832841e+02 -4.071340045861293788e+01
1.503110089270824403e+02 -4.071340045859275136e+01
1.094512858933130985e+02 -2.649420229912919211e+01
1.076066549554757472e+02 -6.755410003570057498e+00
1.186305173707563654e+02 5.391267682607663758e+00
1.107861592429412099e+02 1.460346199693661084e+01
8.262562349450172405e+01 -1.441210525261607067e+01
8.265904921086213619e+01 4.782166337189102112e-01
7.608425830613005303e+01 3.582142930259233804e+00
7.047915602070192165e+01 1.802657645981690848e+01
6.730671731123199208e+01 2.240747369676095957e+01
6.730671733453026206e+01 2.240747348084565971e+01
6.730671734504279868e+01 2.240747338342126938e+01
6.730671735283654300e+01 2.240747331119340302e+01
6.730671737414127165e+01 2.240747311375301720e+01
6.730671784078977282e+01 2.240746878909988737e+01
6.730671795190382056e+01 2.240746775934876212e+01
6.730671800025237417e+01 2.240746731127719826e+01
6.730671803966193067e+01 2.240746694604791145e+01
6.730671805689358678e+01 2.240746678635287381e+01
6.730671806960852166e+01 2.240746666851661928e+01
6.730671808032739989e+01 2.240746656917913526e+01
6.730671808979072068e+01 2.240746648147740672e+01
6.730671809822618457e+01 2.240746640330143435e+01
6.730671810610702721e+01 2.240746633026524748e+01
6.730671811327567866e+01 2.240746626382950524e+01
6.730671812027320300e+01 2.240746619897957359e+01
6.730671812687934619e+01 2.240746613775695195e+01
6.730671813404228487e+01 2.240746607137400304e+01
6.730671814050668900e+01 2.240746601146469175e+01
6.730671814580524881e+01 2.240746596236024857e+01
6.730671814968555111e+01 2.240746592639921886e+01
6.730671815184989271e+01 2.240746590634109481e+01
6.730671815375494305e+01 2.240746588868601208e+01
6.730671815588385698e+01 2.240746586895608061e+01
6.730671817070968643e+01 2.240746573155693255e+01
4.241060627016981499e+01 -5.325488614666168274e+01
4.240012006987348059e+01 -5.322902042214022345e+01
4.238781632544138489e+01 -5.319808801994001612e+01
4.237403572098963878e+01 -5.316265733822086048e+01
4.235880338991270122e+01 -5.312247191031991633e+01
4.234901186510871440e+01 -5.309604117619862507e+01
4.234183247023030816e+01 -5.307634913578274194e+01
4.231599491720393047e+01 -5.300314333539558476e+01
4.230848381906195499e+01 -5.298112976546971709e+01
4.229855514162961327e+01 -5.295148687055007031e+01
4.229268416913225082e+01 -5.293365520797723178e+01
4.228625277106310421e+01 -5.291385216709429073e+01
4.227864027341964004e+01 -5.289003509770458322e+01
4.227259089098098599e+01 -5.287080567290994537e+01
4.226432003600975662e+01 -5.284406204666328222e+01
4.225497065826362331e+01 -5.281317106740588940e+01
4.224813762697472441e+01 -5.279012860935210227e+01
4.223570625396526168e+01 -5.274713558039724859e+01
4.221773372827671267e+01 -5.268232014879280456e+01
4.220492739130698112e+01 -5.263401184124178656e+01
4.219805553656429709e+01 -5.260728939608380017e+01
4.219483239981387612e+01 -5.259455117145289904e+01
4.219013282967343770e+01 -5.257573427521263199e+01
4.218621793598396152e+01 -5.255983107078735372e+01
4.218320981632612643e+01 -5.254746576558424920e+01
4.217781012151174735e+01 -5.252494038170454616e+01
4.216540862007455104e+01 -5.247150018713350761e+01
4.215736955321079193e+01 -5.243547946649746905e+01
4.215527062329238106e+01 -5.242588241106910374e+01
4.207997061584840282e+01 -5.200485873465741093e+01
5.707956335757511113e+01 -2.579996453349193075e+01
5.437590481706156709e+01 -2.537444689609159809e+01
5.101630496032554873e+01 -2.519028362211795624e+01
4.797438198341977511e+01 -2.312663849055127230e+01
4.805331249493234935e+01 -1.710860459569882508e+01
4.891409547440861161e+01 -9.579296081107415262e+00
4.869430493768856394e+01 -8.810799639593776433e+00
4.839281476626166523e+01 -7.921082412329843336e+00
3.578491302647055505e+01 -1.729498524327241427e+01
3.296283599363591321e+01 -1.372244917438336742e+01
3.183704303315087003e+01 -1.245957989875141081e+01
2.925513455636588844e+01 -9.672185170359016482e+00
2.701799581729527944e+01 -7.354532815123393519e+00
2.592654712131294659e+01 -6.257017132605901644e+00
2.449014853920799695e+01 -4.851369155311711978e+00
2.042028560698103590e+01 -1.268035633291820563e+00
1.887291926020806088e+01 -2.162445008542524527e-01
1.303263889593397806e+01 4.427201658349108615e-01
7.306913663516439783e+00 1.088619157008130944e+00
