-4.869341229506294472e-02 -7.669345917350799645e-03
-1.454068682162803217e-01 -2.333545303256270159e-02
-1.628318044133543196e+00 -3.965270262422351255e-01
1.103344967091032203e+01 -7.714802058044339717e+00
1.335714274755340014e+01 -1.109969230019481046e+01
1.964950718055188261e+01 -1.708460243670375434e+01
2.464143201960500917e+01 -2.449457475890084623e+01
2.608620498399310250e+01 -2.817025551179689558e+01
3.069514256712007949e+01 -3.219377702486011117e+01
3.449667554436884132e+01 -3.517517372841324175e+01
3.860726152221565854e+01 -3.839090637296835951e+01
4.221046044567255251e+01 -4.337632169129683035e+01
3.644004186404375645e+01 -4.747302521518363960e+01
2.939531876150496359e+01 -5.121221814459953237e+01
2.893912840147652688e+01 -5.220892449627643828e+01
2.912235924505334239e+01 -5.513438319857073111e+01
3.146908364813014103e+01 -5.835581117349186542e+01
3.272092236830035716e+01 -5.924491525688980431e+01
3.458863131496752885e+01 -6.022567334392816463e+01
3.553068274185818609e+01 -6.064665818097764571e+01
3.626105532330540626e+01 -6.096534982381953682e+01
4.081094412883735600e+01 -6.930323634133264932e+01
4.379141157037791743e+01 -7.835931146079411747e+01
4.145210637954800603e+01 -8.219107144561317568e+01
4.024972055206512067e+01 -8.918305855470609345e+01
3.446978780545062904e+01 -9.308496539398329617e+01
3.076774650619873341e+01 -9.548132007268829113e+01
3.136353079439086855e+01 -9.787849099415385012e+01
3.297024857197723691e+01 -1.025342276280149889e+02
3.416503715608538272e+01 -1.055310556560973509e+02
3.545602851481815776e+01 -1.085027868903141695e+02
3.792250693156329788e+01 -1.153778965509087584e+02
3.494986769301263507e+01 -1.237870032111113971e+02
3.504919255850396098e+01 -1.268842942395466622e+02
3.642543144945327072e+01 -1.291280975983106316e+02
3.633439723615944672e+01 -1.327112484559699794e+02
3.540544600139988773e+01 -1.358113665748711014e+02
3.201768235932313189e+01 -1.429470815202475080e+02
3.740352855435127566e+01 -1.460086617386403987e+02
3.711198408069198962e+01 -1.480840801982905930e+02
3.748583087311703110e+01 -1.493006249353586554e+02
3.765265142568266299e+01 -1.497129992223508452e+02
3.785004076663415873e+01 -1.502660991952987786e+02
3.813061726272991336e+01 -1.515514368313722002e+02
3.817304488902289705e+01 -1.520161931151438637e+02
3.818807619309260559e+01 -1.524173727030757846e+02
5.138163019048620583e+01 -1.512929995721027296e+02
5.177381934484294845e+01 -1.527840629733008484e+02
5.198657872938319713e+01 -1.541615985364463484e+02
5.201187206032627586e+01 -1.544737630261118682e+02
5.203300136245113805e+01 -1.548686131649110678e+02
5.205250039400495154e+01 -1.586487282689829215e+02
5.203747142075507526e+01 -1.603736528273391002e+02
5.200418793987013544e+01 -1.612792573434412020e+02
4.779563949642688669e+01 -1.702146631307236646e+02
4.421618900113904260e+01 -1.766836710041869196e+02
4.510065855804333523e+01 -1.778318265019418902e+02
4.568696245724898120e+01 -1.785679768707918242e+02
4.622066831460162462e+01 -1.792816290599886315e+02
5.332648375471504210e+01 -1.872029603616714155e+02
4.545040967969175938e+01 -2.122562324096203668e+02
4.545366164141131549e+01 -2.122662090622189339e+02
4.545403158260880616e+01 -2.122673530811956084e+02
4.545847347212900047e+01 -2.122812390385924743e+02
4.552068558731903636e+01 -2.125155821326189596e+02
4.555772113129246037e+01 -2.127153768050874305e+02
4.558920418670886932e+01 -2.129758754847535442e+02
4.560869286909612441e+01 -2.133143180954574518e+02
6.033165903233908267e+01 -2.106916927685606709e+02
6.506476268379049088e+01 -2.153679288929458266e+02
7.142209037602194144e+01 -2.260153678898335272e+02
7.898172202378317763e+01 -2.360196091966183758e+02
7.994874958235614315e+01 -2.414532606049263848e+02
8.214591287961904698e+01 -2.453866973175864814e+02
8.472757209186958960e+01 -2.483745528315178888e+02
8.472763505160523323e+01 -2.483746212317936397e+02
8.472764003080526152e+01 -2.483746266412268540e+02
8.472764283292598009e+01 -2.483746296854656634e+02
8.472764897185366806e+01 -2.483746363548235934e+02
8.486766180230586087e+01 -2.485245609819852177e+02
8.509023645838544780e+01 -2.487518932917917596e+02
8.520689652096726263e+01 -2.488644652944375082e+02
8.526492159231709422e+01 -2.489185727193191440e+02
8.529981625133983414e+01 -2.489504860651068725e+02
8.532546770655514479e+01 -2.489736421789614553e+02
8.534653753772015250e+01 -2.489924685228493786e+02
8.536497406896127416e+01 -2.490087979793008515e+02
8.538242947388398818e+01 -2.490241343152747504e+02
8.539831517971205699e+01 -2.490379864537766252e+02
8.541329471425549968e+01 -2.490509566808462694e+02
8.542602399600514218e+01 -2.490619085298775133e+02
8.543801698742252881e+01 -2.490721681289881246e+02
8.545139730264341438e+01 -2.490835473205635253e+02
8.546555137851872530e+01 -2.490955075211736300e+02
8.548614111728200271e+01 -2.491127648416484419e+02
8.551450781208099272e+01 -2.491362679049875339e+02
8.562621527120620613e+01 -2.492258039561120029e+02
9.662234689410016131e+01 -1.678309606351629668e+02
9.681159111475452050e+01 -1.679004846324680784e+02
9.690207250107066272e+01 -1.679267560771273793e+02
9.701141896265522746e+01 -1.679528046090976829e+02
9.712722120239438084e+01 -1.679738801156713350e+02
9.730927905473348005e+01 -1.679942106354269526e+02
9.767069820744416120e+01 -1.679921449666155127e+02
9.951883518401903927e+01 -1.673989591045270231e+02
1.020335474994629834e+02 -1.666272980492962006e+02
1.029631022552090371e+02 -1.667675487561806733e+02
1.037935302838228750e+02 -1.672824468427985778e+02
1.046021031774278640e+02 -1.681071094802850041e+02
1.049859811893252584e+02 -1.685723496746083754e+02
1.053097479226632771e+02 -1.689739725354926634e+02
1.056828199292401393e+02 -1.694013187573057451e+02
1.062160851758107611e+02 -1.696925010572008716e+02
1.064310792300796891e+02 -1.694591636680241322e+02
1.065714353908347078e+02 -1.689595484810455730e+02
1.066308247282005937e+02 -1.684021926412573293e+02
1.066436396865207143e+02 -1.678930751707822537e+02
1.065599732231753620e+02 -1.665300145783085384e+02
1.064791638149940383e+02 -1.659216038067096122e+02
1.064146147159633244e+02 -1.655327418984144856e+02
1.063833058223037398e+02 -1.653631614678683377e+02
1.063531337091778681e+02 -1.652088848792500357e+02
1.062740615521394147e+02 -1.648388165716880849e+02
1.062285526601418724e+02 -1.646441047920570497e+02
1.062061306032235564e+02 -1.645522948576038118e+02
1.061877014213178683e+02 -1.644786972881925067e+02
1.061583830235427826e+02 -1.643648523229789475e+02
1.135830307276151672e+02 -1.482528105331543884e+02
1.131947940381847815e+02 -1.479620954932436803e+02
1.129352165948742908e+02 -1.476693108185269523e+02
1.128651761148858981e+02 -1.475518892473517951e+02
1.128505189289702599e+02 -1.475227694608471438e+02
1.152355490165338239e+02 -1.378031718021515246e+02
1.147609709644157903e+02 -1.374924800202702215e+02
1.125953138168869998e+02 -1.358230598866839784e+02
1.118226714069349157e+02 -1.346579096807330700e+02
1.117422282654207919e+02 -1.340568449622521996e+02
1.121658440543220649e+02 -1.326949219385293190e+02
1.321268243874354482e+02 -1.228652476873014479e+02
1.373051382513377234e+02 -1.166227407309314970e+02
1.375617627144729340e+02 -1.163898641192185011e+02
1.400093723145414515e+02 -1.130379518116370434e+02
1.404909800010025265e+02 -1.123105239358623777e+02
1.430553105395534885e+02 -1.083762931789589601e+02
1.434070271523659130e+02 -1.078333333504763374e+02
1.454811797773706701e+02 -1.046371431634300677e+02
1.481068319863557576e+02 -1.013838590108500881e+02
1.519411045950938046e+02 -9.913707966499471524e+01
1.555443504731170776e+02 -9.422266760668905761e+01
1.539913218390476572e+02 -9.086163247031282708e+01
1.517956799615693910e+02 -8.885346756061926499e+01
1.497871420893052630e+02 -8.723928193970938594e+01
1.456515811243491498e+02 -8.506184560088740909e+01
1.381535300054017625e+02 -8.444480029938590349e+01
1.349224008143613105e+02 -5.843821982156023864e+01
1.310515725090056662e+02 -5.745696179906662593e+01
1.278735223527963853e+02 -5.791970993942458534e+01
1.199849582240933898e+02 -6.218555343651986078e+01
1.172956506133313610e+02 -6.187549821849711407e+01
1.155964352106209532e+02 -6.064671765894821931e+01
1.144833890469022037e+02 -6.011038596269134615e+01
1.126350342846804011e+02 -6.096610759424983428e+01
1.096771577646160409e+02 -6.139576808836589095e+01
1.091973862249675591e+02 -6.069712581198357526e+01
1.089461519422105908e+02 -6.013341681607237632e+01
1.087182870227884024e+02 -5.948541402231381880e+01
1.085365071430640427e+02 -5.887002420273204706e+01
8.388441285641700063e+01 -6.166266142349086721e+01
7.348124999054641648e+01 -5.690696257573455341e+01
7.276612715962109235e+01 -5.243526096879546117e+01
7.139089530754193902e+01 -5.120117982485470520e+01
7.081458660912313974e+01 -5.042025829458034991e+01
7.037407807010752947e+01 -4.972567883885447770e+01
7.006849857278749028e+01 -4.919927433296539476e+01
5.743494233857898479e+01 -5.320984306345253856e+01
5.693672303767093723e+01 -5.263569383768794552e+01
5.673284360794839642e+01 -5.240569720721559577e+01
5.378607343780801386e+01 -4.861423452337584905e+01
5.280791714540426796e+01 -4.284268404246434159e+01
5.036759324194602527e+01 -3.824461936049081601e+01
4.966448439084975774e+01 -3.649343212386162350e+01
4.912987337753715877e+01 -3.537721810265816202e+01
4.868582697389358316e+01 -3.456804354441907634e+01
4.812918063236632094e+01 -3.363158680639697451e+01
4.575277710669299580e+01 -2.983244216950190975e+01
4.039106014887759954e+01 -2.397687930794444711e+01
3.939498499519266517e+01 -2.282479533018738849e+01
3.795630210573915519e+01 -2.146803215835000245e+01
3.561400305479718043e+01 -1.962118928479563351e+01
3.417907333738430964e+01 -1.809307176925261018e+01
3.260247808524110980e+01 -1.624572490905402589e+01
2.927778761806598951e+01 -1.232729301318640402e+01
2.489096487049110706e+01 -1.025862006483452582e+01
2.282582441400009188e+01 -9.053328186530055888e+00
2.126026541919229729e+01 -7.802429877660538970e+00
1.462219495450475470e+01 -4.096332299688637768e+00
1.130765199688736544e+01 -3.222813792991933823e+00
8.870140362654902688e+00 -1.562062013479286859e+00
4.651661409217666687e+00 5.410941031672867885e-01
