-1.715262253593662134e+00 7.989158023915831075e-01
-1.822134616333012547e+00 4.157814133772615994e-01
-1.879445027183159977e+00 -3.801761699527549165e+00
-1.765879161241574957e+00 -5.135940305716883536e+00
-1.642332481322522630e+00 -6.293964572750864406e+00
-1.206639238340091014e+00 -9.470019220409703564e+00
-4.018985256951604912e-01 -1.367800863497061314e+01
2.019046262784608137e-01 -1.600749152911998152e+01
-2.409396099865143626e+01 -3.631998289269451163e+01
-2.407898480730392166e+01 -3.644456458549748135e+01
-2.407895389989487356e+01 -3.668046240018068715e+01
-2.431739851047180778e+01 -3.749106492066805885e+01
-2.778913589670140638e+01 -4.044053511166747228e+01
-3.660776254965053766e+01 -4.235416254467792641e+01
-3.658172370064281154e+01 -4.260000309640677330e+01
-3.616495361959157862e+01 -4.324924057681235467e+01
-3.218772475858261828e+01 -4.536143367446273800e+01
-3.105399228939488765e+01 -4.575911747761409032e+01
-2.751681045273206649e+01 -4.645933329470105377e+01
-2.742649394426912934e+01 -4.646135920123705176e+01
-2.003124099774403888e+01 -4.726707220549678823e+01
-1.454928940761859302e+01 -5.081553778668154564e+01
-1.424291882242948759e+01 -5.185658524385105750e+01
-1.414071194211016014e+01 -5.249690731460543702e+01
-1.411806715583015936e+01 -5.407225279560166342e+01
-2.192551356858214717e+01 -5.723760780667019077e+01
-2.971807975650400380e+01 -5.752811797238052094e+01
-3.003291432843140640e+01 -5.777856026577407533e+01
-3.007675731526698470e+01 -5.785785833106739062e+01
-6.153426511944803678e+01 -6.692561020847028885e+01
-6.225284124447548351e+01 -6.763088772967199702e+01
-6.337457814654396770e+01 -6.886149965310745813e+01
-6.399571363800584578e+01 -6.957342506863096787e+01
-6.423229282980241805e+01 -6.984506826059883622e+01
-6.425834503660402675e+01 -6.987494285391299798e+01
-7.081108053468366847e+01 -7.499768955862238329e+01
-7.038087546102900660e+01 -7.524921614087250532e+01
-7.017733906976722835e+01 -7.537163711374982711e+01
-6.992293441425869105e+01 -7.552863066989819174e+01
-6.932292910328764890e+01 -7.592269595932411619e+01
-6.912163421494932436e+01 -7.606511509054085707e+01
-6.891654890609463280e+01 -7.621745224432530108e+01
-6.843359138299601341e+01 -7.661727063862373655e+01
-8.897397336374116605e+01 -8.760274483818766100e+01
-8.913902899821991355e+01 -8.793984267096816154e+01
-8.916360797827509543e+01 -8.798726585049669779e+01
-8.921864952081214994e+01 -8.809088669846344999e+01
-8.979054047462003041e+01 -8.896603662289012959e+01
-9.631998205454958395e+01 -9.682718130176000670e+01
-8.395901466362585097e+01 -9.190381336991168837e+01
-6.476897327901394874e+01 -8.817243121686114193e+01
-6.416976305467279929e+01 -8.826114912260570122e+01
-6.296467963688596114e+01 -8.845128749638521981e+01
-5.154411678392595775e+01 -8.840146879669012492e+01
-5.141738790066764864e+01 -8.849860087622346327e+01
-5.137043220918738484e+01 -8.853165979897015347e+01
-5.102128709655880812e+01 -8.872972958778431973e+01
-5.081267377092265036e+01 -8.881340060174080975e+01
-2.832868671650957637e+01 -8.553259833816596824e+01
-2.575456387758627130e+01 -8.579772179676544397e+01
-2.546071654934760176e+01 -8.592890428912011203e+01
-2.263268151439126186e+01 -8.597929254740046190e+01
-2.045608451922456084e+01 -8.580946428284923400e+01
-1.848486490788660674e+01 -8.595543450511337369e+01
-1.750599866110428593e+01 -8.673075046596734694e+01
-1.980531266498503129e+01 -9.275455961151421036e+01
-2.380272543557899567e+01 -9.803301369520598030e+01
-2.467945492282509079e+01 -1.010518649409279561e+02
-2.464292243595346932e+01 -1.014600493708926905e+02
-2.463453497828830052e+01 -1.016275460726538853e+02
-2.558596771453900587e+01 -1.061985212546925652e+02
-1.240259691090437855e+01 -1.136451762271373980e+02
-1.172707499194154757e+01 -1.167562943370704147e+02
-1.118728533991300544e+01 -1.197440251363489665e+02
-1.116631715101200051e+01 -1.204178238464517108e+02
-1.099766157282340728e+01 -1.209373505336504309e+02
-1.069383122892575777e+01 -1.206836030668356159e+02
3.159767931678279496e+01 -1.034441534158063263e+02
5.206459081094499908e+01 -9.576940187971734986e+01
5.949212053299655878e+01 -1.062152593179151268e+02
7.120664722387225254e+01 -1.092619841991343606e+02
7.281990200673848790e+01 -1.086691084914513539e+02
7.344775860346862828e+01 -1.084847060983921523e+02
7.384662314329656851e+01 -1.083842700829224270e+02
7.416095328103274653e+01 -1.083150208118794069e+02
7.449471256508697081e+01 -1.082515495704637232e+02
7.481280777181514452e+01 -1.082011029974829910e+02
7.516935162432118034e+01 -1.081566517415297284e+02
7.549267298944481297e+01 -1.081277468730232272e+02
7.578516832592282526e+01 -1.081111925841480712e+02
7.610033692154419782e+01 -1.081037789750420473e+02
7.637205057264328900e+01 -1.081062194360225135e+02
7.671446273357925350e+01 -1.081211240605132673e+02
7.708378999010527366e+01 -1.081521889662027291e+02
7.742186816226424639e+01 -1.081943947807013444e+02
7.771152736666152805e+01 -1.082406170932470673e+02
7.796417140595141859e+01 -1.082878892470059213e+02
7.815152214680222187e+01 -1.083268394681498279e+02
7.836811945567947646e+01 -1.083757504814565209e+02
7.880881388601103765e+01 -1.084871293398215215e+02
7.913361397938153630e+01 -9.158059330491363426e+01
7.913375694251220693e+01 -9.158060333954031762e+01
7.913386615751065278e+01 -9.158061100349344485e+01
7.913418567572341544e+01 -9.158063341571381955e+01
7.913475655024974742e+01 -9.158067342430780400e+01
7.913578995074243494e+01 -9.158074573494809556e+01
7.913634191004447871e+01 -9.158078429777637552e+01
7.913698002424396805e+01 -9.158082882807610758e+01
7.913789191976579218e+01 -9.158089236768861952e+01
7.913851078559278562e+01 -9.158093542489284289e+01
7.913890328153607356e+01 -9.158096270553815543e+01
7.913928314791104413e+01 -9.158098908839863839e+01
7.914014723042502908e+01 -9.158104902843284378e+01
7.914068634998052687e+01 -9.158108637488554393e+01
7.914068894045911406e+01 -9.158108655424052813e+01
7.914070190317187325e+01 -9.158108745171632847e+01
7.914070407906906723e+01 -9.158108760236272872e+01
7.914070463819268753e+01 -9.158108764107308275e+01
7.914070526452775312e+01 -9.158108768443668168e+01
7.988762521639314684e+01 -9.160127467001802870e+01
7.988762532932985039e+01 -9.160127466909229099e+01
7.988762551609522689e+01 -9.160127466756135561e+01
7.988762588931905384e+01 -9.160127466450204281e+01
7.988762649199929911e+01 -9.160127465956185233e+01
7.988762702025405815e+01 -9.160127465523169121e+01
7.988762744236373692e+01 -9.160127465177160389e+01
7.988762776356445272e+01 -9.160127464913867357e+01
7.988762809559624145e+01 -9.160127464641695383e+01
7.988762850938431370e+01 -9.160127464302503597e+01
7.988762906305500167e+01 -9.160127463848645846e+01
7.988762979345874271e+01 -9.160127463249912694e+01
7.988763092802223298e+01 -9.160127462319866254e+01
7.988763973818458908e+01 -9.160127455097497773e+01
7.988764228639905696e+01 -9.160127453008416865e+01
7.988764435877187964e+01 -9.160127451309402602e+01
7.988764549353145128e+01 -9.160127450379066261e+01
7.988764621953733069e+01 -9.160127449783843190e+01
7.988764712725605932e+01 -9.160127449039634939e+01
1.223276428816464971e+02 -8.969619503777089164e+01
1.223243104510512040e+02 -8.968665888646685858e+01
1.223229774401718402e+02 -8.968292591366763133e+01
1.223212952429842773e+02 -8.967827844539230853e+01
9.185856191941810778e+01 -8.673931510674719902e+01
9.105134238144064796e+01 -8.615039489634273195e+01
8.497349399351089971e+01 -8.547425121164719997e+01
8.400295862001883052e+01 -8.445782315587278788e+01
8.361818153008378829e+01 -8.254592985884900713e+01
8.304614264196375473e+01 -8.150777868672969362e+01
1.003701484796483925e+02 -5.772670115835329341e+01
1.003756458447674476e+02 -5.771636518145400885e+01
1.003770595128110585e+02 -5.771371014490195250e+01
1.003772119639488096e+02 -5.771342389495004710e+01
1.003779781388263075e+02 -5.771198549734306482e+01
1.003781270361591140e+02 -5.771170600210260204e+01
1.003785430167403092e+02 -5.771092523543140373e+01
1.003785722832698042e+02 -5.771087030810716101e+01
1.003786796166344288e+02 -5.771066886962204734e+01
9.985946123683295639e+01 -5.260127744862583654e+01
9.929018494159760166e+01 -5.255618192406937794e+01
9.912083140980178086e+01 -5.245796962208903125e+01
9.880091798699773165e+01 -5.220592856228006440e+01
9.860490667150686761e+01 -5.202228577062199832e+01
9.839969954773562222e+01 -5.181399263918479647e+01
9.809265947136621833e+01 -5.148047302702087080e+01
9.792193767842269381e+01 -5.128680704231778265e+01
9.767559950488949028e+01 -5.100010987444071731e+01
9.753416352049934801e+01 -5.083265298066292814e+01
6.291019666457710713e+01 -5.906422098645559515e+01
6.015308804633602335e+01 -5.542646923119713875e+01
5.706993956552770442e+01 -5.415369035450767399e+01
5.424697410100586836e+01 -5.247909347079150422e+01
5.311304969285433231e+01 -5.104393887551986353e+01
5.431118909280265683e+01 -4.066531264355364073e+01
5.319841604889234077e+01 -3.747931458929183890e+01
5.260814198107424033e+01 -3.744051652734174951e+01
5.234723041754930506e+01 -3.742847649057859627e+01
5.190367470968894992e+01 -3.741376154191215875e+01
4.879799318613878256e+01 -3.743930497421242620e+01
4.764976706068549106e+01 -3.746092671695048182e+01
5.096930498642106500e+01 -2.105153201770742655e+01
5.064816022691577047e+01 -1.710271935257366138e+01
5.037232906531967558e+01 -1.576228286253622279e+01
5.023095253478380329e+01 -1.542113659974740258e+01
4.932492373523127327e+01 -1.418670134979582897e+01
4.844532016877894876e+01 -1.270447669792696033e+01
4.843979167212676629e+01 -9.165864566518793666e+00
4.857868458115287780e+01 -8.183857263791731285e+00
4.871347516984449300e+01 -7.253689747959080947e+00
3.968976464494058831e+01 -1.467174771994048932e+01
2.908989692778543557e+01 -1.916301278670622210e+01
2.876792175616893843e+01 -1.743006293057682043e+01
2.637776510082517945e+01 -1.242042156358979454e+01
1.100467857093518020e+01 -1.157334519172381704e+01
9.316913434419717532e+00 -9.825214296317662743e+00
7.977935113530143951e+00 -7.312307244686916619e+00
8.387969676031955757e+00 -2.842067966594549411e+00
7.551694276607171297e+00 -2.008778938269689895e+00
6.679552217066905939e+00 -1.617810287597604146e+00
5.425985264878383063e+00 -1.227960109023113588e+00
