3.612404533638180482e-01 -1.919166806183040030e+00
-4.491114565307128714e+00 -1.574864321960180780e+00
-4.206357287889971097e+00 -2.292683123350648611e+00
-4.146536079468626568e+00 -2.412086203063942058e+00
-4.126071487831662665e+00 -2.452752836695140992e+00
-4.119722961024346652e+00 -2.465363190797294379e+00
-4.115672128371349103e+00 -2.473409305207316056e+00
-4.109032464509160931e+00 -2.486598152536346085e+00
-4.074260689557293702e+00 -2.555729306122311861e+00
-1.942686109290082186e+01 -6.672104317080320257e+00
-1.943726885764594314e+01 -6.677325706284723772e+00
-1.978359436930002957e+01 -6.844456650994048097e+00
-3.718955968118087441e+01 -1.073271817274583029e+01
-4.280520692088231272e+01 -1.383437082272512342e+01
-4.291130824141005462e+01 -1.416399368500571398e+01
-4.286236864455673157e+01 -1.446657558769894081e+01
-4.214554549265321981e+01 -1.501213544431946723e+01
-4.175422205647324603e+01 -1.514846828154735725e+01
-4.135148835291277436e+01 -1.526477700645121693e+01
-4.106904003417471216e+01 -1.533992779484077573e+01
-4.094404295270605587e+01 -1.537261589533752471e+01
-4.022654632379058626e+01 -1.557262249295158085e+01
-4.516619087268810517e+01 -2.424258552658662325e+01
-4.641931378387590712e+01 -3.252474313066244349e+01
-4.250806394874145866e+01 -6.031769838134142248e+01
-4.435286593933304999e+01 -6.503054880079217526e+01
-4.451676723805156399e+01 -7.205332389711784913e+01
-4.530909780641378148e+01 -7.848389124363590952e+01
-4.534555363297751285e+01 -8.475406778226957272e+01
-4.573184370401147447e+01 -9.258950072295135669e+01
-4.603617451583173903e+01 -9.753340168492447049e+01
-4.648870831021616823e+01 -1.029719918774347320e+02
-4.810909523112506037e+01 -1.117360472788796244e+02
-4.824747708383861067e+01 -1.153665247973620325e+02
-4.828918765576862171e+01 -1.168143732162284181e+02
-4.833028392888716951e+01 -1.180352988973094028e+02
-4.838953981700017692e+01 -1.195525956362239128e+02
-4.845505077802276617e+01 -1.213545142872562650e+02
-4.849308615901896502e+01 -1.230903274992899981e+02
-4.847590509629048938e+01 -1.250101974771919515e+02
-4.767157303549259950e+01 -1.298565744380286731e+02
2.164935881369241244e+01 -5.911262192774652036e+00
2.167693454311747558e+01 -5.950562024152088902e+00
2.169695687122825589e+01 -5.979452653290864284e+00
2.171574087503269368e+01 -6.006882819668102336e+00
2.173847139735975986e+01 -6.040585091579925958e+00
2.177269584524397317e+01 -6.092695883515736099e+00
2.182009590417425926e+01 -6.169128202987225862e+00
2.179263469451683832e+01 -6.481717531125806175e+00
2.179263420346618929e+01 -6.481717458417997513e+00
2.179263379528777023e+01 -6.481717397981248574e+00
2.179261811297077500e+01 -6.481715076342840831e+00
2.179261418012818297e+01 -6.481714494226967993e+00
2.179261278309759220e+01 -6.481714287457406520e+00
2.179261178002990818e+01 -6.481714139000319896e+00
2.179261113063565602e+01 -6.481714042889506366e+00
2.179261088257484857e+01 -6.481714006176646947e+00
2.179261071653433746e+01 -6.481713981602842622e+00
2.179261052412309851e+01 -6.481713953126297056e+00
2.179261017254490795e+01 -6.481713901093580255e+00
2.179260944785653464e+01 -6.481713793842570404e+00
2.179260880950051416e+01 -6.481713699369644033e+00
2.179260854216494536e+01 -6.481713659805899752e+00
2.179260840367301455e+01 -6.481713639310168418e+00
2.178834300935117696e+01 -6.481121594967168775e+00
2.178273608189604715e+01 -6.480673265675235939e+00
2.208987364332952552e+01 -6.676060730133243304e+00
2.212029445511662473e+01 -6.695037295606104166e+00
2.213720733120304729e+01 -6.705607517353764813e+00
2.214898733118887719e+01 -6.712977859197721386e+00
2.215364305921368171e+01 -6.715892576447003215e+00
2.217332249640014652e+01 -6.728223836669679159e+00
2.219066954253039725e+01 -6.739107968037624019e+00
2.220002773898387005e+01 -6.744985080058522264e+00
2.221761095362133887e+01 -6.756037787478678780e+00
2.221973721606079977e+01 -6.757375229673288963e+00
2.221973985686051734e+01 -6.757376890882914822e+00
2.221982530441434633e+01 -6.757430642295424228e+00
2.222059121665646231e+01 -6.757912458683446921e+00
2.222274847727662461e+01 -6.759269669723738438e+00
2.222690955613053276e+01 -6.761888104058701998e+00
2.222762909323571989e+01 -6.762340958889041964e+00
2.222810222099647959e+01 -6.762638742866657893e+00
2.222838065405165153e+01 -6.762813991422892634e+00
2.222841452792755845e+01 -6.762835312199421800e+00
2.222844418097085040e+01 -6.762853976353315311e+00
2.222846969711782705e+01 -6.762870036700135756e+00
2.222848697428604936e+01 -6.762880911292811881e+00
2.222850524387674653e+01 -6.762892410549362410e+00
2.222851809410760282e+01 -6.762900498757541179e+00
2.222852635343284788e+01 -6.762905697355856560e+00
2.222853627752332528e+01 -6.762911943797229597e+00
2.222854886979283506e+01 -6.762919869655196869e+00
2.222856242589663367e+01 -6.762928402179520404e+00
2.222856985853495715e+01 -6.762933080456707380e+00
2.222857488134115655e+01 -6.762936241930235681e+00
2.222857927666608191e+01 -6.762939008453002110e+00
2.222858577612561959e+01 -6.762943099369953082e+00
2.222858910509123831e+01 -6.762945194702066232e+00
2.222859466014755014e+01 -6.762948691190952211e+00
2.222859796817340694e+01 -6.762950773344285516e+00
2.222860226866330891e+01 -6.762953480179727528e+00
2.222860485695009203e+01 -6.762955109312256852e+00
2.222860909466894341e+01 -6.762957776639241025e+00
2.222861558308724739e+01 -6.762961860614596254e+00
2.222863745224638166e+01 -6.762975625631917787e+00
2.222871002393496198e+01 -6.763021304281564561e+00
2.222878526558405454e+01 -6.763068663709595363e+00
2.222888383987409000e+01 -6.763130709780854843e+00
2.222893323555803491e+01 -6.763161801286156738e+00
2.222897153824367322e+01 -6.763185910509835530e+00
2.222913001226102381e+01 -6.763285660964002410e+00
2.222921327397779123e+01 -6.763338069934912156e+00
2.222921386998079285e+01 -6.763338445089199347e+00
2.222921420081307531e+01 -6.763338653331699923e+00
2.222921440625343692e+01 -6.763338782646211023e+00
2.222921456098893600e+01 -6.763338880044526213e+00
2.222921466252513767e+01 -6.763338943956527238e+00
2.222921472871565030e+01 -6.763338985620173105e+00
2.222921479156926239e+01 -6.763339025183399578e+00
2.222921487263768370e+01 -6.763339076211953405e+00
2.222921499601171647e+01 -6.763339153869785569e+00
2.222921521099449294e+01 -6.763339289190780868e+00
2.222921548460526253e+01 -6.763339461415190712e+00
2.222921611947429810e+01 -6.763339861033773381e+00
2.222921720721115335e+01 -6.763340545710243568e+00
2.222921812414374543e+01 -6.763341122873928413e+00
2.222921900140986295e+01 -6.763341675069561632e+00
2.222921993641405081e+01 -6.763342263608492111e+00
2.222922091324350191e+01 -6.763342878474392528e+00
2.222922243639028039e+01 -6.763343837220158861e+00
2.222922336828745671e+01 -6.763344423803510530e+00
2.222922457013973840e+01 -6.763345180310350813e+00
2.222922532855653088e+01 -6.763345657696413049e+00
2.222922592672937370e+01 -6.763346034216807467e+00
2.222922652178958458e+01 -6.763346408777969110e+00
2.222922705361321150e+01 -6.763346743534822458e+00
2.222922753258094275e+01 -6.763347045021493642e+00
2.222922799266896021e+01 -6.763347334624320695e+00
2.222922832099614610e+01 -6.763347541290175791e+00
2.222922859414234154e+01 -6.763347713222308322e+00
2.222922883426594609e+01 -6.763347864368345341e+00
2.222922903054089616e+01 -6.763347987913802761e+00
2.222922919510578410e+01 -6.763348091499334025e+00
2.222922933357560638e+01 -6.763348178659300380e+00
2.222922945635475500e+01 -6.763348255942756460e+00
2.222922956918779391e+01 -6.763348326965622270e+00
2.222922966945075629e+01 -6.763348390076247441e+00
2.222922976449397936e+01 -6.763348449901297244e+00
2.222922985979205990e+01 -6.763348509886770721e+00
2.222922996188149369e+01 -6.763348574147069137e+00
2.222923007528627082e+01 -6.763348645529821290e+00
2.222923020033867658e+01 -6.763348724244186094e+00
2.222923034733700831e+01 -6.763348816772435157e+00
2.222923051486558066e+01 -6.763348922223469728e+00
2.222923072656873344e+01 -6.763349055480242455e+00
2.222923096778066210e+01 -6.763349207311342148e+00
2.222923121207822206e+01 -6.763349361084700639e+00
2.222923152108828759e+01 -6.763349555591418039e+00
2.222923186701788723e+01 -6.763349773337180793e+00
2.222923227454396411e+01 -6.763350029854922063e+00
2.222923268566774624e+01 -6.763350288637243857e+00
2.222923317143535016e+01 -6.763350594404217375e+00
2.222923365610396118e+01 -6.763350899479435796e+00
2.222923428329405482e+01 -6.763351294264981384e+00
2.222923486558495298e+01 -6.763351660788690545e+00
2.222923553201407998e+01 -6.763352080273325129e+00
2.222923608250253480e+01 -6.763352426778972415e+00
2.222923665697823381e+01 -6.763352788383437897e+00
2.222923742858597862e+01 -6.763353274072943400e+00
2.222923804781189361e+01 -6.763353663845523833e+00
2.222923850267805079e+01 -6.763353950161644867e+00
2.222923883040635573e+01 -6.763354156450677834e+00
2.222923898160364331e+01 -6.763354251622019753e+00
1.455524094164536564e+01 -1.094821297382862646e+01
1.425700526132998469e+01 -1.068225837353333141e+01
1.378641028528172008e+01 -1.019971791917964410e+01
1.261910810063981181e+01 -8.634345106919170121e+00
1.231440818610294841e+01 -8.124683297755689537e+00
1.140060286093606301e+01 -6.267286096502762582e+00
1.130692023724250106e+01 -6.057812552332200617e+00
1.119100542476529192e+01 -5.802656248708985665e+00
-2.080098541508716425e-01 -1.238348836101091877e+01
-2.596850105303712963e-01 -1.240101784515267624e+01
-4.596585480083549835e-01 -1.246658921747282989e+01
-1.601782784147964822e+00 -1.272655541697267978e+01
-1.631269323222030998e+00 -1.272903285463941891e+01
-1.958951935657659016e+00 -1.272915086654869832e+01
-2.229154231218378079e+00 -1.266964369437839899e+01
-2.468840526235569488e+00 -1.251057404416567742e+01
-2.662739908898560603e+00 -1.210296105991841209e+01
-2.639956784262363243e+00 -1.112374097717900590e+01
-2.370630535560178664e+00 -1.011815169682807358e+01
-2.099893693387893556e+00 -9.436675228545006178e+00
4.644849061230083009e-01 -4.639365814104993824e+00
8.256647765658668980e-01 -2.885832956772913516e+00
8.442842294279290227e-01 -2.778336560537745026e+00
8.477064412510143532e-01 -2.758380464599643034e+00
9.353725167905887483e-01 -2.225654109207343190e+00
