1.427493733806854692e+01 -1.405486994919709431e+01
1.473848620868927561e+01 -1.497177932927075261e+01
1.727920515699546300e+01 -2.243665843818018857e+01
1.870269683944608019e+01 -2.594039567875163499e+01
2.048558104129390856e+01 -3.009816911680738016e+01
2.247999621705226758e+01 -3.679693844076159337e+01
2.480789333242765693e+01 -4.653384782105010231e+01
2.624492192495605991e+01 -5.159551882635247466e+01
2.765983588400782622e+01 -5.676089887272689083e+01
2.827119033680316917e+01 -5.936718731086769196e+01
2.899029903656864349e+01 -6.229242176646189222e+01
3.089262050038234264e+01 -6.939452383611236996e+01
3.114051662149204347e+01 -7.353185607454892647e+01
3.113610353091020144e+01 -7.358576655320358384e+01
3.238312836145135520e+01 -7.583333398277899562e+01
3.253205929238584559e+01 -8.088489477433601849e+01
2.978298964513125924e+01 -8.802164904977124138e+01
3.081217262339028551e+01 -8.823927822317186553e+01
3.383579919647196732e+01 -8.886350648107236339e+01
3.442516732414770075e+01 -8.899318339589460436e+01
3.675984728009968450e+01 -8.962523371335902311e+01
4.005780425139051459e+01 -9.350031707799927005e+01
3.990897158739219464e+01 -9.877473772047333966e+01
4.068625918740388414e+01 -1.030052488603554792e+02
4.972830672581994804e+01 -1.220350149732729363e+02
4.972616911418802488e+01 -1.235526142427631413e+02
4.960834249833052922e+01 -1.254141471718366319e+02
4.948311753652443912e+01 -1.272421838123151758e+02
5.153085838925326811e+01 -1.309984245571118038e+02
5.190780368148912771e+01 -1.330482640947147104e+02
5.211193314855746195e+01 -1.345946198481601073e+02
5.221802223859771885e+01 -1.378526081586460634e+02
5.176058235807018804e+01 -1.408074239957305451e+02
5.216381526205340435e+01 -1.420114487302416819e+02
5.240212272518054704e+01 -1.433007250238891004e+02
5.224791393592636268e+01 -1.452379914675846635e+02
5.229746366453170481e+01 -1.464881517472069277e+02
4.550853829047090926e+01 -1.573748065928506037e+02
5.877586839668808238e+01 -1.611292444897160578e+02
5.970253282376551596e+01 -1.620721390181465722e+02
6.174167975153159915e+01 -1.655327096999356513e+02
6.212277486699235851e+01 -1.666626208183600966e+02
6.256259083448659908e+01 -1.684683888802609033e+02
6.164840590409591670e+01 -1.743651250756237800e+02
6.099319440706468498e+01 -1.767213067010277996e+02
6.087901822569325816e+01 -1.773976434867122691e+02
7.243387473545239175e+01 -1.778532737644074473e+02
7.539099692991213431e+01 -1.828593963709890886e+02
7.792152548574851778e+01 -1.866436964559970306e+02
8.141221564241413944e+01 -1.897959647178183786e+02
8.363061323698485694e+01 -1.916223236661317628e+02
8.594628371034157510e+01 -1.934136259990074223e+02
8.833095734068267291e+01 -1.950473985723469639e+02
9.466125407366303079e+01 -1.975104184681713662e+02
9.811518856368341801e+01 -1.990065938744034497e+02
9.812547217721981951e+01 -1.990155167498280946e+02
9.812911633092079455e+01 -1.990186820077992991e+02
9.827547650323342054e+01 -1.991468945059521616e+02
9.852959672241448175e+01 -1.993716902259523636e+02
9.960846080634836142e+01 -2.003072354668260004e+02
9.984396851840317311e+01 -2.005045779100033485e+02
9.989023098963671998e+01 -2.005430101383748536e+02
9.996073263423392063e+01 -2.006013622228079782e+02
1.002978434992388372e+02 -2.008766202018037177e+02
1.004023059881565700e+02 -2.009605975729933505e+02
1.005063936864063976e+02 -2.010436227978708530e+02
1.006264177103018653e+02 -2.011385284977590970e+02
1.007569445706856328e+02 -2.012406943428439945e+02
1.009872671813289600e+02 -2.014181893959600984e+02
1.011578590068504013e+02 -2.015472360417167010e+02
1.012734602774509085e+02 -2.016334486768010663e+02
1.013911988355108065e+02 -2.017201818958915851e+02
1.015073421422442834e+02 -2.018046347186113962e+02
1.015915316508416453e+02 -2.018651396290168520e+02
1.018326959598891079e+02 -2.020349521211059312e+02
1.310549420730138763e+02 -1.824856527757074218e+02
1.320520424886750561e+02 -1.809917566676847400e+02
1.334900601652997238e+02 -1.740235558862667915e+02
1.335133148296128809e+02 -1.738873737501010055e+02
1.335133542353589462e+02 -1.738871397438707334e+02
1.337431177350269138e+02 -1.721027449000933700e+02
1.337431177427806119e+02 -1.721027448134132669e+02
1.337431177531587991e+02 -1.721027446973932626e+02
1.337431177738423855e+02 -1.721027444661677634e+02
1.337431178118745834e+02 -1.721027440409981466e+02
1.337431178514632109e+02 -1.721027435984286171e+02
1.337431178797500593e+02 -1.721027432822042158e+02
1.337431179024591188e+02 -1.721027430283351976e+02
1.337431179196873643e+02 -1.721027428357370752e+02
1.337431179338892377e+02 -1.721027426769711326e+02
1.337431179470051461e+02 -1.721027425303456937e+02
1.337431179596219977e+02 -1.721027423892993227e+02
1.337431179727670383e+02 -1.721027422423484552e+02
1.337431179794321849e+02 -1.721027421678371354e+02
1.337431179822051774e+02 -1.721027421368370938e+02
1.337431179839502136e+02 -1.721027421173289440e+02
1.337431179851917307e+02 -1.721027421034499980e+02
1.337431179864104251e+02 -1.721027420898258526e+02
1.337431179876507770e+02 -1.721027420759599522e+02
8.277286566510231580e+01 -9.887214444262095014e+01
8.277286559590659465e+01 -9.887214438770446634e+01
8.277286557734755945e+01 -9.887214437297531333e+01
8.277286553767574162e+01 -9.887214434149018416e+01
8.277286548781522413e+01 -9.887214430191892234e+01
8.277286542245738588e+01 -9.887214425004835050e+01
8.277286532668583163e+01 -9.887214417404025824e+01
8.277286520071503162e+01 -9.887214407406487737e+01
8.277286508061706627e+01 -9.887214397875041527e+01
8.277286495650234599e+01 -9.887214388024804634e+01
8.277286403878193255e+01 -9.887214315190877301e+01
6.053875397898320898e+01 -5.243022931216657412e+01
5.267774684563005394e+01 -2.941602946674977659e+01
4.907994474210938307e+01 -2.206413747916956325e+01
4.500094452645834053e+01 -8.949608087841333770e+00
3.533550982567203391e+01 -9.896313653258647092e-01
3.502151472701164181e+01 -1.406959426234679067e-01
3.487426470863238137e+01 2.039442829675326418e-01
3.481652470674078614e+01 3.317705688252187701e-01
3.478543169703787186e+01 3.991410272405128135e-01
3.476549986480001309e+01 4.418207084627560066e-01
3.475090455021756952e+01 4.728304254526999317e-01
3.474044873879272899e+01 4.949217349801182664e-01
3.473260697529552488e+01 5.114234552169408810e-01
3.472603077055639176e+01 5.252185494745662542e-01
3.472030105037791969e+01 5.372059335950657433e-01
3.471509411863785743e+01 5.480739240700006620e-01
3.471012576017892570e+01 5.584213593784971286e-01
3.470514330642531320e+01 5.687761381339077049e-01
3.469992135581346560e+01 5.796051544552415224e-01
3.469416663994092431e+01 5.915113374987613915e-01
3.468756994965615092e+01 6.051241237107022330e-01
3.468170886641729567e+01 6.171874612693106776e-01
3.467770614813170482e+01 6.254090008927380984e-01
3.467437346203752213e+01 6.322439008352404022e-01
3.467051831101822046e+01 6.401385742809325707e-01
3.466494667862516366e+01 6.515261811435145711e-01
3.465645778226878804e+01 6.688263608606170862e-01
3.464381844352783446e+01 6.944746511579195092e-01
3.462639144488555587e+01 7.296250171546341257e-01
3.449568273727424383e+01 9.858435022533920122e-01
4.456635266974243592e+01 -8.014332909405982264e+01
4.443175213829219672e+01 -7.958742366156390347e+01
4.441183315163552692e+01 -7.948636914485106786e+01
4.440031837080095301e+01 -7.942521579523238984e+01
4.439183856048698829e+01 -7.937886888855497602e+01
4.438419917837075701e+01 -7.933615935758085413e+01
4.437646406008218491e+01 -7.929199855821430276e+01
4.436914160633312321e+01 -7.924936025482170976e+01
4.436165682629914642e+01 -7.920496534201866723e+01
4.435325149000555456e+01 -7.915418038529485045e+01
4.434327318682186814e+01 -7.909271516633396004e+01
4.433250910416622048e+01 -7.902515964786640268e+01
4.432058388330867160e+01 -7.894911516173779376e+01
4.430689558013462914e+01 -7.886081814704321857e+01
4.429059286257488992e+01 -7.875524885664565033e+01
4.427228185419016171e+01 -7.863769665299328437e+01
4.425014917856776719e+01 -7.849937674111549768e+01
4.421935897011535133e+01 -7.831755425429867046e+01
4.418145238134107444e+01 -7.811390056418652250e+01
4.413081397532128136e+01 -7.787543252205438193e+01
4.405365079614998791e+01 -7.756539404587942954e+01
4.391093847394343186e+01 -7.707986455941858139e+01
4.370575649231343363e+01 -7.647932013625579373e+01
4.346395852212442179e+01 -7.584355441928701680e+01
4.322727352327488859e+01 -7.525842706132009141e+01
4.299006776792321460e+01 -7.468686321263577099e+01
4.263496258308212106e+01 -7.381819879111519356e+01
4.176888333260450281e+01 -7.142996085790484528e+01
4.063290469174019393e+01 -6.875980123800263755e+01
3.962686305661082997e+01 -6.658841453485587181e+01
3.918157265772170916e+01 -6.557043725704139092e+01
3.882268965747650213e+01 -6.469802933809414469e+01
3.856464309716439232e+01 -6.402961645365397203e+01
3.834439438704595204e+01 -6.342212449603017177e+01
3.797197604864151543e+01 -6.228659584143492367e+01
3.770767840493481771e+01 -6.138343812001389210e+01
3.668374527383995343e+01 -5.717081442575253902e+01
3.337799641115450555e+01 -4.607578934726957698e+01
3.154083763455162170e+01 -4.008929385600541195e+01
2.921351592803184616e+01 -3.472525233327955618e+01
2.869790348939137559e+01 -3.357635121230575237e+01
2.793564194406910772e+01 -3.234722640876055522e+01
2.754431270600858284e+01 -3.196466559324954204e+01
2.590046563770979304e+01 -2.623196097552991546e+01
2.416101274116645214e+01 -1.787203356085552741e+01
2.158155573374259006e+01 -1.217719480503651219e+01
2.157369491245671611e+01 -2.444325425783717254e+00
2.142053420829753918e+01 -2.171076471550086318e+00
2.115372622479960185e+01 -1.699483934629028470e+00
2.051591933388302280e+01 -5.681289957946455971e-01
2.006523773840411451e+01 2.812441813433300686e-01
1.841817902621827940e+01 2.385860459419257840e+00
1.642255062319738812e+01 3.402674658952086872e+00
1.524308397077035160e+01 3.984310667915096804e+00
1.438218530498025238e+01 4.422897413705002556e+00
1.039505171237362546e+01 6.182753581141982480e+00
8.235379725450126642e+00 6.613597477873532249e+00
3.307156437199219923e+00 7.213812914556151590e+00
4.027403668769798939e-01 5.136342448382292147e+00
