1.338880513947416084e-01 -4.812643450256300359e-01
1.481115419613756312e-01 -5.295667946977662410e-01
2.600419120445847554e+00 -6.560880430887966241e+00
3.175124951022048947e+00 -7.866714285962943976e+00
4.186931031068973574e+00 -1.058169918797921838e+01
4.693101393560561441e+00 -1.523346898983384712e+01
5.379101909141957627e+00 -2.324639829583153983e+01
5.725317200300499287e+00 -2.660649977410213651e+01
1.622914640468041125e-01 -3.595024198481219457e+01
6.420842663990228294e-01 -3.671310310135246624e+01
1.054009626623984452e+00 -3.741328075754157112e+01
1.544626219134664469e+00 -3.910533688584214929e+01
4.967407210856415456e-01 -4.082227275169624647e+01
-2.672811900531824936e+00 -4.139086783142798964e+01
-2.672812155276417023e+00 -4.139086763176879913e+01
-2.672812383114983703e+00 -4.139086745319772831e+01
-2.672812964699089910e+00 -4.139086699737537600e+01
-2.672822968368593344e+00 -4.139085915708103158e+01
-2.672824493959832459e+00 -4.139085796144149043e+01
-2.672828827003716601e+00 -4.139085456558286324e+01
-2.672829830638611348e+00 -4.139085377903130336e+01
-2.672830135625040349e+00 -4.139085354001324646e+01
-2.672830301265554986e+00 -4.139085341020080477e+01
-2.673436744765413930e+00 -4.139037877099288920e+01
-2.673436992299453863e+00 -4.139037857751513627e+01
-2.673491602868295569e+00 -4.139033589788917311e+01
-2.673492685186767304e+00 -4.139033505213146924e+01
-2.673493459631546276e+00 -4.139033444695839847e+01
-2.673494334077501922e+00 -4.139033376364405825e+01
-2.673507215383332802e+00 -4.139032369816709434e+01
-2.673508419540569392e+00 -4.139032275726536625e+01
-2.673509302805066934e+00 -4.139032206710526651e+01
-2.673510250886846684e+00 -4.139032132630158145e+01
-2.673511508533618297e+00 -4.139032034361752466e+01
-2.673513667330976951e+00 -4.139031865681649691e+01
-2.673542295905215305e+00 -4.139029628906165925e+01
-2.673542312976816770e+00 -4.139029627572430314e+01
-2.673585790720955480e+00 -4.139026231155450120e+01
-2.673585806100358564e+00 -4.139026229954149017e+01
-2.673635086863382249e+00 -4.139022380996925676e+01
-2.673635091934424501e+00 -4.139022380600906814e+01
-2.673742756313331359e+00 -4.139013974622965719e+01
-2.673742818786390529e+00 -4.139013969746487476e+01
-2.673780197156772065e+00 -4.139011052330840812e+01
-2.673780818339055898e+00 -4.139011003851041437e+01
-2.673804518508851924e+00 -4.139009154284170933e+01
-2.673805231047814868e+00 -4.139009098680438115e+01
-2.673806450527777656e+00 -4.139009003517431751e+01
-2.673807323378490697e+00 -4.139008935404203982e+01
-2.673807567576083954e+00 -4.139008916348201694e+01
-2.673807713892151661e+00 -4.139008904930410182e+01
-2.673807963270522503e+00 -4.139008885470158106e+01
-2.103923402252372910e+01 -4.196901688559024279e+01
-2.103923359240102897e+01 -4.196901678952369963e+01
-2.103923310931362423e+01 -4.196901668162776389e+01
-2.103923214061386915e+01 -4.196901646527227570e+01
-2.103906310936971735e+01 -4.196897871952883463e+01
-2.103905589883982330e+01 -4.196897710967080997e+01
-2.103897474968905001e+01 -4.196895899360229976e+01
-2.103889989027307905e+01 -4.196894228442639729e+01
-2.103888638570652603e+01 -4.196893927038780703e+01
-2.103809333351942712e+01 -4.196876242223806486e+01
-2.103735683136746104e+01 -4.196859844977253573e+01
-2.103597741621561212e+01 -4.196829202916761403e+01
-2.103579156526391358e+01 -4.196825081322841555e+01
-2.103576479137229072e+01 -4.196824487695900530e+01
-2.103563894383756150e+01 -4.196821697875633816e+01
-2.103540802709248325e+01 -4.196816580799711716e+01
-2.103447708556215900e+01 -4.196795976848472520e+01
-2.103384835864822833e+01 -4.196782084811363944e+01
-2.103382305787016193e+01 -4.196781526169462495e+01
-2.103379526519045228e+01 -4.196780912541222364e+01
-2.103375655857147919e+01 -4.196780058007522740e+01
-2.103365138739242468e+01 -4.196777736480706977e+01
-2.103297305074056567e+01 -4.196762775601717976e+01
-2.103250553354854091e+01 -4.196752477087180466e+01
-2.103229977251887561e+01 -4.196747947846589710e+01
-2.103023049818580503e+01 -4.196702510397517472e+01
-2.102826487381677012e+01 -4.196659537435055398e+01
-2.102392028351598796e+01 -4.196565208869037633e+01
-2.101827133230742106e+01 -4.196443913659084757e+01
-2.101687883652322242e+01 -4.196414249931051188e+01
-2.101458894213180884e+01 -4.196365673214163650e+01
-2.101112690211760992e+01 -4.196292714146952108e+01
-2.100632989129064043e+01 -4.196192587124203044e+01
-2.100205185368997363e+01 -4.196104243458634642e+01
-2.099721448233779242e+01 -4.196005435795627392e+01
-2.099127726592045917e+01 -4.195885749433755763e+01
-2.098546483105880256e+01 -4.195770284676827089e+01
-2.098064434067071105e+01 -4.195675814925697011e+01
-2.097591628676541120e+01 -4.195584300629995056e+01
-2.097159054999757899e+01 -4.195501571971809085e+01
-2.096243396468919684e+01 -4.195329628147757717e+01
-2.095169338574110540e+01 -4.195133494971427268e+01
-2.094468318680332075e+01 -4.195008757271250488e+01
-2.094098274602756504e+01 -4.194943966286163572e+01
-2.093648489248251465e+01 -4.194866200856750993e+01
-2.093028113708257365e+01 -4.194760731432423739e+01
-2.092903619927263392e+01 -4.194739817847773367e+01
-2.092779871632726341e+01 -4.194719113155389323e+01
-2.092585940133553990e+01 -4.194686834042629187e+01
-2.092419985770789026e+01 -4.194659374993731404e+01
-3.145942681250091866e+01 -5.963539918225814773e+01
-2.894304765433784254e+01 -6.206105877308663565e+01
-1.857384034474540613e+01 -6.047567496939059595e+01
-1.014911633091440812e+01 -6.288234023188253730e+01
-1.010587616616019346e+01 -6.689508415244151251e+01
-7.738203526663792964e+00 -8.926428910186284327e+01
-1.506580536048127694e-01 -1.015811066907387499e+02
2.553598663737952634e+01 -1.061700051834231573e+02
7.639578052433296307e+01 -7.995442185128267454e+01
7.818857550183157912e+01 -7.017963471918676532e+01
7.819367532146931410e+01 -7.017208349527265909e+01
7.820722494098174593e+01 -7.015245386271200800e+01
7.830458971066315144e+01 -7.002590792539537290e+01
7.958327325854985190e+01 -5.617667522048346029e+01
7.933527014852022319e+01 -5.534142403633209284e+01
7.927339601495904731e+01 -5.522187207442945578e+01
7.920478140246240173e+01 -5.509780575014384141e+01
7.901769287096568917e+01 -5.478604091678374743e+01
7.884473515224244977e+01 -5.451617489646217507e+01
8.204285505083308294e+01 -4.795867256376729415e+01
8.141820369712515060e+01 -4.788639312748028232e+01
8.081435939877358976e+01 -4.778549643690021043e+01
8.048770204562433150e+01 -4.770742171512193153e+01
8.014211266995216931e+01 -4.759223082543768157e+01
7.981920630080941237e+01 -4.742570227369203195e+01
7.943104095952892862e+01 -4.693007007748674653e+01
7.914173813637721366e+01 -4.466382129569432635e+01
7.827199856038313897e+01 -4.254019227517223101e+01
7.811137935999630599e+01 -4.207588125131094614e+01
7.795363048896240343e+01 -4.138277121372842515e+01
7.763471515068167150e+01 -4.005182858610222496e+01
7.739863076280320797e+01 -3.977295591275267128e+01
7.480192567306148987e+01 -3.814432738731882466e+01
7.421198677460471060e+01 -3.703534307556083860e+01
7.399981030775148838e+01 -3.649684059060361108e+01
7.637690302919546070e+01 -3.254355231803928206e+01
7.911498585445174569e+01 -2.880322837142328041e+01
8.389064941830932298e+01 -2.146977940650909744e+01
8.385819035660308884e+01 -2.144428287051191262e+01
8.383554533236332418e+01 -2.142653894871665798e+01
8.367957085956895469e+01 -2.130543704062612420e+01
7.144369910553774616e+01 -2.545229158036880079e+01
7.134244385762983143e+01 -2.537106336303180854e+01
7.132934154308794916e+01 -2.536048215050649191e+01
7.132653834675301141e+01 -2.535821641946550287e+01
7.132125147592583403e+01 -2.535394141093930642e+01
7.125676544048647543e+01 -2.530161981949141392e+01
7.087657142795309539e+01 -2.499047225195548450e+01
6.965942347579054683e+01 -2.444818452094399319e+01
6.637367829277381759e+01 -2.527974029090818320e+01
6.505006533804045432e+01 -2.430877139792305996e+01
6.367320415052856930e+01 -2.351364280619096547e+01
6.190170884823123032e+01 -2.303139925457341874e+01
6.145911794035716014e+01 -2.286484807524386298e+01
6.122068060850411797e+01 -2.275773004517610687e+01
6.041193066612229501e+01 -2.224525666707135230e+01
5.992079945219141024e+01 -2.194177440899258258e+01
6.254058905007204316e+01 -1.005909203034755350e+01
6.253579996065630553e+01 -1.003383317300168365e+01
6.252678896198805347e+01 -9.983819902096140453e+00
6.251154708528274995e+01 -9.889962194061942213e+00
6.246828708720356360e+01 -9.453237557076816344e+00
6.247138576387608566e+01 -8.983293405434066514e+00
6.249224021182844524e+01 -8.752114357538227196e+00
6.258142239408328322e+01 -8.269010526042039899e+00
5.611188512414158680e+01 -7.310341190725037741e+00
5.532481489882265180e+01 -5.953455462291633360e+00
5.470736885533342786e+01 -4.473823893023771703e+00
5.446657550460891173e+01 -3.933714532616253035e+00
5.435470937362732258e+01 -3.704627919240242040e+00
5.418429105090944375e+01 -3.384076140174770764e+00
5.400336786022756996e+01 -3.079930213959272134e+00
3.595900830132294601e+01 -1.077583799981956503e+01
3.573006831338764044e+01 -9.321119310296344551e+00
3.530910180399985876e+01 -6.988736369710489171e+00
3.505981999006561978e+01 -6.052205753313978143e+00
3.490997606625786176e+01 -5.566607223351121903e+00
3.510085097833083267e+01 -1.473129494545666551e+00
3.539200306897718917e+01 -4.345738139098248576e-02
3.521504326231163162e+01 3.858209760071080741e-01
3.512081838544015966e+01 5.936773198569339494e-01
3.482964420723309473e+01 1.224231670614785106e+00
3.437455907166504687e+01 2.203286145688774234e+00
3.388136469735535883e+01 3.240804956026114958e+00
3.344970419269122175e+01 4.118810272144393991e+00
3.337496650968771661e+01 4.267263822909784565e+00
1.935545870013326208e+01 -9.475638547310902382e+00
1.813124996663876587e+01 -8.068226830017469098e+00
1.758900888718381594e+01 -7.236039640005809126e+00
1.691177235916994093e+01 -6.024513724898898026e+00
1.649756944208081677e+01 -5.210707772361931944e+00
1.610332783904271992e+01 -4.419694618411386777e+00
6.643555140071385701e+00 -4.589722549806709573e+00
3.851536585537237656e+00 -1.519195857361395952e+00
2.904961796478216396e+00 -4.266041852287238423e-01
2.353156292632659241e+00 2.066959759934378360e-01
1.113469338854413238e+00 2.154412910789758051e-01
