-1.674869443107715183e-01 -1.008366304158464094e-01
-3.288334007683941795e-01 -2.075611371121415250e-01
5.433895989769942148e+00 -9.738164795705367638e+00
7.390317951209733671e+00 -1.244102316796510799e+01
1.048138018624329071e+01 -1.726672001661085432e+01
1.533370712539269753e+01 -2.498500527143103511e+01
2.748556790121899596e+01 -3.686904053666970782e+01
3.111456430734424217e+01 -4.292428622027311746e+01
3.338774498781694433e+01 -5.005970879705689214e+01
3.445467536074393422e+01 -5.375744200132383810e+01
3.714190452510310791e+01 -5.667528005529341328e+01
4.056201472833571842e+01 -6.463571842492359565e+01
4.072658891855746788e+01 -6.510280454185107146e+01
4.072723154704408444e+01 -6.510461787141775858e+01
4.073688558971494444e+01 -6.513184895952937836e+01
4.227751271352866524e+01 -6.928330750492897039e+01
4.408332445007945921e+01 -7.422485284330053901e+01
4.478557405298664662e+01 -7.646177465408231910e+01
4.519501885832208643e+01 -7.810174257363433981e+01
3.100057831917268558e+01 -9.919927998250055623e+01
3.100057805649955966e+01 -9.919927896946516910e+01
3.100057770397645385e+01 -9.919927760991245691e+01
3.100057671655527258e+01 -9.919927380180011767e+01
3.100056656131130595e+01 -9.919923463770047078e+01
3.100056636149551181e+01 -9.919923386711866442e+01
3.100056616075947957e+01 -9.919923309298860659e+01
3.100041596784077313e+01 -9.919865405171408668e+01
3.100041594096567721e+01 -9.919865394813270143e+01
3.100041588964971595e+01 -9.919865375035192301e+01
3.100041578974505185e+01 -9.919865336530179434e+01
3.100041573158006258e+01 -9.919865314112377064e+01
3.100041569465137314e+01 -9.919865299879417364e+01
3.100041566146680694e+01 -9.919865287089510275e+01
3.100041562606886103e+01 -9.919865273446531262e+01
3.100041559653730516e+01 -9.919865262064560341e+01
3.100041557052412955e+01 -9.919865252038636072e+01
3.100041555636916968e+01 -9.919865246583071894e+01
3.100041554587952319e+01 -9.919865242540181782e+01
3.100041553650477866e+01 -9.919865238926993811e+01
3.100041552828522740e+01 -9.919865235759039024e+01
3.100041552106682019e+01 -9.919865232976941627e+01
3.100041551464905254e+01 -9.919865230503424414e+01
3.100041550896521159e+01 -9.919865228312775685e+01
3.100041550378622901e+01 -9.919865226316709084e+01
3.100041549879084712e+01 -9.919865224391401171e+01
3.100041549367923821e+01 -9.919865222421300643e+01
3.100041548842552075e+01 -9.919865220396430061e+01
3.100041548371851619e+01 -9.919865218582266664e+01
3.100041547951682830e+01 -9.919865216962868715e+01
3.100041547588578439e+01 -9.919865215563399374e+01
3.100041547273486842e+01 -9.919865214348983784e+01
3.100041547000411413e+01 -9.919865213296503725e+01
3.100041546755913657e+01 -9.919865212354169159e+01
3.100041546532898451e+01 -9.919865211494629875e+01
3.100041546326358244e+01 -9.919865210698590374e+01
3.100041546126595904e+01 -9.919865209928669003e+01
3.100041545930207576e+01 -9.919865209171756248e+01
3.100041545729771997e+01 -9.919865208399244239e+01
3.100041545516764074e+01 -9.919865207578276056e+01
3.100041545291399459e+01 -9.919865206709681615e+01
3.100041545044318525e+01 -9.919865205757389504e+01
3.100041544767453772e+01 -9.919865204690306371e+01
3.100041544471557842e+01 -9.919865203549873911e+01
3.100041544147126160e+01 -9.919865202299457962e+01
3.100041543874033678e+01 -9.919865201246913955e+01
3.100041543625252771e+01 -9.919865200288069218e+01
3.100041543386743470e+01 -9.919865199368815922e+01
3.100041543157666624e+01 -9.919865198485913993e+01
3.100041542967651154e+01 -9.919865197753563280e+01
3.100041542845006148e+01 -9.919865197280869040e+01
3.100041542700353503e+01 -9.919865196723353051e+01
3.005132116083992599e+01 -9.747311547748181226e+01
3.005132115948437033e+01 -9.747311547575100121e+01
3.005132115917785285e+01 -9.747311547535963427e+01
3.005132115888449462e+01 -9.747311547498507878e+01
3.005132115813022864e+01 -9.747311547402202336e+01
3.005132114617535422e+01 -9.747311545875786010e+01
3.005132112996253468e+01 -9.747311543805707856e+01
3.005132110355978625e+01 -9.747311540434564847e+01
3.005132106493091371e+01 -9.747311535502373658e+01
3.005132102259626592e+01 -9.747311530097022114e+01
3.005132101316222659e+01 -9.747311528892470278e+01
3.005132100319114841e+01 -9.747311527619346805e+01
3.005132099267158807e+01 -9.747311526276193661e+01
3.005132098183674927e+01 -9.747311524892785428e+01
3.005132097021268223e+01 -9.747311523408606604e+01
3.005132095809546655e+01 -9.747311521861463746e+01
3.005132094536386944e+01 -9.747311520235872706e+01
3.005132093258847092e+01 -9.747311518604692537e+01
3.005132091966908803e+01 -9.747311516955124944e+01
3.005132090701131986e+01 -9.747311515338961385e+01
3.005132089471640455e+01 -9.747311513769129476e+01
3.005132088272339530e+01 -9.747311512237844511e+01
3.005132087120077955e+01 -9.747311510766618881e+01
3.005132085976953960e+01 -9.747311509307061783e+01
3.005132084840456486e+01 -9.747311507855964408e+01
3.005132083712850743e+01 -9.747311506416220084e+01
3.005132082637249269e+01 -9.747311505042874558e+01
3.005132081563044366e+01 -9.747311503671313915e+01
3.005132080529797278e+01 -9.747311502352049217e+01
3.005132079492186392e+01 -9.747311501027212444e+01
3.005132078491816827e+01 -9.747311499749925190e+01
3.005132077495688492e+01 -9.747311498478053693e+01
3.005132076509730510e+01 -9.747311497219168075e+01
3.005132075560081617e+01 -9.747311496006642528e+01
3.005132074621517191e+01 -9.747311494808268151e+01
3.005132073696634265e+01 -9.747311493627366019e+01
3.005132072791395004e+01 -9.747311492471541783e+01
3.005132071993614318e+01 -9.747311491452923349e+01
3.005132071301679630e+01 -9.747311490569450143e+01
3.005132070707093206e+01 -9.747311489810273599e+01
3.005132070197069183e+01 -9.747311489159066866e+01
3.005132069755826763e+01 -9.747311488595681794e+01
3.005132069363742175e+01 -9.747311488095063226e+01
3.005132069005457751e+01 -9.747311487637598759e+01
3.005132068677063373e+01 -9.747311487218300385e+01
3.005132068358018671e+01 -9.747311486810940551e+01
3.005132068039731408e+01 -9.747311486404545633e+01
3.005132067709633148e+01 -9.747311485983072998e+01
3.005132067359101455e+01 -9.747311485535506392e+01
3.005132066975864547e+01 -9.747311485046185453e+01
3.005132066542337554e+01 -9.747311484492649925e+01
3.005132066058082785e+01 -9.747311483874348426e+01
3.005132065502123595e+01 -9.747311483164490653e+01
3.005132064877255615e+01 -9.747311482366650637e+01
3.005132064157801253e+01 -9.747311481448038251e+01
3.005132063346725602e+01 -9.747311480412446372e+01
3.005132062425740358e+01 -9.747311479236518039e+01
3.005132061377519648e+01 -9.747311477898134058e+01
3.005132060032057950e+01 -9.747311476180229306e+01
3.005132058425466468e+01 -9.747311474128908060e+01
3.005132055479526443e+01 -9.747311470367489505e+01
3.005132050802136234e+01 -9.747311464395326652e+01
3.005132046242994548e+01 -9.747311458574147025e+01
3.005072174679333941e+01 -9.747235016913877814e+01
3.005050788440405896e+01 -9.747207713375124172e+01
3.005033127817945626e+01 -9.747185166905306630e+01
3.005010844941506321e+01 -9.747156720226931270e+01
3.005010023068843950e+01 -9.747155671028156121e+01
3.005008792593068279e+01 -9.747154100210838124e+01
1.375798401890008051e+02 -1.257466157766078538e+02
1.381585009003697451e+02 -1.250519490848590181e+02
1.384393068757890433e+02 -1.247012246829796283e+02
1.386436964009534165e+02 -1.244384309596786267e+02
1.389273833903414186e+02 -1.240606056434031927e+02
1.394158336669608786e+02 -1.233617446569640492e+02
1.398466666306426305e+02 -1.226675962310279431e+02
1.403984387865877466e+02 -1.215650924449914214e+02
1.409109100784571638e+02 -1.192376572974391564e+02
1.407420384025966769e+02 -1.175431118566163349e+02
1.406227409186641069e+02 -1.170545448164036202e+02
1.405000714207044439e+02 -1.166431593376961757e+02
1.403059922180472370e+02 -1.160935466065612331e+02
1.401045157203263898e+02 -1.156021180062789142e+02
1.399052075998228020e+02 -1.151673567118453150e+02
1.396895868333884039e+02 -1.147378420775223589e+02
1.395890824120183140e+02 -1.145490530214021305e+02
1.394271706395422257e+02 -1.142575487021605483e+02
1.595876891479912274e+02 -8.908515607757965427e+01
1.594803358937922724e+02 -8.906188756128531736e+01
1.594453167720009503e+02 -8.905486474989088208e+01
1.594080090648161558e+02 -8.904768864997141975e+01
1.593739570323945429e+02 -8.904141320549567240e+01
1.593397712182214150e+02 -8.903537573090406454e+01
1.593106120495577613e+02 -8.903043331551074857e+01
1.592687250698301966e+02 -8.902366643543551561e+01
1.590492041730485653e+02 -8.899455531453128287e+01
1.395537608124469102e+02 -9.292528515764253427e+01
1.375437664213277458e+02 -9.195617525655821112e+01
1.362281336167040990e+02 -9.133937511152575439e+01
9.799584366552446113e+01 -1.059662077962499609e+02
9.659185098689199833e+01 -1.040733543176687164e+02
9.599478917834795766e+01 -1.030816158494698840e+02
9.576262189972105432e+01 -1.027141397931104052e+02
9.517651077750745969e+01 -1.018823062543192179e+02
9.362744208024295745e+01 -9.991643946545198673e+01
9.296835089690002008e+01 -9.886959569205340870e+01
8.661562112751251163e+01 -8.926836464712647512e+01
8.167161911153426956e+01 -9.054567812343884725e+01
7.346141097952063603e+01 -9.010561598659121785e+01
7.317862986419359572e+01 -9.006210845239137086e+01
7.309867416527232820e+01 -9.005269243777439669e+01
5.662988854722956944e+01 -9.391473881431265625e+01
5.290519025488057281e+01 -8.666406911312058980e+01
5.095910261675661701e+01 -7.615597729198204036e+01
4.825248507394046982e+01 -6.143331215613273599e+01
4.719723209063497649e+01 -5.959407581106764695e+01
4.502046846471125718e+01 -5.721691442405757755e+01
4.202630772264635794e+01 -5.234944177864448278e+01
4.030678751054837505e+01 -4.977193849294833683e+01
3.736294082220771884e+01 -4.623135070771962063e+01
3.303470415840521923e+01 -3.877620498897565682e+01
3.012780965544192213e+01 -3.387732773730532898e+01
2.880772006532131613e+01 -3.060918196307680361e+01
2.518350852227344205e+01 -2.533524945074991663e+01
1.346392277421240635e+01 -1.402242313802361906e+01
1.024449404410898268e+01 -9.690168985351590436e+00
9.019455416207685872e+00 -8.117354119340392415e+00
5.642528775458933943e+00 -3.425991005136514556e+00
