-3.353137521865092764e-03 -1.273214256435334715e-02
-2.038332264817841952e-02 -7.805861653285380009e-02
1.245634012488356923e+00 -2.165147146305953285e+00
2.046043495283245583e+00 -3.927145103837538009e+00
2.364409712545167075e+00 -5.643024203876158218e+00
-2.912578544984230078e+00 -1.499415291613541967e+01
-7.183645627427461822e-01 -2.111876959970844325e+01
3.438814829324639555e-01 -2.382838797487139004e+01
1.330013127393739003e+00 -2.711854969304985019e+01
3.070522020127360197e+00 -2.888186652697600110e+01
3.854108793100736285e+00 -3.104735710849397279e+01
6.574969251326648667e+00 -3.558717751829554743e+01
6.487087349276285053e+00 -3.712372849616865267e+01
6.482522259196693781e+00 -3.719738283870901796e+01
6.590314726758124131e+00 -3.835343878099887149e+01
6.439026016239424166e+00 -4.322996091495119941e+01
7.942983632429858609e+00 -4.720269112751010709e+01
8.542308833079584218e+00 -4.875505323605354846e+01
9.007274600794568542e+00 -5.009564039621146492e+01
9.385947650949079346e+00 -5.133728587845966729e+01
9.462455516073772444e+00 -5.162554536761020785e+01
9.580663066092748537e+00 -5.213238584698124356e+01
1.023431173004914463e+01 -5.797655949200960634e+01
1.061913827875919836e+01 -6.117709447713946957e+01
1.040637173856115183e+01 -6.703577437677188300e+01
1.027300381723538436e+01 -6.874727195943957270e+01
1.009888693139770233e+01 -7.060517523581731325e+01
1.009811700088291175e+01 -7.258566333946311033e+01
1.095074247659499633e+01 -7.569555160080540190e+01
1.016716005666000200e+01 -7.912056744189054314e+01
7.792768225401722759e+00 -8.110689327637743418e+01
9.665415099462622450e+00 -8.288757899322848743e+01
1.082074432093707905e+01 -8.460486279569444434e+01
1.215030337834395979e+01 -8.568483928132197036e+01
1.331861209223256459e+01 -8.704398764806983024e+01
1.302882003030351932e+01 -8.928223710250283318e+01
1.264102543207988738e+01 -9.131825057170817672e+01
1.236223685623593305e+01 -9.300053690504002191e+01
1.359847835148175399e+01 -9.405562808665295904e+01
1.039882819853599649e+01 -1.013018938357952123e+02
2.095659951425986023e+01 -1.069717490687100110e+02
1.813737435885751381e+01 -1.108414497694936216e+02
1.839825987127801810e+01 -1.123548026372467632e+02
1.877137106445449177e+01 -1.156035894641398301e+02
1.890228267648702598e+01 -1.166490481806058739e+02
1.899549159200921977e+01 -1.171810032240812518e+02
1.922825651231124411e+01 -1.180618423879778476e+02
1.993804855022291989e+01 -1.191900636775903592e+02
2.249809391137991454e+01 -1.201954880480193850e+02
2.539202248978175902e+01 -1.221426157898783345e+02
2.744570437942410024e+01 -1.241171034536305768e+02
3.006997967629897772e+01 -1.268400667370069641e+02
3.356829412782443001e+01 -1.294475585119248251e+02
3.540387202287475787e+01 -1.325490473905467184e+02
3.769921750072732181e+01 -1.351924466134664442e+02
3.788029002445085069e+01 -1.361997476310448008e+02
3.832781840489978009e+01 -1.374654414396516131e+02
3.909089861436302016e+01 -1.382962203964043226e+02
4.019038010710779929e+01 -1.389512484397647256e+02
4.934519712668595304e+01 -1.428775781442661525e+02
4.987284435827155704e+01 -1.430912599675710339e+02
5.175675106736522224e+01 -1.438068342082214315e+02
5.529934991646383935e+01 -1.450997188523372188e+02
5.689845841526805970e+01 -1.458323563544702210e+02
5.842552507069585488e+01 -1.470437622987986401e+02
5.942347014497860869e+01 -1.478629871153112276e+02
6.087519309325281824e+01 -1.489708090546198207e+02
6.306687603503524997e+01 -1.504269473349108068e+02
6.735772944749713531e+01 -1.524119904813036896e+02
6.952508921961261024e+01 -1.540663480463202575e+02
7.162806832962392889e+01 -1.557420485218098065e+02
7.393593878956806975e+01 -1.578053905535872445e+02
7.503277204590860094e+01 -1.588571742988846722e+02
7.723937176623753942e+01 -1.601144513931617439e+02
7.893048792871896069e+01 -1.608294333099395033e+02
8.272080771348851158e+01 -1.646807600140093371e+02
8.283833910495884822e+01 -1.646682056156078033e+02
8.340770991472723495e+01 -1.646193868044624082e+02
8.576501636082006996e+01 -1.646117334223081059e+02
8.636017981244822295e+01 -1.646075042021763011e+02
9.010897294307791583e+01 -1.645286828088801485e+02
9.055607060680988241e+01 -1.647895775476681877e+02
9.069121684394252725e+01 -1.649413855737017798e+02
9.075748099914818567e+01 -1.650440843697725484e+02
9.084754350919136812e+01 -1.652356891116255611e+02
9.852315339040083586e+01 -1.604424856978842229e+02
9.869343885618079071e+01 -1.609263009064445384e+02
9.881262266627695112e+01 -1.612861378627824251e+02
9.897942686875411766e+01 -1.617950162750319691e+02
9.906277034509186308e+01 -1.620497236807048580e+02
9.912781187561634511e+01 -1.622490981540734083e+02
9.921786803620675244e+01 -1.625268576256136726e+02
9.927245584741874040e+01 -1.626968261864617205e+02
9.946381523822310555e+01 -1.660127835162109022e+02
9.958850294585722907e+01 -1.672396969175883896e+02
9.982322472315674133e+01 -1.674953300688704871e+02
9.994401113655504787e+01 -1.675769597012478016e+02
1.009736724473283687e+02 -1.723487395282855061e+02
1.012841120808803481e+02 -1.746528528645386018e+02
9.840453153336146386e+01 -1.839571312679669006e+02
9.855071285274840420e+01 -1.840637815195613598e+02
9.885654433818957898e+01 -1.843723856234837228e+02
9.893071003897320281e+01 -1.845917165228961778e+02
9.894116980586811394e+01 -1.846801662217009152e+02
9.894683701822886235e+01 -1.848515015152927674e+02
1.039655176333244953e+02 -1.805842351134965327e+02
1.039708671319044981e+02 -1.805892840195457723e+02
1.039773067778235571e+02 -1.805952878504488979e+02
1.039897013757679645e+02 -1.806065432553277788e+02
1.039974236498596980e+02 -1.806132886799263702e+02
1.040031036294439843e+02 -1.806180781649669029e+02
1.040076307044719783e+02 -1.806217687617022420e+02
1.040155371821833086e+02 -1.806278835272696028e+02
1.040218476957604423e+02 -1.806323876169042535e+02
1.026926327593497064e+02 -1.761740522907960269e+02
1.026614922789187574e+02 -1.731870151677877629e+02
1.023597823237490303e+02 -1.699069881649560330e+02
1.022488454399023396e+02 -1.601020028199374110e+02
1.024992754752725546e+02 -1.582839689745061946e+02
1.034064054266590205e+02 -1.526556700483382656e+02
1.034064878706426782e+02 -1.526550634891580955e+02
1.034135023379362792e+02 -1.526032308363749621e+02
1.036157961762154400e+02 -1.506181895694403181e+02
1.036336601612937187e+02 -1.501723135811132295e+02
1.036346387288851929e+02 -1.501322191754554467e+02
1.081280761500277521e+02 -1.386953040134105493e+02
1.080271669772398440e+02 -1.381462130299357227e+02
1.079624699119512172e+02 -1.366633258749028812e+02
1.076437944839373131e+02 -1.352756809984404356e+02
1.101025329705521045e+02 -1.249491900674920686e+02
1.098838706426442116e+02 -1.244088884042750891e+02
1.097093368750915943e+02 -1.239847314986317457e+02
1.093626581331270984e+02 -1.231661120289240330e+02
1.091382498764703115e+02 -1.226578197462631863e+02
1.077748460519495808e+02 -1.199012622139070459e+02
1.094344652165948730e+02 -1.086859917924586085e+02
1.075856174206144686e+02 -1.068842733722409974e+02
1.068776359846570188e+02 -1.054646546229977275e+02
1.068370714079886454e+02 -1.052491295312986068e+02
1.064698610838448616e+02 -1.039446136982459876e+02
1.053352588897744084e+02 -1.024915930605470891e+02
1.080796824554105058e+02 -9.596559342636521706e+01
1.081048988644975992e+02 -9.483118053565171124e+01
1.074129095289447378e+02 -9.178389265251750828e+01
1.057264742540452573e+02 -9.018228723019130655e+01
1.056422139713611017e+02 -8.946129862265118504e+01
1.056404132829042624e+02 -8.917366538218216476e+01
1.056429482471924501e+02 -8.884965911153446427e+01
1.056049515585869472e+02 -8.793100952244218149e+01
1.047380974983581865e+02 -8.634441327374891273e+01
1.026698108798817941e+02 -8.501893462746706120e+01
1.010080412401160714e+02 -8.348113596028258598e+01
9.797727020687899824e+01 -8.086969520681600443e+01
9.561837317222820332e+01 -7.760177254951265979e+01
9.186662037566178185e+01 -7.348859360385220896e+01
9.047304794828713170e+01 -7.058374480152694730e+01
8.988123131812135114e+01 -6.996067543343896489e+01
8.655450063436802566e+01 -6.662522991506703818e+01
8.552834454080766591e+01 -6.548285208389091849e+01
8.472574901756394183e+01 -6.444109980269318783e+01
8.372219857280815347e+01 -6.312537585607766033e+01
8.298183323643608844e+01 -6.231064965732807082e+01
8.234511922532271910e+01 -6.166809185092706258e+01
8.172908932817227878e+01 -6.007647029078492551e+01
8.075890359981917754e+01 -5.880478324446497140e+01
7.974736041458876912e+01 -5.722487241482243547e+01
7.880926980064066356e+01 -5.631303135323611286e+01
7.215614406377916623e+01 -5.241649886642527889e+01
6.800825867249571388e+01 -4.825778040505841204e+01
6.666166119239700549e+01 -4.488373503590041480e+01
6.191325042182438665e+01 -4.478332176927315089e+01
6.032263690452245442e+01 -4.366314015477470178e+01
6.006358622045000573e+01 -4.342152720313629999e+01
5.983403468517457213e+01 -4.321032109990477466e+01
5.958453806597712799e+01 -4.298549457345610847e+01
5.854417167674239408e+01 -4.212029997290003536e+01
5.812309402134651748e+01 -4.180701940693421648e+01
5.313060295129888289e+01 -3.851397003583508649e+01
5.239048055272542115e+01 -3.745510121997639175e+01
5.067404913579922976e+01 -3.096638095583212547e+01
5.042020646926934546e+01 -2.917372476009233750e+01
4.516639234872554454e+01 -3.131955538081577473e+01
4.295850779723811996e+01 -3.050775773048342998e+01
4.097437106228404957e+01 -2.928859108170997061e+01
3.975966751474732064e+01 -2.810456058834957105e+01
3.622741869554355532e+01 -2.566672928014638089e+01
3.577689914903777435e+01 -2.541402105880665374e+01
3.215572488947994856e+01 -2.476861195781299330e+01
2.824393835344064740e+01 -2.268214989704695839e+01
2.471840427012510588e+01 -2.112235683577774381e+01
2.347939697215409893e+01 -2.013952179697990630e+01
2.044725255080327031e+01 -1.760670973723181731e+01
1.775172337812104217e+01 -1.610078039005981054e+01
1.714960095400234152e+01 -1.492453087374171083e+01
1.645980668497098165e+01 -1.253555480402236988e+01
1.045846307567673072e+01 -7.780000743058151258e+00
8.894718300624155916e+00 -6.037991553146520474e+00
7.992354917590350993e+00 -5.272588388930197212e+00
6.080285960366915710e+00 -3.351339402336760642e+00
