-2.035378433425295341e+00 -6.099345438573937628e+00
-2.870970417556720555e+00 -8.553107989403930134e+00
-6.331593872087020181e+00 -2.353983744904808617e+01
-5.567787932425574127e+00 -2.640998550736236083e+01
-4.606329639499474382e+00 -3.022795289617983983e+01
-5.186585171101643077e+00 -3.637461428171413758e+01
-3.114322383226943547e+00 -4.619676837877067044e+01
-1.267019593355279028e+00 -5.076057277973649917e+01
3.332063771986789602e-01 -5.569167205179863345e+01
8.353151177572294417e-01 -5.837343650428730513e+01
1.343404096280626847e+00 -6.128373212330436814e+01
3.075497162097829751e+00 -6.960393825119903966e+01
2.882016016064289587e+00 -7.333563008459329069e+01
2.794532346498141528e+00 -7.374707803513058479e+01
6.577086376525060452e+00 -8.078409510591770015e+01
8.070050569739521507e+00 -9.621473683344957806e+01
1.703761170847262818e+01 -1.130257743396456789e+02
2.070230897474377585e+01 -1.198894127477362304e+02
2.643235342831116697e+01 -1.263513935211953765e+02
2.867231588091548389e+01 -1.296513968804173942e+02
3.474243933219619151e+01 -1.328570450347973519e+02
4.397024969367173242e+01 -1.400169651436625600e+02
4.533988702599339149e+01 -1.433929008582403242e+02
4.541749540970912591e+01 -1.447914428804554632e+02
4.526126223265123372e+01 -1.480349886343381058e+02
3.766851340101360535e+01 -1.516327076530816669e+02
3.587161017319368739e+01 -1.539142372336051778e+02
3.589598765514680423e+01 -1.564634120326197717e+02
3.325061692051921369e+01 -1.596025957801862205e+02
3.060655702104944353e+01 -1.663479508295236542e+02
2.883053967334547707e+01 -1.697635191717388068e+02
2.571647274495418856e+01 -1.758536054179761834e+02
2.434171806281405281e+01 -1.794562584198695561e+02
2.394453370049825836e+01 -1.812166924872816196e+02
2.375620086180849100e+01 -1.824666158305404053e+02
2.211095532669650154e+01 -1.867573979123359891e+02
1.934551803782791524e+01 -1.895757886721078762e+02
1.902641498778772799e+01 -1.903295860759915286e+02
1.879171524921694569e+01 -1.910809053038408081e+02
1.840337723740834619e+01 -1.930035860636720599e+02
1.829957936488013459e+01 -1.938123926602321205e+02
1.822870871865820064e+01 -1.945338044815734690e+02
1.813908303406523359e+01 -1.959613225621238541e+02
1.811342395867986355e+01 -1.979274113663607011e+02
1.813623509473719508e+01 -1.986637503586887874e+02
1.816543777716643504e+01 -1.991754725766314209e+02
1.822002469143633263e+01 -1.998333089011707102e+02
1.835786266156740254e+01 -2.014996243752243004e+02
1.818070601207740822e+01 -2.036607489136979723e+02
1.782403005285287634e+01 -2.055933679804622614e+02
3.716329216145703640e+01 -1.805248261963307073e+02
3.724466463469871513e+01 -1.806181074414060106e+02
3.728445084226052586e+01 -1.806606117217692145e+02
3.732062513104190060e+01 -1.806980341358788280e+02
3.738308357796075398e+01 -1.807606132847215861e+02
3.744060340744545812e+01 -1.808166097367385134e+02
3.749800399632130876e+01 -1.808714298754947833e+02
3.755809204703714244e+01 -1.809280572440110291e+02
3.768487668891067699e+01 -1.810461777920244799e+02
3.833593290749647053e+01 -1.816598955024639963e+02
3.854111845410499626e+01 -1.818611488169522659e+02
3.864958137326232901e+01 -1.819693380527583315e+02
4.568239582079646510e+01 -1.604507011045307081e+02
4.571904593751103363e+01 -1.604732541583948091e+02
4.572431611399811402e+01 -1.604765027816252712e+02
4.573020382682940266e+01 -1.604801336690669302e+02
4.577893827940034299e+01 -1.605102502020916120e+02
6.617638977267027656e+01 -1.542635486624881480e+02
7.433551511464247596e+01 -1.582947564472244721e+02
7.935076284778089928e+01 -1.602564996642288122e+02
8.251493162004267390e+01 -1.622056175016031148e+02
8.475151271636084971e+01 -1.637942671807174406e+02
8.623935244817543833e+01 -1.649426892756803511e+02
8.769582021919040926e+01 -1.661105128497523822e+02
8.884634799760041801e+01 -1.670166065103661026e+02
9.107243088376746698e+01 -1.683567864238392815e+02
9.107362867510948945e+01 -1.683571987557859302e+02
9.176448919881130450e+01 -1.685420980267063271e+02
9.296680674789716647e+01 -1.687968400976948544e+02
9.360809872189389580e+01 -1.690036588494142222e+02
9.480404145475181110e+01 -1.695601479135237923e+02
9.562604235537260422e+01 -1.700166296495451093e+02
9.600640664661821688e+01 -1.702380999166442734e+02
9.626176359104701419e+01 -1.703891297709654680e+02
9.646516960457582002e+01 -1.705104389739412056e+02
9.666472817106433979e+01 -1.706301095379236017e+02
9.685892790781963413e+01 -1.707470192081926825e+02
9.702524103880656980e+01 -1.708473749454132076e+02
9.728459032801842454e+01 -1.710040610751728991e+02
9.754519264217772445e+01 -1.711614166275901141e+02
9.777640349582213730e+01 -1.713006539270018607e+02
9.803798221330806939e+01 -1.714574097232790564e+02
9.834383836911865728e+01 -1.716391378856129108e+02
9.891001818279860913e+01 -1.719687187476536963e+02
1.022909258174982767e+02 -1.735750652429694583e+02
9.705803634825532811e+01 -1.524525497226089215e+02
9.704680881859019337e+01 -1.525149935333153053e+02
9.704452367051811734e+01 -1.525276556486837762e+02
9.704330185962071198e+01 -1.525344253862632229e+02
9.704223998277154806e+01 -1.525403098582299037e+02
9.704042005001556959e+01 -1.525503992378624787e+02
9.703858446477336486e+01 -1.525605838418312601e+02
9.703671230110667523e+01 -1.525709841219994303e+02
9.703437527868902635e+01 -1.525839911539702030e+02
9.703081713093206417e+01 -1.526038644585243844e+02
9.702435954603592450e+01 -1.526402417871147463e+02
9.700664544110132681e+01 -1.527437882557710509e+02
9.697642222760458708e+01 -1.534605991976289374e+02
1.160223124912151036e+02 -1.390570566158787358e+02
1.172715334862304815e+02 -1.408387125883506314e+02
1.179890873190160505e+02 -1.420113127645928444e+02
1.188051109781984280e+02 -1.434348594391864253e+02
1.198853159739126824e+02 -1.444622567971536000e+02
1.203454982712461430e+02 -1.435561006973508142e+02
1.203885211479954478e+02 -1.365503440238350095e+02
1.249273706232697521e+02 -1.317730759455832299e+02
1.241071283589129308e+02 -1.290809544066400463e+02
1.222107586925126270e+02 -1.237860441698015421e+02
1.209397595200403543e+02 -1.206472875688136384e+02
1.200613140561595742e+02 -1.185939301743253225e+02
1.198579749696446584e+02 -1.181059485572639005e+02
1.183219236984662928e+02 -1.128064397031463955e+02
1.180375377387571945e+02 -1.099068628586821745e+02
1.165167608166441795e+02 -1.070225992459222084e+02
1.156873806094739621e+02 -1.065649713220433199e+02
1.145085103265456326e+02 -1.058594263672946028e+02
1.132643534855385496e+02 -1.048903960515372660e+02
1.116487491354179724e+02 -1.031909899249125147e+02
1.115832760039751577e+02 -8.971633721163502173e+01
1.072230756884660252e+02 -8.802902558287786405e+01
1.065364892664617003e+02 -8.742877960088786438e+01
8.682706789078301313e+01 -9.334696159439593544e+01
8.979894518997743091e+01 -8.759515544634953699e+01
8.738716373072355736e+01 -8.810603635288730118e+01
8.439398316648581044e+01 -8.563533628527217445e+01
8.378608549846970277e+01 -8.210703314056151214e+01
8.372769894815928637e+01 -8.057011390437085652e+01
8.379929980569976067e+01 -7.869154830297021874e+01
8.390621833557189291e+01 -7.770552336312819364e+01
8.531342241859401554e+01 -7.326927909807068318e+01
8.708535747492513224e+01 -7.082222600707183346e+01
9.132100201161979669e+01 -6.117597449832887690e+01
8.164018768340116594e+01 -5.631363325410072918e+01
8.362014999616586408e+01 -5.341465533244168995e+01
8.412016748267377864e+01 -5.257405789740160174e+01
8.533940020560147843e+01 -5.034343943676898192e+01
8.645288133693659915e+01 -4.850693185789747730e+01
8.793695196972329597e+01 -4.709717283579696101e+01
8.817672118994227048e+01 -3.989034504952667248e+01
9.004252418158579019e+01 -3.694029039024407979e+01
8.976631164311780253e+01 -3.692469122081355692e+01
8.965877126167325173e+01 -3.692089961987591806e+01
8.948221755315751125e+01 -3.691720920480342016e+01
7.704899737343784238e+01 -4.554569067028972995e+01
9.057557213967557175e+01 -1.942425836723694843e+01
9.042229595089736449e+01 -1.942903431936910863e+01
9.037552043836893745e+01 -1.943097290352541506e+01
9.032851024273155360e+01 -1.943315087021798959e+01
9.027833689752439739e+01 -1.943573127938561385e+01
9.022044642013406701e+01 -1.943903950980383044e+01
9.017287780654274343e+01 -1.944202535391783115e+01
9.013830771498078320e+01 -1.944434775449119712e+01
9.011723198168824922e+01 -1.944582690438442540e+01
9.010102673250476357e+01 -1.944699695180870691e+01
9.008344060655412022e+01 -1.944829897302968291e+01
9.004813702466226744e+01 -1.945101448247075737e+01
8.991838423170472083e+01 -1.946217227805387751e+01
7.702256732020370578e+01 -2.930414625475239987e+01
7.648086564913967322e+01 -2.945156888419609942e+01
7.647832392020019654e+01 -2.945221023798008986e+01
5.356450685040528725e+01 -5.038507954696262203e+01
5.356628147373221083e+01 -4.864693308475079192e+01
5.445361195196741733e+01 -4.532176979301360120e+01
5.413077024598956655e+01 -4.267954954514750199e+01
5.352747177338508067e+01 -4.246340128230777822e+01
5.175911280638798218e+01 -4.190576341808895222e+01
5.284519679774594891e+01 -3.891305703267283178e+01
5.249335001493672337e+01 -3.265773352818553832e+01
5.225445695643701072e+01 -3.192304241423959610e+01
5.162956415507313324e+01 -2.984628262562717538e+01
5.149141759698672871e+01 -2.938614934362362874e+01
4.238851666081579594e+01 -3.433649494064231789e+01
4.197304111231538570e+01 -3.199005104432747260e+01
4.146119332429511672e+01 -3.043339873700380238e+01
4.059677751421362757e+01 -2.872894205518638699e+01
3.820902840702424896e+01 -2.646747148408825012e+01
3.773011185702716830e+01 -2.622430278054223152e+01
3.594979738970694427e+01 -2.556699734063795404e+01
3.285473733962128762e+01 -2.464551076041746569e+01
3.069640397114647001e+01 -2.321699535836543049e+01
2.930878390467232109e+01 -2.115044880672953909e+01
2.615155604774625431e+01 -1.670215209898018216e+01
7.900307610072331066e+00 -1.663793378694208513e+01
7.576036137272108562e+00 -1.487620784016265141e+01
1.152253562657860719e+01 -4.697593852259535296e+00
1.001324587576970693e+01 -1.879981929350954761e+00
9.307934794234810738e+00 -8.917041462396141371e-01
8.891661451747721046e+00 -4.178761558625019301e-01
6.343850111200754149e+00 -2.287167577996656043e+00
