-2.914048952541879345e+00 -4.041760532752875612e+00
-4.386110842579047819e+00 -6.311146481800429697e+00
-7.474882792748895000e+00 -1.383200838263111265e+01
-6.650600594687944067e+00 -1.432983681517166552e+01
-6.259318996061513651e+00 -1.459033962867961876e+01
-5.587194372479286741e+00 -1.507356536408348013e+01
-5.005803647610077789e+00 -1.552240015154696451e+01
-4.775521298078777122e+00 -1.570487122150233006e+01
-4.604390996262535118e+00 -1.584149108518577442e+01
-3.537013101461218056e+00 -1.669807996715226750e+01
3.811461449767107013e+01 -1.301710013361298834e+01
3.925833553300272172e+01 -1.848256333303752186e+01
3.762987565151644986e+01 -2.284585121545260478e+01
3.709198070628449528e+01 -2.400592359594359593e+01
3.674291752012612022e+01 -2.477307013812942671e+01
3.586061574676667618e+01 -2.748220690409955580e+01
4.081412574289236517e+01 -3.075072590908254000e+01
4.132378100255335340e+01 -3.209267589848638380e+01
4.103522861394537102e+01 -3.331141005689289614e+01
2.996701634566187522e+01 -4.601684495511159412e+01
2.996701302418312096e+01 -4.601684513746056382e+01
2.996700540521542777e+01 -4.601684555574298230e+01
2.996695725332471127e+01 -4.601684819933988990e+01
2.991653659205296734e+01 -4.601966518295157016e+01
2.991624611445746496e+01 -4.601968169645660112e+01
-2.633393006510403822e+01 -4.526833577292235589e+01
-2.982779266512177330e+01 -4.750117899352531481e+01
-3.161416294708678620e+01 -4.866978547624854201e+01
-3.290071950800983558e+01 -4.952567228598326210e+01
-3.850163002051715466e+01 -5.351722997292160500e+01
-4.005666926202772515e+01 -5.488068054913613736e+01
-4.088835475193697278e+01 -5.614511306155552717e+01
-4.079126893394624886e+01 -5.650022563765441674e+01
-4.061795199944966583e+01 -5.664357723486579488e+01
-3.709153143669946218e+01 -5.689232299589709640e+01
-3.677546152251360922e+01 -5.689700056560564434e+01
-1.179452244802986272e+01 -5.350258630931141113e+01
-6.136944160959000527e+00 -5.497328681538915163e+01
-4.882971101842015216e+00 -5.548147461024380789e+01
-2.010556466226150363e+00 -5.681170809849484726e+01
4.087226274534580206e+00 -6.158835496626905126e+01
4.584072105850301782e+00 -6.287655915576353749e+01
4.849824250954434923e+00 -6.486209549008238184e+01
2.596503385062323588e+00 -7.347053651861399715e+01
1.007640015334059003e+00 -7.544314105861599273e+01
-2.235068794728172215e+00 -7.838142785335416818e+01
-2.236915203045983791e+00 -7.838339718322666272e+01
-2.654677514566766039e+00 -7.886288171242078704e+01
-2.669870629216343882e+00 -7.888170955084530078e+01
-2.670117822531094198e+00 -7.888201676407980756e+01
-2.670487358936784794e+00 -7.888247607888234825e+01
-3.153139219835228602e+00 -7.954328198864335775e+01
-3.235833156253474563e+00 -7.967062624402409199e+01
-3.267330575658964342e+00 -7.972040725818489193e+01
-3.309633950295284510e+00 -7.978842892594363434e+01
-3.927285495921857716e+01 -9.510360934725035520e+01
-3.428260860802343046e+01 -9.612262935582042189e+01
-3.133647144222399206e+01 -9.680542633393311291e+01
-3.101774865913749935e+01 -9.686617614830559830e+01
-3.058207255623948839e+01 -9.691654352314358789e+01
-2.767685256280224237e+01 -9.640832796616790290e+01
-2.003033765866305060e+01 -9.461569668719955928e+01
-1.694704935297323090e+01 -9.539190241129352898e+01
-1.316510297193039136e+01 -9.776655912006422966e+01
-1.150024920984167842e+01 -9.884911231479300397e+01
-9.457480392639867617e+00 -1.002722569996023054e+02
-7.806975370850834040e+00 -1.014619412111810703e+02
-4.358714180306923147e+00 -1.040563610941408399e+02
-1.065881612996613770e+00 -1.068563207920059313e+02
4.541345815807238395e-01 -1.085008988818248383e+02
4.400374738928043428e+00 -1.120286206048968012e+02
6.915208214880011361e+00 -1.145417088766715352e+02
1.017900989438370907e+01 -1.164971972715859039e+02
1.303630642650349181e+01 -1.189434765156589577e+02
1.416954598140626054e+01 -1.201293586694344953e+02
1.853805086846177019e+01 -1.235607557447330151e+02
1.866752016578101347e+01 -1.235844537401358565e+02
1.880814191061081075e+01 -1.236061366124473011e+02
2.368080437873319966e+01 -1.252378694596302324e+02
2.638246443796447593e+01 -1.268455755076918621e+02
3.260982024467051588e+01 -1.307210610436186187e+02
3.604061523292999425e+01 -1.346807685894042379e+02
3.702922997645015357e+01 -1.376911798026870031e+02
3.851196009711725310e+01 -1.383977714207761096e+02
4.056413698457416928e+01 -1.390169509682440037e+02
6.775431065346478476e+01 -1.192623786743862553e+02
6.967023507495292733e+01 -1.201315782216784669e+02
7.183986528174673936e+01 -1.219545084705430185e+02
7.310585538082754908e+01 -1.392372245124180949e+02
7.434726933920889280e+01 -1.404646388020401844e+02
7.562061055912164420e+01 -1.416145417420902390e+02
7.699735480919412112e+01 -1.427892757890098494e+02
7.863652600028441952e+01 -1.441398101140136419e+02
8.399172441861976779e+01 -1.496630025840054259e+02
8.502232111506060619e+01 -1.562607614303783521e+02
8.539230857752960446e+01 -1.622799556967356409e+02
8.545484441322709301e+01 -1.631300927731827244e+02
8.648225413469863554e+01 -1.704463755763868562e+02
8.795485498601546226e+01 -1.843888370356351345e+02
8.859631185905344353e+01 -2.030797520689800706e+02
8.896909378065335261e+01 -2.036858991700284491e+02
8.961483197072584517e+01 -2.046696256374461029e+02
8.749405226720331541e+01 -2.266629424504866677e+02
8.833371073639867177e+01 -2.268658890337017340e+02
8.951535260956205775e+01 -2.271979294224418879e+02
9.120328179220724962e+01 -2.285527186779675901e+02
9.334682502974759188e+01 -2.324218620528254746e+02
9.519593813916134195e+01 -2.357790808778303813e+02
9.813208166816625067e+01 -2.406284149921957862e+02
9.919305533496510918e+01 -2.422549552258640801e+02
1.001003083981144783e+02 -2.435679504563626949e+02
1.011362867929943263e+02 -2.449039565069016078e+02
1.049470022848565378e+02 -2.442664446945105965e+02
1.084885573534959491e+02 -2.432915530874089995e+02
1.089616511261184826e+02 -2.429794386375566546e+02
1.096449351265544436e+02 -2.423620814222682327e+02
1.079971979435176479e+02 -2.392556987595435771e+02
1.169043586396457073e+02 -2.150850342082812006e+02
1.156569993775881073e+02 -2.117705641750560233e+02
1.150437211729531555e+02 -2.109282765692800297e+02
1.145575782004521841e+02 -2.102717755330855880e+02
1.139764350507822712e+02 -2.094935666718932055e+02
1.131520742975115610e+02 -2.083938413303705488e+02
1.125611144152039458e+02 -2.076040951767121214e+02
1.119663847604662834e+02 -2.068051471254989053e+02
1.112795746436597852e+02 -2.058741378252232153e+02
1.279639620580556567e+02 -1.626926232990917640e+02
1.264777921623077219e+02 -1.620673104109874316e+02
1.251168424663012644e+02 -1.614866120303394155e+02
1.239296071336006548e+02 -1.610139119097238165e+02
1.235146447988498437e+02 -1.608663817503542361e+02
1.229520591067877007e+02 -1.606897698188645904e+02
1.226618098982371379e+02 -1.606093896594067587e+02
1.219272643414380894e+02 -1.604336953340598768e+02
1.184616645172206262e+02 -1.590277979092149963e+02
1.176471583557057556e+02 -1.583371050679864993e+02
1.173674612905459185e+02 -1.581006060243288118e+02
1.169799624894553602e+02 -1.577849939921752593e+02
1.169760527220126818e+02 -1.577819034879962317e+02
1.051069908215466171e+02 -1.519834213255358861e+02
9.962521545381439125e+01 -1.462448044573643529e+02
9.199624530283065837e+01 -1.366647078518328158e+02
8.705030274170503901e+01 -1.290300630203948060e+02
8.071011613821103481e+01 -1.188730029742752095e+02
7.675788179661552135e+01 -1.128100924944465504e+02
7.469778495821384467e+01 -1.077272053357680193e+02
7.484310077834408048e+01 -1.070405547340223364e+02
7.513529741437018572e+01 -1.064685052351339749e+02
7.546667831507458857e+01 -1.048584909815865416e+02
7.502648377265013835e+01 -1.032414408941878179e+02
7.481185037451832898e+01 -1.026205457610597023e+02
7.466019640124177670e+01 -1.021981642877057226e+02
7.437039496270325856e+01 -1.014110856802103200e+02
7.408350930387855726e+01 -1.006454267544660581e+02
7.381000942447850832e+01 -9.992097519256914495e+01
1.085142825140287641e+02 -3.906267607457761670e+01
1.084322890263039767e+02 -3.885229057000914565e+01
1.079460571064121552e+02 -3.771605361411053536e+01
1.077050333810167473e+02 -3.720075828902087522e+01
1.073501399131289986e+02 -3.647697006765940841e+01
1.070563044652671607e+02 -3.590008479309302203e+01
1.069466927310208035e+02 -3.568881242122103714e+01
1.063400374056861892e+02 -3.454648595540152201e+01
1.062041235779758637e+02 -3.429497716343963987e+01
1.056414991008566346e+02 -3.326117113152720606e+01
1.053638212143157489e+02 -3.275064859936005490e+01
1.050070127090805130e+02 -3.208716020091366516e+01
1.045052266252494348e+02 -3.111483433295035894e+01
1.034808625340211989e+02 -2.888447503976727404e+01
1.014829422625744257e+02 -2.756920237396276008e+01
9.968789338668108257e+01 -2.613094805413325261e+01
6.376325258605325530e+01 -4.546691314545687135e+01
6.370230353647230714e+01 -4.543270832555597138e+01
6.363553730264429475e+01 -4.539503223853979108e+01
6.320509112139091457e+01 -4.514767422447216205e+01
6.222062133804677586e+01 -4.456128183027857403e+01
6.126123767242896179e+01 -4.397076523583047702e+01
5.687692096643640127e+01 -4.108875727974269410e+01
5.612992199801751525e+01 -4.056132890983209194e+01
5.376375700860093332e+01 -3.424638708339792004e+01
5.351338699612435335e+01 -3.259062598538721289e+01
5.315853868494741619e+01 -3.165009938244944010e+01
5.297074569516812659e+01 -3.131625509466768165e+01
5.163056801487306302e+01 -2.876109561109808865e+01
7.065607126707848806e+01 1.160575490194484871e+01
6.479113746972653587e+01 1.692869073604236263e+01
6.416716497191450230e+01 1.761468545646171435e+01
6.263044426441861390e+01 1.902879984635753630e+01
5.756713004772333875e+01 1.828346718187990660e+01
5.402859391237866760e+01 1.916000802542384562e+01
5.318549629863467487e+01 1.942555828847234878e+01
4.968210636743835096e+01 2.036673297552357909e+01
4.490447382529919906e+01 2.045489331176256442e+01
3.579904291445520670e+01 1.720878834725024120e+01
3.523999150313986206e+01 1.722989405443727051e+01
1.857637007820089536e+01 8.861706506913044734e+00
1.854561578842274727e+01 8.849515664810983395e+00
9.021028380056055340e+00 4.388520743592800422e+00
7.370356651456198449e+00 4.571203295491473639e+00
