-6.279484421229968028e-02 -1.235272154393365129e+00
-1.508927709266104367e-01 -1.291957179668379085e+00
1.365126233530800981e+00 -7.115557747290384150e+00
2.379382367518228403e+00 -9.604949248526347461e+00
3.264499578568756721e+00 -1.290957920494351363e+01
4.256155280981313460e+00 -1.768999346261970018e+01
4.577202294777874769e+00 -2.647881254101772441e+01
4.187512857118883325e+00 -3.004311395793979855e+01
4.121878880053825078e+00 -3.433503497477995836e+01
4.368245067875615284e+00 -3.606014875293666933e+01
4.652773937336959875e+00 -3.774972591319045279e+01
5.379646245069350741e+00 -4.223099976578501469e+01
1.636637593671022017e+00 -4.804858856106844911e+01
-2.569122520291587275e+00 -5.038135824874470359e+01
-2.821397834798241355e+00 -5.137412064134029066e+01
-2.172454336530756258e+00 -5.461279036570090284e+01
-1.018561199458301481e+00 -5.838737101846590605e+01
-7.429918067240028900e-01 -6.031387837914301997e+01
-2.846046192391685770e-01 -6.154353221762229253e+01
1.625511766397075841e-01 -6.238290467506240589e+01
1.035110435516059413e+00 -6.281983644163324954e+01
2.793163445317741633e+00 -6.553659765160752215e+01
5.338778568261667523e+00 -7.164909676491832613e+01
6.235499005453495336e+00 -7.421044254387670946e+01
5.766354450360692496e+00 -7.838702704405409349e+01
4.524087601578368201e+00 -7.984956420994619464e+01
3.997547373941680693e+00 -8.123681745290608092e+01
3.913293759465270139e+00 -8.278043755948120008e+01
4.213861408783207807e+00 -8.487299534358038500e+01
3.942564904408148330e+00 -8.715111134211207400e+01
3.681633936370760196e+00 -8.857794857074514994e+01
4.430056469190899016e+00 -9.245015727350828172e+01
4.650952192449889999e+00 -9.313993897516780862e+01
6.148212652795892907e+00 -9.452742664496328473e+01
9.988691367137814581e+00 -9.625547558099508194e+01
1.042559521709972969e+01 -9.737623313596975549e+01
1.071654906106125082e+01 -9.894736411759039640e+01
1.088701678770697967e+01 -1.004434867429873748e+02
1.095857953219342562e+01 -1.019695032236863881e+02
1.153512528364897172e+01 -1.051157386516319718e+02
1.343829210057841372e+01 -1.091565983258671224e+02
1.384689277961417631e+01 -1.106560463377600882e+02
1.363346496745010228e+01 -1.131123656611131310e+02
1.434069427699985688e+01 -1.188248840776724649e+02
1.484423312469534650e+01 -1.205223327875069828e+02
1.525807706066262170e+01 -1.216515244925451924e+02
1.587731947874496186e+01 -1.225914676726829668e+02
1.710755035822858972e+01 -1.250825039859208943e+02
1.856386633575174017e+01 -1.272816607327880405e+02
2.685695532724556145e+01 -1.293589195133275496e+02
3.470711554750341321e+01 -1.292654078353439786e+02
3.470414572679354848e+01 -1.292734822463735043e+02
3.463647326887343070e+01 -1.294156859583897301e+02
4.016490406262953172e+01 -1.311793201983590222e+02
4.177438910030944896e+01 -1.329108525798162077e+02
4.199094088988950091e+01 -1.331541518387787733e+02
4.233878257126366407e+01 -1.335302466659057643e+02
4.357544107420756774e+01 -1.347380490799672543e+02
4.436359839162903995e+01 -1.354426090940817744e+02
5.056996140846908361e+01 -1.451304442081545290e+02
5.117617445854141778e+01 -1.469933138242373900e+02
5.138429691000837352e+01 -1.473885992552054631e+02
5.305124970594197009e+01 -1.567695237548696525e+02
5.332975739669807069e+01 -1.570476415192223669e+02
5.414611366967351813e+01 -1.596244555368200793e+02
5.469511354718144247e+01 -1.623867986293003582e+02
5.520054077076638777e+01 -1.651299970205974148e+02
5.595611775679803657e+01 -1.687017319165692584e+02
6.158741787985312754e+01 -1.707965570686266119e+02
6.590803945136264019e+01 -1.719169843508457234e+02
6.700566176079489367e+01 -1.740374513535646770e+02
6.795797606316791928e+01 -1.761204195349869792e+02
6.824177536177450065e+01 -1.770717168243776882e+02
6.887823835606052114e+01 -1.779406680125928233e+02
6.988217081924140928e+01 -1.790107289708880103e+02
6.988220145471846934e+01 -1.790108305667820616e+02
6.988220987721587107e+01 -1.790108585008263447e+02
6.988224094530288255e+01 -1.790109615511393315e+02
6.988256058649521663e+01 -1.790120226818076503e+02
7.074548260754794171e+01 -1.806672488594396668e+02
7.147922220262019266e+01 -1.815985467440922605e+02
7.188612765193754228e+01 -1.823364342656080055e+02
7.219681050936826239e+01 -1.832898676073086790e+02
7.232110969200626016e+01 -1.837540628943837930e+02
7.240263746182132820e+01 -1.840550797004037804e+02
7.249099742239266675e+01 -1.843647400624758461e+02
7.257543349584712189e+01 -1.846367652463501656e+02
7.267200373433605876e+01 -1.849135480817098198e+02
7.278476402689372549e+01 -1.851870928482802867e+02
7.290601390769046475e+01 -1.854220017358520067e+02
7.299236044848849758e+01 -1.855547453578123225e+02
7.310058998820287002e+01 -1.856911495404536652e+02
7.346843716607469332e+01 -1.860268038364392851e+02
8.246217342731182498e+01 -1.660743388210336207e+02
8.246217474726608998e+01 -1.660743371977532945e+02
8.246217576188098519e+01 -1.660743359499761880e+02
8.246217739417058112e+01 -1.660743339425744125e+02
8.246218087453867440e+01 -1.660743296623672336e+02
8.246218667665807800e+01 -1.660743225267615344e+02
8.246218808157379954e+01 -1.660743207989434893e+02
8.246218889984538691e+01 -1.660743197925998516e+02
8.246218952953331893e+01 -1.660743190181828197e+02
8.246219026570547328e+01 -1.660743181128055141e+02
8.342734757159594494e+01 -1.516784526593975215e+02
8.347483450400083882e+01 -1.516684279106669635e+02
8.507440054049376954e+01 -1.456496317968528444e+02
8.507520548364415447e+01 -1.456484042716318754e+02
8.507548533035776472e+01 -1.456479778444159194e+02
8.507575057635573046e+01 -1.456475738240270061e+02
8.667277676873007408e+01 -1.372415848648861356e+02
8.668338425611125331e+01 -1.372235952935988621e+02
8.669422099387900005e+01 -1.372051965156929327e+02
8.683001775286976454e+01 -1.369725098423916165e+02
8.771794218085966577e+01 -1.351589463669842814e+02
8.874614511277138718e+01 -1.324943888385502930e+02
9.011911828292345206e+01 -1.295097585851394513e+02
9.028977095031520150e+01 -1.282815054861141562e+02
9.113030301778398723e+01 -1.234701334640101464e+02
9.103004315160693238e+01 -1.228330711096047594e+02
9.189160240947283853e+01 -1.199223646191891817e+02
9.189757597186498117e+01 -1.198475332474124997e+02
9.190243083998491613e+01 -1.197464703728898172e+02
9.412713637299511049e+01 -1.103525058450126579e+02
9.409063261679159496e+01 -1.077548562387010236e+02
9.408649566311255796e+01 -1.074875840565122047e+02
9.407913105078282001e+01 -1.059560097739049951e+02
9.407884820671890225e+01 -1.041947152884248453e+02
9.403793239408835802e+01 -1.007537226680768470e+02
9.379654736570120122e+01 -9.626169519329394575e+01
9.392604506213508841e+01 -8.712653034975457444e+01
9.361614453521917767e+01 -8.526575981043561114e+01
9.349559058017148061e+01 -8.461375011134235535e+01
9.308571433912145210e+01 -8.255340595153779759e+01
9.277256915557384787e+01 -8.109837423394002087e+01
8.979834503283370850e+01 -7.499775245910808508e+01
8.898733383857469903e+01 -7.123661546254733423e+01
8.814068447920053018e+01 -6.965836982270698741e+01
8.740717678456145734e+01 -6.743420711151202340e+01
8.749456667309432589e+01 -6.696312099824035613e+01
8.652179164992045912e+01 -6.324496968862455049e+01
8.478005906824279236e+01 -6.124429960028841435e+01
8.296584442417992022e+01 -5.824899588098257652e+01
8.146521286350724722e+01 -5.612257770347769537e+01
8.015645295070140719e+01 -5.202829475650303692e+01
7.911867717157805657e+01 -5.014715720580627334e+01
7.861068497362177254e+01 -4.827451150050838180e+01
7.846894826550786206e+01 -4.766401102094989994e+01
7.829963778237396355e+01 -4.690230869482965659e+01
7.781978260613693976e+01 -4.464244011133106937e+01
7.727223925607938781e+01 -4.226098379748950151e+01
7.605015562222517644e+01 -4.130394755529795248e+01
7.524925120342109608e+01 -3.966814000056397305e+01
7.409278339851645967e+01 -3.302724976044791561e+01
7.337779126794374918e+01 -3.298131184305687214e+01
7.275161536537045492e+01 -3.186999505140701672e+01
7.239043522708180944e+01 -3.127569197044814686e+01
7.016458228421785748e+01 -3.113621945966986004e+01
6.504852727709281623e+01 -2.910553682966283873e+01
6.311328116145420353e+01 -2.833742134038971372e+01
6.064650702875167809e+01 -2.859781240624826282e+01
5.605209158104650413e+01 -2.916939350250382290e+01
5.409169203769376111e+01 -2.772016064539504754e+01
5.229124544428310628e+01 -2.672498816682185918e+01
5.071649012509035259e+01 -2.578172677934434986e+01
4.965574365718032368e+01 -2.506166506157553897e+01
4.838671588786571931e+01 -2.408155103398261687e+01
4.756919900644452071e+01 -2.339055612436572318e+01
4.329804284937576142e+01 -2.052486878602893938e+01
3.687478995975065743e+01 -1.815240144765119013e+01
3.606744821913780186e+01 -1.593391942531345329e+01
3.410814554913383745e+01 -1.509673362397226803e+01
3.323420305760895133e+01 -1.458568687350323678e+01
3.288666335022318066e+01 -1.390829334964193364e+01
3.223039067612742059e+01 -1.331590785821103040e+01
2.959843906307854411e+01 -1.268042317577923050e+01
2.941617090141678403e+01 -1.262013142593255921e+01
2.888817015653894416e+01 -1.209887371572336612e+01
2.472807056750397692e+01 -8.451227119220419581e+00
2.421921533893089773e+01 -7.611988066924840091e+00
2.135897688273900741e+01 -4.247950213631098926e+00
2.122867790452897907e+01 -3.913359835623241079e+00
2.090281235641471369e+01 -3.453571681291632167e+00
2.069699903775277505e+01 -3.278913803114221981e+00
2.018799464864623161e+01 -2.913934683665902359e+00
1.978271270261036463e+01 -2.547705012106634026e+00
1.942894032714101016e+01 -1.645704652636680088e+00
1.901764595746116271e+01 -1.590039576122377341e+00
1.821448481272699382e+01 -1.475666566939565216e+00
1.742165148722074974e+01 -1.402394831599794722e-01
8.434240938288635192e+00 -6.369836747107542330e+00
7.559936328137095707e+00 -5.668953866841345501e+00
6.474456398617060238e+00 -4.801415108489347716e+00
5.504793598066587634e+00 -4.003887171301611758e+00
5.016162705366931540e+00 -3.588628216985517483e+00
4.420859510700395845e+00 -3.065311411245474460e+00
3.160537544760004813e+00 -1.848468773104282592e+00
2.765536360961978968e+00 -1.406147606009575890e+00
2.568910455743775412e+00 -1.162077450892508690e+00
2.033907633925608582e+00 -1.077605687299643122e-02
