-3.395570207751055780e-01 -2.138535465947644099e+00
-4.194050670854950758e-01 -3.050003466318250478e+00
-7.935697311422481581e-01 -1.205099138747490528e+01
-8.826552326686407657e-01 -1.427277682627219413e+01
-1.001645111492999396e+00 -1.702766221916327183e+01
-8.057803673643891551e-02 -2.401331457527950164e+01
1.144914203630514882e+00 -3.333669280600920359e+01
7.442421586138111556e-01 -3.732087372518704171e+01
-1.884062975620847957e-01 -4.334557566110741078e+01
-2.005707589170294403e-01 -4.476161820230473865e+01
-2.049649275671235893e-01 -4.663007970472757791e+01
-3.340047052462276622e-01 -5.242836602106856247e+01
-3.159752396530364660e+00 -5.937447995515078958e+01
-5.231659171477580195e+00 -6.096798839496596401e+01
-5.580520304492740280e+00 -6.176012505321325108e+01
-9.135786254821949726e+00 -6.604526350958019520e+01
-9.221602551363714539e+00 -6.622578119964887833e+01
-1.061525673661056857e+01 -6.807248886044219205e+01
-1.101199824043538555e+01 -6.841096905363697545e+01
-2.280129206568994960e+01 -7.905117745706640164e+01
-2.280129300191128650e+01 -7.905117809868347933e+01
-2.280129514537736668e+01 -7.905117956765695908e+01
-2.513823877466972334e+01 -8.109594464112272760e+01
-2.692059166521921654e+01 -8.290903323022764937e+01
-2.963852594256617934e+01 -8.557763656270297759e+01
-3.464563086470320741e+01 -8.819231412510129076e+01
-3.781370712603808215e+01 -9.007066755875239039e+01
-4.050849415563173039e+01 -9.118508705940796233e+01
-4.219527399071959906e+01 -9.170164392124135588e+01
-6.724664297478648223e+01 -9.551093718674337651e+01
-6.744732922455014545e+01 -9.554145105530972160e+01
-6.749053364789354248e+01 -9.554798695975888734e+01
-7.765983532128817046e+01 -9.430629585159103101e+01
-7.765983532128817046e+01 -9.430629585159103101e+01
-7.765983532128817046e+01 -9.430629585159103101e+01
-7.765983532128817046e+01 -9.430629585159103101e+01
-9.385228500519122008e+01 -8.927353699888828942e+01
-9.385235593025780076e+01 -8.927366591573849064e+01
-9.385244334026980084e+01 -8.927382482943997388e+01
-9.385249573894238040e+01 -8.927392010907860254e+01
-9.385251106008674071e+01 -8.927394797090590828e+01
-9.385251834361739043e+01 -8.927396121655417005e+01
-9.385252583617710798e+01 -8.927397484260157512e+01
-1.177200665845688690e+02 -9.207846258650306481e+01
-1.175610227156633272e+02 -9.215973683590803489e+01
-1.175345060091972869e+02 -9.217474975909154011e+01
-1.175106113694348835e+02 -9.218869245326526141e+01
-1.174851603618328113e+02 -9.220400079696281637e+01
-1.174503841172048908e+02 -9.222573307571512657e+01
-1.173997059112348182e+02 -9.225924820213208477e+01
-1.172884979986177427e+02 -9.234194594381766308e+01
-1.169799775360181684e+02 -9.531629681871349646e+01
-1.233726228831586553e+02 -1.028662458667124469e+02
-1.200882495985762546e+02 -1.029324668812190140e+02
-1.200834117772541276e+02 -1.029324834007484668e+02
-1.200827738466784922e+02 -1.029324855702952419e+02
-1.200816923391937507e+02 -1.029324892437446692e+02
-1.200812941453135210e+02 -1.029324905947731139e+02
-1.131226813457860345e+02 -1.029272994848383291e+02
-8.882050542935705550e+01 -1.048051644132689262e+02
-8.827649577264206471e+01 -1.048793190523113310e+02
-8.404741353581657393e+01 -1.055470034037515887e+02
-7.822302959728308736e+01 -1.073093701200436101e+02
-7.439881219663952550e+01 -1.079219375689842764e+02
-7.214020594855482216e+01 -1.084357251099403925e+02
-7.187725715506248036e+01 -1.086793161565862960e+02
-6.978351865808497223e+01 -1.091651463981354624e+02
-6.691704016069215299e+01 -1.095366826251101884e+02
-5.931003009540636839e+01 -1.106196870159925822e+02
-5.568321979461801874e+01 -1.123925101643404503e+02
-5.394278571475705775e+01 -1.144751005824432326e+02
-5.504506943965436250e+01 -1.172422317446473556e+02
-5.418701779869737578e+01 -1.176132953433175032e+02
-5.029204198472247356e+01 -1.180010418725863843e+02
-4.532595816751324946e+01 -1.185548814936492192e+02
-3.749899978066548556e+01 -1.265521261472953398e+02
-3.735426836438698928e+01 -1.265633785630628836e+02
-3.548188224307144623e+01 -1.269937998862435933e+02
-3.009417927271135085e+01 -1.297903463099771670e+02
-2.741357242967512775e+01 -1.314694300201999795e+02
-1.724819265794276291e+01 -1.348509043647507610e+02
-1.441408630710725447e+01 -1.362884186857630482e+02
-1.377812753311665972e+01 -1.366510523712103975e+02
-1.126634802682486658e+01 -1.376071024031192849e+02
-8.267947211723745582e+00 -1.382097408915998642e+02
-5.120565943135853004e+00 -1.387960133705135490e+02
-2.202487538191747696e+00 -1.397519006839728206e+02
9.134645357692240397e-01 -1.424608549218121709e+02
6.010756554945015928e+00 -1.438194826743488193e+02
9.476705007550673798e+00 -1.446279322301181480e+02
1.233765525247532047e+01 -1.456616800131455420e+02
1.717215417404509026e+01 -1.437105940039391214e+02
2.962398403767007338e+01 -1.423823119063189893e+02
4.051853422619717549e+01 -1.415094077431409971e+02
4.544564891120950278e+01 -1.420057805731598819e+02
4.838394632841139753e+01 -1.421071101749127479e+02
5.207899003414141959e+01 -1.421575924218312537e+02
5.896570715039194255e+01 -1.429143834405929852e+02
5.974324628714337138e+01 -1.432710113528647184e+02
6.072773138989615660e+01 -1.441044019618832124e+02
8.105832189137889543e+01 -1.408935512149748490e+02
8.831347203522716427e+01 -1.420383437581274677e+02
8.910618711402266001e+01 -1.421899367371918288e+02
9.015908094196782940e+01 -1.424633288586208835e+02
9.970998786443384176e+01 -1.421570583319364118e+02
1.250844936012420590e+02 -1.474720052036473703e+02
1.464937426869968249e+02 -1.539509417115867222e+02
1.464937484487421386e+02 -1.539509438697061796e+02
1.464937678544419271e+02 -1.539509511383360234e+02
1.464938054059097396e+02 -1.539509652038079253e+02
1.464938231028686744e+02 -1.539509718325336394e+02
1.711207203261421341e+02 -1.627737742512134105e+02
1.711233817965952539e+02 -1.627600174502944412e+02
1.711241531420271542e+02 -1.627560802831347928e+02
1.711246194688862943e+02 -1.627537107082498835e+02
1.711253146182997966e+02 -1.627501932420942694e+02
1.711270074879269032e+02 -1.627417007357346961e+02
1.711317233788093120e+02 -1.627185760974510629e+02
1.711338374894909293e+02 -1.627084553130532640e+02
1.711352482431393582e+02 -1.627017834561611096e+02
1.711353081978276123e+02 -1.627015013415169165e+02
1.711375330851752778e+02 -1.626911132709105061e+02
1.711425618280067624e+02 -1.626681977965645558e+02
1.711436049993735082e+02 -1.626635386817723088e+02
1.711444396342731977e+02 -1.626598336579629631e+02
1.711454078826215266e+02 -1.626555604956238028e+02
1.711473151671527546e+02 -1.626472203623438588e+02
1.711506707915808363e+02 -1.626327893047294992e+02
1.711550740014119185e+02 -1.626143031842785547e+02
1.711688548894114206e+02 -1.625594685354983824e+02
1.711782960406879397e+02 -1.625242671823437206e+02
1.711812445616879756e+02 -1.625136287633867482e+02
1.790130668984722320e+02 -1.542190966825492922e+02
1.731935110838820151e+02 -1.566303570994109577e+02
1.674916533466884800e+02 -1.549379657457128019e+02
1.665408460720839514e+02 -1.545324120001767483e+02
1.660416614018320445e+02 -1.543368510351255338e+02
1.660231235516399408e+02 -1.543298683561450844e+02
1.660218415203266034e+02 -1.543293862458508556e+02
1.640527314339619238e+02 -1.537316381597458701e+02
1.568861247730763466e+02 -1.514277153157858038e+02
1.552475571853215683e+02 -1.505982105065471615e+02
1.515461620483875720e+02 -1.489306315943288155e+02
1.493138715320284575e+02 -1.477405549915671941e+02
1.478877094744390206e+02 -1.466638679081353871e+02
1.476022685283143971e+02 -1.464418685656626735e+02
1.476021145660486695e+02 -1.464417486354187474e+02
1.476020435394347032e+02 -1.464416933085877304e+02
1.475346863395687080e+02 -1.463892181955812930e+02
1.462249823149687131e+02 -1.454851454207886832e+02
1.426875037081762230e+02 -1.438636713636397531e+02
1.394335709313299674e+02 -1.423109410983612690e+02
1.349606098743422535e+02 -1.375103768414309968e+02
1.310616647100477792e+02 -1.336613408021895282e+02
1.255332826037740688e+02 -1.295098851953987094e+02
1.235081956114343882e+02 -1.280091886703750390e+02
1.217080915085648201e+02 -1.271342351159932207e+02
1.146457670865637937e+02 -1.236267419542852508e+02
1.118405790468515022e+02 -1.224804559371893902e+02
1.090170794543247439e+02 -1.200881736157635373e+02
1.071679426473207144e+02 -1.193309766311778617e+02
1.046984221957755210e+02 -1.180876721515779479e+02
1.024877686024103838e+02 -1.173804530277160296e+02
1.004759631264604280e+02 -1.161313654008398260e+02
9.961803171847655847e+01 -1.155428563842507117e+02
9.798987944756814272e+01 -1.144031644540326340e+02
9.706939463343687180e+01 -1.137535233895609252e+02
9.206384668708955132e+01 -1.102794979512960936e+02
8.598249286343894937e+01 -1.072364319924107434e+02
8.391136427418449273e+01 -1.048837741526405978e+02
8.077778480383969395e+01 -1.031876886817024825e+02
7.941380752867812021e+01 -1.021185468703854582e+02
7.855816832689384910e+01 -1.014359320346006683e+02
7.733546616328186474e+01 -1.004559469832324083e+02
7.621338697729616740e+01 -9.954882794506802668e+01
7.239361972576564597e+01 -9.636425440501342621e+01
7.068950063801746353e+01 -9.484218969982195802e+01
5.714836611346851925e+01 -8.018918793666209410e+01
5.622457688008321242e+01 -7.981571022620865108e+01
4.761228745168788379e+01 -7.250369320974971288e+01
4.727882568761586413e+01 -7.193777264816911554e+01
4.477771088358616680e+01 -7.039127911119354053e+01
4.302507568112041980e+01 -6.901050665000445861e+01
3.875166455803299215e+01 -6.489752289785600681e+01
3.478297011112560710e+01 -6.069602468548446694e+01
2.739396324228946256e+01 -5.228721938066516373e+01
2.632424983926212292e+01 -5.116824088000798554e+01
2.418670283313223379e+01 -4.900430914113930925e+01
2.068642507098594763e+01 -4.546458483190066602e+01
1.854051457297786243e+01 -4.305267779431243724e+01
1.616572041717424213e+01 -3.922268947832147035e+01
1.139663742528013479e+01 -3.120247918152730549e+01
7.944268467746378626e+00 -2.653378463629257311e+01
6.253922712468188649e+00 -2.338903974402676766e+01
4.174183735119054717e+00 -1.736223659329661473e+01
3.325375715674381283e+00 -1.173545169227319640e+01
2.475818745926003928e+00 -4.896529344888103097e+00
2.422509570329007822e+00 -4.437071601869936543e+00
2.009818449543947949e+00 -7.796434200243576029e-01
