-7.289754838960063044e-01 -2.565299105956557746e+00
-1.124587469588326227e+00 -3.113115841375282411e+00
-1.893167250468652751e+00 -4.248707093279759484e+00
-2.062799191810428479e+00 -4.491986662068367053e+00
-8.896317185743455980e+00 -8.529341883043489503e+00
-8.900244612144115663e+00 -8.997795934672703666e+00
-8.574374682784577928e+00 -9.621270317705061359e+00
-8.413366368277678475e+00 -9.981561388018572956e+00
-1.133326131905811884e+01 -1.318854322255931599e+01
-1.130661961788290881e+01 -1.322213797645562749e+01
-1.127644277807996787e+01 -1.326356181472320195e+01
-1.249321225514056799e+01 -1.482582438725599516e+01
-2.199711065759275641e+01 -2.178913017007959496e+01
-2.875085105042540690e+01 -2.819702433779934836e+01
-3.006682587239011539e+01 -2.887233122088179726e+01
-3.205809585602856515e+01 -3.053305425510923143e+01
-3.219885523646736658e+01 -3.066510592558851656e+01
-3.994259534101795595e+01 -3.455185234421021079e+01
-3.996869607481019671e+01 -3.460886914909487189e+01
-4.187604532828417092e+01 -3.616668325642305604e+01
-4.187604595343817948e+01 -3.616668382894059874e+01
-4.187604680659188006e+01 -3.616668461026102932e+01
-4.187621821184708892e+01 -3.616684158886295819e+01
-5.190826566314368762e+01 -4.062848241506235780e+01
-5.554117144969871589e+01 -4.314509999580517530e+01
-5.804197968882046865e+01 -4.524425599517076080e+01
-6.021042240459867401e+01 -4.658393895623829195e+01
-6.016910425567188980e+01 -4.778405028105992614e+01
-5.679894423932743308e+01 -5.205313280714715773e+01
-5.767565049228326046e+01 -5.355035782684021228e+01
-5.831163554055329001e+01 -5.424054253282564986e+01
-5.831842892349934004e+01 -5.490610182893741609e+01
-5.820196052611048998e+01 -5.549485464259327472e+01
-6.216244919076025610e+01 -5.867918236886931993e+01
-6.216248704174720530e+01 -5.867953075024755094e+01
-6.216251791109642966e+01 -5.867981313242801633e+01
-6.216256048804220313e+01 -5.868020009782764390e+01
-6.925036234069486341e+01 -6.386362779645699561e+01
-6.926282193602190773e+01 -6.391000181639287803e+01
-7.585887984503622761e+01 -7.022158470571355338e+01
-7.585976410670113523e+01 -7.022310725136759402e+01
-7.845533471701772044e+01 -7.281960430814122276e+01
-7.845643711239489448e+01 -7.293393892107826559e+01
-7.840764297444130193e+01 -7.325839499038832514e+01
-7.570674105375314866e+01 -7.425497262243582952e+01
-7.535685626090314315e+01 -7.476881410990479537e+01
-7.305625462240855938e+01 -7.556716248917261680e+01
-7.075871641923848188e+01 -7.605175913330744208e+01
-7.004848185097478108e+01 -7.649702244570659104e+01
-6.828290305852682707e+01 -7.716218920821725646e+01
-6.704016169664879499e+01 -7.758805554492273870e+01
-6.668800152065826126e+01 -7.771410361431659908e+01
-6.643067273804165040e+01 -7.781039792434467017e+01
-5.212236760957343762e+01 -7.561853486541137670e+01
-5.212087018973831931e+01 -7.561882755094742947e+01
-5.211809517664571700e+01 -7.561936711506689335e+01
-5.211458279596040910e+01 -7.562004475835948369e+01
-5.211183349179030699e+01 -7.562057105348135622e+01
-4.438557976992878906e+01 -7.606303235258486950e+01
-4.000463220479814908e+01 -8.200338498904719131e+01
-3.940176535524798140e+01 -8.262247650859504233e+01
-3.855767103805670359e+01 -8.367976835664514113e+01
-3.616993687065343721e+01 -8.538806656083262681e+01
-3.445431488091714556e+01 -8.551898079275501630e+01
-3.370507548913570162e+01 -8.629691565255794217e+01
-3.357099933122365343e+01 -8.718374514665043762e+01
-3.386756531608003229e+01 -8.831743901342868241e+01
-3.338285388668032283e+01 -8.883803334355130232e+01
-3.205589032401445593e+01 -8.938393974635260975e+01
-3.127502275807539078e+01 -8.967534558804344158e+01
-3.090103426286517418e+01 -8.984657894466874950e+01
-3.069536305457412695e+01 -8.996847550352117651e+01
-3.056203695887868932e+01 -9.006758970544056808e+01
-3.048531880223835344e+01 -9.013638555978990041e+01
-3.042061271001617584e+01 -9.020543250513834721e+01
-3.039295373136949863e+01 -9.023975513277710547e+01
-3.035367396059656997e+01 -9.029679139589327974e+01
-2.674238839657813571e+01 -8.182398521487978371e+01
-2.466992319211940199e+01 -8.116448914688879768e+01
-2.368862153340577947e+01 -8.184721592701480120e+01
-8.861741227264955612e+00 -7.521615717819696556e+01
-8.546208168451482123e+00 -7.523143346226974870e+01
-8.510080711678106979e+00 -7.523138372529552953e+01
-6.721707457093801352e+00 -7.477502003607668257e+01
-5.018394998377370797e+00 -7.406225876646919914e+01
-3.500829648764567370e+00 -7.396751947961905671e+01
-2.544771941288084705e+00 -7.463305538302745390e+01
3.161235899704201158e-02 -7.448486891714867397e+01
1.362210852917441706e+00 -7.775920524927815336e+01
3.814096662688601924e+00 -7.695455266582088427e+01
5.612259013859052459e+00 -7.676691378224626305e+01
6.965688682709299862e+00 -7.696816344511678665e+01
9.110480956294109589e+00 -7.744365556323467104e+01
1.372025605872398657e+01 -7.760714802505739840e+01
1.671625762011131400e+01 -7.731748169389014436e+01
1.819956091615786420e+01 -7.702846510648649314e+01
1.977723775196831468e+01 -7.669382026033771638e+01
2.394812867619234353e+01 -7.643423185669330167e+01
2.403284738997309233e+01 -7.653908689782350905e+01
2.709735448899940380e+01 -7.691695281146927243e+01
3.109223825154943555e+01 -7.603408925859332612e+01
3.264045201436390187e+01 -7.672639393257523466e+01
3.274970350579036449e+01 -7.692232413230628651e+01
3.327297029719368027e+01 -7.716533598371400160e+01
3.467118319323422782e+01 -7.662511382583348052e+01
3.836762624451142045e+01 -7.516718156944034490e+01
3.908621161967262481e+01 -7.509886239667353891e+01
3.992342819428202461e+01 -7.505676338791695912e+01
4.160472731529778656e+01 -7.458554969848823646e+01
4.365711904062067106e+01 -7.373707783636467639e+01
4.487392929962980048e+01 -7.322093890478451783e+01
4.580229554561403660e+01 -7.282521166101243182e+01
4.930415305451028729e+01 -7.130405263715542219e+01
5.291146666599706094e+01 -6.965478563965794478e+01
6.256245542618461997e+01 -5.408766047029082102e+01
7.196490503587095589e+01 -4.379469081053611035e+01
7.196522358287664645e+01 -4.379436873845919109e+01
7.196529482416224255e+01 -4.379429671106901623e+01
7.196541982120393754e+01 -4.379417033675597537e+01
7.196911135952656480e+01 -4.379043927335106190e+01
7.196911137800471181e+01 -4.379043925468064913e+01
7.196911138704973609e+01 -4.379043924554149925e+01
8.202168479957872194e+01 -3.758474295024458200e+01
8.202168481038771120e+01 -3.758474293049391690e+01
8.202168481768471509e+01 -3.758474291716049720e+01
8.202168482538280614e+01 -3.758474290309419530e+01
8.202168483359743334e+01 -3.758474288808403685e+01
8.202168484209809662e+01 -3.758474287255126711e+01
8.202168485105266882e+01 -3.758474285618905242e+01
8.202168486123493096e+01 -3.758474283758356904e+01
8.202168487227056914e+01 -3.758474281741874989e+01
8.202168490587622784e+01 -3.758474275601297165e+01
9.333340234457143936e+01 -2.854632674750216026e+01
9.327592120208194615e+01 -2.853927395640643994e+01
9.325647128989697876e+01 -2.853685902336772529e+01
9.323082388474342963e+01 -2.853365226290262058e+01
9.322703863363001631e+01 -2.853317681645561521e+01
9.322694752349514147e+01 -2.853316536566876849e+01
9.322693320254171567e+01 -2.853316356577160562e+01
9.322689078502664017e+01 -2.853315823457355904e+01
7.186493545822767715e+01 -2.808813700849182737e+01
7.112577630091554681e+01 -2.744710539223118317e+01
7.071299792369227077e+01 -2.695165669181522716e+01
7.021591314503019987e+01 -2.610408374710030444e+01
7.008376542650243834e+01 -2.568821373688291132e+01
7.007144039621768172e+01 -2.511604574128929102e+01
7.012462319441723935e+01 -2.485845814101703510e+01
7.019580933724047611e+01 -2.459566898803387858e+01
7.026869682523069116e+01 -2.384846481512439098e+01
6.984014597221202791e+01 -2.284502321743807585e+01
6.912138401985687608e+01 -2.224522031221813734e+01
6.773258778433756788e+01 -2.229868718974847042e+01
6.679971806178518534e+01 -2.117210438252103444e+01
6.454336332966263967e+01 -2.119781773318796425e+01
6.298419048453667557e+01 -2.060965582865622636e+01
6.276047542967158677e+01 -2.026438206420175447e+01
6.273100694203201044e+01 -2.020913132405082280e+01
6.256863382713400767e+01 -1.176824295750224003e+01
6.233077650195469488e+01 -1.166341993874808658e+01
6.219872975462128295e+01 -1.159329087727525120e+01
6.204603856055791056e+01 -1.150260056791926644e+01
6.188351687992867767e+01 -1.139490069546766549e+01
6.172486790304141380e+01 -1.127747535625089803e+01
6.158868450887641188e+01 -1.116324502759833948e+01
6.145934814283636172e+01 -1.103701970041151625e+01
6.134383566528863696e+01 -1.093174867072683831e+01
6.120172273120908102e+01 -1.086120859005514561e+01
5.899643926839885211e+01 -1.055227361133057151e+01
5.769111354474292597e+01 -9.733341607783371430e+00
5.642751079926846813e+01 -9.457097226649203492e+00
5.248028761169073420e+01 -9.353959289350779471e+00
4.966691628264508296e+01 -9.431550693851660228e+00
4.934100103117312841e+01 -8.937731308693646071e+00
4.902631107877486727e+01 -8.372684763579343326e+00
4.783069052576307456e+01 -8.304789301016674230e+00
4.571291393887129573e+01 -7.686987043825352472e+00
4.530324173673614041e+01 -7.520612324194261511e+00
4.142039343255191852e+01 -4.609317149960544313e+00
3.157982328433172015e+01 -6.974182175824914509e+00
2.931968496849819061e+01 -5.068780839027229312e+00
2.921497063375273839e+01 -4.915748826169496155e+00
2.859849569908927691e+01 -4.498265966716417985e+00
2.720538518910770165e+01 -4.490613202214927213e+00
2.649764237254751365e+01 -3.732945400697314842e+00
2.616949930580081229e+01 -3.399323963465443743e+00
1.981505285549993189e+01 -1.629399743838861214e+00
1.959981481908274148e+01 -1.308226199194129968e+00
1.924710769278048517e+01 -6.315945140245720069e-01
1.355351984840886814e+01 -3.087448525825970957e+00
1.174840763020604939e+01 -2.720769895685231532e+00
1.163675639762885083e+01 -2.519304091578169036e+00
1.131876673363751173e+01 -2.066680539437122377e+00
7.702248776603489056e+00 -2.562966565451104461e+00
7.408471744378724466e+00 -2.516545421279941852e+00
7.251049023175704100e+00 -2.475369478864914541e+00
6.600366188152499980e+00 -2.269776198856397809e+00
6.456249263495812407e+00 -2.254626732705413694e+00
2.829009439298544315e+00 -2.748449840765074814e+00
1.644661045187550741e+00 -2.777030508453807833e+00
