4.311425572210980106e-01 -2.043346368207274555e+00
4.969318463611871461e-01 -2.359171590213826164e+00
1.239783266781933069e+00 -9.427889202326491969e+00
1.113935694790176401e+00 -1.178406231812972393e+01
1.253556116367041451e+00 -1.380868289285156081e+01
1.587317926408090552e+00 -1.952248033998007770e+01
1.060136585568181689e+00 -2.885641890598855142e+01
5.302603824332737803e-01 -3.241775417440116769e+01
2.609118747427681684e-01 -3.679643361715811523e+01
2.061215449720553705e-01 -3.854221931204391893e+01
-8.647846587434575294e-02 -4.053574404463591208e+01
-1.971630602597626680e+00 -4.811190593415115302e+01
-5.674211827637267724e+00 -5.847208900652850616e+01
-6.874238546807147188e+00 -6.101071738961167767e+01
-7.698643736007060312e+00 -6.354479000978865599e+01
-1.150754909659762681e+01 -7.413730303411877287e+01
-1.264020806461281943e+01 -7.845043459600901770e+01
-1.216422733236858278e+01 -7.893633890382407969e+01
-2.371031718043345116e+00 -7.998936738071327568e+01
-2.371431324511036554e+00 -8.006630551829186970e+01
-2.372290059150669705e+00 -8.010453292243158785e+01
-2.382752525559990175e+00 -8.029087380909065530e+01
-4.333380146518719833e+00 -8.365647281714511507e+01
-1.538606593288623436e+01 -9.067732900612452340e+01
-1.284435435573495354e+01 -1.031650785226692904e+02
-1.318785885942423519e+01 -1.058997244246184835e+02
-1.343809771780294327e+01 -1.071647237367333645e+02
-7.536891901909595681e+00 -1.126892424575547835e+02
-7.531329894902818900e+00 -1.203620830478553074e+02
-8.984330995901411043e+00 -1.255882279030600159e+02
-7.219304212615931249e+00 -1.288591738207587412e+02
-8.681107171024681435e+00 -1.366930109656826176e+02
-9.743681258497831621e+00 -1.425054070411466398e+02
-1.013253053577355978e+01 -1.457920109401012212e+02
-1.018856764854140451e+01 -1.481878852957390222e+02
-1.009612219669068267e+01 -1.510560477044536469e+02
9.180034844444950881e-02 -1.556484734527514320e+02
5.487244140946587745e-01 -1.573599327156792640e+02
5.765998515386089984e+00 -1.605277869086696114e+02
-1.013103520140824720e+00 -1.878581562121656532e+02
5.378468939904731627e+00 -1.958160017734009841e+02
5.532125860404465634e+00 -1.995245210862465797e+02
5.658575776815600200e+00 -2.048282908902356780e+02
6.388488956019000575e+00 -2.160863248358438398e+02
7.002539450721580572e+00 -2.193956553558955420e+02
7.345641360855147184e+00 -2.229810743688025525e+02
8.417908406188519166e+01 -1.492925217143061616e+02
8.424822620564457054e+01 -1.493431570193105244e+02
8.424938371750796762e+01 -1.493440000598534994e+02
8.424984935857114010e+01 -1.493443391467835113e+02
8.425026179005919857e+01 -1.493446394619500097e+02
8.425124267436160608e+01 -1.493453536105481589e+02
8.425539236581631997e+01 -1.493483734473019808e+02
1.099993973178212059e+02 -1.375612915945463612e+02
1.100002090124635856e+02 -1.375613367298524850e+02
1.100004530787837211e+02 -1.375613503143535183e+02
1.100007978513640694e+02 -1.375613695142220081e+02
1.100010665852614977e+02 -1.375613844878548093e+02
1.100016517009115233e+02 -1.375614171150043035e+02
1.100063152445756032e+02 -1.375616783872110886e+02
1.101418174837519075e+02 -1.375702231885359481e+02
1.101480343301881106e+02 -1.375706596297018507e+02
1.101621383199790216e+02 -1.375716642845826527e+02
1.101980031237279007e+02 -1.375743099185747553e+02
1.102128697271710394e+02 -1.375754449251319613e+02
1.102200413112408768e+02 -1.375760004986278204e+02
1.102247664332401484e+02 -1.375763694141602400e+02
1.102294046167267254e+02 -1.375767337576976104e+02
1.102458706278138010e+02 -1.375780449597434085e+02
1.102647247998823019e+02 -1.375795803913205759e+02
1.102671495558776655e+02 -1.375797804992917008e+02
1.102685319266428507e+02 -1.375798948520547640e+02
1.102697124499157439e+02 -1.375799926626675358e+02
1.102720029071598589e+02 -1.375801828429935938e+02
1.102763944447440707e+02 -1.375805489845917577e+02
1.102801633983600880e+02 -1.375808647969491574e+02
1.103244094085458471e+02 -1.375846815520566508e+02
8.902562519201791247e+01 -8.193612719253900423e+01
8.905686518785881844e+01 -8.202532071095593835e+01
8.905960773944968878e+01 -8.203312265973943340e+01
8.906505684797879496e+01 -8.204861126700599527e+01
8.907434132190417131e+01 -8.207496294112073087e+01
8.907872103735506641e+01 -8.208737720436842267e+01
8.914076303633765974e+01 -8.226221203445496144e+01
8.938259454950217275e+01 -8.293287301101123887e+01
8.977295952316379157e+01 -8.403868504120511318e+01
1.018346153506517027e+02 -6.162533327382173809e+01
1.019717799748552238e+02 -6.162149069540199520e+01
1.021167596914580002e+02 -6.161889396027001453e+01
1.022571712903989152e+02 -6.161765695697088319e+01
1.024188491942254871e+02 -6.161763297382918125e+01
1.025567507698331298e+02 -6.161869355087827671e+01
1.028976452158108827e+02 -6.162513762598435108e+01
1.032653312011295696e+02 -6.163751238210885219e+01
1.035180648868832805e+02 -6.164895680018011603e+01
1.036384877280031702e+02 -6.165520118098234548e+01
1.038678825034345863e+02 -6.166845561132167575e+01
1.040594097356941603e+02 -6.168085096803113743e+01
1.042586560572978414e+02 -6.169499867529845005e+01
1.045812887742486623e+02 -6.172056771439532241e+01
1.048371720424076017e+02 -6.174316173423399334e+01
1.049609436923477830e+02 -6.175482414816321608e+01
1.051076242706185440e+02 -6.176926679399687714e+01
1.054276268940556207e+02 -6.180313766223304839e+01
1.060499658554401350e+02 -6.187857586978494595e+01
1.071653561510498491e+02 -6.204760183340400204e+01
1.074995286031194723e+02 -6.210543285790899404e+01
1.080561105861094404e+02 -6.220551664225766331e+01
1.091700913169943021e+02 -6.240356772587157508e+01
1.097331155955642004e+02 -6.249148567776995122e+01
1.101089097587246357e+02 -6.254089185253147321e+01
1.105412541279183216e+02 -6.258450955251031900e+01
1.115528176493610175e+02 -6.260032933368056263e+01
1.122745410293414210e+02 -6.248986579296501986e+01
1.123117261515833860e+02 -6.248031635221194335e+01
1.124845459617574335e+02 -6.243050218999592715e+01
1.124845461191059144e+02 -6.243050214050741431e+01
1.124845462016168369e+02 -6.243050211455645382e+01
1.124845462645750729e+02 -6.243050209475511281e+01
1.124845462893140393e+02 -6.243050208697434300e+01
1.124845463587365515e+02 -6.243050206513988343e+01
1.124845466565974306e+02 -6.243050197145800695e+01
1.124845475666356975e+02 -6.243050168523668475e+01
1.124845482967142232e+02 -6.243050145561533526e+01
1.124845486212130083e+02 -6.243050135355524333e+01
1.124845487203402286e+02 -6.243050132237812733e+01
1.124845487776912023e+02 -6.243050130434031786e+01
1.124845488224857917e+02 -6.243050129025169070e+01
1.124845488644635907e+02 -6.243050127704899666e+01
1.124845489843122976e+02 -6.243050123935462636e+01
1.128671604882076736e+02 -6.228700154683743051e+01
1.128671609512243919e+02 -6.228700134439715441e+01
1.128671615671038069e+02 -6.228700107512210593e+01
1.128671624403386886e+02 -6.228700069332577272e+01
1.128671638826598382e+02 -6.228700006271261458e+01
1.128671661911085238e+02 -6.228699905340882026e+01
1.128671712920697132e+02 -6.228699682315174613e+01
1.128819917565695050e+02 -6.228048031203034895e+01
1.146786778173442372e+02 -6.090438299231976060e+01
1.147486718525893821e+02 -6.082746423939807556e+01
1.151505707687731075e+02 -6.036090485346930734e+01
1.152448276477158657e+02 -6.024677115868877308e+01
1.156390183876506370e+02 -5.974766321516900547e+01
1.158477638614123038e+02 -5.945970425408381033e+01
1.160142617148093223e+02 -5.921051894687282413e+01
1.163091737714220244e+02 -5.869809109733832031e+01
1.164937239055788183e+02 -5.829270715508116751e+01
1.166651946137099429e+02 -5.777856498406053731e+01
1.168148341484240120e+02 -5.612771413507728369e+01
1.167379150720963707e+02 -5.511016288660151474e+01
1.166999682963575538e+02 -5.475155685739498068e+01
1.166650252058887816e+02 -5.443093962168465794e+01
1.166215514735699657e+02 -5.400961115105814514e+01
1.165863283657394192e+02 -5.358106059820512712e+01
1.165779035134740411e+02 -5.287233219889080260e+01
1.166353101535117389e+02 -5.229269473898927600e+01
1.166681055132040967e+02 -5.156547078269722562e+01
1.165097546773247501e+02 -5.093074383338520761e+01
1.163165595382172199e+02 -5.054566059038066328e+01
1.161339578408672253e+02 -5.025913654378179984e+01
1.158888399033764927e+02 -4.992519112117990687e+01
1.155992962331279728e+02 -4.956406413931254917e+01
1.151822789577001203e+02 -4.907018666449404520e+01
1.147296459359269249e+02 -4.854319353165984552e+01
1.143497124098955453e+02 -4.809242032302117309e+01
1.138737972860426453e+02 -4.748822058018335213e+01
1.150338891654561024e+02 -4.487045725016301390e+01
1.119546312698509496e+02 -4.335501202743129312e+01
1.083445358388707405e+02 -4.024113156165223870e+01
1.067593057191318593e+02 -3.835553938259921836e+01
1.055071515008050653e+02 -3.661243534799586996e+01
1.050243742410996646e+02 -3.582063858219236607e+01
1.044774895996488482e+02 -3.483019449136386925e+01
1.038812315175291303e+02 -3.369766033887503198e+01
1.034802702437052915e+02 -3.294884090032681456e+01
1.029945652398892975e+02 -3.210071443778647193e+01
1.005688455090356541e+02 -2.941200594310388894e+01
7.365169359674879956e+01 -2.530205035597728269e+01
6.644112090230447620e+01 -2.346173157740739867e+01
4.713586676383000906e+01 -1.746327925354972166e+01
4.639335493854929382e+01 -1.715944163375039011e+01
4.422763516369110448e+01 -1.620200312461840042e+01
4.242335037546548904e+01 -1.530501755434490363e+01
3.886775486807685098e+01 -1.302275228679284602e+01
3.641611967797468452e+01 -1.092246173178710578e+01
3.014475066039769402e+01 -6.027710548080854380e+00
2.919784123213646865e+01 -5.194861761740121153e+00
2.876938221093088188e+01 -4.784357920721087787e+00
2.689900624677443730e+01 -2.859839387367309804e+00
2.624241935129575864e+01 -2.235731559071519214e+00
2.248495934424699527e+01 -2.306622312108775663e+00
3.363153569955639632e+00 -5.156290437440306462e+00
2.906827357980824367e+00 -4.123884549994487614e+00
2.680659937680539340e+00 -3.610985578642929905e+00
2.292138116373737766e+00 -2.728067287363650006e+00
1.702401669837165565e+00 -1.383250099716216486e+00
1.500572038480565862e+00 -9.215213758786975351e-01
1.384092461198428659e+00 -6.546162674218320987e-01
1.113557483502188639e+00 -8.953251848887067155e-03
