-2.741333400454957658e+00 -1.962749582663766645e+00
-5.110486399156136450e+00 -3.022411636546061153e+00
-4.861986974400612560e+00 -1.108280803677572024e+01
-4.890505668643226223e+00 -1.352302080479966939e+01
-5.246776203548449757e+00 -1.812244684440000242e+01
-7.666791378007439484e+00 -2.521443355261238750e+01
-1.694002764127792915e+01 -4.374943543469765217e+01
-2.505636671797735815e+01 -5.379031420442726841e+01
-2.864744891855868758e+01 -6.094652544268185324e+01
-2.673076550466799617e+01 -6.155866505972210234e+01
-2.588772592941201367e+01 -6.225941743624164104e+01
-2.646788247845884356e+01 -6.527838020688446363e+01
-3.962099523756808850e+01 -7.667117218627420527e+01
-5.228576283811460002e+01 -8.469825418838652809e+01
-5.364728715656065106e+01 -8.549836707389798107e+01
-5.296249766778992552e+01 -8.633692191477379652e+01
-5.118248518878124287e+01 -8.845233335392089202e+01
-5.087451800591739470e+01 -8.935089222442137213e+01
-5.077497562864299852e+01 -8.998639527192899834e+01
-5.379575927815512415e+01 -9.687132110571256760e+01
-4.538924717309895129e+01 -9.633534072376316715e+01
-4.189857883274547135e+01 -9.874646313151524168e+01
-4.225312943379812225e+01 -9.930486651881844296e+01
-4.272931759914757777e+01 -9.996210545785143609e+01
-4.334156463011518667e+01 -1.008509244459685732e+02
-4.364907330499417526e+01 -1.013562889875351374e+02
-4.383507954780806415e+01 -1.016887495041032849e+02
-4.402362870669564643e+01 -1.020487322824297394e+02
-4.415661047975523701e+01 -1.023185693529369047e+02
-4.426111641919810324e+01 -1.025414831125225419e+02
-4.438840055627295555e+01 -1.028284898868853077e+02
-4.447604974500934105e+01 -1.030382638612500017e+02
-4.457904654545623657e+01 -1.033011385538591185e+02
-4.469341026599743572e+01 -1.036219068504658054e+02
1.357338917728922922e+01 -9.126223000907774008e+01
1.501811731266641914e+01 -9.173766785468558282e+01
1.790128218187841824e+01 -9.299203348468300590e+01
1.800385697640759730e+01 -9.334229392444042617e+01
1.814065689359431133e+01 -9.376989420375991813e+01
1.840639821049381908e+01 -9.437354534416293461e+01
1.904482625166179943e+01 -9.554615127310465539e+01
1.926688142524369241e+01 -9.592626912908805537e+01
1.953199666459886785e+01 -9.637137027769719566e+01
-4.436214100933905113e-01 -1.222340964521942510e+02
-1.442706154411275421e-01 -1.221958161688410343e+02
1.544324579092853922e-02 -1.221713728982587952e+02
1.896095944599459904e-01 -1.221414405214722905e+02
2.818676273755150730e-01 -1.221241872486043150e+02
5.311376037558417362e-01 -1.220727230209251104e+02
1.042737995205597379e+01 -1.189383869199025412e+02
1.131155733455980261e+01 -1.188473611459310035e+02
1.140207790388847364e+01 -1.188344134457318972e+02
1.513999578365492304e+01 -1.179304596804461909e+02
2.082206956251772567e+01 -1.193509350434658387e+02
-8.417840759388006688e-01 -1.325444295375989725e+02
2.660768770722817589e+00 -1.351534315218983977e+02
3.020906130164164427e+00 -1.352608045535374970e+02
3.515521731392087901e+00 -1.354053394948458902e+02
4.207890056844024507e+00 -1.356039209509211219e+02
6.391396312848758754e+00 -1.362270858420448292e+02
6.586512102995540019e+00 -1.362841872455867929e+02
7.414851643866590791e+00 -1.365330360635012994e+02
8.247304478886313461e+00 -1.367994234416620145e+02
8.616190277891158544e+00 -1.369257852351936435e+02
9.107362839903519358e+00 -1.371063972985977841e+02
4.775036857944034985e+00 -1.455882020228694103e+02
6.299757928513998628e+00 -1.460633306869961814e+02
7.660454698059103507e+00 -1.463972564216465173e+02
1.150886478347724484e+01 -1.473048232719648070e+02
3.239709512507702982e+01 -1.400010911184018596e+02
3.243057323362116051e+01 -1.400001673248249858e+02
3.243493282859978422e+01 -1.400000454402080550e+02
3.248917394892942667e+01 -1.399984969831127728e+02
3.790894390905178568e+01 -1.386443087581905900e+02
4.541597672570982525e+01 -1.403674010513320525e+02
5.317427737372413787e+01 -1.411276821885475385e+02
5.525050710293179890e+01 -1.404659827570336006e+02
6.001670575463299429e+01 -1.343338957255284072e+02
6.553751677282160415e+01 -1.330001574633413384e+02
6.884301972093174982e+01 -1.384846818808141791e+02
7.972140972316373109e+01 -1.377254417325463010e+02
8.038400323455036300e+01 -1.377521330010121972e+02
8.102753452350688690e+01 -1.377815205023139526e+02
8.430052215951486971e+01 -1.379556523194976876e+02
9.377880205863068852e+01 -1.280167131256121138e+02
9.548669891875267979e+01 -1.286329086534689736e+02
9.721938328977255139e+01 -1.299265598321586879e+02
9.931112695154436665e+01 -1.316509815579062490e+02
1.024088618366314307e+02 -1.330842379074837254e+02
1.043638365391222464e+02 -1.338170871501799297e+02
1.062161588014570839e+02 -1.347553104499182837e+02
1.079836573187271966e+02 -1.363010915299895487e+02
1.101653759694159049e+02 -1.378174105566516801e+02
1.164767239333818338e+02 -1.448877999476748641e+02
1.192753788973444102e+02 -1.502693411593386656e+02
1.201888013920757459e+02 -1.567336098420104520e+02
1.203703670260508716e+02 -1.568941019318960741e+02
1.223269047341728282e+02 -1.643143589686409030e+02
1.231801565312274818e+02 -1.671191991186551604e+02
1.300209938147377216e+02 -1.752082736733244985e+02
1.318142644720073520e+02 -1.758558365968751218e+02
1.355451245449755788e+02 -1.789768186551668236e+02
1.366083204567261760e+02 -1.800917907335580139e+02
1.375148878121554503e+02 -1.809797773938161072e+02
1.393835109385090050e+02 -1.823829725391609315e+02
1.423518557490820911e+02 -1.835901161316643879e+02
1.445370020820924424e+02 -1.846602690642589266e+02
1.466184498215656333e+02 -1.858760393596183746e+02
1.498441533843841000e+02 -1.874504962912775738e+02
1.514557418230490100e+02 -1.883469873236208798e+02
1.526014888928795870e+02 -1.892704448917143054e+02
1.537816294645109565e+02 -1.905449877778877408e+02
1.555994218287999047e+02 -1.915655917943905138e+02
1.567066960468364982e+02 -1.904893194511589343e+02
1.573211257905439311e+02 -1.895093976026383871e+02
1.580467909434476326e+02 -1.882974504686032446e+02
1.554432309425147309e+02 -1.826737830170289953e+02
1.450464181419226577e+02 -1.741732331206255537e+02
1.400084872565207093e+02 -1.661203623601786603e+02
1.377367280635538691e+02 -1.611524004929478906e+02
1.367980168472710716e+02 -1.597725332193232930e+02
1.339067228341222915e+02 -1.550478883897499429e+02
1.352449955162275330e+02 -1.415197819144730147e+02
1.347567987529590710e+02 -1.412494220909499063e+02
1.346741313274979461e+02 -1.412031131629158835e+02
1.343218026298087011e+02 -1.410039898354407910e+02
1.337344406748795791e+02 -1.406654568510102479e+02
1.329749695707046726e+02 -1.402142929691561619e+02
1.317744365930509218e+02 -1.394621830537703886e+02
1.337965058502576596e+02 -1.262168694950668453e+02
1.333775735835483545e+02 -1.257335599525068091e+02
1.327490896695523190e+02 -1.252044322669732281e+02
1.322657961619115383e+02 -1.249232747771590795e+02
1.312992826803277637e+02 -1.245430826436019771e+02
1.253251552146917760e+02 -1.226539375167131993e+02
1.243430107033580896e+02 -1.217128415414730398e+02
1.240879840836791175e+02 -1.212194673507740816e+02
1.239765331107405899e+02 -1.208524774322226705e+02
1.431967388939676482e+02 -1.112342123913201846e+02
1.424522468575934795e+02 -1.065471670899847396e+02
1.389915721388625514e+02 -1.051105743173387168e+02
1.326474558776169488e+02 -1.025341682516436350e+02
1.076610162370241710e+02 -9.673073007576452653e+01
1.024787699705145769e+02 -9.417670252603701897e+01
1.016005507849795180e+02 -9.260032823038919503e+01
1.018498518892525198e+02 -9.057335337208630222e+01
1.022606209654676093e+02 -8.948190407458000095e+01
1.027603110555181303e+02 -8.845234381966299964e+01
1.041937398034221189e+02 -8.639860775513471935e+01
1.035720755928388996e+02 -8.494443953747774856e+01
1.024869282774430985e+02 -8.406126966830716185e+01
1.014595812412914455e+02 -8.334863102497678256e+01
9.971987062315135120e+01 -8.230329396935147201e+01
9.774162131547826959e+01 -8.100094876590945603e+01
9.483901666336046787e+01 -7.305163438694462741e+01
9.219393633472600413e+01 -6.490079805366524113e+01
9.046556978134621829e+01 -6.378509476732400429e+01
8.298745514118516553e+01 -5.788638410998252226e+01
7.946257084090562728e+01 -5.719294727880973284e+01
7.618602436205810591e+01 -5.716755363698892722e+01
7.158937940898364616e+01 -5.733305850660428860e+01
6.801454730169716356e+01 -5.768633313947954377e+01
6.136265428640402320e+01 -5.890944684408533050e+01
6.073628655196260695e+01 -5.780944908684259076e+01
6.029421102940806065e+01 -5.689954507436168996e+01
5.984479586802942919e+01 -5.576904450783749212e+01
5.961214723612656741e+01 -5.497980121416016885e+01
5.902630541146626086e+01 -5.245457683918993297e+01
4.791298889216095347e+01 -5.406330266367167781e+01
4.754491585147863475e+01 -5.371582256242837872e+01
4.749296885495508036e+01 -5.366878190442751162e+01
4.747252459298749017e+01 -5.365039996683103851e+01
4.742023599472423712e+01 -5.360372227650655219e+01
4.712967461225598953e+01 -5.335313124132866136e+01
2.456501226702765450e+01 -6.398064410481837427e+01
2.406558360048183332e+01 -6.385578590498582230e+01
1.850456392545131834e+01 -6.009577353640750630e+01
1.795342219706884990e+01 -5.990290087143981168e+01
1.454465245019116182e+01 -5.842749088060347873e+01
1.199902146125874047e+01 -4.994749701486056637e+01
1.127690818931151107e+01 -4.918407120506853403e+01
9.621091840164286424e+00 -4.772105594189301314e+01
8.261295688838071527e+00 -4.686480747465926555e+01
5.582736861743413215e+00 -4.447159314319964807e+01
4.156219983357445358e+00 -4.088424103632093676e+01
3.839885559991440545e+00 -3.436963144782913560e+01
4.097075897667320277e+00 -3.238018393902242309e+01
4.243276548278696048e+00 -3.129190538659242904e+01
-4.740023202526529644e+00 -3.760045880617936120e+01
-4.308184385142393324e+00 -3.449674119880735645e+01
-2.482410500958038391e+00 -2.854002971169355973e+01
-8.074588582277242299e-01 -2.386132847215202446e+01
-1.738280191197696944e-01 -2.181223088244258079e+01
6.386721521642786392e-01 -1.918248403051244111e+01
4.905539573822099264e+00 -9.378311733357218571e+00
5.870545412191074064e+00 -4.273282336010086446e+00
5.673263032149676199e+00 -3.716805948280027305e+00
5.587091265183805611e+00 -3.512937629781321291e+00
5.301367926274870968e+00 -2.925180550387433076e+00
