8.518176844818174942e+00 -1.360620850677913118e+01
8.489437880646217849e+00 -1.425564422191308722e+01
9.151568191944296160e+00 -1.900940444238259985e+01
1.026276612656841891e+01 -2.086565158790827468e+01
1.162754009336227945e+01 -2.268962331791028220e+01
1.374829574256267328e+01 -2.565194396090615570e+01
1.757417261732753744e+01 -2.980473147936663736e+01
1.932733477987629911e+01 -3.214470475594968235e+01
1.996530808752023134e+01 -3.488395362377646336e+01
2.048989481201669705e+01 -3.619788406160550664e+01
2.123878137346309103e+01 -3.739262502409934541e+01
2.296645207287688351e+01 -3.982623024710069615e+01
2.317478289169381256e+01 -4.027908554746117886e+01
2.317500853728785870e+01 -4.027969326604568323e+01
2.319196862548069760e+01 -4.032671257398399689e+01
2.324208456717853366e+01 -4.048737604939035606e+01
2.328750959281107313e+01 -4.069922334449744028e+01
2.330043542982808802e+01 -4.080703787655478720e+01
2.330504996486732949e+01 -4.088514018316946874e+01
2.330427519208907938e+01 -4.099454827764326126e+01
2.330324847868792659e+01 -4.101329394636915282e+01
2.328832386099783491e+01 -4.114392467004071818e+01
2.322035019048610849e+01 -4.138696376248503839e+01
2.303512852986395032e+01 -4.170568430777428404e+01
2.259269037692654791e+01 -4.212201516701433235e+01
2.188094849428566491e+01 -4.253607863576164760e+01
2.137560739581737224e+01 -4.274880664419250564e+01
2.093177500220433274e+01 -4.290096293674886851e+01
2.090710905336541003e+01 -4.290862727374175023e+01
1.952605769216043541e+01 -4.322916500038288490e+01
1.950745284874563623e+01 -4.323216031558768435e+01
1.950745171021230462e+01 -4.323216049786774562e+01
1.950745110642782620e+01 -4.323216059453406501e+01
1.950745066432147468e+01 -4.323216066531557544e+01
1.950745029162624533e+01 -4.323216072498430407e+01
1.950744990436367132e+01 -4.323216078698526132e+01
1.950744964097075140e+01 -4.323216082915460845e+01
1.950744946248588008e+01 -4.323216085773013617e+01
1.950744927386364225e+01 -4.323216088792864298e+01
1.821974355000338264e+01 -4.335714560544177942e+01
1.821974354159968357e+01 -4.335714560570215781e+01
1.820729239341568828e+01 -4.335752278665742665e+01
1.820729239158502466e+01 -4.335752278671161264e+01
1.820729239136910493e+01 -4.335752278671800752e+01
1.820729239111815900e+01 -4.335752278672543980e+01
1.820729239090433893e+01 -4.335752278673176363e+01
1.820729239056654691e+01 -4.335752278674176807e+01
1.576127793249355946e+01 -4.291411352084579534e+01
1.576127782358621587e+01 -4.291411345918044162e+01
1.576127777781372963e+01 -4.291411343326321060e+01
1.576127767918009681e+01 -4.291411337741501342e+01
1.576127735418525688e+01 -4.291411319339686514e+01
1.576127639957288018e+01 -4.291411265287712951e+01
1.576127516163780484e+01 -4.291411195193386874e+01
1.576127390923649862e+01 -4.291411124279861156e+01
1.576127152828437339e+01 -4.291410989465220638e+01
1.576127114821181330e+01 -4.291410967944662502e+01
1.576121604898759543e+01 -4.291407848012386950e+01
1.576120657336989872e+01 -4.291407311447871109e+01
1.576120280197118717e+01 -4.291407097887883282e+01
1.576119211843905354e+01 -4.291406492915431414e+01
1.576118897570992239e+01 -4.291406314951969136e+01
1.576118729815403441e+01 -4.291406219956697754e+01
1.576118348441712769e+01 -4.291406003994879370e+01
1.576118097192875211e+01 -4.291405861718844506e+01
1.576117519815586832e+01 -4.291405534762871810e+01
1.576117342714055169e+01 -4.291405434473797698e+01
1.576117199607074859e+01 -4.291405353435025205e+01
1.576117093897037513e+01 -4.291405293573355806e+01
1.576116902603009073e+01 -4.291405185246861009e+01
1.576116698480866241e+01 -4.291405069655787230e+01
1.576116547074977703e+01 -4.291404983916917359e+01
1.576116381429455693e+01 -4.291404890114200299e+01
1.576116285322662236e+01 -4.291404835690207875e+01
1.576116188189835299e+01 -4.291404780685130049e+01
1.576116131095671591e+01 -4.291404748353409104e+01
1.576116026392303482e+01 -4.291404689061132416e+01
1.576115962317064856e+01 -4.291404652776051876e+01
1.576115913392532164e+01 -4.291404625070627787e+01
1.576115868718316726e+01 -4.291404599772099715e+01
1.576115835634498197e+01 -4.291404581037080135e+01
1.576115807823286019e+01 -4.291404565287877659e+01
1.576115780607648631e+01 -4.291404549875938557e+01
1.576115762127651898e+01 -4.291404539410901720e+01
1.576115748604046729e+01 -4.291404531752618112e+01
1.576115738034412139e+01 -4.291404525767138267e+01
1.576115730374455559e+01 -4.291404521429379315e+01
1.576115724343836533e+01 -4.291404518014299185e+01
1.576115718968798873e+01 -4.291404514970467687e+01
1.576115713035803800e+01 -4.291404511610669914e+01
1.576115705478558660e+01 -4.291404507331075280e+01
1.576115695058080135e+01 -4.291404501430057650e+01
1.576115681116031908e+01 -4.291404493534808040e+01
1.576115666228382217e+01 -4.291404485104073530e+01
1.576115647781108109e+01 -4.291404474657554147e+01
1.576115619407324431e+01 -4.291404458589742177e+01
1.576115576592604839e+01 -4.291404434344151042e+01
1.576115540832308426e+01 -4.291404414093408093e+01
1.576115316058201898e+01 -4.291404286805624935e+01
1.576114587606493345e+01 -4.291403874287168918e+01
1.576113609313642705e+01 -4.291403320279992073e+01
1.576113346404838111e+01 -4.291403171393782401e+01
1.576112250273342852e+01 -4.291402550646107983e+01
1.576111571182894444e+01 -4.291402166068390756e+01
1.576110992397109634e+01 -4.291401838292336635e+01
1.576110489803679826e+01 -4.291401553663669688e+01
1.576110109698353412e+01 -4.291401338401455945e+01
1.576109819591941807e+01 -4.291401174107078020e+01
1.576107717750996073e+01 -4.291399983768023674e+01
1.576104606728083724e+01 -4.291398221849023997e+01
1.576089237836456824e+01 -4.291389516875696586e+01
7.899156952187131253e+01 -1.683254497028091237e+02
7.994812752997204086e+01 -1.673052454842313637e+02
7.378766675062276192e+01 -1.547453928738712818e+02
9.559075132562763599e+01 -1.626632064769701174e+02
9.548977911185934886e+01 -1.602029700057744890e+02
7.218411968153294822e+01 -1.359757312628998989e+02
9.541352785103146061e+01 -7.869841130438965138e+01
6.905326182488943232e+01 -6.117480567539814729e+01
6.046660000046423278e+01 -4.820144404502747904e+01
8.367410153479875135e+01 -2.521798454140389367e+01
8.347426791892901576e+01 -2.509293921125201265e+01
8.340432276774906484e+01 -2.505128749805565036e+01
8.336090870274722420e+01 -2.502590201956099847e+01
8.333539409423910627e+01 -2.501113856898199828e+01
8.331531894609224764e+01 -2.499960007151502595e+01
8.329555740487194271e+01 -2.498830641671666086e+01
8.327490105784590924e+01 -2.497656790219654610e+01
8.325568583610662188e+01 -2.496570765297287053e+01
8.322215142917139019e+01 -2.494688654033424058e+01
8.319657959441150297e+01 -2.493264320890256158e+01
8.318471738485536093e+01 -2.492606694249541377e+01
8.317681722814766943e+01 -2.492169782312252835e+01
8.317221912501962322e+01 -2.491915874718394619e+01
8.316042305568058168e+01 -2.491265781877946850e+01
8.315468083488482876e+01 -2.490949985735892369e+01
8.314981127808090378e+01 -2.490682518876440099e+01
8.314245689051554677e+01 -2.490279150230059813e+01
8.312931562383663220e+01 -2.489560106074843659e+01
8.295076192031395124e+01 -2.479989535210404483e+01
8.277461348947608144e+01 -2.470854077595288700e+01
8.207848697518625158e+01 -2.436498824638685079e+01
8.119510138015030520e+01 -2.393222200594836835e+01
8.030369817666151278e+01 -2.342101666111649294e+01
7.986189956548420810e+01 -2.304719274112923699e+01
7.976856462601497810e+01 -2.216011385750678642e+01
8.209383633274829606e+01 -2.070702628129305012e+01
8.688682952292856498e+01 -1.986427125542094529e+01
8.902624363374219740e+01 -1.863506215851129255e+01
8.860729033724916803e+01 -1.818236515145953547e+01
8.827132716399933088e+01 -1.794778780669339469e+01
8.790561043572438393e+01 -1.774648402390680602e+01
8.739758874316025583e+01 -1.752558888620961852e+01
8.672688186370102414e+01 -1.730575260809391480e+01
8.603191086459248993e+01 -1.714101860554181300e+01
8.573527226749435215e+01 -1.708528930845746530e+01
8.565057691312645716e+01 -1.707057770850554235e+01
8.527813688363782774e+01 -1.701108811102200846e+01
8.485238481807229505e+01 -1.695139385152658562e+01
8.729906043300088925e+01 5.148569859884514877e+00
8.729510529015294651e+01 5.146195533733157745e+00
8.729419174866127662e+01 5.145647448171156491e+00
8.729210543138677281e+01 5.144396206191274246e+00
8.729209823170269544e+01 5.144391889377642357e+00
8.729209447494359608e+01 5.144389636888914374e+00
8.729209191720629235e+01 5.144388103314411431e+00
8.729207630474036250e+01 5.144378742373951319e+00
6.690718643800137500e+01 -8.988085242638209849e+00
6.690343249037846363e+01 -8.983763790419274642e+00
6.689852836022775762e+01 -8.978117304784751340e+00
6.097186020928007366e+01 -1.282956409206121506e+01
6.053690340455793972e+01 -1.238108763115002731e+01
6.035578878056589502e+01 -1.214356678261479239e+01
6.020608880416627073e+01 -1.192142880871406874e+01
4.605778095730605770e+01 -1.779141927161583325e+01
4.588077917848281118e+01 -1.615703422744931927e+01
4.585353300085193240e+01 -1.481360408625430836e+01
4.655372516007975037e+01 -7.468761815658293557e+00
4.585095482879216888e+01 -6.127131363478683923e+00
4.570909490966306521e+01 -5.800767921910285452e+00
4.539868808641424636e+01 -5.023954620306770202e+00
4.530914846223145531e+01 -4.786994714087457581e+00
4.525487309572648087e+01 -4.641012736007176898e+00
4.512352634528254214e+01 -4.281095653708635318e+00
4.487368807889512112e+01 -3.574115243310614254e+00
4.461528903878505758e+01 -2.817917049853305045e+00
4.434251639394766897e+01 -1.998306740259252923e+00
4.417115797684390088e+01 -1.474604409819249007e+00
2.094382520862412989e+01 -2.831242346791061237e+01
1.977282092534055380e+01 -2.576657184778004250e+01
1.875579441998635133e+01 -2.294198258145785374e+01
1.540953489146137478e+01 -1.793105677354728300e+01
1.316026401523002320e+01 -1.452523422226881777e+01
1.222795609771242376e+01 -1.229114330855060544e+01
1.057296279238150127e+01 -8.071411574243562370e+00
7.450964927645252978e+00 -1.352150125819424842e+00
6.359956403103145917e+00 6.214135816604469120e-01
5.947941197076217712e+00 1.336857552401839566e+00
4.649930563070307166e+00 3.731673114730111429e+00
