2.329727509647412820e+00 -2.810095709181521961e+00
1.991274908511135422e+00 -3.725704434671059495e+00
1.822706195791085504e+00 -4.763587884369257175e+00
1.726492703992554612e+00 -5.303692418591905877e+00
1.590274409777249431e+00 -5.641747469239232871e+00
1.220249384087991551e+00 -7.062045622169472736e+00
-4.014646550340317255e+00 -1.226579305821519483e+01
-5.263478426646991615e+00 -1.385955906230526224e+01
-5.952111813406788521e+00 -1.490303948251759003e+01
-6.083880320166629829e+00 -1.516070787333660164e+01
-6.211191822109788596e+00 -1.554782248593259730e+01
-6.195350852351521276e+00 -1.615002794710680334e+01
-9.435947650329818970e+00 -1.932821054745693701e+01
-1.562884970160795639e+01 -2.107581499265729619e+01
-1.557946023852138673e+01 -2.130011379512216863e+01
-1.545783092844898654e+01 -2.198345664009023892e+01
-1.534872466982838368e+01 -2.277626899462971366e+01
-1.530411422763022955e+01 -2.316864099775603947e+01
-1.527706084390259811e+01 -2.343688179929923621e+01
-1.524658311392843224e+01 -2.378591574739666115e+01
-1.524282785828104103e+01 -2.383526536827002573e+01
-1.523845775849660100e+01 -2.389579910115908135e+01
-1.524129579943379831e+01 -2.494564751337811614e+01
-2.128048635710016612e+01 -2.780774014776873670e+01
-2.208742212097229540e+01 -2.954698081753092254e+01
-2.204878553354012283e+01 -3.024542948150299893e+01
-2.239290816009065210e+01 -3.064584978387896541e+01
-2.254190041456298488e+01 -3.103144195972058128e+01
-2.253636907436458969e+01 -3.131353834433264538e+01
-2.579319799253934420e+01 -3.438591197280408807e+01
-2.626732198573860444e+01 -3.553515685774489441e+01
-2.709213873204922507e+01 -3.743215905239837582e+01
-2.803259317461049349e+01 -3.901230816842095805e+01
-2.817546617808896059e+01 -3.957109907279669159e+01
-2.827017672524992165e+01 -3.998053357236480565e+01
-2.850062964624282458e+01 -4.064018654921655838e+01
-2.863320906304356939e+01 -4.109706823562895295e+01
-2.872306667824630111e+01 -4.150490122034650398e+01
-2.884994665220549237e+01 -4.200663600119467844e+01
-2.919193400160336793e+01 -4.297450169212526561e+01
-2.958477361691370433e+01 -4.391368513700615495e+01
-2.961266904468120842e+01 -4.405266098248205253e+01
-2.962135035906923974e+01 -4.417132645644396405e+01
-2.952763077637088784e+01 -4.452402626969315236e+01
-2.938944434433009079e+01 -4.469778244708754755e+01
-2.929435904643449717e+01 -4.478314193422222900e+01
-2.910767909357792504e+01 -4.491406691926307815e+01
-2.879879847464458464e+01 -4.507084079038543933e+01
-2.854958708041823456e+01 -4.516300495107368818e+01
-2.793046394346800909e+01 -4.530015164106464454e+01
-2.684327783840143056e+01 -4.531322166045087130e+01
-2.684137872632494393e+01 -4.531310377764015840e+01
-2.638124862208485055e+01 -4.528186854480178880e+01
-2.638121649208680708e+01 -4.528186645585043379e+01
-2.638121530005218318e+01 -4.528186637835066364e+01
-2.638121427037248523e+01 -4.528186631140641083e+01
-2.637363837750281448e+01 -4.528137535702187932e+01
-2.637345486215363977e+01 -4.528136350435860180e+01
-2.603608344451735590e+01 -4.526519947436519686e+01
-2.594952613378764639e+01 -4.526406386413214733e+01
-2.593813461285363431e+01 -4.526405389980090632e+01
-2.585658776621051658e+01 -4.526511675103095200e+01
-2.576422423364643421e+01 -4.526923376582424652e+01
-2.569905795751386890e+01 -4.527452835488670502e+01
-2.567069742026882295e+01 -4.527758777299860782e+01
-2.565918062065752281e+01 -4.527897753108271672e+01
-2.563247403688824022e+01 -4.528255516382619561e+01
-2.560419834131990058e+01 -4.528693035615855678e+01
-2.553679978997451983e+01 -4.530021889709514937e+01
-2.549741202337893853e+01 -4.531011975618180543e+01
-2.548531737326288393e+01 -4.531349912356918708e+01
-2.546987000376585542e+01 -4.531805568480248070e+01
-2.545988794411070799e+01 -4.532114664548925020e+01
-2.544307695555807669e+01 -4.532661862165218025e+01
-2.541850113681047674e+01 -4.533523837926552602e+01
-2.539224008920133357e+01 -4.534529799519403781e+01
-2.538917274099602039e+01 -4.534653214949172906e+01
-2.538759665524851883e+01 -4.534717120134556723e+01
-2.535675082722854867e+01 -4.536036527246493932e+01
-2.533333699677377027e+01 -4.537128720630592937e+01
-2.529246230187606415e+01 -4.539236200138665822e+01
-2.527204799839918792e+01 -4.540390658866261475e+01
-2.526872094038901650e+01 -4.540585576070927942e+01
-2.526382944084560833e+01 -4.540875672109476113e+01
-2.525393554999280354e+01 -4.541475463972412996e+01
-2.524679918990902650e+01 -4.541919109367055540e+01
-2.523845219922986161e+01 -4.542449994171876426e+01
-2.522674251149878799e+01 -4.543217044432140028e+01
-2.521330833365277257e+01 -4.544130094132334108e+01
-2.520456661863836345e+01 -4.544743776722195605e+01
-2.519778945510996948e+01 -4.545230443802383746e+01
-2.518915708936097531e+01 -4.545864437972259253e+01
-2.517898360409861525e+01 -4.546632414270388978e+01
-2.515101092206251465e+01 -4.548865545230430030e+01
-2.513499868248816682e+01 -4.550228616289868455e+01
-2.512771000522443998e+01 -4.550870633133695264e+01
-2.512084832756057295e+01 -4.551487756833932963e+01
-2.509898007697425726e+01 -4.553539998724028237e+01
-2.508973318295785759e+01 -4.554448457498762792e+01
-2.507574667478685626e+01 -4.555870498020322401e+01
-2.506280221303240552e+01 -4.557239498070932626e+01
-2.504767288971536487e+01 -4.558905313727267128e+01
-2.504676542220892443e+01 -4.559007483976182584e+01
-2.504613356698100191e+01 -4.559078772869133900e+01
-2.504026971076803676e+01 -4.559746163712646450e+01
-2.503082420560370025e+01 -4.560842617375337227e+01
-2.502302371948698578e+01 -4.561766609969126307e+01
-2.501221572700897156e+01 -4.563069297941922287e+01
-2.500107313513574425e+01 -4.564424962375557726e+01
-2.499383421145905260e+01 -4.565295667746450192e+01
-2.499055213368943740e+01 -4.565681168973610937e+01
-2.498624598548647313e+01 -4.566169739690199236e+01
-2.497852363428685507e+01 -4.566942473648297351e+01
-2.562597295891252358e+01 -7.891868862504638571e+01
-2.562587221770988322e+01 -7.891855431010348809e+01
-2.562575681727243548e+01 -7.891840044720069614e+01
-2.562558598494765505e+01 -7.891817267076662290e+01
-2.562545764787959968e+01 -7.891800154962045610e+01
-2.562534331532325993e+01 -7.891784909805502934e+01
-2.562522635929803627e+01 -7.891769314478162300e+01
-2.562517103262063856e+01 -7.891761936899064267e+01
-2.562485595773488356e+01 -7.891719921454480868e+01
-2.562283683763921616e+01 -7.891450608309415315e+01
-2.562234891380200708e+01 -7.891385512178325712e+01
-2.562214971929088847e+01 -7.891358934926883251e+01
-2.562202136129991459e+01 -7.891341808384144940e+01
-2.562185223064964390e+01 -7.891319240964104154e+01
-2.562159039916283376e+01 -7.891284302805249240e+01
-2.562106813989607801e+01 -7.891214608377330819e+01
-2.561310843423865791e+01 -7.890151505669187770e+01
-2.561163289725685388e+01 -7.889954246557590523e+01
-2.560993287648555139e+01 -7.889726904749187497e+01
-2.560149248025564361e+01 -7.888597028848965920e+01
-2.559887880041572217e+01 -7.888246757143330967e+01
-2.559400854550980497e+01 -7.887593574806713548e+01
-2.551035520934762957e+01 -7.876269290961616321e+01
-2.548720257840535552e+01 -7.873098149054884232e+01
-2.541471989589781089e+01 -7.863056906292818837e+01
-2.533356651120209690e+01 -7.851587598410500846e+01
-2.519478170874094403e+01 -7.831287716228067097e+01
-2.517871611370106422e+01 -7.828869691492315042e+01
-4.435912518841852226e+00 -6.700595391788162658e+01
-4.000380405629984537e+00 -6.625682783235224349e+01
-2.903733634579616751e+00 -6.384028598484247397e+01
-2.813025392878500508e+00 -6.352445346942870685e+01
4.362068102689270255e+00 -5.647248178203943780e+01
2.370577357346344627e+01 -4.648725171003771095e+01
4.271623998091678942e+01 -3.631014897859576962e+01
6.148429368936512418e+01 -1.684221015362109952e+01
6.063163773780149768e+01 -1.546103921835513972e+01
6.014341274099638213e+01 -1.538643129578012747e+01
5.985574073470179002e+01 -1.535085266020430872e+01
5.936755388313235215e+01 -1.525424219224977129e+01
5.880791864958709425e+01 -1.502146148149031823e+01
5.820397772029907202e+01 -1.450635052075154441e+01
5.931342752106157690e+01 2.295802870465082357e+00
5.882429473314120827e+01 2.350059536133338955e+00
5.712503065630613008e+01 2.885287567990879154e+00
5.577189774192100202e+01 3.515396283000975508e+00
5.523189019638017072e+01 5.185965740513237776e+00
5.502204827213797245e+01 5.329538954904250225e+00
5.450816441465398299e+01 7.090218628824398017e+00
5.439076402175813030e+01 7.164643251168480553e+00
5.417541906268721164e+01 7.403322334043178188e+00
5.923508854905370669e+01 1.590489437388986360e+01
5.952293294897533116e+01 1.703807218764437081e+01
5.965333609135426940e+01 1.831413390376041050e+01
5.392726722274176154e+01 1.734554823372799603e+01
4.929709524641390317e+01 1.820923845449599554e+01
4.851445845986881267e+01 1.848417319870238273e+01
4.690331052973494508e+01 1.878273809226963920e+01
4.641246486071894850e+01 1.925630553197352057e+01
4.609711922793416505e+01 2.015520251210143599e+01
4.579354463948926934e+01 2.110339044106165929e+01
4.563643436914905038e+01 2.126837576847014333e+01
4.492319412998459427e+01 2.194746055885825697e+01
4.472646941181579905e+01 2.244818084561128657e+01
4.208351680453036892e+01 2.553216230113973140e+01
4.128840074601112065e+01 2.639187418154774534e+01
2.374406436694614086e+01 1.374645877898618274e+01
2.367772392368147294e+01 1.375127518579894748e+01
2.358507072444004393e+01 1.375963734884562406e+01
2.349863034652267757e+01 1.376927056958851381e+01
2.342556186331196955e+01 1.377889089877092310e+01
2.329326519988917710e+01 1.380005153477535451e+01
2.303036444905514912e+01 1.385725912657780867e+01
2.301164986698108095e+01 1.386211066191212993e+01
2.298392053581955352e+01 1.386949093951463752e+01
2.281668177791645746e+01 1.391887568574352585e+01
2.274818196170122420e+01 1.394152535067134124e+01
2.272339900131682455e+01 1.395006744069365467e+01
1.883348977106312327e+00 7.375730968553084743e-01
1.875436420975396867e+00 7.604784874231997893e-01
1.870865730419110751e+00 7.811866812169909746e-01
1.868292667643184135e+00 8.023444840107674114e-01
1.867625853386781554e+00 8.123209405779638903e-01
1.866443137593387203e+00 8.379125591019085384e-01
1.160624908287990475e+00 8.029314890848699982e-01
6.070427027125442354e-01 7.045463321105636112e-01
