-3.703391018513956801e-01 -4.219191175726690751e-03
-6.138970601056905618e-01 -1.138280699399145390e-01
-1.797630986601202463e-01 -3.700094831795399664e+00
3.814308656028520539e-01 -4.992292735920814017e+00
1.122797663971558002e+00 -6.440456938455819014e+00
3.300045532085815303e+00 -8.894927271071468411e+00
3.015091157618476903e+00 -1.307158252402329524e+01
2.252013905422097118e+00 -1.482885817086937941e+01
1.462724767454996355e+00 -1.719117732836762613e+01
1.123147859814185523e+00 -1.800724404067931061e+01
1.048080647023169165e+00 -1.853335372515437385e+01
-6.473684837169112194e-02 -2.126457928816822118e+01
-3.384930651538648139e+00 -2.577201793084944015e+01
-4.888927169528997752e+00 -2.856131991281453253e+01
-5.780385012085212715e+00 -3.113026157225922219e+01
-8.875030988860153514e+00 -3.973141640283405707e+01
-1.259631703658286916e+01 -4.678139836524230333e+01
-1.178854842497955779e+01 -4.763823367156754784e+01
-1.126279725296343059e+01 -4.898376119904190062e+01
-1.104860720410467501e+01 -4.999858349794536849e+01
-9.385869165395389402e+00 -5.083605642618309872e+01
-6.768756618198174202e+00 -5.344148717546126903e+01
-6.251642888031722300e+00 -5.519426941954332477e+01
-6.120399942679277672e+00 -5.621335555935549166e+01
-6.511010917213203797e+00 -5.809211270510743219e+01
-6.966066944452743215e+00 -5.878789336519533748e+01
-7.387480015063137451e+00 -5.930593088244624767e+01
-7.728346167436294323e+00 -5.979237442182262185e+01
-7.791287476669828571e+00 -5.994793456169649204e+01
-1.471416049447122987e+01 -6.433475839498281346e+01
-1.516551545603582873e+01 -6.540632017888603400e+01
-1.592668333576749262e+01 -6.721471303289995092e+01
-1.703109383028639456e+01 -6.883605480465975290e+01
-1.754914298808714079e+01 -6.966639758036339458e+01
-1.774764378396139719e+01 -7.004156054243267704e+01
-1.794649294107515303e+01 -7.046643477052418802e+01
-1.815767447420580538e+01 -7.096132754217539684e+01
-2.042506205041045675e+01 -7.293944086941706928e+01
-2.081554916799158406e+01 -7.341238341214679508e+01
-2.477055172430007346e+01 -7.629940202319335185e+01
-2.477058416230526205e+01 -7.629944080476828105e+01
-2.477059951512895353e+01 -7.629945916056928468e+01
-2.477061415771820663e+01 -7.629947666756417846e+01
-2.477064922556134619e+01 -7.629951859681561643e+01
-1.272557703295770359e+01 -7.140183780551487303e+01
-1.214586374024508686e+01 -7.122402125340485668e+01
-4.191451885323905557e+00 -7.031426059064466472e+01
-3.541198732615233880e+00 -7.109491967057040540e+01
-3.055812804720047904e+00 -7.180950311182918711e+01
-2.457311519921056231e+00 -7.237380098132294393e+01
-2.071460057234511876e+00 -7.269168232701323973e+01
-1.697471846332969214e+00 -7.343704286316953755e+01
-1.569700756418024756e+00 -7.395265084191296978e+01
-1.308183368387043188e+00 -7.425770995299397725e+01
-1.420215250569141885e+00 -7.692826871195813965e+01
-2.922922163487559288e+00 -8.036983794155514715e+01
-3.369672856307639908e+00 -8.136052705888886294e+01
-3.329954826561206893e+00 -8.173950102061914436e+01
-3.142297811752514658e+00 -8.205036540922033339e+01
-2.996330807408189134e+00 -8.221757863387782095e+01
-9.658447209283904655e+00 -9.671634952430811438e+01
-9.658172827014977813e+00 -9.671820180654228238e+01
-9.658082964300344742e+00 -9.671880438675108849e+01
-9.657904146478960783e+00 -9.671999762220606556e+01
-9.657614801393329174e+00 -9.672191226618406290e+01
-9.657158502787146048e+00 -9.672489247663226308e+01
-9.656445158415454699e+00 -9.672946016936059266e+01
-9.655533941063719539e+00 -9.673514368565756172e+01
-9.654798276732394768e+00 -9.673961748135921823e+01
-9.648727445099583022e+00 -9.677336789808805406e+01
-9.644407643973625710e+00 -9.679474403663621729e+01
-9.642103874711015266e+00 -9.680545918466027899e+01
-9.638964963811044839e+00 -9.681941398100912011e+01
1.199617642471902279e+00 -9.252110899026784807e+01
5.022179796441073485e+00 -9.258835553461602785e+01
1.470158037970201192e+01 -9.299164066511251292e+01
1.601495251329489022e+01 -9.263261253507741344e+01
2.014043069664736763e+01 -8.671422896193274710e+01
2.210404823494442894e+01 -8.683069154464955375e+01
2.294516510305341583e+01 -8.719887043229203982e+01
2.482942314221754643e+01 -8.845291092817673473e+01
2.564244290665537207e+01 -8.909151545071658518e+01
2.594201393035735492e+01 -8.933000610843396316e+01
2.642398274856325102e+01 -8.970634531193900330e+01
2.715761328858280876e+01 -9.021122688602473261e+01
2.781504225977051803e+01 -9.048335503897354215e+01
2.862340137882440771e+01 -9.058008836432493638e+01
2.922838724675349553e+01 -9.153526497736939405e+01
3.001144424998993898e+01 -9.312852241777314077e+01
3.038897634530943037e+01 -9.373612586038278494e+01
3.078249025496263513e+01 -9.424533471260495787e+01
3.134189107541570962e+01 -9.485240158126259757e+01
3.950477048692479087e+01 -8.980367168030234382e+01
4.137323932732721943e+01 -8.957513887395309382e+01
4.182502172804523610e+01 -8.984132920784509224e+01
4.205962149298136410e+01 -8.999417919391601117e+01
4.222237407409942023e+01 -9.010678325334389172e+01
4.300233008378562261e+01 -9.077329426794153733e+01
3.947235210271040984e+01 -9.821386237371925176e+01
3.940398451739925889e+01 -9.870837504029439913e+01
3.939419754015121811e+01 -9.880728812944023787e+01
3.935278624027036898e+01 -9.913652554090782587e+01
3.850279896994177875e+01 -1.020548172474378532e+02
4.153574759970165786e+01 -9.997657783271064602e+01
4.509720620978715999e+01 -9.784537176470443853e+01
5.357053890254359629e+01 -9.339729641050895736e+01
5.384382365660540160e+01 -9.384811276022468007e+01
5.409370375303451084e+01 -9.428608735067962243e+01
5.438700059913865914e+01 -9.477719937228766867e+01
5.451604217290094567e+01 -9.495890294412828325e+01
5.461016514323368654e+01 -9.506914508506822870e+01
5.473793570967578859e+01 -9.518220081482455441e+01
5.601661028545601795e+01 -9.460348064066461404e+01
5.893122326038469083e+01 -9.170164768682319334e+01
5.893538081313617027e+01 -9.169354570572863850e+01
5.894169180641463157e+01 -9.167936440551078192e+01
6.973001084917922299e+01 -8.520549918768813313e+01
6.977627681763540579e+01 -8.496535193286115373e+01
6.978113661558094805e+01 -8.494397248693513802e+01
6.978788413900477394e+01 -8.491548819814696003e+01
6.978793862737155962e+01 -8.491526379940889058e+01
6.979826955441076564e+01 -8.487431536157696144e+01
7.230377688001550496e+01 -7.929654846514394251e+01
7.130090057285397620e+01 -7.924791440390782782e+01
7.018313557741161901e+01 -7.928529393525371916e+01
6.922574790190685690e+01 -7.935047475055114319e+01
6.769722864579298971e+01 -7.948218689736771125e+01
6.616253482645454653e+01 -7.962173055502195496e+01
6.371951366264063665e+01 -7.979391564476642884e+01
6.466983215402544261e+01 -6.688559334076315110e+01
6.437211220997743055e+01 -6.590053276691438100e+01
6.362756575680901250e+01 -6.552565700828670003e+01
6.337666976592048940e+01 -6.499300625756526983e+01
6.329099624329937512e+01 -6.470494211003010321e+01
6.250946728381752848e+01 -6.235296508900785284e+01
6.194795435257807270e+01 -5.956289010348211832e+01
6.208005484763720716e+01 -5.825639908875384521e+01
6.253077250656370722e+01 -5.598539604974997985e+01
6.829555413927539576e+01 -5.154109810757774568e+01
6.967336805753903661e+01 -4.631709298721488466e+01
7.042490776807427721e+01 -4.424380931795198535e+01
7.120470970940775146e+01 -4.134002278734347868e+01
7.116433267175588639e+01 -3.920031700911228256e+01
7.034133965767271945e+01 -3.676735733183245713e+01
6.036988220299785723e+01 -3.198552149414842205e+01
6.036988217575078863e+01 -3.198552149278070900e+01
6.036988216621834624e+01 -3.198552149230221175e+01
6.036988215789314438e+01 -3.198552149188431315e+01
6.036988214414376586e+01 -3.198552149119413812e+01
6.036988209671797989e+01 -3.198552148881351087e+01
6.036987220395971576e+01 -3.198552099223053702e+01
5.498720977289190870e+01 -3.618121604250100631e+01
5.435143955130781990e+01 -3.599487469504008885e+01
5.319033359526034133e+01 -3.573580120718682451e+01
5.292139217484265146e+01 -3.558182645218737861e+01
5.283792654491788454e+01 -3.552901705107733932e+01
5.250221456533410702e+01 -3.530387515603971593e+01
4.062899780733781085e+01 -3.147492920771894731e+01
3.824212239019475845e+01 -3.065468671179133864e+01
3.405020142394192817e+01 -2.034583627068779066e+01
2.933348859700172184e+01 -2.347190976630802695e+01
2.933346295941408144e+01 -2.347196629701781490e+01
2.932709727637423569e+01 -2.348590982818893380e+01
2.932709727633705654e+01 -2.348590982826983975e+01
2.932709727631931429e+01 -2.348590982830844709e+01
2.932709727630770047e+01 -2.348590982833371399e+01
2.932709727629659113e+01 -2.348590982835789731e+01
2.932709727627823781e+01 -2.348590982839783337e+01
2.932709727625152851e+01 -2.348590982845595576e+01
2.932709727622298246e+01 -2.348590982851806785e+01
2.932709726574903542e+01 -2.348590985131077602e+01
2.877232535204296582e+01 -2.435710043277542169e+01
2.877228057891643331e+01 -2.435715503207818955e+01
2.877177727418114728e+01 -2.435776867706380955e+01
2.819292937357039008e+01 -2.494298486137057225e+01
2.600164714141633837e+01 -2.560641978171625155e+01
2.593121930412371867e+01 -2.560165436689774765e+01
2.072309602386647143e+01 -2.713558161766280818e+01
2.033230660405971690e+01 -2.688446694921141145e+01
1.904388188635494217e+01 -2.592199776839667891e+01
1.894990866342077496e+01 -2.585699886895940480e+01
1.885068972285755251e+01 -2.579180871222271776e+01
1.063933937040971323e+01 -2.930683320289719518e+01
1.005957942749739509e+01 -2.662591282399020898e+01
8.970249295035351622e+00 -2.211119633466813639e+01
7.545914457461142533e+00 -1.902131384397236857e+01
7.425781857437909750e+00 -1.796903474895531616e+01
7.312847330603815088e+00 -1.722087690992471565e+01
7.216967917680394251e+00 -1.689358198999430272e+01
7.128130599400686940e+00 -1.670621580198774936e+01
1.090334533480823964e+01 -5.947194426899780950e+00
8.285679858100609252e+00 -5.188168838484813250e+00
5.870696990721120834e+00 -4.398698128752538850e+00
5.019700638425224071e+00 -3.807803991253357001e+00
4.311773785002185555e+00 -3.224621971992972291e+00
2.700654287316479163e+00 -1.727779707521121200e+00
2.194702292482251238e+00 -1.219978614881214174e+00
1.919458109246543476e+00 -9.359066018856023739e-01
1.278305726832956957e+00 -7.745459887811501076e-02
