-2.348459542847540327e+00 -2.014612569694257616e+00
-4.267267158784268766e+00 -3.069830245959453752e+00
-4.029520279920295600e+00 -3.292432996578291249e+00
-3.934848164830803352e+00 -3.445027061791460010e+00
-3.910159344855878683e+00 -3.659316030722973068e+00
-4.053882248875765981e+00 -4.067938599387714405e+00
-5.571430142466908819e+00 -5.772115812985307848e+00
-5.696360121081241346e+00 -6.059481877380353154e+00
-5.844534584143057820e+00 -6.430335671883971038e+00
-5.887298985565045939e+00 -6.540729088566158644e+00
-5.933144566702572398e+00 -6.659813883471276341e+00
-6.116189290782831023e+00 -7.130102964733101345e+00
-7.452296130002808994e+00 -8.466550290408195067e+00
-7.869320093533160865e+00 -9.381866579516188409e+00
-8.176104456031531242e+00 -1.007302885987221153e+01
-8.984062434465093006e+00 -1.261128129669401154e+01
-8.587842071670586108e+00 -1.339263698532689695e+01
-8.471077112172615386e+00 -1.368171703157167940e+01
-8.434267698638652888e+00 -1.396969679671400222e+01
-1.029923668497678513e+01 -1.702449216518104436e+01
-1.029923785374944956e+01 -1.702449327421986780e+01
-1.053391507374901437e+01 -1.741536023781185349e+01
-1.086117322244711758e+01 -1.851334109891707058e+01
-1.008929470893943225e+01 -2.047837028812091020e+01
-1.016363001807330591e+01 -2.370626522945322634e+01
-1.062043313742229955e+01 -2.461921136107413943e+01
-1.138020752861840457e+01 -2.516860708064947616e+01
-1.120714123275508101e+01 -2.583453442212111284e+01
-1.068143961228453875e+01 -2.717435789260194312e+01
-1.032632601722581178e+01 -2.796333562463155786e+01
-9.953360636026049590e+00 -2.884033527211243353e+01
-9.582400648708043533e+00 -3.075372546911016869e+01
-1.025108012200045948e+01 -3.281918523036694069e+01
-1.076926306124788368e+01 -3.411649812326773912e+01
-1.082910364533514347e+01 -3.467077219703377722e+01
-1.072586440189490808e+01 -3.517912126967365083e+01
-1.051204807296989685e+01 -3.564462100938477818e+01
-1.037504848945097002e+01 -3.605316608397750144e+01
-1.038595455820003188e+01 -3.651630326608307087e+01
-1.123971540516908973e+01 -3.928871269261525612e+01
-1.109292193303265250e+01 -4.013742788353915358e+01
-1.143648853027776369e+01 -4.134645597785801385e+01
-1.095120609718076032e+01 -4.272302847621155308e+01
-1.293434072437276861e+01 -4.855523068995175606e+01
-1.267392927967783756e+01 -4.927404647619482603e+01
-1.250121010094811425e+01 -4.970987724404132280e+01
-1.228434420320009046e+01 -5.022203810477592612e+01
-1.171378764990543608e+01 -5.136686306517633227e+01
-1.091119295928879573e+01 -5.228244519168354287e+01
-9.150893812389410797e+00 -5.317714571839463389e+01
-8.219739672955109100e+00 -5.488188638650859019e+01
-5.629522520128280583e+00 -5.870835760686605198e+01
-3.981758786072481904e+00 -6.144739380811687823e+01
2.453217676529083846e+00 -6.469274820798256087e+01
6.280440238280550425e+00 -6.578045806138000273e+01
6.286984954605740583e+00 -6.578314696027361208e+01
6.922932146127757314e+00 -6.606702128684196396e+01
7.050556244565686193e+00 -6.612627976021050813e+01
1.033511186858549458e+01 -6.678168915182456544e+01
1.789524570256034508e+01 -6.699734405652738189e+01
1.795198157937429073e+01 -6.701330207756500101e+01
1.833274932727126227e+01 -6.700973862608292109e+01
2.152973895986730923e+01 -6.703677081182769371e+01
2.916138936641073798e+01 -6.370145245428328451e+01
2.916441136448385762e+01 -6.370008878503256255e+01
2.916470976129310344e+01 -6.369995420859364543e+01
2.944864504474956490e+01 -6.357690485637908751e+01
2.965683358030864980e+01 -6.349140361529163101e+01
3.279389381274585702e+01 -6.232493460326401902e+01
3.279394969071315558e+01 -6.232491345503312630e+01
3.279395571562646694e+01 -6.232491117476835285e+01
3.279395945752489894e+01 -6.232490975856168802e+01
3.279396984304831619e+01 -6.232490582792174649e+01
3.279653461701398243e+01 -6.232393503423056558e+01
3.291250076098951638e+01 -6.227982943703010221e+01
3.304553340308255116e+01 -6.222866021720432883e+01
3.336511471966149855e+01 -6.210242278252684400e+01
3.585794524607690192e+01 -2.580982884908098285e+01
3.584554778834648658e+01 -2.583441678920254603e+01
3.584551825416523485e+01 -2.583448007275701030e+01
3.584545467304211996e+01 -2.583461638482657108e+01
3.584537573570929680e+01 -2.583478576238140789e+01
3.582642021776234031e+01 -2.587988060401828250e+01
3.582573378969023281e+01 -2.588166922037477846e+01
3.386195876924386994e+01 -2.745913124757599633e+01
3.386195876629005141e+01 -2.745913124864247834e+01
3.386195876518927861e+01 -2.745913124903990621e+01
3.386195876430527818e+01 -2.745913124935907845e+01
3.386195876353384904e+01 -2.745913124963759699e+01
3.386195876271410299e+01 -2.745913124993357002e+01
3.386195876182495823e+01 -2.745913125025460033e+01
3.386195876069999144e+01 -2.745913125066076788e+01
3.386195875921015386e+01 -2.745913125119867360e+01
3.386195875586543025e+01 -2.745913125240628361e+01
3.385888522907382736e+01 -2.746023953274763940e+01
3.385888518808384617e+01 -2.746023954750927132e+01
3.385888513538949240e+01 -2.746023956648596709e+01
3.385888504911531527e+01 -2.746023959755569166e+01
3.385888473208109417e+01 -2.746023971172849087e+01
3.385888426436692811e+01 -2.746023988016525053e+01
3.385888405282081237e+01 -2.746023995634881132e+01
3.385123144135857842e+01 -2.746298705960847997e+01
3.385123144069973478e+01 -2.746298705984422739e+01
3.385123144061309830e+01 -2.746298705987523192e+01
3.385123144057268263e+01 -2.746298705988969147e+01
3.385123144053539335e+01 -2.746298705990303191e+01
3.385123144043762267e+01 -2.746298705993801903e+01
3.384910148246303407e+01 -2.746374852133261868e+01
3.384910139780167526e+01 -2.746374855157185735e+01
3.384910133474747340e+01 -2.746374857409346859e+01
3.384910128433693899e+01 -2.746374859209904074e+01
3.384910122936953059e+01 -2.746374861173222826e+01
3.384910118328240003e+01 -2.746374862819356366e+01
3.384910116304362759e+01 -2.746374863542242650e+01
3.384910114973970963e+01 -2.746374864017430184e+01
3.384910113866652637e+01 -2.746374864412940653e+01
3.381935347304832362e+01 -2.747423916695169055e+01
3.381935080771641111e+01 -2.747424009473056117e+01
3.377165292576565037e+01 -2.749048862593241083e+01
3.377080431694433571e+01 -2.749077121804610968e+01
3.358560505781338179e+01 -2.754673518727467751e+01
3.358541772918096058e+01 -2.754678581280079186e+01
3.358519459184726230e+01 -2.754684609923600291e+01
3.328421891468153149e+01 -2.761095572643149509e+01
3.282763617868973682e+01 -2.764240385871417871e+01
3.249011762813135817e+01 -2.762210245119439378e+01
3.206877658992117119e+01 -2.755641805333289795e+01
3.165356173987438737e+01 -2.745922199300267152e+01
3.100265696012727901e+01 -2.725513262270908044e+01
3.057898618288976422e+01 -2.708262929263819530e+01
3.039719035929937263e+01 -2.699691822625836934e+01
3.027637519506118480e+01 -2.693550962257237913e+01
3.018569353883428974e+01 -2.688688392915809189e+01
2.995126127985599496e+01 -2.675001713834437567e+01
2.898756498097139911e+01 -2.594323836658755411e+01
2.857410589022044789e+01 -2.540958158718636639e+01
2.840056184863118816e+01 -2.513640960699769522e+01
2.833131280286373865e+01 -2.501788477430142521e+01
2.823584524540676810e+01 -2.484481938340358553e+01
2.807642992596818488e+01 -2.452903828853856893e+01
2.791221404805063244e+01 -2.416941378878287239e+01
2.776294085408393286e+01 -2.381588587247044941e+01
2.760060866152127090e+01 -2.340756862792266091e+01
2.741025436791465708e+01 -2.290552945272393970e+01
2.728217408632943020e+01 -2.255949447037982480e+01
2.720596311052146632e+01 -2.235259589452084228e+01
2.716707006805600244e+01 -2.224714706968278222e+01
2.710291756138840213e+01 -2.207391935645598124e+01
2.692367076052085295e+01 -2.160026604446932907e+01
2.667929782678107031e+01 -2.100113125686345583e+01
2.657629726460621100e+01 -2.076824281818511864e+01
2.644799158020356344e+01 -2.049562109378159747e+01
2.624224852184503831e+01 -2.010290589842611197e+01
2.607176160492936745e+01 -1.982551001420317149e+01
2.580736799721721653e+01 -1.950876644557980200e+01
2.565939869313336530e+01 -1.940738619579868640e+01
2.547280512865383173e+01 -1.934899233427437792e+01
2.484883249648552805e+01 -1.896956448523194183e+01
2.471071887465921435e+01 -1.875238508047370090e+01
2.449447018419945366e+01 -1.827848752446387692e+01
2.439615155181555295e+01 -1.799860070978293791e+01
2.449354929476060150e+01 -1.546030653779416042e+01
2.448500328549067717e+01 -1.544453460381045673e+01
2.442912386582605677e+01 -1.534945266373093631e+01
2.439105562367181435e+01 -1.529092368386501199e+01
2.429219684958079739e+01 -1.517772536448526921e+01
2.421892711362817607e+01 -1.513659956185619393e+01
2.148821399026426704e+01 -1.511117423254085068e+01
2.048551607086366744e+01 -1.496690359969058903e+01
2.013748339548557098e+01 -1.479159217359975997e+01
1.982174392874970437e+01 -1.457337280853389316e+01
1.971254851093090110e+01 -1.438821935464069490e+01
1.959966877714389355e+01 -1.403346159515881730e+01
1.933873283357463535e+01 -1.369788117541017414e+01
1.906253236932666795e+01 -1.355544117589001907e+01
1.822444625207957358e+01 -1.316736578650617950e+01
1.808577874160825516e+01 -1.300070778847176811e+01
1.580192776789028031e+01 -1.139727955852322161e+01
1.528531141380168812e+01 -1.118488031102823754e+01
1.361118263739050960e+01 -9.797671916431223593e+00
1.353053601635629732e+01 -9.700660330503229289e+00
1.310393791198521996e+01 -9.448100711524412887e+00
1.265157386536403017e+01 -9.295561596858716413e+00
1.191687147725569851e+01 -8.369843267531770437e+00
1.141876330739489021e+01 -7.036276620509000601e+00
1.040910614467542850e+01 -5.170192337283347150e+00
1.015766534363769225e+01 -5.030756957582494415e+00
8.940197462937726769e+00 -4.639185285225770450e+00
7.194739690029452461e+00 -3.067624618837436756e+00
6.023739313666592210e+00 -2.582559343183628453e+00
5.508283841217638255e+00 -2.366138304845525120e+00
4.063957449613231354e+00 -1.752710457730428883e+00
1.982011704436069666e+00 -1.633324143277586460e+00
1.584725364011310589e+00 -1.376114475051818831e+00
1.481356170562104335e+00 -1.020473205732577604e+00
1.285659813006311047e+00 -5.516713046561473321e-01
1.122035392431879330e+00 -4.228940229543224905e-01
9.246360797392658704e-01 -3.380857423726615352e-01
6.432138705772684206e-01 -2.762539570320790561e-01
