-8.200068550088432939e-01 -3.394495198599768448e-01
-1.566977255820558801e+00 -5.839619624165726108e-01
-1.352447188125894151e+00 -3.173930553111635966e+00
-1.165649919194272632e+00 -4.021857280311357030e+00
-9.702946100522918949e-01 -5.306998560530992393e+00
-1.280285016386463859e+00 -7.277326580335850004e+00
-1.954715870915664455e+00 -1.122151978248130888e+01
-1.924976666604992781e+00 -1.254065598489927780e+01
-2.117671006489170171e+00 -1.436719707205583774e+01
-1.684224270488926534e+00 -1.492907586871371883e+01
-1.255935873950839277e+00 -1.549242700186884392e+01
-1.396261647144022566e+00 -1.755078506780940728e+01
-1.402561075611515218e+00 -1.959191666617871164e+01
-1.419185522144299938e+00 -1.963563705013175564e+01
-1.353501233012335048e+00 -2.072456938502903157e+01
-2.279503334474342946e+00 -2.566393031390559543e+01
-1.201010547349796509e+00 -2.829918003122941883e+01
-1.100953566962081354e+00 -2.983217422207836478e+01
-1.185321964983660825e+00 -3.090028240047106323e+01
-1.319120492825945234e+00 -3.254101037202870117e+01
1.901610021841605436e+00 -3.388709448814363867e+01
8.012432604166402683e+00 -3.430267244287384187e+01
8.222464599897685744e+00 -3.522937454350064712e+01
8.166214062194086409e+00 -3.589524486546576298e+01
8.190645426643648364e+00 -3.728232035022500668e+01
8.316985863882308649e+00 -3.758846377018556950e+01
8.735325104541519892e+00 -3.838089413540402006e+01
9.998206195934487894e+00 -3.986775049797245885e+01
1.113141875855990470e+01 -4.330960630930569266e+01
1.076989775348567946e+01 -4.643206841021059716e+01
1.015357066612059889e+01 -4.826158803489323645e+01
9.327496398749618223e+00 -5.159684569593819248e+01
1.005141832840063110e+01 -5.346239492933940340e+01
1.043154634265244773e+01 -5.451705692678311266e+01
1.050854086664320342e+01 -5.581178895770805326e+01
1.062711887991766702e+01 -5.723297057732824555e+01
1.103910163559068636e+01 -5.835276590857229451e+01
9.796367493702813789e+00 -6.235747609522530865e+01
1.053963886659076898e+01 -6.270640292218623557e+01
1.071353146152863722e+01 -6.287791150685976760e+01
1.094563647526887529e+01 -6.325898122656961675e+01
1.101462597649776320e+01 -6.342436711388241122e+01
1.106962099167788516e+01 -6.358480622302242580e+01
8.456399743846421124e-02 -7.623093662815165317e+01
4.821149703072532544e-01 -7.652646655888540295e+01
1.196667225197745932e+00 -7.637140728432956394e+01
3.736240177219118941e+00 -7.589844110461511661e+01
4.754814499341811995e+00 -7.619579845579373512e+01
5.957257372312011690e+00 -7.680339103662994660e+01
6.990126175249059770e+00 -7.749945678686755457e+01
7.941959559331258411e+00 -7.832168615308685844e+01
8.741131536489914922e+00 -7.943405383898539185e+01
1.006869243254791613e+01 -8.044710210158456221e+01
1.269991951397722474e+01 -8.203439298806725333e+01
1.285214066231190166e+01 -8.781538317591643761e+01
1.107291308259566343e+01 -9.178759596848937008e+01
1.074877087716171786e+01 -9.275744718768906694e+01
1.100357157105795736e+01 -9.340455770623272258e+01
1.115354136159087162e+01 -9.346022894557880534e+01
1.189641699923077134e+01 -9.436575714674643223e+01
1.195449207981941875e+01 -9.449581959628798700e+01
1.198536609981398193e+01 -9.456813734670291183e+01
1.210001768974435876e+01 -9.485504350042118915e+01
1.215590030706298208e+01 -9.500480061639082408e+01
1.217742343388908033e+01 -9.506411132548349485e+01
1.229197910776641933e+01 -9.539399914800513613e+01
1.235658219199326346e+01 -9.558967518657480866e+01
1.245291123043096704e+01 -9.589243350915772623e+01
1.253199550938854756e+01 -9.614903580183759857e+01
1.257973373326269417e+01 -9.630658785749079698e+01
1.264548465984375092e+01 -9.652577561864346478e+01
1.280090130181306307e+01 -9.703915634452461347e+01
1.287891819077203159e+01 -9.728119057864945773e+01
1.294719316800480691e+01 -9.747702025861293862e+01
3.235340949039488834e+01 -9.120207128548909736e+01
3.794124375243408309e+01 -9.396347814338793114e+01
3.808901472845946756e+01 -9.245932777151575976e+01
3.993414338082432380e+01 -8.914181990881461104e+01
4.777954262833074495e+01 -9.033165364708865752e+01
5.124464194599536171e+01 -9.283750126452972040e+01
6.118252431496126320e+01 -9.652031526403443706e+01
6.404142401989935252e+01 -9.825100890669915543e+01
6.440215550885919527e+01 -9.900380526605009379e+01
6.452661711300342517e+01 -9.932453351817125053e+01
6.487801102786737317e+01 -9.984490357065539001e+01
6.510646539382456410e+01 -1.000854941528284883e+02
6.543150045911448842e+01 -1.005157778986412325e+02
6.576016205605908738e+01 -1.014951711535470196e+02
6.530427774936089236e+01 -1.067426535772962808e+02
6.541006889441203498e+01 -1.076064465005860598e+02
6.552049569078367597e+01 -1.078500909127550926e+02
6.569398571281540455e+01 -1.081172408286532942e+02
6.586777602921144137e+01 -1.083119012509115180e+02
6.644704003191971253e+01 -1.086844107340703118e+02
6.687278782721365644e+01 -1.087927003935486283e+02
6.711921848436801952e+01 -1.088118680523365498e+02
6.747054124067064151e+01 -1.088025076164378220e+02
6.808094774129034477e+01 -1.087206532816907014e+02
6.825220082206772076e+01 -1.086872644987512615e+02
6.869352549048866763e+01 -1.085863369861891954e+02
6.940509721700220780e+01 -1.083938099122191261e+02
6.940966721998519517e+01 -1.083925135374744571e+02
6.942161794677988951e+01 -1.083891229747428468e+02
6.722595400019484657e+01 -1.004719951429426175e+02
8.051928520466873351e+01 -8.842196339724016241e+01
8.098674477306319375e+01 -8.892221692886280948e+01
8.125291300170584918e+01 -8.916986509876636546e+01
8.158827450586656482e+01 -8.943404855963653688e+01
8.206807362051767996e+01 -8.969431131434052418e+01
8.237627257184648499e+01 -8.978272797308991926e+01
8.256687042017659905e+01 -8.981021096638740175e+01
8.282995337407105296e+01 -8.981829696532496143e+01
8.354379557846586124e+01 -8.971037103950803271e+01
8.430353738774401506e+01 -8.935311606603474388e+01
8.449413230576264766e+01 -8.913107256181321247e+01
8.464502624633675509e+01 -8.880950325451053118e+01
8.467907120539875621e+01 -8.869313326536970976e+01
8.472817364079584479e+01 -8.827948044860501398e+01
8.471763788815202645e+01 -8.816889027136595303e+01
8.469694581618129803e+01 -8.808109152299208233e+01
8.297883595295388659e+01 -8.791677048532814354e+01
8.265983664622002891e+01 -8.783441987660410177e+01
8.252388836047433074e+01 -8.778924793944884186e+01
8.211809590852450924e+01 -8.761212897038885217e+01
8.182915001083264883e+01 -8.743064442145532666e+01
8.132620773646030443e+01 -8.657166267013904815e+01
8.082873065216577402e+01 -8.559864142411825583e+01
7.982498381752125738e+01 -8.510922710359248811e+01
7.874874917315065659e+01 -8.364036851278194717e+01
7.774087685664920855e+01 -8.143781153112963977e+01
7.718201363286426897e+01 -8.079437855600477292e+01
7.705481687147235448e+01 -8.048109865905227878e+01
7.680213462825545889e+01 -7.998178432690342277e+01
7.637371063827059459e+01 -7.950387293115662146e+01
7.478919367494370363e+01 -7.727818819384343385e+01
7.502364441004488071e+01 -7.091317884908434621e+01
7.510159307182767918e+01 -6.878957012814694849e+01
7.449280299643261571e+01 -6.607819621821683143e+01
7.847501264293585166e+01 -6.298059889340207462e+01
7.923994022428772155e+01 -5.752919297856230685e+01
7.720278397843934215e+01 -5.594470949425288353e+01
7.602544112510491914e+01 -5.427547867191869813e+01
7.573242322018870709e+01 -5.322614192689266588e+01
7.597922399537976901e+01 -4.991949419390163456e+01
7.619268435468498524e+01 -4.880261765548792852e+01
7.613952656337444580e+01 -4.669872585206395854e+01
7.647696968868145007e+01 -4.583302164992004890e+01
7.686839080946904801e+01 -4.498547788925471025e+01
7.785154247103437797e+01 -4.319240736646440126e+01
7.739131326468105954e+01 -4.179529826994712494e+01
7.656541066718773436e+01 -4.110187517268605717e+01
7.579000148814303373e+01 -4.055725197250390579e+01
7.432338575235090161e+01 -3.977464083524351679e+01
6.234676029274881870e+01 -4.430325679270213612e+01
5.919108174693661084e+01 -4.313453064473711862e+01
5.840052516340963962e+01 -4.284380821306736919e+01
5.749077000708044949e+01 -4.253983723902508984e+01
5.438597767602431077e+01 -4.153439533460399247e+01
5.244662861884165039e+01 -4.139915035300523272e+01
5.127218155322916715e+01 -4.033201574380177590e+01
4.960066437388018556e+01 -4.041303176161510891e+01
4.849281357640740708e+01 -4.007927960819825586e+01
4.678962999212750873e+01 -4.009617768954599626e+01
4.612443880350808456e+01 -3.978657913728321915e+01
4.589490121902963438e+01 -3.966716068056181399e+01
4.539004051058645928e+01 -3.940185450301415671e+01
4.513618807386616538e+01 -3.927480804872201503e+01
4.051985154935620415e+01 -3.889842600265760097e+01
3.891513353593477120e+01 -3.618004917655769503e+01
3.861028508362258549e+01 -3.354989011353904971e+01
3.786328568748798062e+01 -3.295971692750631377e+01
3.744756300161477469e+01 -3.267897145367190603e+01
3.730419651262722880e+01 -3.258850442486492938e+01
3.709339201743425463e+01 -3.246132620286814330e+01
1.924724418313958196e+01 -4.021862340059583119e+01
1.833933153809025995e+01 -3.899974475031383037e+01
1.754985528763622682e+01 -3.772442469627547723e+01
1.534726532489783679e+01 -3.381536604176449856e+01
1.499621412545489818e+01 -3.320427177915202321e+01
1.310222823915389334e+01 -3.050169678774059534e+01
1.287974608294303991e+01 -3.016555699715593519e+01
1.254015192159731384e+01 -2.977441199173657083e+01
1.227867198237997037e+01 -2.957461015898362433e+01
1.167105153781286475e+01 -2.878141003943353837e+01
1.118163082967806687e+01 -2.771462660140685941e+01
1.005626521598255430e+01 -2.615949056512659254e+01
9.940718602936986059e+00 -2.585500349930410025e+01
9.659213418734537981e+00 -2.559405196159567453e+01
9.153999437187842148e+00 -2.527649296001298040e+01
8.851620037032171595e+00 -2.479153250665252628e+01
8.278289349113880036e+00 -2.307238078339514331e+01
6.255947793138260771e+00 -2.007579924885330414e+01
5.567158299570918345e+00 -1.742996351725027182e+01
5.158614220858731336e+00 -1.594700471739576919e+01
6.034509876286888286e+00 -1.018150463113550508e+01
6.307257121894308760e+00 -6.952076907053904797e+00
6.404309621836685729e+00 -3.969184898493398173e+00
6.366681049612993526e+00 -3.859868667154704003e+00
6.193377373766277394e+00 -3.431426004057845258e+00
