1.060067650646442594e+00 -9.156162398922652601e-01
1.090609291170764328e+00 -9.897381560931532984e-01
1.225080329297827841e+00 -1.448744588018643364e+00
1.249975675117844798e+00 -1.634317453654785313e+00
1.066912903351918462e+00 -2.279704757012392946e+00
1.380084194674092712e+00 -2.957670961447089741e+00
2.175487926332913879e+00 -3.990408486673272748e+00
2.081237649470097928e+00 -4.479058729400926531e+00
1.727153570299558183e+00 -5.304975900576939019e+00
1.571261119654850713e+00 -5.625438416787517326e+00
1.463084679722118198e+00 -5.843098031277006221e+00
9.182473848892978019e-01 -6.928394628005987599e+00
-3.375750265340144551e+00 -1.071446474700276852e+01
-5.907880771538087217e+00 -1.357659756980272370e+01
-6.643393669352700925e+00 -1.482253096249682933e+01
-7.401361440656736512e+00 -1.870812572414493502e+01
-6.260026428211074467e+00 -2.072955375228731967e+01
-6.777183687019957326e+00 -2.301475109709197753e+01
-6.512130539236529181e+00 -2.350877079699973748e+01
-6.287521397741079987e+00 -2.375122784085903760e+01
-5.677779437825519082e+00 -2.406789104036808524e+01
-4.662508705878703807e+00 -2.504659081314249391e+01
-5.209625475668498318e+00 -2.758278193282495394e+01
-6.515035869712297867e+00 -3.005978238547766068e+01
-7.592777325473945460e+00 -3.425183652828907555e+01
-8.402274643776673102e+00 -3.585501167129844902e+01
-9.116269427493998379e+00 -3.725012400154298575e+01
-9.765078688307847088e+00 -3.852219251458276261e+01
-1.022606003132830743e+01 -3.942150562301434746e+01
-1.381705998362490107e+01 -4.282214635552936244e+01
-1.371648338502839692e+01 -4.311977993647907681e+01
-1.386512053704257497e+01 -4.427163657405505859e+01
-1.420905925084991495e+01 -4.503594623191813895e+01
-1.451413611319748220e+01 -4.563706578045810858e+01
-1.466563666510302077e+01 -4.592099505916366553e+01
-1.505349154466895989e+01 -4.661180124955669868e+01
-1.508291697170295897e+01 -4.666207298628508937e+01
-1.888485492999804194e+01 -5.103187123021599803e+01
-1.873883542893591425e+01 -5.106829863815690373e+01
-1.869281561226875610e+01 -5.107688798648904083e+01
-1.867236306274649849e+01 -5.108023149569172716e+01
-1.865073694607065846e+01 -5.108344179748920766e+01
-1.858963273960701912e+01 -5.109065690361980927e+01
-1.838713079214672419e+01 -5.109371153395027676e+01
-1.821819735072438462e+01 -5.107046520111400412e+01
-1.768911606273865189e+01 -5.088533206223719674e+01
-1.613337187320212607e+01 -5.130398348139049602e+01
-1.527949242131932017e+01 -5.218189515653162402e+01
-1.485524937203719986e+01 -5.308416510418521028e+01
-1.387395841413158770e+01 -5.359989829232981151e+01
-1.325699467048595004e+01 -5.406817976923134950e+01
-1.272605386210521949e+01 -5.550519349219209175e+01
-1.239518531174638305e+01 -5.642757333585569057e+01
-1.152685625012512993e+01 -5.709086452405534828e+01
-1.117465963829247322e+01 -5.810278399822650641e+01
-1.111604580205228743e+01 -5.840073077031579629e+01
-1.113408299699633908e+01 -5.857865173838045791e+01
-1.128608271689539144e+01 -5.886177496396349795e+01
-1.061577291755335040e+01 -5.883174117768226097e+01
-6.331800894727940943e+00 -6.091786798589767216e+01
-6.166323964951309300e+00 -6.101195188482272158e+01
-5.946689014001976581e+00 -6.113815030496093783e+01
-4.532208843232396589e+00 -6.406524567981406904e+01
-4.254369644853237098e+00 -6.422495886218283090e+01
-3.692045188404072587e+00 -6.529025172652448816e+01
-3.333361598289465544e+00 -6.630044818111709048e+01
-2.988296872106724678e+00 -6.739637259802229607e+01
-2.906519691112444903e+00 -6.943690395738975951e+01
-2.048589985096602284e+00 -6.985677839873123673e+01
-1.588986365725228556e+00 -7.013235033473095825e+01
-1.276200040407585723e+00 -7.053889777493502322e+01
-1.169435768504239359e+00 -7.092707381895789354e+01
-1.120016802240348941e+00 -7.116089618424950913e+01
-1.045533967283072574e+00 -7.136533180462089376e+01
1.027417733587886239e+00 -7.138952104126941833e+01
2.825549922476938924e+00 -7.352501064370369477e+01
2.828187274447741650e+00 -7.352657787352450214e+01
2.863735429423100776e+00 -7.354715178575642653e+01
2.913665490082187226e+00 -7.357455650259009872e+01
4.771584863907637697e+00 -7.904419358025224085e+01
5.069660845852205000e+00 -7.910581956612911370e+01
5.144422527859496164e+00 -7.912349340722730062e+01
5.158223657102824156e+00 -7.912656316251013777e+01
5.185016283895920175e+00 -7.913224611028242350e+01
5.278882281250416142e+00 -7.914792870079396891e+01
5.322205737491550792e+00 -7.915207942556065746e+01
5.399282318860825214e+00 -7.915296243163693646e+01
5.488969406361881909e+00 -7.914130895472894167e+01
5.649624785974828534e+00 -7.908375931559243099e+01
5.805453207797119042e+00 -7.900669681600392380e+01
5.943516745302177107e+00 -7.894380421934026515e+01
6.065484863682340411e+00 -7.890158575411304298e+01
6.224020205574084308e+00 -7.887105105470412525e+01
6.436846475253575228e+00 -7.887588058482072029e+01
6.545890022521066776e+00 -7.889603059219446379e+01
6.598393619644748576e+00 -7.890894978299728280e+01
6.644391246259969463e+00 -7.892172960385299518e+01
6.720469167180732839e+00 -7.894549524358212977e+01
6.805848825281028525e+00 -7.897551435623449834e+01
6.836115320966652753e+00 -7.898689274363623269e+01
6.877051473574381291e+00 -7.900282819462069028e+01
6.931685938135562886e+00 -7.902498682631600957e+01
6.948161064069222626e+00 -7.903185245519007651e+01
6.956313146187039997e+00 -7.903527926797082159e+01
6.965806039121106075e+00 -7.903929378089452484e+01
6.978658514185443806e+00 -7.904476937599356745e+01
7.027041405183078737e+00 -7.906577614618200300e+01
1.542142750601731116e+01 -6.536185370758640545e+01
1.542825989081129201e+01 -6.536295510500882244e+01
1.623499209293539280e+01 -6.439263226844477117e+01
1.658532591901263231e+01 -6.383160891425644934e+01
1.663701287470002654e+01 -6.378527191115507833e+01
1.669356508997656618e+01 -6.374218338061648836e+01
1.819734481254744907e+01 -6.065534463195707815e+01
2.013004295064800075e+01 -5.696728902003360417e+01
2.133682689811907451e+01 -5.236983047432553917e+01
2.243804753813345698e+01 -5.020686527139140054e+01
2.646740788247387144e+01 -4.202683839449053949e+01
2.746144750615453134e+01 -3.722708437096063960e+01
2.742203305458384577e+01 -3.714169423909295631e+01
2.739890621654144809e+01 -3.708952798457809052e+01
2.735545027915748051e+01 -3.648435956180996698e+01
2.807562687700768222e+01 -3.436498985293924591e+01
2.799883644429792184e+01 -3.420197823279033855e+01
2.796770928570144221e+01 -3.413835318273378761e+01
2.782500457789102200e+01 -3.360923385965437404e+01
2.848259246833061553e+01 -3.121836437482488336e+01
2.831073933568583456e+01 -3.061271400620430327e+01
2.798669357263812429e+01 -2.963431471424937413e+01
2.787668087415842066e+01 -2.697530341352180372e+01
2.778931269144352001e+01 -2.674906249853057361e+01
2.764572842699237398e+01 -2.636415760350458726e+01
2.819941669554495434e+01 -2.379313290549155724e+01
2.825419096355370741e+01 -2.348993119594531009e+01
2.807384699852201493e+01 -2.284056151734684548e+01
2.807181904176961140e+01 -2.032436396178973936e+01
2.830971514334863670e+01 -1.942301639834950322e+01
2.949664483053507880e+01 -1.687429617147762784e+01
3.391557145213952396e+01 -1.071893675139552293e+01
3.415952595309020268e+01 -1.016767597011279634e+01
3.443563997228140039e+01 -7.971870371397592692e+00
3.443755789045464155e+01 -7.518345863708320032e+00
3.517161511740174262e+01 -6.003446689789275759e+00
3.521897043308764097e+01 -3.761860509699165078e+00
3.503697411964750330e+01 -2.868897568273120591e+00
3.552435401533249149e+01 -9.243182786412881269e-01
3.614188528935531508e+01 2.774585423832878761e-01
3.678517796083609426e+01 1.489323950237131156e+00
3.813237458751316922e+01 4.149913163304761454e+00
3.857050222694583397e+01 5.461014841133619235e+00
3.783532925325896201e+01 5.346171198602385211e+00
3.735662284444511982e+01 5.421790856686626192e+00
3.679442496372141846e+01 5.702683827998187738e+00
3.621239980710283390e+01 6.049762767276168240e+00
3.549878709528896792e+01 6.408418279500774695e+00
3.530279239130344848e+01 6.477899325275885190e+00
3.412225038999959281e+01 6.433304415213297212e+00
3.152078634440375282e+01 6.329346736863512568e+00
3.067503020307485073e+01 6.670793040095773563e+00
2.991086704684532194e+01 6.987492891013959984e+00
2.929734992331160726e+01 7.256199799400052441e+00
2.861401461540792823e+01 7.598032584336388950e+00
2.808709003964604989e+01 7.933455600164303512e+00
2.746151307704562683e+01 8.766802898303938107e+00
2.731092433210794468e+01 9.822649956577359731e+00
2.708647910007025317e+01 1.078779448275698805e+01
2.714350717046461980e+01 1.178455789726944403e+01
2.624623108357343071e+01 1.240230324095234415e+01
2.275876794267389513e+01 1.188510004092955441e+01
2.250744878974485630e+01 1.199150965481440956e+01
1.764503410781764003e+01 9.342885303017295584e+00
1.764372077863007959e+01 9.342552543040360646e+00
1.764334744888959605e+01 9.342457793900367236e+00
1.764239792342596047e+01 9.342216493610816741e+00
1.529813300115261043e+01 7.863706281980800128e+00
1.521080763991047746e+01 7.881159901982021765e+00
1.517316481274499829e+01 7.893268884351259729e+00
1.484352942654811258e+01 8.084438577741115850e+00
1.244563386847041997e+01 7.031261645304796915e+00
1.223527007092982366e+01 7.155766419706615089e+00
1.219647807782112636e+01 7.184053604842802976e+00
1.216629323344678681e+01 7.205899513249880428e+00
1.212669985392519933e+01 7.233582254908737852e+00
1.208440423638224637e+01 7.261056098479524934e+00
1.198778896356278167e+01 7.312131356085257217e+00
1.162594373545428006e+01 7.376969553431386828e+00
1.153942884925360701e+01 7.369665154028562704e+00
1.082911480656924574e+01 7.148799434386841511e+00
9.917720433846190176e+00 7.261362919887766942e+00
7.404258319082535067e+00 6.297825506535573936e+00
7.303440587490968028e+00 6.352432954427266409e+00
7.243224205766371604e+00 6.387146231148677522e+00
7.129170883405659964e+00 6.450923808816604321e+00
6.976011966388106167e+00 6.520524828700799524e+00
6.885464856026201730e+00 6.548423823277151001e+00
6.778503091935729863e+00 6.566878809730629207e+00
6.594082567527130401e+00 6.562250157009957618e+00
5.600363783297144238e-01 1.083864490360515020e+00
5.600363783297144238e-01 1.083864490360515020e+00
