1.614601534020144724e+00 -3.796313096001804333e+00
1.622355686449571177e+00 -3.948996105316496141e+00
1.746540533096657466e+00 -5.900646147685874254e+00
1.729074975735154673e+00 -6.511601075068625732e+00
1.434521415934167488e+00 -8.043268830392712232e+00
6.514382581049666943e-01 -1.013403575982377802e+01
-3.775699455137194183e-01 -1.424288944962482617e+01
6.557755387119156287e-01 -1.543289857096861617e+01
9.009275894936299434e-01 -1.683009982576770724e+01
1.014151492814473254e+00 -1.749289079381477663e+01
1.427994067299703351e+00 -1.797727433681549769e+01
9.482078868684029604e-01 -2.039284197748692051e+01
-4.873843821262443754e+00 -2.656739869390380449e+01
-1.434179688619435034e+01 -3.025821882978313226e+01
-1.468313337039393751e+01 -3.046045287954186165e+01
-1.577465669512230662e+01 -3.108707482351497475e+01
-1.577468497776612999e+01 -3.108708995711483780e+01
-1.579038264877157616e+01 -3.109546824460717929e+01
-1.579038823859386653e+01 -3.109547122035451494e+01
-1.579184166035395620e+01 -3.109624476148134420e+01
-1.579184681083026121e+01 -3.109624750199949617e+01
-1.579185166598329815e+01 -3.109625008537466684e+01
-1.579186992230964570e+01 -3.109625979933350592e+01
-1.579196597045192973e+01 -3.109631090434368161e+01
-1.579238357673263771e+01 -3.109653308382435455e+01
-1.862919933227404456e+01 -2.971824547248064263e+01
-1.862919932622414620e+01 -2.971824523779071825e+01
-1.862919931951202202e+01 -2.971824497741352644e+01
-1.862919930313071148e+01 -2.971824434195667308e+01
-1.862919926284699557e+01 -2.971824277933753677e+01
-1.862919922725863842e+01 -2.971824139891194960e+01
-1.862919919958027748e+01 -2.971824032534290083e+01
-1.862919916008218379e+01 -2.971823879337616248e+01
-1.862919911020043529e+01 -2.971823685876772458e+01
-1.862919905775973817e+01 -2.971823482503040026e+01
-1.862919902165567265e+01 -2.971823342492451303e+01
-1.862919898172843602e+01 -2.971823187662320720e+01
-1.862919895321539343e+01 -2.971823077098495958e+01
-1.862919892118931031e+01 -2.971822952916512151e+01
-1.862919889852745214e+01 -2.971822865047251128e+01
-1.862919887527553797e+01 -2.971822774892455854e+01
-1.862919885385787921e+01 -2.971822691851695808e+01
-1.862919883617673378e+01 -2.971822623299706478e+01
-1.862919882291777540e+01 -2.971822571893952514e+01
-1.862919880930317973e+01 -2.971822519110186533e+01
-1.862919879614206664e+01 -2.971822468085336055e+01
-1.862919878241169869e+01 -2.971822414854336358e+01
-1.862919877251161438e+01 -2.971822376473377858e+01
-1.862919876330811064e+01 -2.971822340793343997e+01
-1.862919875351467525e+01 -2.971822302826677387e+01
-1.862919874334767201e+01 -2.971822263412207832e+01
-1.862919873497040868e+01 -2.971822230936389531e+01
-1.862919872529678500e+01 -2.971822193435382076e+01
-1.862919871385104287e+01 -2.971822149065070562e+01
-1.862919870332509120e+01 -2.971822108260890971e+01
-1.862919869101892090e+01 -2.971822060556270628e+01
-1.862919867788806272e+01 -2.971822009655480912e+01
-1.862919866455317930e+01 -2.971821957964579397e+01
-1.862919864397392544e+01 -2.971821878193339472e+01
-1.862919862721250297e+01 -2.971821813222507913e+01
-1.862919860966595564e+01 -2.971821745209676990e+01
-1.862919857872518037e+01 -2.971821625282230173e+01
-1.862919855778451250e+01 -2.971821544117911529e+01
-1.862919851917665071e+01 -2.971821394481959544e+01
-1.862919849233904657e+01 -2.971821290468870558e+01
-1.862919846526553158e+01 -2.971821185544641963e+01
-1.862919843373643403e+01 -2.971821063356714987e+01
-1.862919840680618577e+01 -2.971820958994579343e+01
-1.862919837527148204e+01 -2.971820836792926812e+01
-1.862919833581336349e+01 -2.971820683892970294e+01
-1.862919831126701098e+01 -2.971820588779434402e+01
-1.862919828840076164e+01 -2.971820500178401403e+01
-1.862919826104531396e+01 -2.971820394185826331e+01
-1.862919822379937074e+01 -2.971820249876352094e+01
-1.862919817654098154e+01 -2.971820066782332859e+01
-1.862919815487987663e+01 -2.971819982863554443e+01
-1.862919810842616286e+01 -2.971819802900933638e+01
-1.862919796803397077e+01 -2.971819259075739339e+01
-1.862919782652818768e+01 -2.971818711023566095e+01
-1.862919773541432278e+01 -2.971818358185398168e+01
-1.862919760881122144e+01 -2.971817867975081739e+01
-1.862919753295236447e+01 -2.971817574281056906e+01
-1.862919749912770939e+01 -2.971817443334045095e+01
-1.862919741702117804e+01 -2.971817125491772060e+01
-1.862919738221015464e+01 -2.971816990743781872e+01
-1.862919732678165730e+01 -2.971816776199640131e+01
-1.862919727633680722e+01 -2.971816580957001719e+01
-1.862919723001891015e+01 -2.971816401697098797e+01
-1.862919718553825632e+01 -2.971816229556474909e+01
-1.862919715358136585e+01 -2.971816105888242987e+01
-1.862919712897278757e+01 -2.971816010659867402e+01
-1.862919710297982689e+01 -2.971815910077136635e+01
-1.862918859929324000e+01 -2.971783159651566564e+01
-1.862918859309105457e+01 -2.971783135877064197e+01
-1.862918570125079043e+01 -2.971772068310628967e+01
-1.862918564745652716e+01 -2.971771862761937300e+01
-1.862918450344502119e+01 -2.971767494327013992e+01
-1.862918359466755902e+01 -2.971764028010317205e+01
-1.862918340957170571e+01 -2.971763322425076126e+01
-1.862918331343457012e+01 -2.971762956006304179e+01
-1.862918318991244249e+01 -2.971762485267944953e+01
-1.862918313397802095e+01 -2.971762272124644610e+01
-1.862918308619869379e+01 -2.971762090067286977e+01
-1.862918299696513458e+01 -2.971761750078863074e+01
-1.862918294553539056e+01 -2.971761554141543016e+01
-1.862918288248240728e+01 -2.971761313936838533e+01
-1.862918283671587716e+01 -2.971761139596341650e+01
-1.862918279242512654e+01 -2.971760970885837949e+01
-1.862918275694001480e+01 -2.971760835723242877e+01
-1.862918264369357146e+01 -2.971760404402919420e+01
-1.862918250914350438e+01 -2.971759892012499193e+01
-1.862918199641582007e+01 -2.971757940138574128e+01
-1.862910869010934434e+01 -2.971489190764830823e+01
2.855624014024994750e+01 -8.011606526759952374e+01
2.868810203247785751e+01 -7.991113471243251354e+01
2.875180833227344124e+01 -7.980673924999521773e+01
2.877934659030675846e+01 -7.976097549892728011e+01
2.879468948034379494e+01 -7.973537570273302322e+01
2.880895513072484349e+01 -7.971153027787200074e+01
2.882168876874393959e+01 -7.969022456456335135e+01
2.882992733796713836e+01 -7.967643516856955443e+01
2.883557561757637089e+01 -7.966698114146480236e+01
2.883968000643264773e+01 -7.966011187109008063e+01
2.884297787671805935e+01 -7.965459309904375118e+01
2.884610140567956904e+01 -7.964936683309879584e+01
2.884965768463969482e+01 -7.964341761555195376e+01
2.885428275023981826e+01 -7.963568264391872731e+01
2.886074132559155103e+01 -7.962488645031741896e+01
2.887018678923613280e+01 -7.960911105871934978e+01
2.888488470624812976e+01 -7.958460576913540763e+01
2.891066911990816735e+01 -7.954178927539400945e+01
2.898550968020647289e+01 -7.941951339039302127e+01
9.877232220185406675e+01 -5.562180019594080704e+01
9.877102926637306268e+01 -5.562083615326847053e+01
9.877084206458380322e+01 -5.562069685913991179e+01
9.877066251927071505e+01 -5.562056333060419178e+01
9.877056338495987120e+01 -5.562048963279906388e+01
9.876929119561357595e+01 -5.561954568865733251e+01
9.876875228927187322e+01 -5.561914684812751375e+01
9.876798759802446170e+01 -5.561858194941732592e+01
9.876692888222699196e+01 -5.561780187160121613e+01
9.876628244991528049e+01 -5.561732672914568099e+01
9.876508276807236086e+01 -5.561644726923745452e+01
9.876299064171030295e+01 -5.561492085653021888e+01
9.876089962747714424e+01 -5.561340453538322492e+01
9.875973094224505644e+01 -5.561256110719616430e+01
9.875892349535079973e+01 -5.561198008431467343e+01
9.875812564771203483e+01 -5.561140733830713856e+01
9.875196565806433568e+01 -5.560703131889179218e+01
9.872820326759624265e+01 -5.559092173664915748e+01
9.861766216632381088e+01 -5.553099710533344080e+01
9.608370380948002776e+01 -5.581561477415560546e+01
8.970555461408332576e+01 -5.305654982683339682e+01
8.963119524907673963e+01 -5.267567802174838931e+01
8.971357508132989267e+01 -5.222703021060092254e+01
8.988225632783729679e+01 -5.155557377877376979e+01
8.977650426155297225e+01 -5.139183427536649162e+01
8.921686961240173730e+01 -5.111555404785856638e+01
8.846487567322722612e+01 -5.081315312739982915e+01
8.775937931291825578e+01 -5.031948795670975727e+01
8.681793694540604633e+01 -4.952569282533151807e+01
8.461220483454987118e+01 -4.857051010195223739e+01
8.246570655727396115e+01 -4.789355071700218502e+01
8.069867365251198521e+01 -4.721214554554858722e+01
7.992170843466799113e+01 -4.628424341635805916e+01
7.782967689766840635e+01 -4.517243000990549007e+01
7.501572264409020363e+01 -4.267150990921786757e+01
7.387548438302621889e+01 -4.174077814549832510e+01
6.995802521773011051e+01 -3.208689678185099581e+01
6.673061513315050775e+01 -2.832243566478363306e+01
6.036871620254635218e+01 -2.511810708539818648e+01
5.816689541760640481e+01 -2.288277652675531115e+01
5.714223827109137943e+01 -1.791163343504955918e+01
5.779043373311695575e+01 -1.106265436519968937e+01
5.188023705716098988e+01 -1.239255395005086768e+01
5.164161938184750511e+01 -1.228626543985595454e+01
5.139195798780465907e+01 -1.217761349695228645e+01
4.238931191797445308e+01 -1.177338471724606173e+01
3.917749985328497075e+01 -1.106514685121064367e+01
3.509375221478611451e+01 -8.805075673046165008e+00
3.479243622867279129e+01 -8.706183748125608801e+00
3.353615528234582399e+01 -8.303848022887516223e+00
3.219300225969731599e+01 -7.871237392117126141e+00
3.037521929736469417e+01 -6.584159402672278283e+00
2.847809075941979273e+01 -4.988867006015153649e+00
2.540467055584892364e+01 -2.701445191714700211e+00
2.485952183762761081e+01 -2.327183846048157978e+00
2.347236309679766109e+01 -1.467771573997649570e+00
1.623165760366064347e+01 -3.615892832842445781e+00
1.428600652520115766e+01 -3.082733666922397919e+00
1.385788741122288492e+01 -2.911112783884428623e+00
1.283562320254681666e+01 -2.430065683398147769e+00
1.243722538689482526e+01 -2.207389260376292128e+00
1.219763573170586213e+01 -2.067201967537829699e+00
1.194834340210599066e+01 -1.921366642724852136e+00
1.022304886045633054e+01 -1.253719612364135427e+00
9.516545483357880642e+00 -1.203805711384240862e+00
2.335716899390722912e+00 -1.774009339528535234e+00
1.401694382522227222e+00 -1.855064588010614912e+00
