-4.102437761039823827e-01 -1.721165790612350754e+00
-6.687978248627841626e-01 -1.973890642529490869e+00
-8.837000199464272177e-01 -2.692414907980465788e+00
-9.008772976809750199e-01 -2.899542691987001763e+00
-5.786708872771288981e+00 -6.899847771630623683e+00
-6.595958800309364101e+00 -8.687367151083776662e+00
-9.931702359843470163e+00 -1.432234999987936597e+01
-9.544831716644326391e+00 -1.515576851252054702e+01
-9.277737241373820609e+00 -1.608751499341305546e+01
-8.993250402935458965e+00 -1.655738978354779434e+01
-8.785662840431196940e+00 -1.700564647751501113e+01
-8.620082687392631726e+00 -1.815811573502015008e+01
-8.662880718466016816e+00 -1.939336179901848922e+01
-8.697573807893482112e+00 -1.957330382155390680e+01
-8.900667057119669323e+00 -2.009030639151067987e+01
-9.108929492143760243e+00 -2.123267273819459788e+01
-8.500913343320430471e+00 -2.190803008638133420e+01
-8.545362475993599105e+00 -2.245508456099187811e+01
-9.092906832883308255e+00 -2.317619430137790104e+01
-1.121982891198072352e+01 -2.646924219721190141e+01
-1.109891830940885704e+01 -2.657926286421424678e+01
-1.101368519458545592e+01 -2.676234633754297931e+01
-1.103009478622294637e+01 -2.714918547588236564e+01
-1.650026741290366061e+01 -2.928591295813679096e+01
-1.666997891804698995e+01 -3.007821652236777155e+01
-1.673144579566849899e+01 -3.033685330749199949e+01
-1.679386929495221281e+01 -3.059165143862691139e+01
-1.685606707714499919e+01 -3.084601065976707801e+01
-1.691046740855138353e+01 -3.107475431335397431e+01
-1.699005495043208924e+01 -3.143682820647850562e+01
-1.703074415398558017e+01 -3.165127366305686962e+01
-1.708210109816496569e+01 -3.206173386492811517e+01
-1.707258946452053650e+01 -3.235671580022753346e+01
-1.701591479877739133e+01 -3.255046417500265221e+01
-1.527062817581379583e+01 -3.258462758435260298e+01
-1.817453165578465146e+01 -3.809054294057704482e+01
-1.797980265842749859e+01 -3.855202314425350352e+01
-1.811354552191274792e+01 -3.932081882734774325e+01
-1.857062842515144752e+01 -4.001844425087622170e+01
-1.839899716492954340e+01 -4.080006091199077645e+01
-1.748705439749910440e+01 -4.217363017311542706e+01
-1.742542312825993278e+01 -4.275926517441114783e+01
-1.733042516476959705e+01 -4.344414813646361040e+01
-2.545447653625051032e+01 -5.534327538810446612e+01
-2.578894663215717742e+01 -5.596817071429234858e+01
-2.573930422102689519e+01 -5.614206107139415280e+01
-2.567226960027153737e+01 -5.625322011096480423e+01
-2.553580642738710083e+01 -5.654943364117056603e+01
-2.544940931648337923e+01 -5.683054213492340523e+01
-2.540988587382797093e+01 -5.699531889735035151e+01
-2.538133231463888961e+01 -5.713382223149382355e+01
-2.694240895857581108e+01 -6.206722201087772106e+01
-2.777907910991463680e+01 -6.346177244009986396e+01
-2.777924384513955403e+01 -6.368079687855557580e+01
-2.865315546684720616e+01 -6.621002229772754788e+01
-3.041499253131837222e+01 -6.985211019688165379e+01
-3.050190612073895835e+01 -7.038246639880181021e+01
-3.166962263038885794e+01 -7.241096733463028556e+01
-3.166963235119960629e+01 -7.241097661963910070e+01
-3.166963777731839969e+01 -7.241098180248748406e+01
-3.166964991239300531e+01 -7.241099339348815533e+01
-3.279739079978877214e+01 -7.386538037952911395e+01
-3.279862940422410844e+01 -7.386873042126232747e+01
-3.279868894641302290e+01 -7.386889162782749452e+01
-3.279898137628412513e+01 -7.386968357898129511e+01
-4.156889581319219218e+01 -8.197638639068337341e+01
-4.140309214123793424e+01 -8.216782128483916381e+01
-4.138111855168689601e+01 -8.219319348589898766e+01
-4.133305762845537146e+01 -8.224900787107551992e+01
-4.124907666647403914e+01 -8.234833342773569598e+01
-4.192372912849157984e+01 -8.538400669525911724e+01
-4.080677306427350004e+01 -8.752303457661948016e+01
-3.992138937808167753e+01 -8.852934759256081065e+01
-3.871963434639508250e+01 -8.978519839493681332e+01
-3.787378777361161752e+01 -9.059866807095039576e+01
-3.660550790798183840e+01 -9.147991790832074344e+01
-3.548449947637998036e+01 -9.036544039489807290e+01
-2.718505575100240534e+01 -8.153884993072695409e+01
-2.609982146149462778e+01 -8.097002967000651097e+01
-2.584431275270095796e+01 -8.090597058694547172e+01
-2.498688771452795265e+01 -8.108868964234169141e+01
-2.482460574442317025e+01 -8.121310976596609521e+01
-2.476922443981542088e+01 -8.125969482386807385e+01
-2.303036212554308193e+01 -8.135016241907564449e+01
-2.220300604077298345e+01 -8.133853113599401752e+01
-1.920940728315061108e+01 -8.035861494230829294e+01
-1.709177030646173279e+01 -7.924654674850644653e+01
-1.281949458613003578e+01 -7.681523898764930891e+01
-1.060963237572847007e+01 -7.601707615641510074e+01
-9.806824315653276614e+00 -7.612254019308761599e+01
-7.216867088406598185e+00 -7.457891418856330290e+01
-6.621876947761806242e+00 -7.467697403984138305e+01
-4.637776852827589558e+00 -7.403201932859360568e+01
-2.701798403139683558e+00 -7.339706801630404698e+01
-1.953535765147359715e+00 -7.335583995891551012e+01
-1.366640648691109794e+00 -7.315443305695109188e+01
-9.593601585492699674e-03 -7.270139617357823170e+01
7.309993462906239081e-01 -7.261062605116316604e+01
7.681959180735551396e-01 -7.260494012140355835e+01
2.805032025623210856e+00 -7.209412655380310753e+01
7.288362496229690457e+00 -7.011455243122722436e+01
8.006916010318562371e+00 -7.000058855421056592e+01
8.024868081432744660e+00 -6.999991376145990785e+01
9.361059004982912768e+00 -6.957092592762644756e+01
1.020524413312827505e+01 -6.900246845347930957e+01
1.338951530012064950e+01 -6.751192725472373013e+01
1.417070237117438047e+01 -6.734055309162260983e+01
1.458806842924260394e+01 -6.735116476533005425e+01
1.753301128587114377e+01 -6.576835469664835898e+01
1.824305721269398717e+01 -6.606328174788194474e+01
2.258721752439892327e+01 -6.243522611630067587e+01
2.324463664974319244e+01 -6.242228454862112841e+01
2.664828165615812949e+01 -6.060143652117920254e+01
3.096396603853460761e+01 -5.800721910057735187e+01
3.778500634767419086e+01 -5.649575699515677485e+01
6.799902715848674006e+01 -5.100763422558546267e+01
6.799532044038474510e+01 -5.099952363195257021e+01
6.799243374267658169e+01 -5.099323245720984943e+01
6.798982767650475978e+01 -5.098756500305572104e+01
6.798535174947696191e+01 -5.097784387809390694e+01
6.797646415395367114e+01 -5.095851784666172080e+01
6.796633258830421198e+01 -5.093631053215171534e+01
6.795498642377140186e+01 -5.091103612921113353e+01
6.794738539413980050e+01 -5.089377883497568433e+01
6.793825051651218416e+01 -5.087261494045858257e+01
6.792828538528046067e+01 -5.084893387073576321e+01
6.791676404703989078e+01 -5.082076073394524229e+01
6.790382335414578563e+01 -5.078807317010407729e+01
6.786605390390477055e+01 -5.068577351666413477e+01
6.783543377305069555e+01 -5.059386140715726299e+01
6.782651316588308532e+01 -5.056520973512634498e+01
6.782056334529031005e+01 -5.054554882231824564e+01
6.781479805838849018e+01 -5.052604020839027044e+01
6.780107191526097665e+01 -5.047755819629631446e+01
6.774265394525079387e+01 -5.021596370186856717e+01
6.771456605212065938e+01 -4.990327014872497813e+01
6.772331126158033499e+01 -4.975191391112331729e+01
6.782056037239577506e+01 -4.942928301205498798e+01
6.803856410995794590e+01 -4.910407911126631575e+01
6.822072554312214265e+01 -4.822713876709826764e+01
6.812541422497746169e+01 -4.810484826504617217e+01
6.800839868182208647e+01 -4.797646163454437129e+01
6.781856794298919056e+01 -4.777866980919451834e+01
7.229736287458027277e+01 -4.285852843877920293e+01
7.229973188064879253e+01 -4.270911715171077816e+01
7.242897363462078886e+01 -4.216562378921016574e+01
7.284917022324904678e+01 -4.178382021481283459e+01
7.241547620245873418e+01 -3.993241309760051649e+01
7.349041190933637324e+01 -3.729588983161064419e+01
7.236320082558805211e+01 -3.447131073657082112e+01
7.147166916749335996e+01 -3.310621305753569743e+01
7.072460056211572521e+01 -3.198132131414599399e+01
6.922763770720803223e+01 -2.979289848640421212e+01
6.811613729687994123e+01 -2.822235949265039068e+01
6.633129123531449522e+01 -2.571229712491940589e+01
6.535708829352385862e+01 -2.420766337307827243e+01
6.521643588070539010e+01 -2.397010705632986927e+01
6.300907199172151962e+01 -1.782362997552898776e+01
6.274166793016392063e+01 -1.691350768956331052e+01
6.215286251244651794e+01 -1.587289529071214744e+01
5.828996920184967223e+01 -1.713482336099914249e+01
5.760671486332992686e+01 -1.707205187074053043e+01
5.714201207072291311e+01 -1.675562437960181228e+01
5.643725115625391453e+01 -1.611560508219903909e+01
5.612335606458989190e+01 -1.571681478801112952e+01
5.588294856043412295e+01 -1.510177211821172527e+01
5.589560286030758363e+01 -1.450777759632966557e+01
5.343694984632940503e+01 -1.367843279213743735e+01
5.174241193303808473e+01 -1.260812659982379813e+01
5.056397444952239084e+01 -1.211731261539269866e+01
4.723761141414813380e+01 -1.208359279366022498e+01
4.625098419688542606e+01 -1.189359003573361306e+01
4.608683419380552237e+01 -1.181619511373277298e+01
4.570749943639454216e+01 -1.167115089671895589e+01
4.513664446873073643e+01 -1.153446856061325576e+01
4.372681336480292202e+01 -1.056612015809635707e+01
4.328782436141408141e+01 -1.022012532291273779e+01
3.585407008942702589e+01 -6.347044719874847196e+00
3.543929215764244844e+01 -6.072633161999538842e+00
2.856021994843801792e+01 -3.176228163937820259e+00
2.842872407879123742e+01 -3.035271981321306267e+00
2.748442850276562055e+01 -2.559609411296898784e+00
2.637466205977824885e+01 -2.264543723149022192e+00
2.479775449633303452e+01 -6.528002296429977758e-01
2.262463489746648548e+01 7.845395276527346029e-01
1.956110833135054605e+01 4.055919727684734966e+00
1.922182382451397586e+01 4.636475755337960969e+00
1.887532133461974837e+01 5.490703464363526187e+00
1.810117934165501197e+01 5.812864400837325363e+00
1.752298070640274474e+01 6.062146439724780400e+00
1.731095496444451243e+01 6.171657784955675297e+00
1.672791413559211904e+01 6.527025937871048455e+00
1.362321601682844197e+01 5.962785931925903782e+00
1.351974169052632213e+01 5.947466286660182178e+00
1.351820872184287303e+01 5.947224845649680347e+00
9.512596750146524727e+00 5.012999652006132401e+00
9.485836151517927917e+00 5.054078133467871048e+00
9.362606025161447576e+00 5.166037849125807213e+00
2.995205024554405071e+00 2.651748678754004107e+00
