-6.651215115324029536e-01 -1.664541282902929575e+00
-1.297006733599591399e+00 -1.770078167293754001e+00
-9.154190106524980886e-01 -4.941173354790084460e+00
-6.723154219442281088e-01 -6.056301104368744248e+00
-3.534865731063092098e-01 -7.805123168778099974e+00
-5.529091674322815564e+00 -1.354992057499893932e+01
-1.104773067336710568e+01 -2.395834015415019635e+01
-1.143614959923386465e+01 -2.630018678375555652e+01
-1.013668470402131305e+01 -2.843930487199562762e+01
-9.721588837530752869e+00 -2.968550700139080689e+01
-9.419351011450407540e+00 -3.103577147596786645e+01
-8.920200091401479625e+00 -3.452858019818574320e+01
-9.098854194852721733e+00 -3.661241837839453694e+01
-3.046116139674820644e+01 -3.901280999358203161e+01
-3.047949280061298083e+01 -3.903855236712038135e+01
-3.048194293692212042e+01 -3.904210634733875196e+01
-3.048226319409869234e+01 -3.904257294403255685e+01
-3.048263885860823663e+01 -3.904312087576276014e+01
-3.048461502268341405e+01 -3.904601413944050137e+01
-3.051341407706071962e+01 -3.909039872407986849e+01
-3.051341574857184469e+01 -3.909040142919146632e+01
-3.051342426696712096e+01 -3.909041521529458407e+01
-3.055460625043096812e+01 -3.916246643829365581e+01
-3.059233485111957762e+01 -3.924051714388194512e+01
-3.064069824249020613e+01 -3.936842247115754390e+01
-3.065574570955456579e+01 -3.941930889133958260e+01
-3.066877771311125045e+01 -3.947106191788765273e+01
-3.067949607995737438e+01 -3.952221118439475589e+01
-3.068805684977166592e+01 -3.957280860209858986e+01
-3.069653523964974440e+01 -3.964152354967811931e+01
-3.070001596041737457e+01 -3.968410128908443113e+01
-3.070302239272841760e+01 -3.977733249443866725e+01
-3.070132216395595748e+01 -3.984479928442883789e+01
-3.069892913541114865e+01 -3.988309619257536554e+01
-3.069582802234999264e+01 -3.991825262199724023e+01
-3.069191198673581056e+01 -3.995302628291471336e+01
-3.068716279702629635e+01 -3.998773814814794036e+01
-3.068187306997095476e+01 -4.002072145066117770e+01
-3.067716630913695397e+01 -4.004676062960216854e+01
-3.066108345992642725e+01 -4.012179470663817682e+01
-3.064317919129196710e+01 -4.019069211756808357e+01
-3.063378317739791612e+01 -4.022304930958024016e+01
-3.061603860271325672e+01 -4.027920164426563332e+01
-3.058402761118268387e+01 -4.036898876844030326e+01
-3.057031394818375247e+01 -4.040416526150715981e+01
-3.056135937568261340e+01 -4.042629269965436123e+01
-3.054696024060617177e+01 -4.046065450495970595e+01
-3.051411960974858673e+01 -4.053430898073986555e+01
-3.048287781853524692e+01 -4.059948020789086343e+01
-3.046296233216864735e+01 -4.063899690156255673e+01
-3.044318994583179361e+01 -4.067688829292143993e+01
-3.040596572380146867e+01 -4.074508342689424722e+01
-3.038039954437750012e+01 -4.078985477447675123e+01
-3.034477746132116494e+01 -4.084982034399546080e+01
-3.031252180572860766e+01 -4.090198002973826874e+01
-3.030473580780352449e+01 -4.091429353585667172e+01
-3.029408185437134904e+01 -4.093097816265750311e+01
-3.027728752891927400e+01 -4.095690750172662575e+01
-3.020196775340899720e+01 -4.106815248327634293e+01
-2.995249899895758006e+01 -4.139146041394245401e+01
-2.990962729462936309e+01 -4.144149054594006998e+01
-2.982045416221364675e+01 -4.154119215505600238e+01
-2.968690126377250493e+01 -4.168028347423408064e+01
-2.960742045548178325e+01 -4.175754378064659278e+01
-2.953677216392410543e+01 -4.182282945448469036e+01
-2.946717016357226271e+01 -4.188400219708979222e+01
-2.938628528843254628e+01 -4.195104749546251810e+01
-2.924185461780549389e+01 -4.205949641300882291e+01
-2.905158655546471280e+01 -4.217991231178725542e+01
-2.893415273826947498e+01 -4.224156713485538006e+01
-2.880529708994859206e+01 -4.229852353618598926e+01
-2.867979919016988077e+01 -4.234399577272539261e+01
-2.853457508728908820e+01 -4.238586306783600577e+01
-2.825975523608655493e+01 -4.244288310474964021e+01
-2.771775478033085705e+01 -4.254809052331551555e+01
-2.722687308611827106e+01 -4.268708223188928486e+01
-2.718130954711340053e+01 -4.270194668633516244e+01
-2.698148709500126330e+01 -4.277018226837851955e+01
-2.545048691891535597e+01 -4.340455123778040303e+01
8.662168248461068032e+00 -1.249295750726484329e+02
4.811882642064144733e+01 -1.048807229075468115e+02
4.826126124644417104e+01 -1.048700558755407286e+02
4.831569175782868086e+01 -1.048715895029646106e+02
4.836144932731596668e+01 -1.048752543570741125e+02
4.846364090875292163e+01 -1.048908663566899406e+02
4.856484210076659735e+01 -1.049153650393853070e+02
4.866355543448348442e+01 -1.049468064037058355e+02
4.877371047251715908e+01 -1.049895176163131367e+02
5.829864757642532425e+01 -9.425823070121765568e+01
5.845946379011210325e+01 -9.434247507360777263e+01
5.858211961214586694e+01 -9.440022408976444979e+01
5.877313524108927822e+01 -9.448003653792237344e+01
5.903570365390441310e+01 -9.457216608730695384e+01
5.952943589044610917e+01 -9.470315707549936235e+01
6.083386725537790340e+01 -9.498363712606600018e+01
6.190621069914006824e+01 -9.331181614786075329e+01
6.190621069519268360e+01 -9.331181614190734308e+01
6.190621069039431035e+01 -9.331181613467042268e+01
6.190621068547849148e+01 -9.331181612725637819e+01
6.190621067090724949e+01 -9.331181610528007297e+01
6.168419879355190716e+01 -9.298862574396073910e+01
6.168419871042891600e+01 -9.298862562690628408e+01
6.168419853772633843e+01 -9.298862538370515551e+01
6.168419820580697177e+01 -9.298862491629373039e+01
6.168419766710748320e+01 -9.298862415769303880e+01
6.168419675993594353e+01 -9.298862288020747258e+01
6.168419597988888370e+01 -9.298862178173976645e+01
6.168419486597240109e+01 -9.298862021311522597e+01
6.168419320832897768e+01 -9.298861787881175189e+01
6.168419148948154174e+01 -9.298861545832151876e+01
6.168418966723818642e+01 -9.298861289222988091e+01
6.168418794669565131e+01 -9.298861046935499530e+01
6.168418645048338789e+01 -9.298860836238384309e+01
6.168418425889944245e+01 -9.298860527618951721e+01
6.165036750434389745e+01 -9.294120537251365022e+01
6.164891770647017211e+01 -9.293918299368108649e+01
6.158099125697327025e+01 -9.284529936076242507e+01
6.144006601722112038e+01 -9.265563578941205947e+01
6.132102034759291342e+01 -9.250039189216457203e+01
6.126547160342604315e+01 -9.242942263819789162e+01
6.123360467341810676e+01 -9.238911991726793360e+01
6.112914274542367821e+01 -9.225906643745808822e+01
6.107155880669830594e+01 -9.218871038502533111e+01
6.098188590361836248e+01 -9.208101809194097598e+01
6.092637220168813883e+01 -9.201539558003860009e+01
6.086049663473517768e+01 -9.193835027285037143e+01
6.076146900463817246e+01 -9.182373139014791263e+01
6.063236820821310147e+01 -9.167524177560250109e+01
6.042389005388206868e+01 -9.143291532333547877e+01
6.026262810777664924e+01 -9.123794000102580526e+01
6.018928724858425028e+01 -9.114543679824232925e+01
6.014879127729525266e+01 -9.109300263170028700e+01
6.474568529205963330e+01 -8.188762788934134562e+01
6.474899027751553149e+01 -8.180515943110226829e+01
6.471508536345345419e+01 -8.041672225639460692e+01
6.465338966593742498e+01 -7.936462803094428864e+01
6.462275540865455525e+01 -7.884104977018381533e+01
6.458124757820540651e+01 -7.800947257944119428e+01
7.456285341008403122e+01 -7.245021781886222811e+01
7.618860912049942158e+01 -6.900234313435969113e+01
7.614580241476753031e+01 -6.860278969798766013e+01
7.587417046162242684e+01 -6.695399675990141475e+01
6.516665146666427688e+01 -6.260422207883038936e+01
6.316123768161596530e+01 -5.995287998365532900e+01
6.149869681103823638e+01 -5.818448077399155238e+01
6.190200087750859126e+01 -5.688690501662618004e+01
6.512262900814863542e+01 -5.535273112537986151e+01
7.025204368664789456e+01 -5.468809752129639890e+01
7.161353957809997439e+01 -5.311479795560593686e+01
7.116960721205674645e+01 -5.227287230283888420e+01
7.051422901601321769e+01 -5.171818385312278821e+01
6.982605168091996006e+01 -5.137170880393984618e+01
6.832462818099742208e+01 -5.116166198170318324e+01
6.347037822697686948e+01 -5.232221232476562989e+01
6.170030666922671259e+01 -5.108185405827866532e+01
6.122826745327245135e+01 -5.038030950816065001e+01
6.115883641968932238e+01 -5.026223876717156713e+01
6.007048100450982275e+01 -3.936189553124906126e+01
5.973779037920212431e+01 -3.919747734384078086e+01
5.951137330354396227e+01 -3.906948564190265216e+01
5.930822939248742642e+01 -3.894060701233498634e+01
5.901667145556272942e+01 -3.872914246227350787e+01
5.883928955730043953e+01 -3.858345616655640242e+01
5.853507433882708710e+01 -3.829735741879987643e+01
6.321950218620408890e+01 -2.954280663335635282e+01
6.618957681125453973e+01 -2.576385335959335166e+01
6.620787304279748753e+01 -2.505962767821380410e+01
6.602063002942048797e+01 -2.411648609961502387e+01
6.535685177053332495e+01 -2.285317595044805472e+01
6.458675003029463824e+01 -2.221870784495269646e+01
6.050525567535887461e+01 -2.146192149697388984e+01
4.759702638239209449e+01 -3.027160994944926742e+01
4.746522928620674975e+01 -3.029690519900935897e+01
4.684953514028341459e+01 -3.042010614079899966e+01
4.471131744632702976e+01 -3.074568763859376830e+01
4.272480354019646853e+01 -2.973191820239647143e+01
4.298311211236697460e+01 -2.763038674908693082e+01
3.929327927287984323e+01 -2.305473235088233963e+01
3.817038447004851065e+01 -2.259644704958025230e+01
3.466312584484738579e+01 -2.154366231012612332e+01
3.461847687979314259e+01 -2.153716356877047033e+01
3.036953050224823158e+01 -2.204552028309211309e+01
2.567820323765241142e+01 -2.261344462995905147e+01
2.375812312758504063e+01 -2.114925509535661519e+01
2.293019102755173222e+01 -1.987421440863056077e+01
1.774276741466906770e+01 -1.676387494039484594e+01
1.732440040862164210e+01 -1.617747321770736946e+01
1.707882616950789867e+01 -1.582823492236027718e+01
1.622603430699470906e+01 -1.466633173070599305e+01
1.547337718824579866e+01 -1.376847510193759483e+01
1.585717043191029596e+01 -8.660544243989514612e+00
1.431485482311023638e+01 -5.310119431962974090e+00
1.204143510381474869e+01 -3.721663674382601705e+00
9.785241548789914035e+00 -2.827346606101933002e+00
9.131042603248666012e+00 -2.277002013604001895e+00
8.493808192677979818e+00 -1.175638738357421831e+00
9.133409544594339735e+00 7.480090048116156964e-01
3.445705048976593687e+00 -1.222784480390042283e-01
2.530607437163278739e+00 7.993114340947138352e-02
