-6.012264748737348175e-01 -1.456178861666127811e-01
-1.013767462317270107e+00 -3.344269098218262126e-01
-1.079164671074452020e+00 -3.842687518030128979e-01
-1.089713142032992188e+00 -3.933991622168492297e-01
-1.099840706523899092e+00 -4.025159265023315891e-01
-1.109691691600668051e+00 -4.117417767724315669e-01
-1.545967016814087991e+01 -3.023078624425548089e+00
-1.547732090745380695e+01 -3.035464055796357474e+00
-1.548155935703439745e+01 -3.038426260110564048e+00
-1.548741155816115267e+01 -3.042508721048784448e+00
-1.549750318921035586e+01 -3.049527930586673818e+00
-1.553302212428728346e+01 -3.074024859612906280e+00
-2.928505992962347193e+01 -3.365958327112992254e+00
-2.932651553037689496e+01 -5.112799000222660872e+00
-2.887628256021676165e+01 -5.822984148901169554e+00
-2.844971895487786284e+01 -7.203544755358254115e+00
-2.823817798193357476e+01 -8.863613872434834562e+00
-2.830238979128376542e+01 -9.749135817205285548e+00
-2.840220400992194172e+01 -1.012029240360281612e+01
-2.847315895230998706e+01 -1.143585024888555068e+01
-2.846360859320405012e+01 -1.146954608463614989e+01
-2.836192398251461100e+01 -1.180154226492303593e+01
-2.895907769032741541e+01 -1.368539797052202189e+01
-3.121223915814972472e+01 -1.609186904179497191e+01
-3.473649025413867975e+01 -1.866484014275475900e+01
-3.825023619484159099e+01 -2.101775892137651880e+01
-4.162916439477759667e+01 -2.226653352707494093e+01
-4.137756264380363547e+01 -2.300876764638304195e+01
-4.144103757071040661e+01 -2.397902046775057272e+01
-4.361298208087924166e+01 -2.697418971853481295e+01
-4.533354850075433262e+01 -2.903625456138599503e+01
-4.475565470877203467e+01 -3.049759030427375350e+01
-4.361574083304928706e+01 -3.183862084345363641e+01
-4.250097830762370421e+01 -3.257887413666090026e+01
-4.073039619120448407e+01 -3.379840928142420609e+01
-4.035827810959712991e+01 -3.466851187481681507e+01
-4.026633317113511623e+01 -3.574002525366717009e+01
-4.201611651396109437e+01 -4.011796207516659507e+01
-4.176822574049643322e+01 -4.071447243168402963e+01
-4.164807805669921947e+01 -4.195474395007267532e+01
-3.264884152558644814e+01 -4.717669469481700872e+01
-3.154773593735647097e+01 -4.763434784522584664e+01
-3.028679704090098923e+01 -4.908814191981771557e+01
-2.996242677344566374e+01 -5.196840589423762680e+01
-2.943764356094374079e+01 -5.287313063794319135e+01
-2.907832122805053388e+01 -5.339127638354933225e+01
-2.849783554118770823e+01 -5.403846165607976815e+01
-2.736114272573009387e+01 -5.496698998006922210e+01
-2.670547385054942069e+01 -5.590230738121663734e+01
-2.606797981045822965e+01 -5.686244905134103078e+01
-2.575777907248027176e+01 -5.734871715397719782e+01
-2.454031737969629035e+01 -5.941703549137412921e+01
-2.795175171163015193e+01 -6.880229319608524463e+01
-2.723823158585679849e+01 -6.951046541647407651e+01
-2.704287981657178719e+01 -7.246863786894505211e+01
-2.732915725805907314e+01 -7.415422722414281509e+01
-2.683044198589537643e+01 -7.559320898797858490e+01
-2.620214132657122974e+01 -7.658082680866922942e+01
-1.748847418793850750e+01 -7.643998971689272537e+01
-1.460849435194818113e+01 -7.826554824836257751e+01
-1.439899959243531846e+01 -7.844827984177621261e+01
-1.397147955515755058e+01 -7.886347528465934431e+01
-1.318886609093019580e+01 -7.990042046751813132e+01
-1.303118161209442860e+01 -8.018888267379482215e+01
-1.233279310937799522e+01 -8.262452332368766861e+01
-1.187592794511925831e+01 -8.451686638237102045e+01
-1.127194879183829457e+01 -8.666530467412601979e+01
-1.019415135839873443e+01 -8.935593773547188334e+01
-8.874530402671243934e+00 -9.145469548666447679e+01
-8.171934480273293389e+00 -9.208081264369390340e+01
-7.754632608380211956e+00 -1.010307698810049288e+02
-1.030126637438740111e+01 -1.099716051317206080e+02
-9.314237956034526533e+00 -1.122550990582571728e+02
-9.083012906810754572e+00 -1.150936797961231122e+02
-8.929421219623845829e+00 -1.153177294299708109e+02
-8.852232715836017007e+00 -1.154219059387644108e+02
-7.864534053321831308e+00 -1.163235128344198159e+02
-4.574924376289791539e+00 -1.073185908943312938e+02
-2.461782385248681315e+00 -1.050413581865194459e+02
-2.300241836269733220e+00 -1.050152913183036816e+02
-1.734579461088266328e+00 -1.050202934038186413e+02
-1.648511491795580541e+00 -1.050306800819275139e+02
-1.622419423196115318e+00 -1.050342130874613957e+02
-1.608202638453164468e+00 -1.050362099143843011e+02
-1.563002584016745411e+00 -1.050428845855564362e+02
-1.527688215692893481e+00 -1.050484328213571672e+02
-1.465972450635846691e+00 -1.050587951161844984e+02
2.680234658503221290e+00 -9.791213841989591060e+01
2.736822758916541254e+00 -9.790532174872211613e+01
2.738790721501643599e+00 -9.790514034135689769e+01
2.743743483151356966e+00 -9.790470153290954158e+01
2.748751320132823750e+00 -9.790428401251207902e+01
2.757075424757275517e+00 -9.790364946203003171e+01
2.811034217201942909e+00 -9.790149016582357433e+01
1.151182725994705791e+01 -8.986684976257924973e+01
1.154086011261651734e+01 -8.990390623039820639e+01
1.154736794084362828e+01 -8.991198952910910691e+01
1.155567067267856629e+01 -8.992218052118110450e+01
1.160016497722465445e+01 -8.997440308844329593e+01
1.268876843353106310e+01 -9.017460619851532044e+01
1.370659210846826426e+01 -8.998624164374231782e+01
1.398970208527504155e+01 -9.009435575540703667e+01
1.427141497400491410e+01 -9.007557075215807174e+01
2.484777943862260585e+01 -8.245198087659782971e+01
2.505036168378100214e+01 -8.239151408289251322e+01
3.246741339294251816e+01 -7.946991184909057893e+01
3.293154293908223451e+01 -7.926686977388226296e+01
3.539634082564641915e+01 -7.834548953752467071e+01
3.848311797737266460e+01 -7.730163432071024943e+01
4.552145640148424377e+01 -7.279819103990476492e+01
4.608460807483299249e+01 -7.374808198284826233e+01
4.721448542140656457e+01 -7.435788904754950579e+01
5.177450148797188234e+01 -7.278798909456209287e+01
5.184145693165476132e+01 -7.273254907399534375e+01
5.221205172028515307e+01 -7.234288241751274029e+01
6.489391925286643925e+01 -7.044676611198478611e+01
6.485899629509735576e+01 -7.033604611484240365e+01
6.483447501389552770e+01 -7.025099619969246589e+01
6.481517549587023552e+01 -7.017497777698589800e+01
6.479853949769271537e+01 -7.009475545104217531e+01
6.479271001131208152e+01 -7.005906680521040641e+01
6.481092063200193820e+01 -6.972690460151592617e+01
6.485078663549654721e+01 -6.893764162070718271e+01
6.474631627240289333e+01 -6.866193181515608046e+01
6.469714643259281672e+01 -6.855629911337358351e+01
6.463676662280830953e+01 -6.843400471915465744e+01
6.453277652983406654e+01 -6.823279178805711354e+01
6.441558377707829663e+01 -6.801048768233164310e+01
6.420636991291914342e+01 -6.760069492058524077e+01
7.026644513260221458e+01 -5.360449175281492273e+01
7.012702622491141824e+01 -5.326705366214218174e+01
6.996269183867093489e+01 -5.296643414560224983e+01
6.979347516677151475e+01 -5.253033302051571951e+01
6.909430416214351567e+01 -5.212717399976389032e+01
6.257318935611021260e+01 -5.255872055095022688e+01
6.194711693241848138e+01 -5.257001878412022933e+01
6.099545018266848473e+01 -5.255781640217063710e+01
6.099543361996754243e+01 -5.255781725181805086e+01
6.099542041337207365e+01 -5.255781792934453023e+01
6.099537547144089444e+01 -5.255782023524977831e+01
5.782843632288342661e+01 -5.162842475710434087e+01
5.760203949462711392e+01 -5.123481364047842845e+01
4.933203727701150854e+01 -4.906522718510439773e+01
4.914867106010886033e+01 -4.859366033275901486e+01
4.900074435032806264e+01 -4.824087508536042179e+01
4.888980728908034479e+01 -4.799011661659510253e+01
4.885311223869859987e+01 -4.790960252474287273e+01
4.877919495597902255e+01 -4.775096104596199353e+01
4.851243061550164271e+01 -4.721684778688961615e+01
4.793518759532110352e+01 -4.628950623325871305e+01
4.722567878421248366e+01 -4.562909661601906208e+01
4.635675921547474587e+01 -4.533596049259396210e+01
4.462417891507480050e+01 -4.518545043239290493e+01
4.291484213523692404e+01 -4.434362648188854905e+01
4.067698882441942487e+01 -3.998751717487752444e+01
3.941495631558446178e+01 -3.714582555866488889e+01
3.839172586164399803e+01 -3.683520325693450559e+01
3.508053399100865732e+01 -3.552265612698382569e+01
3.402386054287695316e+01 -3.483695152793001881e+01
3.274105764128154306e+01 -3.379273170711513075e+01
3.199002910188982085e+01 -3.339131389761311652e+01
3.085776892441853292e+01 -3.276436883307268744e+01
3.014106749037096478e+01 -3.227343987432572447e+01
2.893392352364605458e+01 -3.078210043639819204e+01
2.854542137223061715e+01 -2.936431774113548698e+01
2.960389256801848390e+01 -2.698071476844271288e+01
2.957580889077437192e+01 -2.569723493580659834e+01
2.882253629149863983e+01 -2.520233434910249315e+01
2.667847351777041709e+01 -2.527846348763682727e+01
2.549792335103221674e+01 -2.528030711238258021e+01
2.145904570399177302e+01 -2.619714302779389570e+01
2.092150925172416365e+01 -2.565444477087640252e+01
1.998238176952407130e+01 -2.382592102933266887e+01
2.243236563784767412e+01 -2.090947535661746670e+01
2.237655906371755421e+01 -2.071126422331613526e+01
2.234069150388301850e+01 -2.061923647654501224e+01
2.227426770653830701e+01 -2.048447075470928525e+01
2.083303065261464226e+01 -1.941578127672958587e+01
2.044742657193490842e+01 -1.923477378477420174e+01
1.994574281323243170e+01 -1.276752415438669885e+01
2.017296027953311466e+01 -1.080658257410730805e+01
2.012680067882210366e+01 -9.913167419514879342e+00
1.781981962656235652e+01 -1.077962336770878693e+01
1.776625833471797478e+01 -1.076266630552870929e+01
1.765390452020405121e+01 -1.073317022264590292e+01
1.702136690565922450e+01 -1.069612480874596372e+01
1.698441061292881571e+01 -1.069950613402636996e+01
1.564272593869009853e+01 -1.105859022835920058e+01
9.031935121293123814e+00 -1.523259841980365792e+01
6.562422961382806008e+00 -1.452921475371998916e+01
6.127209220023648761e+00 -1.390808637947757553e+01
2.668914877844080547e+00 -1.199332143920501004e+01
1.917521351672928587e+00 -1.116757537414233425e+01
1.187189666956373069e+00 -1.055546125748179875e+01
4.675358611410531218e+00 -5.182119186488957752e+00
3.201110174493152716e+00 -3.244877613521068405e+00
2.685018960607990834e+00 -2.847395815642117078e+00
2.146752857483035903e+00 -2.648894363440021937e+00
1.411893299798529622e+00 -2.566363186595128631e+00
