-3.802960306345577024e+00 -5.813878159087570996e-02
-5.684034782437901612e+00 -1.372667286763749273e+00
-6.912796652186719015e+00 -2.732428433833935078e+00
-6.939023286371907240e+00 -2.841296902619971032e+00
-9.537115419936556648e+00 -4.651133849798786635e+00
-1.066667919491342076e+01 -5.877199888210488332e+00
-1.132531888602750314e+01 -7.720636574393694218e+00
-1.138495239086763000e+01 -8.242334903762259302e+00
-1.127628854135373970e+01 -8.800433435566358042e+00
-1.103674716617330986e+01 -9.066527669672591827e+00
-1.081337965411761459e+01 -9.336419502028011408e+00
-1.087237095864698588e+01 -1.031662943209336092e+01
-1.116621100329111371e+01 -1.141220579993018269e+01
-1.121293906890307923e+01 -1.161597365785716462e+01
-1.128351264565751322e+01 -1.216548353413389982e+01
-1.089202012714902068e+01 -1.413332670586455819e+01
-1.071383320210252243e+01 -1.644183465093079732e+01
-1.071436373131535902e+01 -1.778536978750642916e+01
-1.087554609312117293e+01 -1.873143928576818240e+01
-1.126166720593072412e+01 -2.051016850148479520e+01
-1.134310186197476433e+01 -2.085219211827796570e+01
-1.137579326403224478e+01 -2.098732124810340594e+01
-1.193910418339344126e+01 -2.315752589262421068e+01
-1.285539846887843041e+01 -2.596411076891883596e+01
-1.545480461003528738e+01 -2.818773529601856609e+01
-1.691952049005008618e+01 -3.013560156267178414e+01
-1.723403733181688224e+01 -3.159435141133373648e+01
-1.792685299154607392e+01 -3.326942533550890602e+01
-1.739417129274756846e+01 -3.506194709556826439e+01
-1.748195799889278845e+01 -3.664947830281765562e+01
-1.747483844080972304e+01 -3.776012723237568025e+01
-1.656668955156903422e+01 -4.025747391486792282e+01
-2.051299900249898656e+01 -4.560521867457045175e+01
-2.016800481954775393e+01 -4.623527942319511652e+01
-1.973099427117911375e+01 -4.690964176543936048e+01
-1.946895318910781825e+01 -4.743342379040765167e+01
-1.932686447526871731e+01 -4.811531477789509381e+01
-1.966059108837380620e+01 -4.968663019007045989e+01
-1.848635335247065115e+01 -5.043467169983262011e+01
-1.829210132781802756e+01 -5.091025806374650386e+01
-1.822026591434578080e+01 -5.175503899563049970e+01
-1.820908743577505717e+01 -5.223625838957456580e+01
-1.787033612890458656e+01 -5.286046033414643830e+01
-1.800773098466126498e+01 -5.475493350098185630e+01
-1.809085453695900014e+01 -5.519949925765021703e+01
-1.799202944310892605e+01 -5.534524712649820088e+01
-1.709429028873378797e+01 -5.556838268048239371e+01
-1.647600597109643772e+01 -5.934903554209733301e+01
-1.553448785010785294e+01 -6.111814702290313051e+01
-1.478013804436505474e+01 -6.233620362909013579e+01
-1.429718304245870897e+01 -6.289120437027935395e+01
-1.356398966062291578e+01 -6.599290115784057775e+01
-1.301673190776608102e+01 -6.784177784519678767e+01
-1.143021080450753857e+01 -6.903501125598192800e+01
-1.072373466659262320e+01 -7.071149970207886781e+01
-1.080684975927347580e+01 -7.114697895189077315e+01
-1.080982502054019712e+01 -7.134189183094282782e+01
-1.070790482959381329e+01 -7.168097070249933722e+01
-1.068868459056335318e+01 -7.172797316815403690e+01
-1.016246143526923085e+01 -7.407703739848017221e+01
-9.964379999528278020e+00 -7.443800892219861964e+01
-9.863474615659828970e+00 -7.458759896448519555e+01
-9.418260165883692636e+00 -7.960175058593230801e+01
-9.374026396396978100e+00 -7.965987471627521188e+01
-9.111620154465652988e+00 -8.090439650490192491e+01
-8.721375325865571071e+00 -8.201017331810456312e+01
-8.110193092270051807e+00 -8.318286262539123754e+01
-7.692661115925433002e+00 -8.516546876111344488e+01
-6.972675257967278384e+00 -8.624742505393939496e+01
-6.625977548807909123e+00 -8.676900531698508701e+01
-5.868918291023100586e+00 -8.841256312668855344e+01
-6.068579787259476888e+00 -9.006206697527615290e+01
-4.817752728273531737e+00 -9.066846645309549046e+01
-1.118948130823151699e+00 -9.145913212254289704e+01
1.070578223812978624e+00 -9.184346005163544646e+01
7.872900946345616546e+00 -9.580461067801348918e+01
8.314070184837826005e+00 -9.582585545945958927e+01
8.691032747139017189e+00 -9.581242956129496235e+01
1.245103347562313623e+01 -9.495081109892532822e+01
1.312813576015723527e+01 -9.510835897305810249e+01
1.551404995372606876e+01 -9.578999825187894146e+01
1.626750478435022984e+01 -9.598900861376444027e+01
1.634230879957299365e+01 -9.600700635014977991e+01
1.690447568628104946e+01 -9.612394783652452190e+01
1.807567720902716601e+01 -9.581596929567055554e+01
2.070066468117581948e+01 -9.316989113634475927e+01
2.151191265488406756e+01 -9.304415134568100143e+01
2.213938762003901317e+01 -9.295247391813032323e+01
2.447845601083991696e+01 -9.173667033884900945e+01
2.471574751433072592e+01 -9.177388310461647336e+01
2.491483214653173306e+01 -9.189538196930101321e+01
2.526972101663623249e+01 -9.192803344742313243e+01
2.662815426226435989e+01 -9.137185059881066707e+01
2.743400629629167753e+01 -9.151734675362150995e+01
2.781543720975628986e+01 -9.167956379311844728e+01
2.802472685511334660e+01 -9.179682064624684301e+01
3.592751337199123185e+01 -8.469912829579483571e+01
3.592752289967966561e+01 -8.469912642131899361e+01
3.592754075559139437e+01 -8.469912290835129909e+01
3.592819329433324782e+01 -8.469899452899832681e+01
3.592936803224029063e+01 -8.469876341396278008e+01
3.592985556069858433e+01 -8.469866749733614597e+01
3.593039256484134825e+01 -8.469856184465456295e+01
3.868111754686233184e+01 -8.146149696136004081e+01
3.903447604828298267e+01 -8.120159266532925812e+01
4.082229954058740873e+01 -8.041805734637352998e+01
4.096054056368335949e+01 -8.050156616719672797e+01
4.109368703400486567e+01 -8.059973151379766421e+01
4.163823855237863114e+01 -8.050222029472853080e+01
4.277775397813925196e+01 -7.983894481176461966e+01
4.328706110283018660e+01 -7.957588327356107527e+01
4.361523555860134849e+01 -7.945880976176110266e+01
4.436069011850701571e+01 -7.935214032967672892e+01
4.729241080057999369e+01 -7.553150392621807896e+01
5.074220072436826001e+01 -7.262854832328544319e+01
5.222940317411019606e+01 -7.091549029017046735e+01
5.241048267436400465e+01 -7.032998007308921729e+01
6.614295410295775923e+01 -5.668656785966393841e+01
6.614309951027145473e+01 -5.668464587887260109e+01
6.614381909729412712e+01 -5.667511697938033421e+01
6.614384870649354298e+01 -5.667472448276378572e+01
6.614392059573754068e+01 -5.667377145834478824e+01
6.614442620623768221e+01 -5.666706792017450312e+01
6.614451252440424867e+01 -5.666592373635933910e+01
6.614452649806921158e+01 -5.666573852582190796e+01
6.614453826638852263e+01 -5.666558254940427730e+01
6.614455338063136480e+01 -5.666538223178925193e+01
6.614457246729358531e+01 -5.666512927449498704e+01
6.614462023024759674e+01 -5.666449631481923888e+01
6.883928458601180012e+01 -5.410592546558082461e+01
6.883941312937189139e+01 -5.410507134117649741e+01
6.883996356895978863e+01 -5.410138730158947595e+01
6.884039681034877844e+01 -5.409845808697211567e+01
6.884103487894358864e+01 -5.409409851042229889e+01
6.884476295430832238e+01 -5.406773636903205471e+01
6.885095450430175390e+01 -5.402298025111525703e+01
6.885412161386314267e+01 -5.400120205185645972e+01
7.776701975750172835e+01 -5.158471624767920360e+01
7.777154677281262707e+01 -5.157544259508373585e+01
7.777363903601799677e+01 -5.157113489697351127e+01
7.777474433225420114e+01 -5.156885374364421182e+01
7.777583879138478551e+01 -5.156659122983002419e+01
7.777792310921775254e+01 -5.156227222228255158e+01
8.128227146120720192e+01 -4.970116046646795382e+01
8.130260207623580015e+01 -4.965739897899209865e+01
8.149512771460763361e+01 -4.942756376368554072e+01
8.187108180924981582e+01 -4.917128829947821345e+01
8.224519651454373559e+01 -4.887825672720147452e+01
8.059977219838162910e+01 -4.441275999052491130e+01
8.052839778133133564e+01 -4.092072930049556589e+01
8.045971290544349586e+01 -4.017022389256209181e+01
8.016027826534596556e+01 -3.990943623851828193e+01
7.951747151930031521e+01 -3.972879911898585448e+01
7.854293354347817058e+01 -3.952465015372299462e+01
7.778019186756641545e+01 -3.927125550766376705e+01
7.765148401774050058e+01 -3.919908696754036725e+01
7.750004598937982792e+01 -3.908642720525041625e+01
7.488874537347703608e+01 -3.957746925037334051e+01
7.415439880307459930e+01 -3.941029672126714445e+01
7.354167688050218032e+01 -3.907239265690482455e+01
7.330437191689891563e+01 -3.881227861498463483e+01
7.263766252655724998e+01 -3.796161472051546326e+01
7.209514914058398460e+01 -3.788199610906028170e+01
7.166976075201320384e+01 -3.738654708986336317e+01
7.146516984975693276e+01 -3.702029933118408422e+01
7.071574229852821247e+01 -3.649312376880228470e+01
7.023469470536878134e+01 -3.618099579357905071e+01
6.966135083791645854e+01 -3.539836594117900148e+01
6.654655374020617842e+01 -3.308715834115893273e+01
6.573169909099102881e+01 -3.217397777698438688e+01
6.429380157320166234e+01 -3.154328861478394330e+01
6.371169452562694602e+01 -3.104260798609780991e+01
6.328288907466782121e+01 -3.074464324121081660e+01
6.248682217755214197e+01 -3.035078176472774913e+01
6.115588061303900247e+01 -2.990930231455530830e+01
5.793362646724370535e+01 -2.901912453108708334e+01
5.720491599694255314e+01 -2.852809000860002442e+01
4.847074704696478875e+01 -2.465795818853272792e+01
4.611357243113231164e+01 -2.394327714993330858e+01
3.943778940334433969e+01 -2.077074161176387790e+01
3.940830846106740637e+01 -2.057029379662499480e+01
3.783377169771058846e+01 -1.989442042018540491e+01
3.558198930705621166e+01 -1.839553393356416677e+01
3.397482438606033384e+01 -1.784665269995721459e+01
3.156132562646724438e+01 -1.703080454908268138e+01
2.737009797677034584e+01 -1.373112212157622558e+01
2.687333524925727346e+01 -1.338895371758071384e+01
2.485869320727638154e+01 -1.259100952171724686e+01
2.180101826904818552e+01 -1.168100388225164110e+01
1.825446285453507400e+01 -1.061837041408519866e+01
1.745523104348204058e+01 -1.022576524851720947e+01
1.500626027855186706e+01 -9.022580549731269883e+00
1.266037279202316057e+01 -8.395656792825358039e+00
1.202709369147930296e+01 -7.870723414807638818e+00
1.171719474954399232e+01 -7.134026065168892039e+00
5.773539929170635965e+00 -4.385609365056800435e+00
4.365618220692775608e+00 -3.546209469507232370e+00
3.188880029555240192e+00 -2.803415950940721491e+00
1.216264655729225153e+00 -2.040943671094484380e+00
