-1.512829568614626030e+00 -1.424185838666097714e+00
-2.903627036835576991e+00 -2.008998460981857193e+00
-2.561015177567374845e+00 -3.193978440066753688e+00
-2.200563954119746590e+00 -3.742009273165273875e+00
-2.007608414265140251e+00 -4.472131412186349131e+00
-3.672791472004623081e+00 -6.633084556045074187e+00
-7.390099324935141212e+00 -1.196620123036955263e+01
-7.127242740310740565e+00 -1.253949725802759652e+01
-6.504829321496869099e+00 -1.311715521765323267e+01
-4.602942862111938815e+00 -1.372081783627232809e+01
-3.820081660746285745e+00 -1.446382057397067378e+01
-3.193838333161822529e+00 -1.595726906399469591e+01
-3.402235458930487955e+00 -1.678277560702645488e+01
-3.678860638995578025e+00 -1.724658572243702892e+01
-3.783844595847817516e+00 -1.743979614731213346e+01
-2.498908567725344199e+00 -2.187060871764115433e+01
9.414999243700283849e-01 -2.739374859696837206e+01
1.710042304726214324e+00 -2.953880691514005008e+01
2.227826466480716583e+00 -3.153812941679453274e+01
2.543914331238181781e+00 -3.383221115977386262e+01
2.581838772871724697e+00 -3.400559279187396555e+01
2.636682659803407880e+00 -3.425238802577862174e+01
2.653951810448909043e+00 -4.008548651866979640e+01
3.254189567826625940e+00 -4.376521298907253055e+01
2.657539144375162365e+00 -5.128410951432024234e+01
1.607448834381045133e+00 -5.350739914160708111e+01
8.182742703746787027e-01 -5.560902638118078301e+01
4.409253815523419551e-01 -5.777746886878144039e+01
8.990691845175745600e-01 -6.043733309641969953e+01
6.224094624795345476e-01 -6.322365462702822470e+01
4.968112056205952753e-01 -6.507619312119777533e+01
2.100089223000378702e-02 -6.890519874009159196e+01
1.826767030405349393e-02 -7.164708727377997377e+01
-9.530932588107118852e-02 -7.326808012829654615e+01
-1.734690318760104266e-01 -7.461839575998831720e+01
-5.818320134202714655e-02 -7.600103993603633512e+01
1.677368967161381452e-01 -7.716358563383144542e+01
4.121738295343695957e-01 -7.831464327885669263e+01
5.989089694644894601e-01 -7.942309098419447366e+01
3.392657459213843651e-01 -8.304326879876879275e+01
2.146126647004095389e+00 -8.581512358160847498e+01
2.569358439084638679e+00 -8.658230996234961196e+01
3.850773910782474108e+00 -8.811173667938017218e+01
4.905659895832326534e+00 -9.035153289101039320e+01
5.288107445561821329e+00 -9.132136859031771792e+01
5.614740395824734165e+00 -9.188561086721036020e+01
6.532886057214272846e+00 -9.254695208852736243e+01
7.633523268727413935e+00 -9.478414139142758188e+01
8.812746171760045044e+00 -9.676311112396119540e+01
1.556879165015550726e+01 -9.844371173359134275e+01
2.009838010553390930e+01 -1.000602587663521064e+02
2.051031571322635472e+01 -1.011053096766329276e+02
2.173836253641467664e+01 -1.020296600137932614e+02
2.412616094200475914e+01 -1.035172597855677736e+02
2.470442091011595664e+01 -1.057773978549511185e+02
2.083433998165681444e+01 -1.104326998606598096e+02
2.095518866808404113e+01 -1.105390839855794098e+02
2.101241496288511001e+01 -1.105704579389604305e+02
2.493691209403311859e+01 -1.113067610548727515e+02
2.746088533542308596e+01 -1.120890597778614506e+02
2.764544877554379809e+01 -1.122171009204154331e+02
2.881131682082302703e+01 -1.124043219573997447e+02
3.080743103390740600e+01 -1.119870633123148309e+02
3.210728272066818079e+01 -1.120343528947910698e+02
3.262667903174791206e+01 -1.126030596083424200e+02
3.278126560504289699e+01 -1.131548834535315109e+02
3.284029630268405242e+01 -1.138339230026346485e+02
3.139038523093811506e+01 -1.168299838182932007e+02
4.201672356486166393e+01 -1.163279471008614081e+02
4.550800106878714502e+01 -1.174384423107383668e+02
4.669643722900812577e+01 -1.180896550273746755e+02
4.821358202002798521e+01 -1.187650619252341926e+02
4.940624873751580992e+01 -1.192679600929426158e+02
5.057654866000549276e+01 -1.199030749831625968e+02
5.295127379190270034e+01 -1.221244112654566578e+02
5.310334291789721561e+01 -1.222270414522558610e+02
5.310348964899267088e+01 -1.222271378002211151e+02
5.310356644628150491e+01 -1.222271882259347393e+02
5.310362857458462571e+01 -1.222272290190452253e+02
5.310367986451630884e+01 -1.222272626951799879e+02
5.310374784361724920e+01 -1.222273073283727030e+02
5.310385443594657318e+01 -1.222273773121531661e+02
5.310403388606785313e+01 -1.222274951261904761e+02
5.310433373992962913e+01 -1.222276919748778425e+02
5.502385404827618487e+01 -1.236829927133070157e+02
6.044539069114436103e+01 -1.254884164363900112e+02
6.143427644719253067e+01 -1.266289468888680005e+02
6.423821790074180171e+01 -1.289899809642706145e+02
6.686782886610612309e+01 -1.311732036024663728e+02
6.881763057674963591e+01 -1.333751423578557080e+02
6.986022545904162939e+01 -1.338600969375430054e+02
7.117057290257633895e+01 -1.346977593731080560e+02
7.267720799623404559e+01 -1.358193073427337083e+02
7.668935566754090871e+01 -1.399044894439148266e+02
7.815219416410326403e+01 -1.445124968627382032e+02
7.930910940980177770e+01 -1.457362998320736267e+02
8.019883379932900880e+01 -1.460384323239385935e+02
8.279837194690850311e+01 -1.481569131927228966e+02
8.316895487611243709e+01 -1.487597263520109436e+02
8.627360505987965666e+01 -1.511374213345093835e+02
8.713315537769091179e+01 -1.515637476485691195e+02
8.907237370440716973e+01 -1.527233907613520500e+02
8.940292488922656844e+01 -1.530398065169449922e+02
9.072840839149216663e+01 -1.534543261424616958e+02
9.299183506125962140e+01 -1.529829309670614634e+02
9.906915326191973747e+01 -1.511544579405478146e+02
1.023936151447864660e+02 -1.499507194503127323e+02
1.028143100983011635e+02 -1.504131314755914843e+02
1.032190688551453803e+02 -1.511597075786328332e+02
1.033857524004439625e+02 -1.513475549269372209e+02
1.035143419421743829e+02 -1.514730407795661336e+02
1.036585204202434767e+02 -1.515993869550194972e+02
1.038742606662060126e+02 -1.517628488076623228e+02
1.043114788421586638e+02 -1.511817066556388056e+02
1.046962688681192191e+02 -1.489427320276731450e+02
1.063640775014035142e+02 -1.466310263863686600e+02
1.058695552596215919e+02 -1.458966347641652419e+02
1.062963982720006015e+02 -1.435475349933079201e+02
1.038879040771529958e+02 -1.420491760890230921e+02
1.037449207027600551e+02 -1.417380501260579990e+02
1.022970693686606722e+02 -1.412199233268544276e+02
1.006167728286478820e+02 -1.402592131913039282e+02
1.003920612039511013e+02 -1.398345046717934395e+02
9.962122548813636058e+01 -1.392044903321763627e+02
9.907937034618646521e+01 -1.388235372230425639e+02
9.823594054299536538e+01 -1.374209088370269001e+02
9.708312112936100391e+01 -1.365203465703696395e+02
9.570485033440387213e+01 -1.332107494162374053e+02
9.321200444276726671e+01 -1.299624276979787680e+02
8.973751666931401871e+01 -1.267983829870277788e+02
8.924017483611865487e+01 -1.257187559711710207e+02
8.878306482895308704e+01 -1.247595774083133620e+02
8.802162599686684530e+01 -1.233314230556298696e+02
8.742668547256133138e+01 -1.224796637140705116e+02
8.559844464104713779e+01 -1.198758104239639835e+02
8.159926319735696154e+01 -1.110414355524615786e+02
7.982869144069684353e+01 -1.088708494293458671e+02
7.911916501114913558e+01 -1.067862726683650720e+02
7.892015473775224166e+01 -1.062158933623187949e+02
7.651926251962612469e+01 -1.011945957002249941e+02
7.512774135724204427e+01 -9.871245023371213279e+01
7.303566870120623378e+01 -9.319449010861683291e+01
7.260432975850662274e+01 -8.987390530959177681e+01
7.315500142859514199e+01 -8.108688000243805050e+01
6.896249737142241543e+01 -7.671692894440222688e+01
6.879475828025654494e+01 -7.646859564710248947e+01
6.878865896848942896e+01 -7.645957186321008692e+01
6.867565916199474430e+01 -7.629391015112027219e+01
6.842439682728925732e+01 -7.594066625898047107e+01
6.782901205038446335e+01 -7.524171336806482202e+01
6.543216362042920764e+01 -7.426431161060861541e+01
6.353739570466613884e+01 -7.270466988006656095e+01
6.055095838582661116e+01 -6.783732408923046364e+01
5.865188211115140859e+01 -6.484075411165854064e+01
5.489689825505148946e+01 -6.086721776640252557e+01
5.403157437560152232e+01 -5.931207005838531643e+01
5.316367925956073037e+01 -5.805319819599256448e+01
5.043564360744000652e+01 -5.373009895224013377e+01
4.985318347984987497e+01 -5.252750480851064196e+01
4.843174955091607359e+01 -5.053209395347597166e+01
4.761419810562300370e+01 -4.957752017922379650e+01
4.584741265315135905e+01 -4.594534262408512149e+01
4.427645017993570775e+01 -4.609600973995497952e+01
4.376419655230208861e+01 -4.520160423506110448e+01
4.350712767237845924e+01 -4.437230839837300778e+01
4.299564595556688573e+01 -4.349742452956816408e+01
4.256181259580624499e+01 -4.302913532807287567e+01
4.010775480015559680e+01 -4.125404959608639643e+01
3.729887907838252659e+01 -3.784502816903200539e+01
3.601325062784981412e+01 -3.550254391406122778e+01
3.392106852023360375e+01 -3.424836855685207837e+01
3.312247843894372323e+01 -3.335306552392640356e+01
3.238915073185314952e+01 -3.258746824002734854e+01
3.187313120387959842e+01 -3.154173871663441986e+01
3.109579901834132798e+01 -3.138636805874816105e+01
2.934468603190149949e+01 -2.993405633423877177e+01
2.885629145175278154e+01 -2.925477413084365352e+01
2.488123598107276990e+01 -2.268355817957900200e+01
2.310899160488446569e+01 -2.292762693404398178e+01
2.067311120959289639e+01 -2.001116391170153719e+01
2.033109217698288163e+01 -1.968600415250214297e+01
1.970682646674737626e+01 -1.926324743909444237e+01
1.913476155759127906e+01 -1.876378566672742210e+01
1.793296378787639611e+01 -1.694963706322679897e+01
1.620685591019831051e+01 -1.474343470470233619e+01
1.366253780902875725e+01 -1.074024878960277363e+01
1.331683680963945804e+01 -1.008330090409832103e+01
1.252438517614559821e+01 -9.319282277297256556e+00
1.106781621425036022e+01 -8.559601543310977334e+00
9.653291545735280366e+00 -8.104958145343378106e+00
9.182311606772559642e+00 -7.472313381397946763e+00
8.359958783434601415e+00 -6.118914507735315311e+00
7.736639988748855501e+00 -5.190368676675171322e+00
7.399851799414985720e+00 -4.667719053076007540e+00
7.661826353853482985e+00 -2.603884504447101289e+00
5.834414481530938446e+00 -7.474749874869037747e-01
4.945887761558550366e+00 -2.274870161948576164e-01
4.331726648488090525e+00 2.415113951665722181e-01
3.193843127738579035e+00 5.654329453331653488e-01
