-1.062638645491593081e+01 2.582849288788136577e-01
-1.311955673313406301e+01 -1.781919947140748306e+00
-1.337240621216338532e+01 -2.368008064077954167e+00
-1.348354208829379886e+01 -2.568538338093127038e+00
-1.396998327668281803e+01 -3.290704432059833540e+00
-1.439238081728053409e+01 -3.810473796183738493e+00
-2.197923539365520895e+01 -9.067864563548557300e+00
-2.230907165158639316e+01 -9.431229175655181152e+00
-2.241702722454406782e+01 -9.748695426700759725e+00
-2.239362975596102245e+01 -9.808457650562079522e+00
-2.235940902633589644e+01 -9.865683910061816775e+00
-2.270874215872543544e+01 -1.052929500614968283e+01
-2.644899328563194985e+01 -1.338963824873651198e+01
-3.835801409832525621e+01 -1.534313261044083099e+01
-3.854583182865617630e+01 -1.571998216081648891e+01
-3.926987194685634819e+01 -1.672512955848137395e+01
-3.927197436833126432e+01 -1.687485850630728734e+01
-3.946832302701125172e+01 -1.723026804461335360e+01
-3.949133568333933653e+01 -1.725762464290561837e+01
-4.410003256682409045e+01 -2.228988350868172574e+01
-4.409691960866770444e+01 -2.230513037476475091e+01
-4.408962259808346573e+01 -2.235037722900414892e+01
-4.461404737730440928e+01 -2.307086457794872558e+01
-4.601049165097945348e+01 -2.423070413599871031e+01
-4.657494317839504561e+01 -2.561980043452355815e+01
-4.663070472591576276e+01 -2.615628053956139709e+01
-4.661674613217461882e+01 -2.684485677278414073e+01
-4.646876980768369236e+01 -2.761721889636459437e+01
-4.320000730574435011e+01 -3.117346038630773464e+01
-4.501842865573701147e+01 -3.334451561082602922e+01
-4.577220379549621043e+01 -3.425626776776616822e+01
-4.491312750410812527e+01 -3.543485732986630410e+01
-4.484345913637952918e+01 -3.663181570091832384e+01
-4.435493442875630166e+01 -3.717798577238772140e+01
-4.385240370637270502e+01 -3.779448766803799487e+01
-4.354086641831613491e+01 -3.842999838322496231e+01
-4.340871503229590900e+01 -3.904816222022714811e+01
-4.336860251122127607e+01 -3.987712951404223105e+01
-4.339984900672510548e+01 -4.066025575256017532e+01
-4.345899001675535089e+01 -4.192523907304961739e+01
-4.223508083873644381e+01 -4.358944907322453588e+01
-4.205390364052127694e+01 -4.402705998037652080e+01
-4.241961976024078496e+01 -4.494979028490769224e+01
-5.154965032603691100e+01 -5.497544747946916033e+01
-5.084507056405119130e+01 -5.514091814862808860e+01
-5.023585510748091565e+01 -5.536595174589767510e+01
-4.903800676331989905e+01 -5.677756425404572127e+01
-5.128676929710354671e+01 -6.567738311168015741e+01
-5.007273735687224558e+01 -7.044738489211572130e+01
-4.979154295661764706e+01 -7.079282366683574423e+01
-4.954091072660414596e+01 -7.111001123878142494e+01
-4.922812784507905093e+01 -7.229695873339005630e+01
-4.874008941784648385e+01 -7.294908471208140099e+01
-4.797354363544084777e+01 -7.369093505432822155e+01
-4.763093253159433971e+01 -7.454552370672642780e+01
-4.760827420632719509e+01 -7.473191593712095937e+01
-4.760277869201803469e+01 -7.481338916412394724e+01
-4.759857772475746884e+01 -7.494795043373636645e+01
-2.989974548916710262e+01 -6.864509217617553816e+01
-2.965979821202055788e+01 -6.873291289013158689e+01
-2.958278208469409165e+01 -6.874326709779747091e+01
-2.856782105964650853e+01 -6.891910564236350467e+01
-2.779471515928386438e+01 -6.929810538106745810e+01
-2.740011180753974429e+01 -6.956890111503932417e+01
-2.686259867427387249e+01 -7.002542508477760919e+01
-2.658225969631212493e+01 -7.031123646748750389e+01
-2.622826647692338753e+01 -7.073301798307120691e+01
-2.584497304897098857e+01 -7.129752304356962611e+01
-2.550196778163602929e+01 -7.196317803102398614e+01
-2.535801501782313494e+01 -7.232296770510205874e+01
-2.487669242124092506e+01 -7.435553685024584070e+01
-2.473889509752577709e+01 -7.580837113185916110e+01
-1.490605135875808074e+01 -7.819265467877687570e+01
-1.434659671960905847e+01 -8.164127083896723036e+01
-1.398159206250676334e+01 -8.187282412914709084e+01
-1.347222567059980669e+01 -8.192081867541681106e+01
-1.330679468907342411e+01 -8.187570029094850099e+01
-1.161087767568736417e+01 -8.135627808172812081e+01
-9.832268678687096752e+00 -8.137220880893815433e+01
-9.158734782850928013e+00 -8.146404736099019317e+01
-6.706951281736591497e+00 -8.223918294645801552e+01
-5.372317579350033512e+00 -8.426926010052883953e+01
-4.938899536415156000e+00 -8.590594671895519241e+01
-4.049729793372432773e+00 -8.610427345717643277e+01
-3.123710610105671304e+00 -8.617435852926041662e+01
-2.224659027015084778e+00 -8.636190249405400721e+01
-1.368597862860431391e+00 -8.714712266115655837e+01
-2.853410139667796885e-01 -8.814912541799603218e+01
1.407479013602106477e+00 -8.883885484172648717e+01
2.632677279503309542e+00 -8.909175800896312580e+01
4.036358095356464837e+00 -8.914929881538802192e+01
5.840060519581853349e+00 -8.874375859507614450e+01
1.020180853451450531e+01 -8.746634083707374430e+01
1.388050557247352401e+01 -8.727668505183031300e+01
1.580424895080636993e+01 -8.739726525947551750e+01
1.674880961119484368e+01 -8.746555274737984575e+01
1.808230743644605099e+01 -8.745160779897514658e+01
1.989100069684196370e+01 -8.763966697556797669e+01
2.003150788679820238e+01 -8.784460641429335226e+01
2.089551109146961494e+01 -8.818925754116327198e+01
2.991075515933857076e+01 -8.436161603151845156e+01
3.003165368714948258e+01 -8.451266944779156631e+01
3.011882418088506341e+01 -8.461902237180531472e+01
3.196523018157357754e+01 -8.450520607097767822e+01
3.515033847800992817e+01 -8.361493028393607574e+01
4.246524991128076465e+01 -8.188435811737863901e+01
4.397406849594877087e+01 -8.285883854619098088e+01
4.610229404666164754e+01 -8.335171508994288558e+01
4.946126046159589151e+01 -8.385257072444731818e+01
5.161383948526475507e+01 -8.412570927796494402e+01
5.301772669485909972e+01 -8.428944833760859012e+01
5.439464753997819457e+01 -8.443875005296106906e+01
5.761538494438516977e+01 -8.472260664293260390e+01
5.988579220087686394e+01 -8.424028062618369006e+01
5.999905398794533795e+01 -8.377252944154696479e+01
6.019893157849223542e+01 -8.335251607926224438e+01
6.018818689331504146e+01 -8.312059013767212434e+01
5.995153685099703011e+01 -8.264117007592103903e+01
5.956572004434968903e+01 -8.224889744791904889e+01
5.938168907694576149e+01 -8.212441329424997605e+01
5.878890703378890947e+01 -8.183075924090186959e+01
5.796798538946192991e+01 -8.130431742188592636e+01
5.774686767901042117e+01 -8.109495394218635056e+01
5.717218403953724959e+01 -8.064218030247182867e+01
5.661572028439140070e+01 -8.048310728275777137e+01
5.603983615125990525e+01 -7.999687926400061144e+01
5.538541976920158305e+01 -7.939105980499276427e+01
5.433364060417601138e+01 -7.884045073952334803e+01
5.276854759340069734e+01 -7.811130813885212376e+01
5.134962818413598029e+01 -7.730943078390767198e+01
5.104456706604864991e+01 -7.707676063890053797e+01
5.045295217431183232e+01 -7.690185740547246951e+01
5.007711213455812072e+01 -7.682053447428118886e+01
4.978125142392783431e+01 -7.674031211673555219e+01
4.784547000903364022e+01 -7.513670957503434522e+01
4.740323528230867822e+01 -7.367236224287968582e+01
4.737683750943286043e+01 -7.296463231526925597e+01
4.859382180000106644e+01 -7.032094137185484328e+01
5.021393662241545996e+01 -6.738164249602318989e+01
5.307767538903231497e+01 -6.116120320208972316e+01
4.812286102564505796e+01 -5.976601099130099470e+01
4.681092238607721612e+01 -5.910619771655940013e+01
4.506491420518696600e+01 -5.804725708998346079e+01
4.451951154354828333e+01 -5.718549472358414221e+01
4.438285209255008823e+01 -5.674137430410946337e+01
4.442185525077182717e+01 -5.603380406631656996e+01
4.451476183487442029e+01 -5.568481260959543278e+01
4.284467308026552956e+01 -5.258280530026144106e+01
4.397515347230377358e+01 -4.998299312055389976e+01
4.385955471920748749e+01 -4.824013690387165809e+01
4.367794569806390115e+01 -4.776619149036537948e+01
4.359217604799704304e+01 -4.748062877859287312e+01
4.337838175287851072e+01 -4.690060300982271002e+01
4.307891093401733684e+01 -4.628083708018178299e+01
4.276301741988820027e+01 -4.572207055188725633e+01
4.543785665324688949e+01 -3.494830095510130263e+01
4.518261102249666550e+01 -3.487714200453444846e+01
4.457007358445715539e+01 -3.463049496708278241e+01
4.411449054476111797e+01 -3.436270718255853751e+01
4.380287090798449867e+01 -3.413496595354865804e+01
4.366864715376659234e+01 -3.402444171474986234e+01
4.334680481946269026e+01 -3.372324837967062194e+01
4.320562829083285550e+01 -3.357130176965009127e+01
4.288202532798943167e+01 -3.315021202974484993e+01
4.270255125319442868e+01 -3.283893566110894824e+01
4.253507554159505588e+01 -3.244271770246594144e+01
4.244642393639561817e+01 -3.215548555850703849e+01
3.804985481788218493e+01 -3.203593700390121768e+01
3.358939485507368516e+01 -2.970166014456241399e+01
3.304942519602872864e+01 -2.722574255347322136e+01
3.128806175495363462e+01 -2.671523310886331259e+01
2.980517170040069885e+01 -2.662655799126490308e+01
2.954481533129423809e+01 -2.639469681339342344e+01
2.914319730951229204e+01 -2.603536231208112284e+01
2.886855218296240011e+01 -2.583144177469149128e+01
2.762532368448539799e+01 -2.514123853974848188e+01
2.740818103564722819e+01 -2.487693034794748925e+01
2.400672927510466081e+01 -2.204392366306728590e+01
2.279917753976225114e+01 -2.200732237143201431e+01
2.019416572100981710e+01 -1.867424783223131968e+01
2.011428927886029072e+01 -1.829559571101799875e+01
2.007204139583500080e+01 -1.800598919861749181e+01
2.004920324566506906e+01 -1.777520063652751503e+01
2.003713189544642503e+01 -1.758266668199767579e+01
2.123429461966819076e+01 -1.229231974679479222e+01
1.758815287315605147e+01 -1.005460643862574166e+01
1.737425974879715440e+01 -9.771959763668075283e+00
1.689952103105122561e+01 -9.182194806319504465e+00
1.361324181028861169e+01 -1.016091611378713466e+01
1.201897942504210093e+01 -9.333864315680138191e+00
1.132684469596859600e+01 -8.687361950394439702e+00
9.958175009083998219e+00 -7.129994918391040493e+00
9.119250865099537862e+00 -6.028760165065173204e+00
8.664736396431374388e+00 -5.377718278426045551e+00
8.048166911963669179e+00 -4.360141915175796079e+00
7.311219957874982356e+00 -2.569565844963827228e+00
6.992202711663374259e+00 -1.761230501827032446e+00
4.726833479706174401e+00 -1.646506318751556064e+00
2.694355329777070374e+00 -3.341473801508227925e-01
