2.346142719244395380e-01 -3.769627340406049854e+00
1.284901274794249537e-01 -4.316863410607401086e+00
-6.186305969189653808e-01 -6.305015780114366919e+00
-6.761471367452397407e-01 -6.753480892942174130e+00
-7.346212953839457160e-01 -7.047057622998812221e+00
-1.554580560941381417e+00 -8.811876413788830575e+00
-3.664758937267982297e+00 -1.210863751302610147e+01
-4.502446559129420933e+00 -1.312148818211991319e+01
-5.528969575826040206e+00 -1.456111026062469271e+01
-5.494797915461374416e+00 -1.466199956473290023e+01
-5.468471651142900569e+00 -1.475981650467628192e+01
-5.647313939015199402e+00 -1.530937611413744293e+01
-7.989937354306763773e+00 -1.730996541612636008e+01
-1.261215894158603135e+01 -1.878253282555644077e+01
-1.255120168556715576e+01 -1.906022192791440872e+01
-1.001387455415919980e+01 -2.050756169571338106e+01
-8.217739071458892042e+00 -2.435338100742572465e+01
-8.218050515064248884e+00 -2.686103214114761073e+01
-8.780421052372084034e+00 -2.877710359482887625e+01
-1.370791993916997242e+01 -3.779903992944619517e+01
-1.370743377713314537e+01 -3.782854461646163458e+01
-1.369467545609919235e+01 -3.801106136878478736e+01
-1.446727320816182250e+01 -3.946228542528595540e+01
-1.513367670623591366e+01 -4.108592150463798021e+01
-1.648533584895892190e+01 -4.350144188427664460e+01
-1.755744352320994750e+01 -4.481530301845413788e+01
-1.840593417680700838e+01 -4.574578532170973943e+01
-1.921251821459793163e+01 -4.658930639043120436e+01
-1.957306202057989353e+01 -4.695419485043067453e+01
-2.283451898474445940e+01 -4.932338798694875237e+01
-2.606918375627566320e+01 -5.054805977459402300e+01
-2.620760713369459438e+01 -5.074610225410579289e+01
-2.626936607387562717e+01 -5.095204255493133871e+01
-2.625855304570506377e+01 -5.099783248290992077e+01
-2.623876469350437901e+01 -5.102925623604498639e+01
-2.621012532293605446e+01 -5.105727278697153082e+01
-2.617799812388582836e+01 -5.108112221886936055e+01
-2.615049820499747213e+01 -5.109951789832814484e+01
-2.612822340538973975e+01 -5.111446997045030827e+01
-2.610792674476187969e+01 -5.112893975063749963e+01
-2.608662864731510211e+01 -5.114588655217151114e+01
-4.541725051905103072e+01 -5.554585994891844081e+01
-4.558341479417703113e+01 -5.559284204384145767e+01
-4.810538888714302175e+01 -5.667337725160405881e+01
-4.810538894590155934e+01 -5.667337727613818998e+01
-4.810538895619881572e+01 -5.667337728043773382e+01
-4.810538896994601288e+01 -5.667337728617776094e+01
-5.203171147990494916e+01 -6.034334784579197475e+01
-5.180021067806654145e+01 -6.104812293407357515e+01
-5.165458495293999164e+01 -6.125895898430378850e+01
-5.155596009264217372e+01 -6.136832032107526658e+01
-5.140836473685936880e+01 -6.149778624613819744e+01
-5.084908957607111546e+01 -6.169810809903727034e+01
-4.913372572304371033e+01 -6.255593541856739392e+01
-4.910040501851606365e+01 -6.258302111989208782e+01
-4.906708944893756552e+01 -6.260989457006105852e+01
-4.858854196557036431e+01 -6.296149175630640826e+01
-4.818864668336800605e+01 -6.319067990036504767e+01
-4.707109337746472022e+01 -6.361192313582823488e+01
-4.213388182392010606e+01 -6.704069657430153484e+01
-4.154499961099902094e+01 -6.807760987621132642e+01
-3.739673036243938498e+01 -6.735779786843373529e+01
-3.618297453979443645e+01 -6.785480724527909047e+01
-3.558163691418685204e+01 -6.833602743599567475e+01
-3.460051195225162246e+01 -7.029278874389707710e+01
-3.445887981031650327e+01 -7.288440426374015146e+01
-3.250431464942883508e+01 -7.498115603251896744e+01
-3.125948203953039339e+01 -7.861840810935834156e+01
-2.902391611109910841e+01 -8.099975769199514275e+01
-2.755624182847592962e+01 -8.163219616389969246e+01
-2.692216952856923484e+01 -8.225494257101715334e+01
-2.617804829104950315e+01 -8.290841069805632912e+01
-2.486955188235162240e+01 -8.330789565902422567e+01
-2.187263876753003444e+01 -8.396434755048386478e+01
-1.602603478434792450e+01 -8.773290053875240346e+01
-1.591778643192354536e+01 -8.775051986419791206e+01
-1.581855271686939979e+01 -8.776022310542272464e+01
-1.534863733182275780e+01 -8.773412118037228424e+01
-1.460997113138776982e+01 -8.783763083210206446e+01
-1.438688486461117755e+01 -8.806012921377021030e+01
-1.191697167579565075e+01 -8.759983506610835491e+01
-1.191157644852026998e+01 -8.759811604910257188e+01
-1.190715554184498792e+01 -8.759671465012716851e+01
-7.211406824633653123e+00 -8.438034584201955113e+01
-6.821240052398945153e+00 -8.439357601892780281e+01
-8.212629173258395587e-01 -8.007122700428062956e+01
4.136444016326876194e-01 -8.003873330624207938e+01
3.193909475130764619e+00 -7.889298535356495279e+01
4.679676498964822073e+00 -7.879824236625367462e+01
5.777814207581271511e+00 -7.875744891330198527e+01
6.815842546482063113e+00 -7.873843535923886350e+01
7.801267562019740254e+00 -7.874005519364294514e+01
9.517888052362222240e+00 -7.882667846561756164e+01
1.215932826501149577e+01 -7.941849244704056332e+01
1.396928462187585396e+01 -7.956525125217082461e+01
1.491444579878042376e+01 -7.961188081871543432e+01
1.601985882799265681e+01 -7.970686232812329308e+01
1.815679995646373257e+01 -8.067993808992460458e+01
1.833248941111247277e+01 -8.084707156483769097e+01
2.564653607181590544e+01 -8.211880684009275910e+01
3.072088931958387548e+01 -8.196797009223499231e+01
3.508485087929293655e+01 -8.189835897899047268e+01
3.509387230293886972e+01 -8.189854858374161495e+01
3.683721904239798306e+01 -8.199189507883579608e+01
3.739960291585951069e+01 -8.205914066120273276e+01
3.950070181992294494e+01 -8.277688328597399448e+01
4.102714775123906321e+01 -8.375487290055973233e+01
4.234263241780779907e+01 -8.496194208601122000e+01
4.438038986797357666e+01 -8.652610668038710173e+01
4.723729745118613721e+01 -8.579054087381543070e+01
4.815456452981767654e+01 -8.629088889479764646e+01
4.920548181001124277e+01 -8.662247660877264366e+01
5.114116655785463195e+01 -8.747522145160020557e+01
5.194888274022324026e+01 -8.724285469346519051e+01
5.232472590006236146e+01 -8.362612918660791195e+01
5.637268035852480352e+01 -8.061133430083354767e+01
5.627869794507854806e+01 -8.051214933196024504e+01
5.612797773930444123e+01 -8.038221826351424681e+01
5.599139889303907580e+01 -8.028695294222131906e+01
5.596274556539680844e+01 -8.026937382300509682e+01
5.465855079239392467e+01 -8.011722057588315238e+01
5.281688035664308956e+01 -7.780251128894761337e+01
5.257887875177663517e+01 -7.513190796789257320e+01
5.199150513075058910e+01 -7.367424121001467086e+01
5.173903637527776311e+01 -7.328950581718349611e+01
5.120672567423222432e+01 -7.197391306802377642e+01
5.050940614702322051e+01 -7.127530146076068718e+01
4.956550521777803198e+01 -6.931322902705517208e+01
4.805523440747360553e+01 -6.717500242596200621e+01
4.589524276775242839e+01 -6.493751503122150837e+01
4.545624850745507928e+01 -6.443285008691165672e+01
4.496471027111459762e+01 -6.344031675552098193e+01
4.423236901187473791e+01 -6.242401242716739063e+01
4.352796996544437746e+01 -6.181351026620050959e+01
3.810870975092083057e+01 -5.800373667549022372e+01
3.688425467739515540e+01 -5.505715046558585613e+01
3.604663785387351282e+01 -5.438264301268974776e+01
3.578294375193485877e+01 -5.272857322005567937e+01
3.576002854791149588e+01 -5.129777742019156506e+01
3.572526254481525854e+01 -4.915443982882833041e+01
3.561673271014497999e+01 -4.816045969561851336e+01
3.506781398608237765e+01 -4.530650541027232947e+01
3.557263910124350303e+01 -4.402987308458352089e+01
3.298906537344686996e+01 -4.159410897629720694e+01
3.251773262960981725e+01 -4.027647115182580961e+01
3.231131594845172827e+01 -3.851823261324049952e+01
3.230761745621408920e+01 -3.781769964717972243e+01
3.235398072036144157e+01 -3.708530187782601217e+01
3.271174150526013591e+01 -3.546180649170866417e+01
3.243173455870893207e+01 -3.408638646722724275e+01
3.217823014731289533e+01 -3.371754160077543361e+01
3.150822527472333334e+01 -3.296190732655937694e+01
3.083898696330492584e+01 -3.274983514396145523e+01
2.963377771959576990e+01 -3.072141739751931055e+01
2.796474440806967365e+01 -2.781796072205598946e+01
2.785734016944024916e+01 -2.714869077894346105e+01
2.781720540660794683e+01 -2.229963287891344237e+01
2.556070001873487740e+01 -2.218266183552903925e+01
2.442188263667818404e+01 -2.210120646591543192e+01
2.364620304512977711e+01 -2.199331302881535777e+01
2.293252722240077901e+01 -2.183632732775237173e+01
2.215914094469444606e+01 -2.156281251051258252e+01
2.164965637033034085e+01 -2.127363055522697977e+01
2.092588638077486607e+01 -2.055396541555130341e+01
2.069458969124154279e+01 -1.996835328972345991e+01
2.058320803820754108e+01 -1.926889482008305876e+01
2.033927764982905018e+01 -1.898462860098313953e+01
1.914158928308285113e+01 -1.788441943403251244e+01
1.747953997262604275e+01 -1.601515341910399570e+01
1.677124927867087223e+01 -1.475625217526836153e+01
1.604294955107542719e+01 -1.395974533111996152e+01
1.573950649810843494e+01 -1.348122928621763350e+01
1.641860346240356705e+01 -7.661471625153295939e+00
1.631758190309140844e+01 -5.483056369246436468e+00
1.623304116880671444e+01 -4.998755449173170717e+00
1.372771287397824302e+01 -7.026725380932091092e+00
1.372651545119206418e+01 -7.028431885534846657e+00
1.372618349800734805e+01 -7.028905090013783941e+00
1.308628651270780630e+01 -8.741223658546800834e+00
1.308628649442211866e+01 -8.741223692125329237e+00
1.308628648324651245e+01 -8.741223712647409272e+00
7.695590515491613992e+00 -1.773301684553622692e+01
7.695566181434855046e+00 -1.773302650800925306e+01
7.695562652450616881e+00 -1.773302790944692120e+01
7.695560540846247299e+00 -1.773302874803135509e+01
7.695555330929923166e+00 -1.773303081711577178e+01
7.695513843117222308e+00 -1.773304729692862836e+01
5.095363397332748789e+00 -1.877210870935769549e+01
4.604955337556901007e+00 -1.859789916616674432e+01
3.696952686378583319e+00 -1.796948595039990337e+01
3.119106724834132649e+00 -1.720344992770048620e+01
2.519593552302181738e+00 -1.543201881893110361e+01
2.439494643453052003e+00 -1.382678659320907677e+01
2.792901078883659238e+00 -1.241896952084036165e+01
4.131047484173572037e+00 -6.996816747318431062e+00
2.681226602145224902e+00 -4.377004685156735242e+00
1.983244158572210258e+00 -3.423308048812039317e+00
1.783118106146466042e+00 -3.148544194171484900e+00
8.495044749978856169e-01 2.919799604751562722e-02
