2.829826322435812225e-01 -4.357947492804847833e+00
1.359269560839870827e-02 -4.782283785578161250e+00
-4.396941495130287647e-01 -5.900776151341774245e+00
-4.820958803108418289e-01 -6.032422420448767753e+00
-1.839415039441512967e+00 -7.810165701929512316e+00
-8.531978640162096283e+00 -1.204859550188154138e+01
-8.970762130793282552e+00 -1.480588053802888737e+01
-9.277666914696407474e+00 -1.577009271993758865e+01
-8.712703904566620139e+00 -1.664959446200168003e+01
-8.106097633325413554e+00 -1.719852300103834963e+01
-7.709412035765515370e+00 -1.779810844317804452e+01
-7.343007061636425803e+00 -1.931563101126551274e+01
-9.332655613820541873e+00 -2.255130479247069530e+01
-1.692067444548664668e+01 -2.628355690822936452e+01
-1.714844860225461431e+01 -2.700476567216256996e+01
-1.866848032945777902e+01 -3.024041094518062778e+01
-1.848428084264058668e+01 -3.070348193044826957e+01
-1.841822849587689959e+01 -3.088100037621704175e+01
-1.834834258536160689e+01 -3.107751122512886965e+01
-1.832213393075187824e+01 -3.115402134383168686e+01
-1.830311034412714477e+01 -3.121069896089635876e+01
-1.823161018999486771e+01 -3.143455990944170253e+01
-1.967903228204057697e+01 -3.452248712975249845e+01
-2.357793983449523623e+01 -3.849073306564212515e+01
-2.683974028720282945e+01 -4.343627944424336107e+01
-2.776159688775774370e+01 -4.580097006296278295e+01
-2.921178150497252091e+01 -4.745989891510210157e+01
-3.006361444305832720e+01 -4.898492319712131149e+01
-2.919422500592383685e+01 -5.049049479874749125e+01
-2.994556081545058390e+01 -5.208099215086869549e+01
-2.920431417979899535e+01 -5.362025249788050019e+01
-2.643435541710045555e+01 -5.757408068183786298e+01
-2.521161108264452011e+01 -6.126577490526404546e+01
-2.477418240590574072e+01 -6.345815155781418326e+01
-2.404814509240044629e+01 -6.546021402064347683e+01
-2.319355013227638551e+01 -6.707991055117342682e+01
-2.217077524940858879e+01 -6.908633682510055962e+01
-2.166392825609445794e+01 -7.100948769318270593e+01
-2.152251256286259817e+01 -7.300374867936110945e+01
-2.128750196171581166e+01 -7.784005871267153509e+01
-1.867350586564690218e+01 -8.260213396978177514e+01
-1.756180884552139077e+01 -8.333165960655755100e+01
-1.565597449723492218e+01 -8.545909255795874060e+01
-1.760863067496763179e+01 -9.139729264735363756e+01
-1.711175654152405556e+01 -9.186820506266832354e+01
-1.693409588644169972e+01 -9.200103185789117788e+01
-1.434295014298886617e+00 -9.049355491932399786e+01
6.198641002880068973e-02 -9.227476748574308374e+01
1.751181136517969250e+00 -9.363078421398714113e+01
4.255465778630096452e+00 -9.536072122805305185e+01
5.938346790382204254e+00 -9.627817038517139281e+01
6.934241425477861931e+00 -9.694994454196265110e+01
9.567547999674111736e+00 -9.779696568411254987e+01
1.563322025800337833e+01 -1.001892538581397218e+02
1.584755596003287970e+01 -1.025263305341751021e+02
1.563287795598927055e+01 -1.037039460103097355e+02
1.590214416221638949e+01 -1.046620534047376196e+02
1.644839877979780951e+01 -1.052994174071387761e+02
1.734330353984385908e+01 -1.060009627296708601e+02
2.148247043227742736e+01 -1.088597064155347169e+02
2.173243769386252211e+01 -1.090520549395073289e+02
2.379423501318549228e+01 -1.096900656740466076e+02
3.032485605570904497e+01 -1.062382269479602286e+02
3.223973862660397316e+01 -1.068588658133020743e+02
3.366236585617900801e+01 -1.078204229663089819e+02
3.396400937675292653e+01 -1.086121507505168609e+02
3.377814211931189448e+01 -1.097206652287303541e+02
3.394928484143804326e+01 -1.107702406468176548e+02
3.425397016254393634e+01 -1.113456843110533612e+02
3.445693245562990370e+01 -1.116872291258509051e+02
3.460170958703798050e+01 -1.154704013178163819e+02
3.558355040825346549e+01 -1.175579616972021171e+02
3.580678210734753009e+01 -1.188597467578674411e+02
3.589418114132777049e+01 -1.202583326291381525e+02
3.787703925120009529e+01 -1.208811250250426355e+02
4.366457145845985366e+01 -1.206596065992115001e+02
4.373488191121544588e+01 -1.206547090563486080e+02
4.402993418423386629e+01 -1.205982069470755249e+02
4.693218229864824309e+01 -1.209192628965747502e+02
4.781678580058183314e+01 -1.205285103256719310e+02
5.069453594597830914e+01 -1.225363630704963214e+02
5.282154368439496039e+01 -1.262793097087920131e+02
5.270015626744251591e+01 -1.289741954020546473e+02
5.290046444381131607e+01 -1.291406045440685091e+02
5.326430671584845555e+01 -1.293970825522347354e+02
5.358419875797525123e+01 -1.295845597441995949e+02
5.401046285618888021e+01 -1.297807322213529062e+02
5.883909544353222998e+01 -1.268969687767227725e+02
5.930983755788304279e+01 -1.271465900093005956e+02
5.954129937217729918e+01 -1.272389741914049921e+02
5.986498993208329722e+01 -1.272470938136096379e+02
6.026673135937997472e+01 -1.271914126048436771e+02
6.089040736186269953e+01 -1.271214560410009113e+02
6.170366078592649473e+01 -1.272740587541474753e+02
6.205312704654563305e+01 -1.275039563245660901e+02
6.230968737480773001e+01 -1.277153555227561839e+02
6.978053333595445906e+01 -1.198967290467991234e+02
6.978216198156059136e+01 -1.198965715802232666e+02
6.978426517622558833e+01 -1.198963684776709613e+02
6.979022455559210414e+01 -1.198957944950045942e+02
6.979541456164530189e+01 -1.198952964287900755e+02
6.979966998963060121e+01 -1.198948893101429860e+02
6.980344407753011637e+01 -1.198945291908880222e+02
8.058290729966952881e+01 -1.018545856130483429e+02
8.150689729645520742e+01 -1.021877853877810765e+02
8.239038031403956097e+01 -1.024479602031717747e+02
8.305843295933348713e+01 -1.026061717659458452e+02
8.383922814897425724e+01 -1.027683533764568580e+02
8.484190648868634810e+01 -1.030677568992889235e+02
8.531798062369242075e+01 -1.033829453254543580e+02
8.567430664626574810e+01 -1.039299107894182299e+02
8.609036046856192570e+01 -1.045629656607857072e+02
8.740687314282685350e+01 -1.043582782385643384e+02
8.895009342657168361e+01 -1.034587071348696412e+02
8.948604289365280806e+01 -1.031032208642008356e+02
9.045011284085744308e+01 -1.024272788535381125e+02
8.970763909782125722e+01 -1.019500796713826816e+02
8.892733445336617137e+01 -1.012691313859840960e+02
8.810777354357351498e+01 -1.006779060477275181e+02
9.681485642513820267e+01 -8.791788560815490428e+01
9.680438618424766162e+01 -8.789919348673302579e+01
9.679278811442857489e+01 -8.787836228055596166e+01
9.677875451988479938e+01 -8.785297439231358396e+01
9.677419722956240378e+01 -8.784468578603173228e+01
9.677235966904568443e+01 -8.784133747704571249e+01
9.676969943545002195e+01 -8.783648373657987918e+01
9.669984562199350364e+01 -8.770612001274278668e+01
9.791770842279953513e+01 -8.273388197595166105e+01
9.696518790930844034e+01 -8.193562805051760733e+01
9.656787948215310280e+01 -8.161174739830401847e+01
9.625231321573151888e+01 -8.141112299721073953e+01
9.612956096337072154e+01 -8.135087470217075634e+01
9.600231080951687090e+01 -8.129943909738662455e+01
9.308206263734605557e+01 -8.163003771453107049e+01
8.430251507497116847e+01 -7.826208130350079273e+01
8.324216034017332788e+01 -7.614449863363822146e+01
8.306609748564828521e+01 -7.499274802744361068e+01
8.289080369694637795e+01 -7.381383681791510298e+01
8.330622281496755477e+01 -7.325034822003033241e+01
8.427850933409405343e+01 -7.244304495376360364e+01
8.131432014183096157e+01 -7.145774880835666920e+01
8.122287303956213123e+01 -7.122258224712314245e+01
8.118186482984350505e+01 -7.107516665329683292e+01
8.115347083330973987e+01 -7.065438437970341568e+01
8.118864171364613469e+01 -7.050167873589002454e+01
8.184955255678961805e+01 -6.964323957231908935e+01
8.232408290619976299e+01 -6.905918275320394173e+01
8.277586888086960926e+01 -6.813344179489860153e+01
8.360388561398930563e+01 -6.564161258507472496e+01
8.427524903485763730e+01 -6.467874646717487508e+01
7.450579826925583404e+01 -6.623354599712713764e+01
7.371456151823423397e+01 -6.505227314662033677e+01
6.988747014205925723e+01 -6.321872091944391769e+01
6.668452962271264539e+01 -5.987618284900351284e+01
6.205705397570493176e+01 -5.452016552437279273e+01
6.048329267703493173e+01 -5.089641589492195806e+01
5.965521990683880205e+01 -5.024376335495457369e+01
5.493626349116283336e+01 -4.223944764407481500e+01
5.346794283782354995e+01 -4.185869504511731520e+01
5.226883715868333979e+01 -4.128263678254859315e+01
5.138508228030730152e+01 -4.090071434576266540e+01
5.018842100573240117e+01 -4.029766677253491736e+01
4.947935748777218379e+01 -3.971931277633789392e+01
4.826764670157582060e+01 -3.845300720913409975e+01
4.757658405338933960e+01 -3.766149080562669127e+01
4.655408173903069269e+01 -3.646996439149138780e+01
4.594943509583531949e+01 -3.576862896217378562e+01
4.353678309439233374e+01 -3.315433097667507667e+01
4.052282460830314648e+01 -2.611128070100110321e+01
3.998374019727378226e+01 -1.972081304409118729e+01
3.860395041001496708e+01 -1.829251610941890149e+01
3.806083987091441401e+01 -1.722125954342622833e+01
3.756054626913348216e+01 -1.473249092295115581e+01
3.903941059471311803e+01 -1.086293567991051923e+01
3.890984907680912386e+01 -1.066261899598639218e+01
3.860290410465246680e+01 -1.014649602953503482e+01
3.846916770077798731e+01 -9.833003091288004427e+00
3.783697339514709768e+01 -6.608226063688912966e+00
3.782609902864304274e+01 -5.885414371360880637e+00
3.783359815425001216e+01 -2.776003002636705741e+00
3.847473248265893631e+01 -4.734233600282284349e-01
3.640878626570999188e+01 2.343197396750303363e-01
2.438837936170184761e+01 -3.826554689365870399e+00
2.394720908146488370e+01 -3.164588861974452882e+00
2.355144447713327338e+01 -2.354394445881696996e+00
2.412760234608440157e+01 1.177143860400585162e-01
2.371626594524970599e+01 -1.005392229497530376e-01
2.331370128762089422e+01 5.584307925732745481e-02
2.269319178040853302e+01 5.123848103294458278e-01
2.228577319966221637e+01 9.112800936350101688e-01
2.193276886807629467e+01 1.301443245379206859e+00
2.113106252812758257e+01 2.286857950056859323e+00
9.649204883002603594e+00 2.377081704017008634e-01
8.958423536353565808e+00 6.500357753562626684e-01
8.566677142736082828e+00 1.191058708242492603e+00
8.096373290302848247e+00 1.777531993637934349e+00
7.886123273054911564e+00 2.006236653914919899e+00
1.397731590372039534e+00 -1.630103302271979637e-01
1.397686863215918507e+00 -1.629481406813692024e-01
