-1.258203994487881117e+00 -3.029043675121741774e+00
-2.036270134504766460e+00 -3.738655624381987508e+00
-2.722108413531604487e+00 -5.114865579133129891e+00
-2.747315169019582726e+00 -5.263238727294080377e+00
-2.810324490900837358e+00 -5.670533748544727359e+00
-7.243085257460554871e+00 -8.077720601382990750e+00
-1.672868736869156692e+01 -1.534895769039967917e+01
-1.687836998627652463e+01 -1.598406945133047508e+01
-1.695932056461988680e+01 -1.639245817982143905e+01
-1.700851815018495827e+01 -1.663267781918905541e+01
-1.707697532303978960e+01 -1.692206983928775088e+01
-1.778634846119888380e+01 -1.832651282022468919e+01
-1.798322404476352077e+01 -1.857652545636168284e+01
-3.095871615811466526e+01 -2.308480579936449573e+01
-2.979640431289572433e+01 -2.400358598627320106e+01
-2.945508711158372250e+01 -2.432961437912411995e+01
-2.913807214578756088e+01 -2.468865862842515924e+01
-2.898223186746989199e+01 -2.490121078942576105e+01
-2.887570591291236966e+01 -2.507163799662183479e+01
-2.880237804272415403e+01 -2.520911775088567808e+01
-2.876430276695771227e+01 -2.529092410390469325e+01
-2.866488164857524978e+01 -2.557938893158634741e+01
-2.868459835667405855e+01 -2.631812588700672606e+01
-2.904204361278341651e+01 -2.695621415172551139e+01
-2.399638837018083848e+01 -3.487111274703562458e+01
-2.408491370176827928e+01 -3.506255857190375735e+01
-2.417302669420870131e+01 -3.526973850481556383e+01
-2.424742964977588144e+01 -3.546412952425242793e+01
-2.430440402962563695e+01 -3.563162167835346139e+01
-2.437914439997892302e+01 -3.589460465096690456e+01
-2.442429848859118380e+01 -3.609705828111899706e+01
-2.446918651367348474e+01 -3.635878939514039132e+01
-2.450355466753577360e+01 -3.663823560830898174e+01
-2.451429982820197040e+01 -3.675192821312853653e+01
-2.452265956191822482e+01 -3.685450111636251336e+01
-2.452956248759047497e+01 -3.695175487285649041e+01
-2.453609372269242073e+01 -3.705752529445033616e+01
-2.454154577233133949e+01 -3.715885734914669314e+01
-4.980980170679640651e+01 -4.308473177292962930e+01
-4.964309900113696017e+01 -4.408670696049165372e+01
-4.955850846741557802e+01 -4.491534607771389176e+01
-4.954145137526830212e+01 -4.525051817154557199e+01
-4.953933235842970362e+01 -4.574381538333814490e+01
-5.374227699701982885e+01 -5.159651610508545616e+01
-5.429514606778903385e+01 -5.233430355655384147e+01
-5.498262329688258632e+01 -5.329123515081267470e+01
-5.498292142772987035e+01 -5.329165317051530337e+01
-5.940546789062970134e+01 -5.933011743298240503e+01
-5.913129670941015092e+01 -5.972091132655366863e+01
-5.491705812991661162e+01 -5.719526766706582777e+01
-5.491704890959396579e+01 -5.719525797280231671e+01
-5.491704384562243746e+01 -5.719525264848609680e+01
-4.557374783798880458e+01 -5.512658049543455263e+01
-4.438810496560545005e+01 -5.539465956409963354e+01
-4.382124930892680936e+01 -5.547531839224665617e+01
-4.359749477292952236e+01 -5.550468807753566836e+01
-4.346545884670683080e+01 -5.552183311403305055e+01
-4.322677820708219087e+01 -5.555291493623352039e+01
-3.992699167103688751e+01 -5.615612262916944530e+01
-3.263797964033248888e+01 -6.005045478658335867e+01
-3.234858146219352193e+01 -6.034455039090207151e+01
-3.213842604572578665e+01 -6.052677568630471683e+01
-3.118854579286893625e+01 -6.130543632873443016e+01
-3.086179194560305561e+01 -6.168280442323558077e+01
-3.052368880343574276e+01 -6.240266105568656485e+01
-3.190521263664098583e+01 -7.034401416882853653e+01
-3.203204399767082577e+01 -7.393019469971073931e+01
-3.184733858471665258e+01 -7.908673623315681311e+01
-3.220590240923043979e+01 -8.195596642512137464e+01
-3.233849172969559049e+01 -8.283999001917054272e+01
-3.112890375747114291e+01 -8.719862082419821547e+01
-2.845674105530671127e+01 -9.112736460805267313e+01
-2.724585572370040865e+01 -9.313271209515623639e+01
-2.552742935170427785e+01 -9.518692704908042401e+01
-2.471476371409229955e+01 -9.536790643941726842e+01
-2.154075178070958785e+01 -9.766232673273468379e+01
-2.154073964960763732e+01 -9.766233581205061398e+01
-2.154061673563990809e+01 -9.766242780110326294e+01
-2.141244008264502696e+01 -9.775545134644121958e+01
-2.127626343860240965e+01 -9.785138131058067756e+01
-2.115241444612224342e+01 -9.793968366336855524e+01
-2.103746200036741953e+01 -9.802466486933981571e+01
-2.096897136054699118e+01 -9.807723049998031684e+01
-2.029623754571660044e+01 -9.868760776492398179e+01
-5.874677678438193773e+00 -8.735099543212727724e+01
-5.475991537003635834e+00 -8.753583931248380168e+01
-4.863927164329465036e+00 -8.789344620468688163e+01
-4.189981008771065163e+00 -8.839523139590353651e+01
-3.400929912787136189e+00 -8.920577699993634724e+01
-2.976422976174777801e+00 -9.082891696389349079e+01
1.603792625421486306e+01 -7.280753065014758363e+01
1.603792638481286303e+01 -7.280753080081721862e+01
1.603792639618738747e+01 -7.280753081393990556e+01
1.603792643620418090e+01 -7.280753086010690822e+01
1.603793650356733025e+01 -7.280754247478623142e+01
1.603793859831733215e+01 -7.280754489150608322e+01
1.603794112358515633e+01 -7.280754780492239320e+01
1.603794309088393177e+01 -7.280755007461159778e+01
1.603794401939558512e+01 -7.280755114584488297e+01
1.603794493160711454e+01 -7.280755219827351254e+01
1.603794539053139445e+01 -7.280755272773993170e+01
1.603794581046724232e+01 -7.280755321222514453e+01
1.603794608695664081e+01 -7.280755353121452345e+01
1.603794633474754505e+01 -7.280755381709413143e+01
1.603794664815202964e+01 -7.280755417867311508e+01
1.603794709294243859e+01 -7.280755469183397111e+01
1.603794783372061517e+01 -7.280755554648055750e+01
1.603794877618785009e+01 -7.280755663381965803e+01
1.603795047062649815e+01 -7.280755858872241504e+01
1.603795237305268273e+01 -7.280756078358787420e+01
1.603795389446648656e+01 -7.280756253887501828e+01
1.603795561121279434e+01 -7.280756451952458974e+01
1.603795797212942276e+01 -7.280756724337372532e+01
1.603795983086787302e+01 -7.280756938785170007e+01
1.603796075873491844e+01 -7.280757045835908059e+01
1.603796153450412021e+01 -7.280757135338745911e+01
1.603796167122826688e+01 -7.280757151113031966e+01
1.603796171385512181e+01 -7.280757156031023669e+01
1.603796175761312170e+01 -7.280757161079517914e+01
2.601800843619682269e+01 -6.935710205738548950e+01
2.601800602464145840e+01 -6.935698269490822554e+01
2.601800351557400148e+01 -6.935685828748991355e+01
2.601800116789190298e+01 -6.935674167916138799e+01
2.601799907283042046e+01 -6.935663745186292317e+01
2.601799790194623796e+01 -6.935657913278551234e+01
2.601799716390673822e+01 -6.935654234732270140e+01
2.601799638545614357e+01 -6.935650352636243099e+01
2.601799517708661469e+01 -6.935644322209363111e+01
3.397477985564272274e+01 -6.159406554816844448e+01
3.389428488970494158e+01 -6.151928025138513334e+01
3.388253473656300230e+01 -6.150865721604250780e+01
3.387308446145541296e+01 -6.150015562624551535e+01
3.386195120402285852e+01 -6.149018403012890133e+01
3.383632510152659023e+01 -6.146738832538295583e+01
3.371498508409409567e+01 -6.136084543814067160e+01
3.481954562821356092e+01 -5.801618753105558568e+01
3.651243377807031010e+01 -5.602118561478831538e+01
3.697971061541797155e+01 -5.432022018378003736e+01
3.946034325422169076e+01 -5.071979503881803453e+01
4.174961447819474358e+01 -4.594095024223946666e+01
4.178252719624934031e+01 -4.555241971139553669e+01
4.144061631384787603e+01 -4.242983139421912142e+01
5.187826561586941665e+01 -3.309540172396819457e+01
5.236851183877696769e+01 -3.248603176899261058e+01
5.307327161364390378e+01 -2.945725285188730780e+01
5.296001285775541589e+01 -2.891853672843036094e+01
5.318684222759956981e+01 -2.788118773145793483e+01
5.858299103945920905e+01 -2.398480873644845701e+01
5.847743792269864826e+01 -2.286451445991175291e+01
5.844526273843546704e+01 -2.280767911648399959e+01
5.844079618852369151e+01 -2.280020304299369016e+01
5.843861771599835464e+01 -2.279658656015270779e+01
5.843586289319294025e+01 -2.279203996596772797e+01
5.842818174360514405e+01 -2.277951049022339802e+01
5.840517171461819856e+01 -2.274307060089616783e+01
7.245888444847960841e+01 -8.027907542523907480e+00
7.245740768281254418e+01 -8.028314554411013049e+00
7.245499452385456607e+01 -8.028981000215363650e+00
7.245384991077503400e+01 -8.029297697148003010e+00
7.245260114786064776e+01 -8.029643641769416362e+00
7.245082320851827262e+01 -8.030136960007785873e+00
7.244972695282037023e+01 -8.030441588275081699e+00
7.244711278164604096e+01 -8.031169414061256617e+00
7.244689446762558305e+01 -8.031230285191796270e+00
7.244688671665534230e+01 -8.031232446598782104e+00
7.244687832041768161e+01 -8.031234787962196364e+00
7.244686725855355292e+01 -8.031237872689603208e+00
6.415934269519709687e+01 -1.226973797153522483e+01
6.381382254961492606e+01 -1.234149528592326384e+01
6.371405204491893670e+01 -1.236161904748620977e+01
5.580052667752692486e+01 -1.889887606483985394e+01
5.202779609293399687e+01 -1.734789560512001572e+01
5.161946385784267477e+01 -1.701736568553391393e+01
5.114684151569050385e+01 -1.641317560805601872e+01
5.099372079774612843e+01 -1.613194210665397677e+01
4.523622215805545466e+01 -1.759552722291392612e+01
4.486484044806483240e+01 -1.747458840315827189e+01
4.004518445101311386e+01 -1.624865982284659793e+01
3.805619429002545218e+01 -1.654836068046158815e+01
3.488460112533790181e+01 -1.400002668723026211e+01
3.474275865165636645e+01 -1.384236850227369153e+01
3.400473060087298904e+01 -1.337781401944392456e+01
3.061498788055137155e+01 -1.418941908078543435e+01
3.015450813183112189e+01 -1.385926220840242706e+01
2.980259762818369040e+01 -1.351101814506666265e+01
2.952885718130222159e+01 -1.263408877182145140e+01
3.164663645005251524e+01 -8.981800904300447641e+00
2.661651944326865049e+01 -1.107670603485140148e+01
2.030281322385346598e+01 -1.186336584778015713e+01
1.559328181236189614e+01 -1.126261117810821588e+01
1.526254563854810087e+01 -1.053110713891881645e+01
1.404224180644991016e+01 -9.184576887126851830e+00
1.303125405073559762e+01 -8.356744099253008429e+00
1.247922363947416891e+01 -7.852964311750658233e+00
1.199655088548253445e+01 -7.293508334379332325e+00
5.924085355439937750e+00 -4.839138684465022600e+00
4.666582320127864669e+00 -4.070384922747831702e+00
3.704450427727418393e+00 -3.437719545065275994e+00
1.474411092345854435e+00 -2.435580685614335827e-02
