-1.400346424113770860e+00 -3.502979448876709867e+00
-2.241595698589568642e+00 -4.230009958880781795e+00
-2.944036157873545001e+00 -5.312156497152183299e+00
-2.913189185802331771e+00 -5.367264245574573600e+00
-3.445784292675325933e+00 -6.193954778897225566e+00
-6.766336314347352499e+00 -8.259358012120802783e+00
-1.611261476988815033e+01 -1.507529907439665529e+01
-1.866845402475463445e+01 -1.657644689108992964e+01
-2.022060039909096218e+01 -1.790616515105810791e+01
-2.022821173680373619e+01 -1.792365400657180174e+01
-2.023818490900833922e+01 -1.794870933526974710e+01
-2.027160610144187203e+01 -1.807787009536849254e+01
-2.122374045543477195e+01 -1.896030597333208334e+01
-2.635640139399106729e+01 -2.079269747868047702e+01
-2.690553396160295563e+01 -2.114349423880552337e+01
-2.706282754703132909e+01 -2.150604873609512779e+01
-2.701350409884017267e+01 -2.164038455114872761e+01
-2.698994116858567338e+01 -2.168358397718702690e+01
-2.696742804817497685e+01 -2.172075285168651604e+01
-3.262197346516720842e+01 -2.712541719463420264e+01
-3.260948465253626694e+01 -2.721790828831739617e+01
-3.259241342339586112e+01 -2.748010799463622078e+01
-3.259964400092955117e+01 -2.786953845792692164e+01
-3.263276356297616587e+01 -2.828446189101613584e+01
-3.274356773311888702e+01 -2.903470502220860539e+01
-3.279941947044854800e+01 -2.929902922690793687e+01
-3.286350895272862260e+01 -2.955278996033116456e+01
-3.292915616652418009e+01 -2.977157947677802596e+01
-3.301259028801329976e+01 -3.000264906619691985e+01
-3.347032683567407219e+01 -3.069433514840283195e+01
-3.212733817160523841e+01 -3.234005572749042301e+01
-3.101377164588754809e+01 -3.591001947432918229e+01
-3.206530633145134601e+01 -3.978063541348540610e+01
-3.241456665187582331e+01 -4.176012335737009096e+01
-3.081549679045395607e+01 -4.276623345598613923e+01
-3.052064748712058773e+01 -4.334719848551639387e+01
-3.028417416000563378e+01 -4.406973702563605144e+01
-3.014218429620446216e+01 -4.483103062806669215e+01
-3.010289369962427841e+01 -4.568139321498284744e+01
-3.040001602778017897e+01 -4.722018912890416686e+01
-2.262989627883181143e+01 -5.106420245827170845e+01
-2.221031165433461396e+01 -5.178441445842133817e+01
-2.154620228681107008e+01 -5.305686900367567205e+01
-2.085232464705075728e+01 -5.453976835450894356e+01
-2.053934758799794125e+01 -5.525918729797745499e+01
-2.033439565327197940e+01 -5.574919911592191824e+01
-2.008355943886052941e+01 -5.637345284041920479e+01
-2.111653341844452569e+01 -6.173792049367789758e+01
-2.014910035783568887e+01 -6.400870382306315776e+01
-1.821609514776622873e+01 -6.391830637108544977e+01
-1.765601254158462297e+01 -6.427930241691819901e+01
-1.756553679855526084e+01 -6.437702538290115228e+01
-1.746221030790204409e+01 -6.447406611003435728e+01
-1.024699146755057555e+01 -6.439149763560182294e+01
-1.023372354619909785e+01 -6.440408792909036606e+01
-1.020657171740937308e+01 -6.442682835115259365e+01
-1.000936258313727478e+01 -6.449854958815838302e+01
-9.818529263888448710e+00 -6.448690616893252070e+01
-6.530776408177466408e+00 -6.534501575166248699e+01
-9.521535487176064905e-01 -6.896224067464984842e+01
-5.955633328072161836e-01 -6.917207866398119620e+01
1.254479154390887530e+00 -6.989153701977618027e+01
4.815966296345378872e+00 -7.176298710737060560e+01
6.520792489916784618e+00 -7.242487531520347943e+01
8.049382284599404969e+00 -7.341954867819988806e+01
8.680392994458493661e+00 -7.403402768409439716e+01
1.014452476526121494e+01 -7.494711505011336783e+01
1.278849825017135444e+01 -7.595555934839369172e+01
1.564896851357317331e+01 -7.815980778825569075e+01
1.784380192243929031e+01 -7.911134484021658864e+01
1.867352718431450853e+01 -8.313814820286100371e+01
1.794477978812457764e+01 -8.736911054457354453e+01
1.664649432256030082e+01 -8.972278783855512074e+01
1.681994782970237878e+01 -9.001755601335602819e+01
1.690111811126306662e+01 -9.012968426257961596e+01
1.704171201392054513e+01 -9.028640237373805633e+01
1.745258517704801804e+01 -8.997624796602934794e+01
1.861239496321454467e+01 -8.824390248021097705e+01
2.171253088205768833e+01 -8.846570673202815271e+01
2.340319415014637272e+01 -9.032478937043963185e+01
2.671361288063551598e+01 -9.210693567651283331e+01
2.810346124199592666e+01 -9.341939735359743224e+01
2.852470428284528836e+01 -9.412327307379679553e+01
2.931530180975090616e+01 -9.459883238688433948e+01
3.039177761120037502e+01 -9.507225668749690328e+01
3.185468453885918549e+01 -9.513291132934219263e+01
3.298301998898936915e+01 -9.616806009305005887e+01
3.464254726472854884e+01 -9.711352599996725132e+01
3.658288117167834486e+01 -9.841323373839091460e+01
3.859181708354361717e+01 -9.840381726259069239e+01
3.985810822027771394e+01 -9.955685243043974708e+01
4.117808069799719561e+01 -1.010738522501874428e+02
4.275460942736000192e+01 -1.021030822046542994e+02
4.702875219173588306e+01 -1.046986705021967623e+02
4.964598709980275260e+01 -1.058226937200297044e+02
5.098610146726439751e+01 -1.062511310033923309e+02
6.431021132671902762e+01 -9.685726663564449268e+01
6.431137212929245095e+01 -9.685661504061673099e+01
6.431156206767002459e+01 -9.685650840917847404e+01
6.431182882770296771e+01 -9.685635864379202076e+01
6.431215986549462116e+01 -9.685617278113940642e+01
6.431234171241797526e+01 -9.685607067753242916e+01
6.431249820006549101e+01 -9.685598280992240916e+01
6.474200078247000079e+01 -9.657321834576011099e+01
6.606512751872844547e+01 -9.479691446592312332e+01
6.756086358845914219e+01 -9.403682974896813107e+01
6.768477236442339517e+01 -9.405409696921533680e+01
6.783315650889203141e+01 -9.408288809746521508e+01
6.802922553017923235e+01 -9.412963648178762810e+01
6.814518857560653942e+01 -9.415925461109779349e+01
6.822364409218974401e+01 -9.417902592028758590e+01
6.830409573955722635e+01 -9.419829688368881193e+01
6.848481954426590335e+01 -9.423321211204378756e+01
6.920482036951074178e+01 -9.335086327321533872e+01
6.977580267903302058e+01 -9.005296120731178178e+01
7.127437969896097059e+01 -8.714139743331826082e+01
7.165979682517212268e+01 -8.635778578293543717e+01
7.411956687998640803e+01 -8.180248384076776347e+01
7.467306600211551881e+01 -8.116256735215866058e+01
7.460159879976922070e+01 -8.010118695311965098e+01
7.459474651045775317e+01 -8.006069154270193167e+01
7.449423957387655548e+01 -7.864897451319988875e+01
7.573024627431860267e+01 -7.405980797804748761e+01
7.552728231093132649e+01 -7.370337971302356550e+01
7.542796020359642739e+01 -7.352863654906505531e+01
7.520430737710603353e+01 -7.312493422776523744e+01
7.499422073538697475e+01 -7.270959255238815899e+01
7.490436605110126322e+01 -7.001455457162892060e+01
7.441335014706467632e+01 -6.743948574957708786e+01
7.442356651800416500e+01 -6.066195519279877857e+01
7.445435059443674675e+01 -5.947223960420789268e+01
7.428551205455620732e+01 -5.912948713547988433e+01
7.452722791999589447e+01 -5.615210723984535690e+01
7.454903957523075064e+01 -5.581931914105781800e+01
7.387776127009485094e+01 -5.365641369053058440e+01
7.373122292319149551e+01 -5.029178459759431519e+01
7.371859784103516233e+01 -4.900764412384516078e+01
7.356612172233981539e+01 -4.719305184909578088e+01
7.390965001661733424e+01 -4.637603284461206243e+01
7.415431958975038640e+01 -4.360118670309667266e+01
7.413644811093284659e+01 -4.306505150798891890e+01
7.407443209448013022e+01 -4.095201381667405371e+01
7.393171946325090005e+01 -3.991920455452038397e+01
7.425898058483848274e+01 -3.737589228565077093e+01
7.464379748427829497e+01 -3.578936912562542716e+01
7.479173347846146669e+01 -3.495399994651503306e+01
7.448172582358908755e+01 -3.314939481135221655e+01
7.453918469581522288e+01 -3.285729960927867666e+01
7.379755635979810791e+01 -2.994028953790215297e+01
7.068577930613804483e+01 -2.454673130466029107e+01
7.046809853252450750e+01 -2.154666566513774839e+01
6.988983770756695435e+01 -2.121719460992206052e+01
6.911367953127249564e+01 -2.024313016743405669e+01
6.812171311871331625e+01 -1.988680647116614608e+01
6.700069309140792484e+01 -1.815371221047735517e+01
6.676187069649915884e+01 -1.594386478309425748e+01
6.594667092903017647e+01 -1.602013882778959797e+01
6.388173754993731279e+01 -1.292439885454257364e+01
6.342978774836436173e+01 -1.224031890606832462e+01
6.258779403990727275e+01 -1.219051911662893417e+01
6.123680687213545326e+01 -1.214551867200660773e+01
6.026337446475722714e+01 -1.136573473819677282e+01
5.965844596414543588e+01 -1.096993493860696844e+01
5.878985323045158395e+01 -1.015113312626121811e+01
5.856741024444271915e+01 -9.324204777270631794e+00
5.860574184210088333e+01 -8.477752363251889633e+00
5.831262851879842657e+01 -8.073047497391552696e+00
5.695426506838030889e+01 -6.997687161667287548e+00
5.539942555009476166e+01 -2.738447041617569688e+00
5.228200163826436153e+01 -2.284775243243902132e+00
4.996074781066941028e+01 -5.495022201880201962e-01
4.852587122943386788e+01 3.321329799330707822e-02
4.809318831128915406e+01 2.625742651030743557e-01
4.777010634214421714e+01 5.960318601689819085e-01
4.741765662199250642e+01 9.329841715843302241e-01
4.648096560360269791e+01 1.637890913328340581e+00
4.584198455113535431e+01 2.083185749886680593e+00
3.987566096177233277e+01 4.935531576282880195e+00
3.847154840022162148e+01 5.549753182077354907e+00
3.297041434694398276e+01 6.384816270778048697e+00
3.285216526738454945e+01 6.476852274940662291e+00
3.204988739757430949e+01 6.645901748342076587e+00
3.024313517106827476e+01 6.436260220047234526e+00
2.960982622572565148e+01 6.915278342395904332e+00
2.812089612045921072e+01 7.069963992270431596e+00
2.517682604847321315e+01 8.087627008050176869e+00
2.509399221839714045e+01 8.267641427098430640e+00
2.438670563635909971e+01 8.459600306663052294e+00
2.288311305524884176e+01 8.381142083024405665e+00
2.166130788101152760e+01 8.514826710175936952e+00
2.130147507124375039e+01 8.564686131975477679e+00
2.092533636834717825e+01 8.617860334297782643e+00
1.118653562626153608e+01 4.845610601795583783e+00
1.115805029482388733e+01 4.859037244180348658e+00
1.114853865676892575e+01 4.863608903916348147e+00
1.114190259610856870e+01 4.866822904256291160e+00
1.113215846974643775e+01 4.871576997506455342e+00
1.089601966496178242e+00 4.416891247431581347e-01
1.065745951519203594e+00 4.429528443699294327e-01
