-6.576934713091456830e-01 -1.960497185081371274e+00
-1.017588065907405248e+00 -2.482962433442152950e+00
-1.791972145397923377e+00 -4.084237264519449795e+00
-1.813978488493174890e+00 -4.245417474030046989e+00
-1.920936670130460433e+00 -4.733868743920893074e+00
-2.437660035361632005e+00 -5.478924359442268077e+00
-3.244419108936587470e+00 -7.131953509808724334e+00
-3.308324155700482549e+00 -7.510833190689526262e+00
-3.380751688300446922e+00 -8.048968876318237875e+00
-3.398474602245609155e+00 -8.180891818682438199e+00
-3.436580205523589893e+00 -8.424977304564723823e+00
-4.014244476309123399e+00 -9.616129837856046692e+00
-1.185960811126135361e+01 -1.270393709176067354e+01
-1.561647355165405315e+01 -1.417011044277971799e+01
-1.571484441116038688e+01 -1.486224640881658132e+01
-2.095120111745562497e+01 -1.994922085446830096e+01
-2.099496417983234053e+01 -1.999149998435912678e+01
-2.100226311951355740e+01 -1.999855716478180767e+01
-2.100636118063550484e+01 -2.000252017302014806e+01
-2.101342844070960680e+01 -2.000935566798536414e+01
-2.104284602768748869e+01 -2.003782344743705934e+01
-2.143041334520812313e+01 -2.041420948843351368e+01
-2.153192157788618388e+01 -2.051284254988289746e+01
-2.156484852873933988e+01 -2.054480806507353918e+01
-4.123797115456099505e+01 -3.140882692568292711e+01
-4.201567491680068400e+01 -3.377339307900736287e+01
-4.223091983896947710e+01 -3.596627179697799903e+01
-4.218178138814134570e+01 -3.840356294109003699e+01
-4.151676017909154126e+01 -4.204610782802165403e+01
-4.111646970701017523e+01 -4.518553277657392186e+01
-4.124272233787265662e+01 -4.725764056112560496e+01
-4.164293985965090883e+01 -5.134083427799991739e+01
-4.170759624161340184e+01 -5.461571070611810086e+01
-4.117141353470177734e+01 -5.600064133745627970e+01
-3.970668909354115073e+01 -5.734067935962158913e+01
-3.925382378773533532e+01 -5.867853985955424889e+01
-3.911061856664610303e+01 -5.985586083632340149e+01
-3.915437618509148621e+01 -6.159021160185243815e+01
-2.771404042518019395e+01 -6.435488573761443831e+01
-2.732281804546267878e+01 -6.495051219395574549e+01
-1.438570757196123751e+01 -6.881138036430510851e+01
-1.380615174923393340e+01 -6.940566958825974098e+01
-1.333461794958258118e+01 -7.046242311597838182e+01
-1.213129208448550678e+01 -7.210566370520774626e+01
-1.170001713548205657e+01 -7.297612434573899520e+01
-1.141403502711644435e+01 -7.351582720517247083e+01
-1.104420560639507265e+01 -7.414335827629629705e+01
-1.019733553530234538e+01 -7.545629503812475036e+01
-9.525890798235890244e+00 -7.646715751040194675e+01
-8.681663988345258431e+00 -7.775575483900408358e+01
-8.303630301127206792e+00 -7.836268757042941502e+01
-7.425516195522387619e+00 -8.090644158902792071e+01
-1.099462703958990240e+01 -8.753577303360724216e+01
-1.100728863233412724e+01 -8.758979631459627058e+01
-1.177512633235637018e+01 -8.922210543809879368e+01
-1.241025305781349353e+01 -9.103440641042477921e+01
-1.221229457502155924e+01 -9.194937863664864608e+01
-1.153103011992633853e+01 -9.250212295206503654e+01
-8.963489043328298322e+00 -9.302793183613722761e+01
4.593054488899714016e+00 -9.639404236289720984e+01
5.213382469404245434e+00 -9.665223895364547957e+01
6.785483050236566172e+00 -9.737298545952371853e+01
1.003550179835419520e+01 -9.775301828486017541e+01
1.190563572291771699e+01 -9.817701182573085816e+01
1.318775640572052943e+01 -9.923072992713424867e+01
1.379158462278759600e+01 -9.993281932460482153e+01
1.448119332283698668e+01 -1.009013979907380190e+02
1.515652751735656878e+01 -1.023272289001714483e+02
1.709728814815577280e+01 -1.033555140103291450e+02
1.809394289253371824e+01 -1.041052354541076284e+02
1.890584128158418409e+01 -1.063519727545676119e+02
1.908879051882191291e+01 -1.083238225699203667e+02
1.960053820895791787e+01 -1.091683890180735688e+02
2.140053847171967050e+01 -1.101542716316032511e+02
2.254156740753321841e+01 -1.108747108803290473e+02
2.373195981742908600e+01 -1.085676563754619934e+02
2.612015936578816877e+01 -1.023274993047150474e+02
3.506014219038097934e+01 -9.591841953681439747e+01
3.606867738879506646e+01 -9.637294388390610322e+01
3.682218020698167038e+01 -9.705090057200118281e+01
3.780090970064244260e+01 -9.799442025957874591e+01
3.839262341492814556e+01 -9.855821105842851182e+01
3.866033507114636336e+01 -9.880357894586370548e+01
3.895651440468090954e+01 -9.906147552011316293e+01
3.945293267507409496e+01 -9.943737839280200319e+01
3.985886694256096519e+01 -9.967545355067709067e+01
4.032110566931093842e+01 -9.988270183259753310e+01
4.089884157100532747e+01 -1.002414256877934662e+02
4.148997920424076113e+01 -1.009459102264604411e+02
4.148785819628788829e+01 -1.026656597470620795e+02
4.165756921811120606e+01 -1.028633652413198689e+02
4.173070113898830868e+01 -1.028997462180458484e+02
4.181688019423556568e+01 -1.029331466575444125e+02
4.210471035434309783e+01 -1.030077042189019494e+02
4.958458447838294347e+01 -9.523673712655482859e+01
4.958458441400603789e+01 -9.523673712318267803e+01
4.958458437405884212e+01 -9.523673712109018652e+01
4.958458431895461160e+01 -9.523673711820377719e+01
4.958458428784501848e+01 -9.523673711657420426e+01
6.090808303551903435e+01 -7.866580743040942991e+01
6.102784367502746932e+01 -7.872424362523781838e+01
6.113138195971027500e+01 -7.877878887682059883e+01
6.123666240347407097e+01 -7.883740194790036071e+01
6.141160859614707590e+01 -7.893964212710653783e+01
6.361289213189140668e+01 -7.992273794691833189e+01
7.202062516376216195e+01 -7.124249465434857598e+01
7.264095696035118976e+01 -7.124974133264208831e+01
7.329968224326876225e+01 -7.123100566857189619e+01
7.411004748298138622e+01 -7.117833941780058638e+01
7.479540696595583427e+01 -7.111039945494373171e+01
7.515906415069811430e+01 -7.106541745906227447e+01
7.561517659338738895e+01 -7.099940683323768553e+01
7.687957405489012785e+01 -7.074272429840038967e+01
7.820655276407315171e+01 -7.016771436440957643e+01
7.850426631369013819e+01 -6.986022367440169489e+01
7.871443732799042436e+01 -6.937686675629815625e+01
7.876124148834423977e+01 -6.908297264692589579e+01
7.940081261124947787e+01 -6.772593903805368143e+01
7.613031617696768194e+01 -6.604907713674154479e+01
7.535616037927191257e+01 -6.556877903244334505e+01
7.399850803743076710e+01 -6.503275946404058061e+01
7.242632710373300142e+01 -6.391855274434364986e+01
7.430919037077464395e+01 -5.713535949603917174e+01
7.300985190911383427e+01 -5.723592585983649883e+01
7.024619570310900940e+01 -5.811292772985505195e+01
6.890424459744615149e+01 -5.816061332605346479e+01
6.763596251070721621e+01 -5.773198671915537261e+01
6.622030191518820175e+01 -5.687884849788584063e+01
6.461772685650458925e+01 -5.505353132498134272e+01
6.366624921762546307e+01 -4.890815837913512354e+01
6.848789388981717252e+01 -4.171269907531080179e+01
6.848579398940808005e+01 -4.170878862716860880e+01
7.441165269412664429e+01 -3.290910963849420767e+01
7.430367764978869616e+01 -3.275825891381500554e+01
7.406339164735940983e+01 -3.242832145157780843e+01
7.398512824806040555e+01 -3.229741796562042566e+01
7.392905874674865174e+01 -3.217462555272883407e+01
7.389094921159026796e+01 -3.205548131355557473e+01
7.387531055489863263e+01 -3.198912598972167132e+01
7.385155034158509579e+01 -3.184448700108091401e+01
5.912710432682273165e+01 -2.920550308067055312e+01
5.916928641927017196e+01 -2.892474592378404452e+01
5.920567079823612033e+01 -2.879755735160366825e+01
5.925696625363146097e+01 -2.866542482837528283e+01
5.937780447398496619e+01 -2.843166938613631345e+01
5.961824024918178822e+01 -2.807430970415232352e+01
5.984619338822261625e+01 -2.777670552344089927e+01
6.012448595093839998e+01 -2.742036327704313337e+01
6.059068549454792674e+01 -2.671540294133684057e+01
6.064127371612958939e+01 -2.641180469012843801e+01
6.063334702706814028e+01 -2.639441527707982971e+01
6.062451626722491937e+01 -2.637881663318788128e+01
6.060603212985353849e+01 -2.635242567393796875e+01
6.058942506434654263e+01 -2.633235420337511812e+01
6.057630164397507144e+01 -2.631769259342551948e+01
6.624618444035969844e+01 -1.371804539803775924e+01
6.602031178041870874e+01 -1.361903846584994504e+01
6.579930229878291925e+01 -1.352361949849851541e+01
6.565477554748220257e+01 -1.345914668095637268e+01
6.552441093150451934e+01 -1.339763958695822410e+01
6.540342073522461419e+01 -1.333614760204818239e+01
6.522703901071176347e+01 -1.323542361926328326e+01
6.512773970839974425e+01 -1.317092623731260304e+01
6.499883010120493054e+01 -1.307700010925094780e+01
6.489664176732613043e+01 -1.299502680077196004e+01
6.482057938083643478e+01 -1.293035821485017500e+01
6.472251050881477852e+01 -1.284330007575501043e+01
5.136503099526414218e+01 -1.795700898121193134e+01
5.125265073437596186e+01 -1.782767210042100103e+01
5.124548707545385184e+01 -1.781941477768551607e+01
5.124154646584122474e+01 -1.781487216660049100e+01
5.123603399194710306e+01 -1.780851712896222949e+01
5.123369230296086840e+01 -1.780581737833193046e+01
5.122570765415343175e+01 -1.779661124002138806e+01
3.600984804175676857e+01 -2.991233174782157533e+01
3.584828007147478246e+01 -2.982416905756040038e+01
3.475860297463078297e+01 -2.899540435984042475e+01
3.456642813929541802e+01 -2.875822836780696790e+01
3.395646716303194523e+01 -2.738125814730589980e+01
3.353084904877967176e+01 -2.680608193867140088e+01
3.320652960354214400e+01 -2.648521852111526087e+01
3.315000555220965595e+01 -2.642156324006515078e+01
3.297040370744142734e+01 -2.616064710968359819e+01
3.240686894476889535e+01 -2.344461671361761645e+01
3.124066001622802702e+01 -2.053496952633943451e+01
2.940559511311088414e+01 -1.612750323483525250e+01
2.890940123804195139e+01 -1.572054881455313868e+01
2.687414296635536815e+01 -1.483485813013565746e+01
2.413508184223883646e+01 -1.306378634611155398e+01
2.175414081642581365e+01 -1.234337463246805378e+01
2.139153349527442316e+01 -1.226443777505431321e+01
3.102340245247177997e+00 -1.430147049581804275e+01
2.063066375862629975e+00 -1.307088870369369182e+01
2.358303024655735936e+00 -1.141369163884984239e+01
2.967547302292202094e+00 -6.305370382171090249e+00
2.766448890381093317e+00 -1.696969625930594638e+00
2.580094298208178483e+00 -9.194893447909445738e-01
2.505044387008547702e+00 -7.101178144266480086e-01
2.234354621346391845e+00 -2.409088276006892126e-01
