-6.471706461456117943e+00 -1.932990396061717409e+00
-1.084539569461894715e+01 -3.500902815773127230e+00
-1.085109676620219332e+01 -3.508469871973277421e+00
-1.085411323393223348e+01 -3.512475830321763137e+00
-1.085690920302668339e+01 -3.516190296683147309e+00
-1.088041417643440845e+01 -3.547466172975394905e+00
-1.090986149402258576e+01 -3.586766150408106313e+00
-1.093503385639830583e+01 -3.620455121531665377e+00
-1.095229163081771517e+01 -3.643597513450472558e+00
-1.096288157526615770e+01 -3.657815557495770253e+00
-1.096925176761840781e+01 -3.666374118870132204e+00
-1.097598361817564339e+01 -3.675423259065375703e+00
-1.100414079249526900e+01 -3.713321558533448030e+00
-4.693282851116489240e+01 1.590183831647580703e+01
-4.693282851116489240e+01 1.590183831647580703e+01
-4.693282851116489240e+01 1.590183831647580703e+01
-4.693282851116489951e+01 1.590183831647580703e+01
-4.693282851116489951e+01 1.590183831647580703e+01
-4.693282851116489951e+01 1.590183831647580703e+01
-6.413681019411544071e+01 1.249202053725583283e+01
-6.414066840153306259e+01 1.248783736936438338e+01
-6.416339187981319014e+01 1.246366433779653349e+01
-6.433646493954326218e+01 1.231686093662751524e+01
-6.488665375870563423e+01 1.200874189515634782e+01
-6.540408311026602917e+01 1.172239447873866958e+01
-6.590456700204374840e+01 1.142234960274095990e+01
-6.623679798534253393e+01 1.121184364453566573e+01
-6.648269794962084234e+01 1.105098479139214618e+01
-6.650835919219623804e+01 1.103397821613026153e+01
-8.804548250348655358e+01 6.200886663728091719e+00
-8.810398029810994558e+01 5.879141363517732977e+00
-8.815290430532263599e+01 5.386499317999240866e+00
-8.808437674477737289e+01 5.064798745909148359e+00
-8.651419947718312642e+01 4.848589446109317080e+00
-8.466339603227012844e+01 4.241826364519921455e+00
-8.437915749512528407e+01 4.007407053546985232e+00
-8.387492582909733585e+01 3.510436091273917203e+00
-8.365747500624874533e+01 3.270284076830521691e+00
-8.318625661681606687e+01 2.719702306577951756e+00
-8.285025010971621384e+01 2.329514647675646977e+00
-8.169552697746250658e+01 8.529735869333464615e-01
-8.189068440519737635e+01 -9.359418505189029402e-02
-8.168401048550343546e+01 -1.053405654110279199e+00
-8.451073501007628863e+01 -8.254039042479197619e+00
-8.343074554447706248e+01 -8.646267974250372745e+00
-8.276024404335515783e+01 -8.867719090209128296e+00
-8.108525717596040749e+01 -9.420855109655265736e+00
-8.492454129499995474e+01 -2.288963634151043891e+01
-8.201782248279788234e+01 -2.556679680910844965e+01
-7.972736517170336867e+01 -2.756447372915519267e+01
-7.861564102909348151e+01 -2.849107173830037709e+01
-7.723687397506539298e+01 -2.955223380064166960e+01
-7.497163226595043284e+01 -3.066504140445468352e+01
-6.984281956075345477e+01 -3.308160221711906956e+01
-6.886687210933291681e+01 -3.523957635497541929e+01
-6.870817467792055311e+01 -3.573773775126832675e+01
-6.830369418997015885e+01 -3.672154607142348937e+01
-6.792887201408238695e+01 -3.731465996549079733e+01
-6.608418809722896015e+01 -3.761392144057845854e+01
-6.231452396139532368e+01 -4.567675290372510943e+01
-6.205399551965097515e+01 -4.590017808010102129e+01
-6.081903445758175764e+01 -4.699133753851739215e+01
-5.841299563846313703e+01 -5.007547558246290009e+01
-5.755469357772168593e+01 -5.076343162717083857e+01
-5.605725819369246210e+01 -5.338605813187663784e+01
-5.570555550933194411e+01 -5.666367326214304256e+01
-5.321118510878934416e+01 -5.945295725043877155e+01
-4.842643523531592820e+01 -6.242996775118309216e+01
-4.059460029450273311e+01 -6.722211265321850249e+01
-3.731306188822726000e+01 -7.172828937863495469e+01
-2.967599369881146387e+01 -7.814105940702468445e+01
-2.817882073480637573e+01 -8.350056205672882470e+01
-2.836039163647981454e+01 -8.619999455106578523e+01
-2.708373713984816789e+01 -8.775813652094277018e+01
-2.586674697642050802e+01 -8.849267481817931014e+01
-2.413701816015137780e+01 -8.903567521573756949e+01
-2.403103964315730678e+01 -8.905440866715748882e+01
-2.373763134096151006e+01 -8.910225953147741507e+01
-1.764228572729056665e+01 -9.006720734321018540e+01
-1.589812820293511741e+01 -9.027163679841396515e+01
-9.202241114499507546e+00 -9.258690651103800917e+01
-7.126647629712334009e+00 -9.423309338558559034e+01
-6.386659679632664677e+00 -9.488691464057859548e+01
-5.490823802091612471e+00 -9.571277119052551541e+01
-3.881144016272299879e+00 -9.725623565484900723e+01
-2.787392782829128279e+00 -9.812512944520246094e+01
2.122942138657909705e+00 -9.543581509331406210e+01
2.703652290247069878e+00 -9.600415168880657291e+01
3.325161201676767320e+00 -9.699437651711427577e+01
3.620073276795090056e+00 -9.771295547600628595e+01
3.809584213926007656e+00 -9.836508881214163580e+01
4.064534266568818666e+00 -9.984188341520744814e+01
1.255999826768184136e+01 -9.374785532069095950e+01
1.262790740758920549e+01 -9.377446502717184273e+01
1.264746778643537617e+01 -9.378221001820331537e+01
1.267002525037680982e+01 -9.379117980013019462e+01
1.269804889848513874e+01 -9.380237447572743292e+01
1.273757768457482165e+01 -9.381824968569641499e+01
1.279323884820609969e+01 -9.384074262299056102e+01
1.282915149999523230e+01 -9.385532454262401814e+01
1.286667766023924919e+01 -9.387060788376001597e+01
1.288274668486567798e+01 -9.387716452096989883e+01
1.293678259819520271e+01 -9.389925563512727535e+01
2.948851489949447213e+01 -5.412696498505542309e+01
2.948851492844997324e+01 -5.412696507300044857e+01
2.948851498368155077e+01 -5.412696524075244753e+01
2.948851503403063745e+01 -5.412696539367514248e+01
2.948851508384408149e+01 -5.412696554497100720e+01
2.948851512182207202e+01 -5.412696566031967649e+01
2.948851516482573842e+01 -5.412696579093260141e+01
2.948851521102546513e+01 -5.412696593125280486e+01
2.948851527188633881e+01 -5.412696611610265052e+01
2.948851540865172183e+01 -5.412696653149387060e+01
2.948851567928072015e+01 -5.412696735346384003e+01
2.948851595531358072e+01 -5.412696819184792929e+01
2.948851887821595241e+01 -5.412697706954364207e+01
2.948852112518606106e+01 -5.412698389433256096e+01
2.948852222126412670e+01 -5.412698722351260727e+01
2.948852490853020569e+01 -5.412699538578050351e+01
2.948852609131081337e+01 -5.412699897838037089e+01
2.948853421892347271e+01 -5.412702366595498660e+01
2.948853473274012771e+01 -5.412702522670592487e+01
2.948853608799075232e+01 -5.412702934338686589e+01
2.948853707671538160e+01 -5.412703234673485042e+01
2.948854081454928533e+01 -5.412704370091479689e+01
2.948854165164004115e+01 -5.412704624372308615e+01
2.948854222265383740e+01 -5.412704797828295966e+01
2.948854265993177393e+01 -5.412704930659904790e+01
2.948854302632942748e+01 -5.412705041960498420e+01
2.948854329435856414e+01 -5.412705123379830496e+01
2.948854371371275107e+01 -5.412705250767476173e+01
2.948854429837042801e+01 -5.412705428370004057e+01
2.948854456636352950e+01 -5.412705509778943025e+01
2.948854482405187127e+01 -5.412705588057687578e+01
2.948854498426010196e+01 -5.412705636724667357e+01
2.948854512773695902e+01 -5.412705680309137080e+01
2.948854527789312741e+01 -5.412705725922641875e+01
2.948854541345683344e+01 -5.412705767103369681e+01
2.948854558346297239e+01 -5.412705818746854902e+01
2.948854572923901074e+01 -5.412705863029898268e+01
2.948854593457896911e+01 -5.412705925406998375e+01
2.948854614481542313e+01 -5.412705989271601226e+01
2.948854645723107737e+01 -5.412706084175835031e+01
2.948854674293111344e+01 -5.412706170964656138e+01
2.948854717489694011e+01 -5.412706302185770113e+01
2.948854764241674431e+01 -5.412706444207687895e+01
2.948854849712706283e+01 -5.412706703850223988e+01
2.948854931721166395e+01 -5.412706952975325692e+01
2.948854998062050470e+01 -5.412707154506300355e+01
2.948855070973793602e+01 -5.412707375999116977e+01
2.948855168655658332e+01 -5.412707672740473441e+01
2.948855328772624418e+01 -5.412708159152690968e+01
2.948855415962447424e+01 -5.412708424024525300e+01
2.948855572653824808e+01 -5.412708900036529513e+01
2.948855650384637173e+01 -5.412709136176076186e+01
2.948855684951531231e+01 -5.412709241187653220e+01
2.948855732891643200e+01 -5.412709386826362135e+01
2.948855737949751443e+01 -5.412709402192562891e+01
2.948855744289259206e+01 -5.412709421451575764e+01
2.695539713690833139e+01 -5.869009909890850452e+01
2.695218104591295116e+01 -5.869344074955131418e+01
2.695037284371658970e+01 -5.869531984483009524e+01
2.694670179929802600e+01 -5.869913548863831920e+01
2.693406388733764700e+01 -5.871227827041069958e+01
3.705798050952838452e+01 -4.927549588792413715e+01
3.700292976034596393e+01 -4.911788527339059840e+01
3.695469693098100805e+01 -4.898307593527586334e+01
3.682710442212160729e+01 -4.864490341838167353e+01
3.659454908594494782e+01 -4.811655013694431915e+01
3.639744934189277359e+01 -4.777552982101495616e+01
3.488697542253198947e+01 -4.758376876976446823e+01
3.211213458222453454e+01 -4.841338082959614297e+01
3.206950584750151023e+01 -4.841648996976849872e+01
3.163802305280494309e+01 -4.844133214654452502e+01
3.037465012188446067e+01 -4.847501347937129168e+01
2.878906911841449201e+01 -4.834422985641619164e+01
2.864002697244528406e+01 -4.830649077031370098e+01
2.686418143084069499e+01 -4.594215469602337976e+01
2.043336870026186247e+01 -4.873589042452643127e+01
2.209751132072437230e+01 -4.121756904026460688e+01
2.153139391735332353e+01 -4.021658030889187785e+01
2.046567545932418497e+01 -3.987380487194262457e+01
1.928817174504094467e+01 -3.962976553009553271e+01
1.801930798863672223e+01 -3.866413107443229791e+01
2.023702403561466667e+01 -2.781488560951857991e+01
1.831524257979519277e+01 -2.485883487610858111e+01
1.764778305080043808e+01 -2.431780199493782035e+01
1.642407380563001595e+01 -2.337787881063469797e+01
1.461845718138022754e+01 -2.206154622532530496e+01
1.361927304645162629e+01 -2.136034175236244792e+01
1.235854551343976837e+01 -2.050439574001028120e+01
9.489978522869300548e+00 -1.854890271817353664e+01
9.306800178530137302e+00 -1.655723107311650821e+01
9.139859441256621864e+00 -1.471352135332913846e+01
8.508623788467634341e+00 -1.102228442485961679e+01
4.901275644604873527e+00 -6.330940717750974223e+00
3.508056132831192553e+00 -4.686217214011994869e+00
2.890991971855056963e+00 -3.870164628704013676e+00
1.376607971152957743e+00 -2.318646920223074392e+00
