4.139733041761334831e-01 -1.271517428334437927e+00
4.277570138693465029e-01 -1.327574176777397197e+00
1.206403342063126827e+00 -4.664997871599075197e+00
1.564244296244480692e+00 -6.074433793298076978e+00
2.132657248371871539e+00 -7.986337813367942573e+00
2.866645885357219203e+00 -1.019362526741247876e+01
5.106310008684773472e+00 -1.404665987143408046e+01
6.570205856191215332e+00 -1.608333471436822748e+01
7.820589203014560731e+00 -1.824013907389049649e+01
8.160178312190190297e+00 -1.957007088890971858e+01
8.256809935620205820e+00 -2.095688402348092083e+01
7.335318004413405646e+00 -2.648522882307279858e+01
3.124656427832482208e+00 -3.467361672789734683e+01
1.712450055552754868e+00 -3.750892074484099936e+01
8.364483908289985781e-01 -3.920454191778683395e+01
-4.053768617107390559e-01 -4.422988603899187865e+01
-1.196183830167611983e+00 -4.730551009560588227e+01
-1.532185190204516712e+00 -4.915469474507533221e+01
-1.491675811735653001e+00 -4.983011313295708078e+01
-4.846980852636249892e+00 -5.547567443713634816e+01
-4.846980916253998295e+00 -5.547567443657731445e+01
-4.846981019487519582e+00 -5.547567443567015744e+01
-4.846981250880736170e+00 -5.547567443363676887e+01
-4.846981695256073586e+00 -5.547567442973172547e+01
-4.846982600125223861e+00 -5.547567442177971486e+01
-4.846984895049457620e+00 -5.547567440161020613e+01
-4.846986885850491866e+00 -5.547567438411162044e+01
-4.846988845133380686e+00 -5.547567436688830611e+01
-4.846990949209621924e+00 -5.547567434839022837e+01
-4.846999628399575322e+00 -5.547567427206545432e+01
-4.847003178038815641e+00 -5.547567424084006404e+01
-4.847007715487226420e+00 -5.547567420091678514e+01
-4.847036686327546029e+00 -5.547567394579268552e+01
-4.847052453657301641e+00 -5.547567380678140836e+01
-4.847055503817487399e+00 -5.547567377987687820e+01
-4.847074950645184899e+00 -5.547567360824292138e+01
-4.847077478619997493e+00 -5.547567358591886943e+01
-4.847087874064983204e+00 -5.547567349408816995e+01
-4.847089945569989844e+00 -5.547567347578314667e+01
-4.847093184550042011e+00 -5.547567344715773885e+01
-4.847094248763916369e+00 -5.547567343775140358e+01
-4.847094943452143312e+00 -5.547567343161093589e+01
-4.847095290410804225e+00 -5.547567342854403449e+01
-4.847095952029343735e+00 -5.547567342269556434e+01
-4.847096947017670132e+00 -5.547567341389985529e+01
-4.847100862167688540e+00 -5.547567337928552433e+01
-4.847103430567381466e+00 -5.547567335657419818e+01
-4.847108823087158846e+00 -5.547567330888054471e+01
-4.847123285106023083e+00 -5.547567318090722921e+01
-4.847126151780622116e+00 -5.547567315552893774e+01
-4.847129372813030024e+00 -5.547567312700911657e+01
-4.847173490215429759e+00 -5.547567273590767201e+01
-4.847227872397962933e+00 -5.547567225259066248e+01
-4.847233425081238778e+00 -5.547567220316597769e+01
-4.932133969583043509e+00 -5.547331846277371881e+01
-5.084409873277543568e+00 -5.546266874990055129e+01
7.883781161463618403e+00 -9.351868103340126481e+01
7.989597358715086806e+00 -9.356595955053342095e+01
8.039008394975295957e+00 -9.358772252259825564e+01
5.041401866364945050e+01 -1.193703125738562960e+02
5.236925830158128292e+01 -1.226160727232724525e+02
5.240158097017037875e+01 -1.226774959643016842e+02
5.240493051839789018e+01 -1.226838725491212045e+02
5.299247946276191357e+01 -1.238410944827866444e+02
5.299251692216452625e+01 -1.238411711543122351e+02
5.299252589586070172e+01 -1.238411895216480048e+02
5.299252972537563267e+01 -1.238411973598959577e+02
5.299253557750696331e+01 -1.238412093380423045e+02
5.299421243218559141e+01 -1.238446419684141659e+02
5.299421446913436284e+01 -1.238446461387178346e+02
5.299422034002600412e+01 -1.238446581583700805e+02
5.299422162358292354e+01 -1.238446607862360338e+02
5.299422240666702777e+01 -1.238446623894687093e+02
5.299422322322438106e+01 -1.238446640612324217e+02
5.299422379719923271e+01 -1.238446652363494138e+02
5.299422454001925331e+01 -1.238446667571486728e+02
5.299422491784811484e+01 -1.238446675306898754e+02
5.299422532257132445e+01 -1.238446683592928252e+02
5.299422577435672821e+01 -1.238446692842477290e+02
5.299422621070925032e+01 -1.238446701776065169e+02
5.299422658859163704e+01 -1.238446709512575126e+02
5.299422695607559319e+01 -1.238446717036194826e+02
5.299422729115487130e+01 -1.238446723896383617e+02
5.299422755700714305e+01 -1.238446729339265175e+02
5.299422785277997860e+01 -1.238446735394720832e+02
5.299422808775980798e+01 -1.238446740205540806e+02
5.299422833229105123e+01 -1.238446745211910525e+02
5.299422856767358070e+01 -1.238446750030975636e+02
5.299422879396782804e+01 -1.238446754663973621e+02
5.299422897772888774e+01 -1.238446758426175194e+02
5.299422915185080285e+01 -1.238446761991031622e+02
5.299422932131585640e+01 -1.238446765460546715e+02
5.299422947698372610e+01 -1.238446768647587817e+02
5.299422963091983974e+01 -1.238446771799173689e+02
5.299422976224715143e+01 -1.238446774487882180e+02
5.299422987807093222e+01 -1.238446776859181711e+02
5.299422997824877513e+01 -1.238446778910156496e+02
5.299423008146334269e+01 -1.238446781023303203e+02
5.299423017049697648e+01 -1.238446782846119021e+02
5.299423025791792696e+01 -1.238446784635918050e+02
5.299423033060364219e+01 -1.238446786124037544e+02
5.299423040286353626e+01 -1.238446787603438821e+02
5.299423046745977217e+01 -1.238446788925939615e+02
5.299423052392257460e+01 -1.238446790081921876e+02
5.299423058029630340e+01 -1.238446791236080315e+02
5.299423063163491321e+01 -1.238446792287152931e+02
5.299423068037857831e+01 -1.238446793285098835e+02
5.299423072643216415e+01 -1.238446794227969718e+02
5.299423077205618426e+01 -1.238446795162045646e+02
5.299423081495005761e+01 -1.238446796040226587e+02
5.299423085639362085e+01 -1.238446796888714658e+02
5.299423089699293854e+01 -1.238446797719918635e+02
5.299423093924264805e+01 -1.238446798584911477e+02
5.299423098219925521e+01 -1.238446799464376653e+02
5.299423102471050839e+01 -1.238446800334724145e+02
5.299423107230875729e+01 -1.238446801309219296e+02
5.299423112090320842e+01 -1.238446802304110292e+02
5.299423117200778677e+01 -1.238446803350391718e+02
5.299423122757593774e+01 -1.238446804488057467e+02
5.299423128843415043e+01 -1.238446805734028544e+02
5.299423135884543967e+01 -1.238446807175583189e+02
5.299423142743591342e+01 -1.238446808579859493e+02
5.299423150486249767e+01 -1.238446810165040404e+02
5.299423158736690453e+01 -1.238446811854181675e+02
5.299423168671039974e+01 -1.238446813888075155e+02
5.299423178677267288e+01 -1.238446815936684402e+02
5.299423189659018618e+01 -1.238446818185016411e+02
5.299423200963862257e+01 -1.238446820499495828e+02
5.299423212950605233e+01 -1.238446822953583251e+02
5.299423224626345785e+01 -1.238446825343998086e+02
5.299423238253718438e+01 -1.238446828133977249e+02
5.299423256648773872e+01 -1.238446831900060801e+02
5.299423273791290967e+01 -1.238446835409707774e+02
5.299423292449480272e+01 -1.238446839229663965e+02
5.299423309663823289e+01 -1.238446842754016330e+02
5.299423327861841670e+01 -1.238446846479760097e+02
5.299423349092850799e+01 -1.238446850826458814e+02
5.299423371569546504e+01 -1.238446855428191355e+02
5.299423398227557414e+01 -1.238446860885979675e+02
5.299423421607264117e+01 -1.238446865672589325e+02
5.299423448176002438e+01 -1.238446871112100780e+02
5.299423474596026296e+01 -1.238446876521165763e+02
5.299423504056041168e+01 -1.238446882552618860e+02
5.299423531839553192e+01 -1.238446888240836188e+02
5.299423563234223167e+01 -1.238446894668378633e+02
5.299423595686547372e+01 -1.238446901312458834e+02
5.299423634810013795e+01 -1.238446909322346556e+02
5.299423672313196221e+01 -1.238446917000507881e+02
5.299423707913341275e+01 -1.238446924289054039e+02
5.299423745094085803e+01 -1.238446931901202390e+02
5.299423787314793799e+01 -1.238446940545201187e+02
5.299423832682158064e+01 -1.238446949833427198e+02
5.299423873005167707e+01 -1.238446958088904211e+02
5.299423920095298257e+01 -1.238446967729839798e+02
5.299423962769436969e+01 -1.238446976466673419e+02
5.299424002441106296e+01 -1.238446984588800888e+02
5.299424056044293962e+01 -1.238446995563180906e+02
5.299424070654745833e+01 -1.238446998554432952e+02
5.299424076801827965e+01 -1.238446999812948235e+02
5.299424080715719043e+01 -1.238447000614253568e+02
5.299424086989686344e+01 -1.238447001898746294e+02
6.102140402898314875e+01 -1.311451952831645542e+02
6.102153299273042109e+01 -1.311450534533038592e+02
6.102200024121091815e+01 -1.311445416721723234e+02
6.102221139784119686e+01 -1.311443114511758097e+02
6.102237476091180213e+01 -1.311441337872689701e+02
6.102250019616782595e+01 -1.311439976353443058e+02
6.102252879076016256e+01 -1.311439666297208078e+02
6.102256815334767737e+01 -1.311439239675427189e+02
6.102265563857345398e+01 -1.311438292290443428e+02
6.102333741248252608e+01 -1.311430946856729634e+02
6.102383391894893805e+01 -1.311425638766103248e+02
9.037864592538468855e+01 -1.022017745257763295e+02
9.026897361872576653e+01 -1.007243467246654092e+02
9.017941924594938996e+01 -1.003901521578725067e+02
8.988854757008309093e+01 -9.945915654223153979e+01
1.112508594424839714e+02 -5.927830879467659031e+01
7.599958768363498507e+01 -3.474468623703157988e+01
6.903220675225482239e+01 -3.475503064993614544e+01
4.017591168900389675e+01 -2.027924729414628047e+01
3.795476323842333954e+01 -1.723350877971032702e+01
3.787577106178854791e+01 -1.710201442615480971e+01
3.521268131313065908e+01 -1.630275930216198077e+01
3.229473731935195246e+01 -1.508845466185614193e+01
3.107152552597265327e+01 -1.413641025594114176e+01
2.580797326956109217e+01 -1.168300019188892236e+01
2.551198568762509211e+01 -1.135519650712251760e+01
2.421498626179635494e+01 -1.072280606135063152e+01
2.121042175086265047e+01 -1.048892760936743507e+01
1.928885362177197038e+01 -9.102140006469163325e+00
1.820494765968727791e+01 -8.374147280556401896e+00
1.040631665178765886e+01 -6.215589073413813281e+00
6.046343325384488487e+00 -4.571657883311829096e+00
4.044576024103085921e+00 -3.469956440098580064e+00
3.731257041935457597e+00 -2.094798504162945996e+00
2.358836044125427023e+00 -1.911070623091337961e-01
1.836871702580858967e+00 4.627514204819446753e-01
1.588020910560803411e+00 7.795489389419081316e-01
9.535457914572620375e-01 1.772393345229354100e+00
