-4.156279798123266832e-03 -7.333666829278631845e-03
-1.019162227944703236e-02 -1.045778950360797335e-02
-1.079322766304953093e-02 -1.173528340520119118e-02
-1.092397293127611753e-02 -1.231493608973524730e-02
-1.104023444874012265e-02 -1.306654340098274518e-02
-1.121233323812393171e-02 -1.415519435920559697e-02
-2.033065649237713809e-02 -2.089875070188822875e-02
-2.092503266540361728e-02 -2.236192080103987720e-02
-2.118499402953734692e-02 -2.337114039199171198e-02
-2.130339956219806652e-02 -2.383164594545435916e-02
-2.143426275388213981e-02 -2.430691479465942745e-02
-2.234386964774620968e-02 -2.626553857835520547e-02
-2.732792958967716207e-02 -3.177576070698529681e-02
-2.861052708876626188e-02 -3.453710182162054998e-02
-3.253976600626348054e-02 -3.745004672204708951e-02
-3.327406933192058464e-02 -3.947160771623525050e-02
-3.376059813407101401e-02 -4.103457683800770806e-02
-3.447136254592197968e-02 -4.242622403394150782e-02
-3.930226801299433609e-02 -4.795685959248961738e-02
-4.043306477771352325e-02 -5.099079303858833345e-02
-4.058131707381316261e-02 -5.141006784559896264e-02
-4.090499671695536216e-02 -5.233927358623331055e-02
-4.313900523988670188e-02 -5.909247023183347713e-02
-4.559054712840125007e-02 -6.658362739397807872e-02
-5.073736227623258654e-02 -7.656096535503464917e-02
-5.377702904921707883e-02 -8.111164445674169665e-02
-5.558945115357556699e-02 -8.391722349815015913e-02
-5.805438307368278317e-02 -8.657445297829212405e-02
-5.683047373155497572e-02 -8.966772347604530513e-02
-5.724231059366616248e-02 -9.170963601769295537e-02
-5.800008470285994422e-02 -9.389243236113584135e-02
-5.804504051756049360e-02 -9.673499168428101314e-02
-5.704635648099542350e-02 -9.857112699288368696e-02
-5.676899310506461349e-02 -9.982095456402634293e-02
-5.728583508046722339e-02 -1.021287027863567454e-01
-5.829132051561723010e-02 -1.055959147794765102e-01
-5.788296725700682599e-02 -1.072077069553127177e-01
-5.714281301306584765e-02 -1.084184786489111180e-01
-5.679452804599065957e-02 -1.101476277691227079e-01
-5.978907244159097772e-02 -1.197350919885300236e-01
-6.013453763693209220e-02 -1.232985502856758231e-01
-5.948611021209121441e-02 -1.241087761012369811e-01
-5.865027540765251762e-02 -1.256139617250975060e-01
-6.037479705365722538e-02 -1.321383409932561648e-01
-6.008805159194011841e-02 -1.332483333310123808e-01
-5.973990292191152379e-02 -1.337912183350011552e-01
-5.917811083885614332e-02 -1.345244056932437815e-01
-5.907173600095141225e-02 -1.383821311406734367e-01
-5.983940639477881157e-02 -1.437471433222324013e-01
-5.929513156568728960e-02 -1.444036778959107981e-01
-5.887305321289246218e-02 -1.449438561934929537e-01
-6.035961957957848567e-02 -1.516976871988587883e-01
-5.930072231311225156e-02 -1.548283235383537682e-01
-5.779140778573294002e-02 -1.573072175617292456e-01
-5.693450731703358914e-02 -1.626052984296390280e-01
-5.820279907116941709e-02 -1.658500744506595792e-01
-5.759526258920648345e-02 -1.681679912563936452e-01
-5.663004600514161962e-02 -1.699667988838117760e-01
-5.590174134395708982e-02 -1.711958908870779006e-01
-5.188204258077824121e-02 -1.893629719448877979e-01
-5.013253990162811619e-02 -1.929083641077068145e-01
-4.641495667390957425e-02 -2.004881131069396472e-01
-3.817010634736819896e-02 -2.158195005701458724e-01
-3.504260037157323759e-02 -2.181873629148121108e-01
-3.142292520072235279e-02 -2.202646742862959250e-01
-3.044072171423203854e-02 -2.219451829880425830e-01
-2.948182447922141625e-02 -2.240026707591840360e-01
-2.795918310147249564e-02 -2.265459929661532978e-01
-2.389345832916452139e-02 -2.285872406863984629e-01
-2.151919362055157783e-02 -2.298810022899944461e-01
-2.036365503140475861e-02 -2.319832895813424001e-01
-1.715482157724076279e-02 -2.342265912551306506e-01
-1.338018943222405409e-02 -2.359397964582138907e-01
-1.206787566246369028e-02 -2.383289121775422903e-01
-1.008097627486454102e-02 -2.397821109636803782e-01
-7.675923500032036904e-03 -2.407483128472014955e-01
-7.223149682787480090e-03 -2.409006093350834765e-01
-6.459833411037506010e-03 -2.411486288052051008e-01
2.261239956739903893e-04 -2.436501875090455460e-01
5.345528783492872575e-03 -2.483276962353773709e-01
1.859359807021579089e-02 -2.528748635893210972e-01
2.220777716771715760e-02 -2.552916759504348376e-01
2.265706877767290420e-02 -2.567433679292720483e-01
2.371986287145636321e-02 -2.573156150744307924e-01
2.617660647801034121e-02 -2.560996508685839390e-01
2.847885320239182741e-02 -2.559787747844372574e-01
2.999892065548145220e-02 -2.564898882371391964e-01
3.210516212332419073e-02 -2.572133104955532379e-01
3.701836069662915035e-02 -2.558107313540183836e-01
3.935801678756537664e-02 -2.561320908181963230e-01
4.125292617475460888e-02 -2.569009910117914242e-01
4.352319709362284517e-02 -2.572729513889050468e-01
5.429384597573082283e-02 -2.520681638242196487e-01
5.890482161809128259e-02 -2.525569599331760617e-01
6.071123946447842118e-02 -2.532744557793568108e-01
6.216412821442133391e-02 -2.533315587662841040e-01
6.714766565752031124e-02 -2.516231357139526725e-01
6.834881971161528569e-02 -2.521130456152242405e-01
6.889635112473813106e-02 -2.525271445895945210e-01
7.100394535421630793e-02 -2.536270416206927170e-01
8.569933556165980348e-02 -2.465029672076664846e-01
8.913295475479740548e-02 -2.448488213410639769e-01
9.064615557690922087e-02 -2.440488255899018744e-01
9.603126776663742370e-02 -2.360189666411366960e-01
9.697591325429349984e-02 -2.355976649409130819e-01
9.971706407152465534e-02 -2.344620106254505787e-01
1.010896079100501582e-01 -2.337373504901557042e-01
1.064742350364474566e-01 -2.257497308849239492e-01
1.075170906055023801e-01 -2.252754275340548562e-01
1.084009353255609431e-01 -2.248982644557474819e-01
1.090392529203734612e-01 -2.246240925532398958e-01
1.099013481629944611e-01 -2.242297870917978053e-01
1.115010490284616962e-01 -2.232599678448797809e-01
1.170904687979089920e-01 -2.159586712647202644e-01
1.205988337622649759e-01 -2.078738097764890602e-01
1.235070653656719225e-01 -1.990068469028007103e-01
1.256198500114803496e-01 -1.925233324060812712e-01
1.315549829093109746e-01 -1.806923413770857023e-01
1.309548832923702055e-01 -1.777036820864646982e-01
1.315207926101058800e-01 -1.752049975108460611e-01
1.316309954452802855e-01 -1.747984832121166066e-01
1.332961945223898603e-01 -1.694239172218127698e-01
1.379306965612404068e-01 -1.533774773690503024e-01
1.374065128998964991e-01 -1.514407356492563084e-01
1.370993311914639190e-01 -1.510402056978564778e-01
1.367475238128187942e-01 -1.501763493043722919e-01
1.380182005033696313e-01 -1.447305364850587639e-01
1.378585431654405502e-01 -1.424563116090901693e-01
1.369246741034372272e-01 -1.406549814775898410e-01
1.378867183745111913e-01 -1.323978489638482636e-01
1.374671526007369693e-01 -1.316309439341211973e-01
1.370673657102477461e-01 -1.308954398372755290e-01
1.368289561646794383e-01 -1.284279388932511035e-01
1.371897674126084099e-01 -1.268078343480542325e-01
1.395250347739164509e-01 -1.197553748603141510e-01
1.389191888656272078e-01 -1.123826452984404006e-01
1.397868455469736260e-01 -1.087414582072234043e-01
1.422146553493895405e-01 -1.012434945189824437e-01
1.447172477397866697e-01 -9.387176948492888251e-02
1.478143362789617887e-01 -8.035809018642030288e-02
1.452617530823370473e-01 -7.691097246814194988e-02
1.452202785933258966e-01 -7.122201964092905735e-02
1.470373131071339712e-01 -6.650805112241496564e-02
1.479663515513047756e-01 -6.105550273486393814e-02
1.464334267689859082e-01 -5.878817001066761333e-02
1.468972744038676836e-01 -5.614851208379588454e-02
1.476673667982519034e-01 -5.450108202446041911e-02
1.482135272781461011e-01 -5.250891601314777724e-02
1.447437508189249600e-01 -4.172616399664302866e-02
1.433747552357380051e-01 -3.231951655960303010e-02
1.414050531186936965e-01 -2.855108104637285246e-02
1.395579716250860414e-01 -2.475114608333517374e-02
1.359946417010825248e-01 -1.801095638862415180e-02
1.317212669279707038e-01 -1.687093519778357087e-02
1.273383767603067374e-01 -1.074657253434139689e-02
1.256429000068501334e-01 -6.994219092381410117e-03
1.249040813235569175e-01 -5.580620253992291287e-03
1.198701433288353879e-01 -2.502877363517531321e-03
1.176148560977105656e-01 -1.350793120578851680e-03
1.150397191736099445e-01 2.434154863151627435e-03
1.123742570985717254e-01 3.477963488753365185e-03
1.090705914554627454e-01 4.505630234558602627e-03
1.060035112278439190e-01 5.499821306143752933e-03
1.032857183318013489e-01 7.047575940133173934e-03
1.026369231387904146e-01 8.074997114822167824e-03
1.021595895615344390e-01 9.206484578388608730e-03
1.014490888777634797e-01 1.012045095984414299e-02
9.772075980850991606e-02 1.162396479224411978e-02
9.417153784054915766e-02 1.493000520699310288e-02
9.210924331578863866e-02 1.683422692794236952e-02
8.753950101795915373e-02 1.821446140963741897e-02
8.338822440742241215e-02 1.689832429379012346e-02
8.283506715223264150e-02 1.692364368767731650e-02
8.212923719951473189e-02 1.701525624271489970e-02
8.116591001930653637e-02 1.721282059378041393e-02
7.938456800983229034e-02 1.771633836661423017e-02
7.741037196898907513e-02 1.837778981509750192e-02
7.162670544189878030e-02 2.003079463334274044e-02
6.487089615619198724e-02 1.912098958976217455e-02
6.246250340667899165e-02 1.992153330732127428e-02
6.003102572803921400e-02 1.991120820257074805e-02
5.861285111179642682e-02 1.942257162185477906e-02
5.162918831717109441e-02 1.675500702509340190e-02
4.983203662752770657e-02 1.731233111944753891e-02
4.817133795861470308e-02 1.783638866415088176e-02
2.766899953041530510e-02 1.086512945001620427e-02
2.724964364934275712e-02 1.110554581690662880e-02
2.656740379126247206e-02 1.150592832938317212e-02
2.471589879487895089e-02 1.185102190119853398e-02
1.988094230660889319e-02 6.802697557837533889e-03
1.938363546270907220e-02 7.030585499455205278e-03
1.895040189140801898e-02 7.232025134513280287e-03
1.855980350913906396e-02 7.406641907994919102e-03
1.824827190265820506e-02 7.536741713829136005e-03
1.785434121907925401e-02 7.686662506381948014e-03
8.230353278604768744e-03 -9.594158021897247236e-04
6.790290690320951485e-03 -1.674594855892566625e-03
4.565180794231698917e-03 -1.862645423326835621e-03
2.985902340593961368e-03 -9.851740764117880404e-04
