-7.193590803440857821e-03 -1.912097694144751503e-02
-1.088375037259955817e-02 -4.368380631964133981e-02
-1.188451747691201058e-02 -4.377537074462738154e-02
-1.265854828415367492e-02 -4.384619010457752042e-02
-1.343257909139533926e-02 -4.391700946452765236e-02
-1.420660989863700360e-02 -4.398782882447778431e-02
-1.498064070587866795e-02 -4.405864818442791625e-02
-1.558361968872540131e-02 -4.376188405101229945e-02
-1.577371495751541189e-02 -4.257784941636901660e-02
-1.596381022630542421e-02 -4.139381478172572681e-02
-1.615390549509543305e-02 -4.020978014708243703e-02
-1.634400076388544537e-02 -3.902574551243914724e-02
-1.653409603267545769e-02 -3.784171087779585746e-02
-1.672818970783281067e-02 -3.687604143222595471e-02
-1.693193470870444153e-02 -3.643746037407456784e-02
-1.713567970957606892e-02 -3.599887931592317403e-02
-1.733942471044769978e-02 -3.556029825777178716e-02
-1.754316971131932718e-02 -3.512171719962039335e-02
-1.774691471219096151e-02 -3.468313614146899954e-02
-1.803655436718059474e-02 -3.417176798273965921e-02
-1.853352594590335425e-02 -3.348470682261525666e-02
-1.903049752462611724e-02 -3.279764566249084717e-02
-1.952746910334887676e-02 -3.211058450236644463e-02
-2.002444068207163974e-02 -3.142352334224203514e-02
-2.052141226079439926e-02 -3.073646218211763606e-02
-2.094559507293655351e-02 -3.019133833935750896e-02
-2.119408086229793500e-02 -2.998882181437322048e-02
-2.144256665165931303e-02 -2.978630528938893893e-02
-2.169105244102069452e-02 -2.958378876440465391e-02
-2.193953823038207601e-02 -2.938127223942037236e-02
-2.218802401974345750e-02 -2.917875571443608387e-02
-2.254423576198853751e-02 -2.921935395860482051e-02
-2.316047566636669081e-02 -2.984678095590153485e-02
-2.377671557074483716e-02 -3.047420795319824224e-02
-2.439295547512299392e-02 -3.110163495049495658e-02
-2.500919537950114027e-02 -3.172906194779166050e-02
-2.562543528387929703e-02 -3.235648894508837831e-02
-2.617252941414485723e-02 -3.294642921668858998e-02
-2.655271995172488186e-02 -3.344588428833176336e-02
-2.693291048930490303e-02 -3.394533935997492285e-02
-2.731310102688492072e-02 -3.444479443161808929e-02
-2.769329156446494189e-02 -3.494424950326124879e-02
-2.807348210204496652e-02 -3.544370457490442217e-02
-2.848715262894087330e-02 -3.605379888273727018e-02
-2.898163692315098780e-02 -3.693095341585556773e-02
-2.947612121736109189e-02 -3.780810794897385835e-02
-2.997060551157119945e-02 -3.868526248209214202e-02
-3.046508980578130701e-02 -3.956241701521043264e-02
-3.095957409999142151e-02 -4.043957154832873713e-02
-3.138199822611452416e-02 -4.120499616885379968e-02
-3.200195772078382600e-02 -4.244182179340424271e-02
-3.274741508886797048e-02 -4.392901697758028884e-02
-3.210737593445229382e-02 -4.525687245090914690e-02
-3.136191856636814934e-02 -4.657260425058658976e-02
-3.396965713897608097e-02 -6.041879354809224362e-02
-2.793582662214307358e-02 -7.986701822032708786e-02
-3.258477462462651408e-02 -8.588858006382953103e-02
-3.409526224934333882e-02 -8.833405641224661986e-02
-3.590347948473742584e-02 -9.064821751237571446e-02
-3.715098410969615988e-02 -9.226684525440589923e-02
-3.943943384832892390e-02 -9.400217717166331477e-02
-4.144949707136362516e-02 -9.548119170832916613e-02
-4.242226797771365271e-02 -9.703174439891737446e-02
-4.345287330443912965e-02 -9.853817214751381393e-02
-4.585704611508159556e-02 -9.899663252380519474e-02
-4.824735778365058653e-02 -9.947587496188103895e-02
-5.030846732797503162e-02 -1.004486913673380000e-01
-5.233946105937541116e-02 -1.014073520354937530e-01
-5.451907601503688111e-02 -1.024385010535678181e-01
-5.588554379992366483e-02 -1.048598828673392436e-01
-5.934442451470876845e-02 -1.154106659496983017e-01
-4.331754701114289702e-02 -1.004578348494849227e-01
-3.610081416698700252e-02 -1.102311617082509104e-01
-3.752506581768597776e-02 -1.120511267900772406e-01
-3.825559947869421745e-02 -1.134898540505868136e-01
-3.862771415458607360e-02 -1.154363973032264817e-01
-3.622418476565790468e-02 -1.228397729990883536e-01
-3.711962741203742033e-02 -1.284232591002786028e-01
-3.939988087720407844e-02 -1.309553248450694707e-01
-4.067959886987543294e-02 -1.369918657758739944e-01
-4.173252847895626838e-02 -1.407001357513442130e-01
-4.306873031918564965e-02 -1.443967010432555265e-01
-4.476258148960462341e-02 -1.487833469240306961e-01
-4.575652464705013550e-02 -1.527193685007172952e-01
-4.728257878777459428e-02 -1.567830915169945716e-01
-4.924217599462755307e-02 -1.608852626573958056e-01
-5.076580229075008249e-02 -1.636138868420967396e-01
-5.203652892455126050e-02 -1.652584196615179413e-01
-5.670213419604368948e-02 -1.681047038473819644e-01
-5.999845349554071283e-02 -1.697835629854667627e-01
-6.398983921280683440e-02 -1.725846755200859672e-01
-6.688057120048718218e-02 -1.742563071939716157e-01
-8.156831715028461938e-02 -1.751598918825585105e-01
-8.004089834274330517e-02 -1.818464185781010212e-01
-7.392711072864982524e-02 -1.878209187190729157e-01
-7.457119700564836251e-02 -1.895899491592356323e-01
-7.514148281201837865e-02 -1.909056809589130543e-01
-7.595849694729593649e-02 -1.919080576515818648e-01
-7.808447902637619120e-02 -1.922783035320839162e-01
-7.627232772678627093e-02 -1.942044369883595134e-01
-7.685529537514480813e-02 -1.965913323940169377e-01
-7.733485596227902825e-02 -1.978660657067503603e-01
-7.723113331802335113e-02 -1.988596827106650089e-01
-7.688576476362042611e-02 -1.997368372437833273e-01
-7.654039620921752884e-02 -2.006139917769015624e-01
-7.546761795942485973e-02 -2.011397522644583491e-01
-7.205824823916275046e-02 -2.041850631784848935e-01
-6.805900542359120953e-02 -2.061507348991033495e-01
-6.470430525484859030e-02 -2.108170085823498630e-01
-6.483293123016437010e-02 -2.125930605343147595e-01
-6.499158707564665904e-02 -2.141545122142592961e-01
-6.527668447972474752e-02 -2.148123838014863729e-01
-6.556178188380282212e-02 -2.154702553887134497e-01
-6.584687928788089673e-02 -2.161281269759405266e-01
-6.619744163427891681e-02 -2.167205434445185208e-01
-6.682364584307663724e-02 -2.170373594135212303e-01
-6.945250611221683024e-02 -2.206715002754028876e-01
-6.398250604361163663e-02 -2.210857795251991165e-01
-5.596714438007702880e-02 -2.206022979720968502e-01
-5.549377167148650258e-02 -2.212266196553449860e-01
-5.505089715215307627e-02 -2.217120139518381494e-01
-5.467816846811101444e-02 -2.218778752587949044e-01
-5.430543978406893874e-02 -2.220437365657516871e-01
-5.393271110002685609e-02 -2.222095978727084697e-01
-5.351366984016442396e-02 -2.220857487865859070e-01
-5.298810965591517486e-02 -2.212955657963810163e-01
-5.076109795884477943e-02 -2.194712336045657186e-01
-4.904701148190285243e-02 -2.267821197269337952e-01
-5.024644331306571399e-02 -2.311147689680657091e-01
-4.931670812766257572e-02 -2.349494929875769467e-01
-4.543676580883230370e-02 -2.346506284269543885e-01
-4.388993267023621331e-02 -2.342890811484424907e-01
-4.235666653807289989e-02 -2.342242110265180810e-01
-4.084341174039773231e-02 -2.345969397105601428e-01
-3.933015694272242596e-02 -2.349696683946022602e-01
-3.781690214504725839e-02 -2.353423970786443220e-01
-3.645047618257194616e-02 -2.357151257626863838e-01
-3.530062275201639732e-02 -2.360878544467284457e-01
-3.403462251029357177e-02 -2.364982324927949742e-01
-3.250148460288610625e-02 -2.369952040715177510e-01
-3.071063607708227061e-02 -2.384442495183897448e-01
-2.888424125908583065e-02 -2.400246154987994984e-01
-2.705784644108926926e-02 -2.416049814792093353e-01
-2.608966956577920410e-02 -2.425913975217716401e-01
-2.512398549002512610e-02 -2.436192292413215665e-01
-2.363933216631075931e-02 -2.447660323933645021e-01
-2.175330318548649930e-02 -2.455114897614486535e-01
-2.022185839636152921e-02 -2.456463472760673228e-01
-1.915274887590547384e-02 -2.443531578710466112e-01
-1.789772173193283217e-02 -2.418361633607389038e-01
-1.588639832151200401e-02 -2.404469005232758305e-01
-1.519265091825722745e-02 -2.395945179559509919e-01
-1.563626721090983010e-02 -2.383421550374625053e-01
-1.612463348379098230e-02 -2.368038394236028077e-01
-1.741163868696355907e-02 -2.275932598815466612e-01
-1.144540605543337662e-02 -2.068611023448247987e-01
-2.635227386590008672e-03 -1.885853872455697522e-01
-7.645467711730844374e-04 -1.874137789225770456e-01
5.511964032810664181e-04 -1.867391409144430470e-01
9.972393149704022151e-04 -1.858259561440855634e-01
-8.734651989673968388e-04 -1.817186382427523061e-01
6.316526119567204486e-04 -1.611023749741753996e-01
9.760508864146914820e-03 -1.673502045658644966e-01
1.175506838138890009e-02 -1.556084269791579155e-01
1.775650904912485020e-02 -1.610187915061744579e-01
1.663950321625737305e-02 -1.567475538803558832e-01
1.874536733667971772e-02 -1.538786662896690915e-01
2.280288945278335921e-02 -1.522540200268821531e-01
2.860951305552034141e-02 -1.509310176767300060e-01
3.027098418136354302e-02 -1.493917608288197474e-01
3.188547265362975253e-02 -1.478784076795396085e-01
3.616942590107680155e-02 -1.471180417707485533e-01
3.907336825572523681e-02 -1.450441658204388307e-01
4.128651835113521934e-02 -1.428904729468851165e-01
4.293110425284786535e-02 -1.418521028988290189e-01
4.647437248298307705e-02 -1.403446984130909403e-01
4.823950620038856829e-02 -1.381838518390417492e-01
4.816689697910538082e-02 -1.304207801957542601e-01
4.917575097519250038e-02 -1.256527929717043135e-01
5.075893790023256608e-02 -1.226289425463815697e-01
4.927186714922011240e-02 -1.175337740018568139e-01
5.990765749991618788e-02 -1.088970147195237465e-01
6.980691014583585707e-02 -1.122252164841377187e-01
5.513618913459871623e-02 -9.599321315074252348e-02
5.206153780741164250e-02 -8.184586859641480860e-02
5.081157898819984448e-02 -7.908804823225440428e-02
5.180792670450899695e-02 -7.514864961074176064e-02
5.078928350662597485e-02 -7.001816479728727172e-02
5.206153780741163556e-02 -6.545032607651964096e-02
5.492288932126997147e-02 -6.129662413359731471e-02
5.393835850433050666e-02 -5.849152169496912163e-02
5.697769609031601984e-02 -5.001827161108841902e-02
5.694667672947034687e-02 -4.043180315030268229e-02
5.657342135879640105e-02 -3.654571270719882137e-02
4.852834372297428617e-02 -4.035544737629467166e-02
1.930779696391823896e-02 -4.000530762008659702e-02
1.139807227743495563e-02 -2.534555051486066593e-02
4.472744208504865135e-03 -1.219568299684770096e-02
2.631486348908351584e-03 -1.490914736168292860e-03
