-3.700914646378962642e-04 -3.701154965511844639e-04
-7.401829292757925284e-04 -7.402309931023689279e-04
-1.110274393913688196e-03 -1.110346489653552850e-03
-1.480365858551585057e-03 -1.480461986204737856e-03
-1.850457323189480616e-03 -1.850577482755921561e-03
-2.220548787827376826e-03 -2.220692979307106133e-03
-2.590640252465273036e-03 -2.590808475858290705e-03
-2.960731717103168813e-03 -2.960923972409474844e-03
-3.330823181741065456e-03 -3.331039468960659417e-03
-3.700914646378962100e-03 -3.701154965511843989e-03
-4.071006111016857443e-03 -4.071270462063027694e-03
-4.441097575654753653e-03 -4.441385958614212266e-03
-4.811285167945803312e-03 -4.488632700138764885e-03
-5.181472760236852104e-03 -4.535879441663316636e-03
-5.551660352527901764e-03 -4.583126183187869254e-03
-5.921847944818949688e-03 -4.630372924712421005e-03
-6.292035537109998480e-03 -4.677619666236972756e-03
-6.662223129401047272e-03 -4.724866407761525375e-03
-7.032314594038943482e-03 -4.724866407761525375e-03
-7.402406058676840560e-03 -4.724866407761525375e-03
-7.772497523314735902e-03 -4.724866407761525375e-03
-8.142588987952632112e-03 -4.724866407761525375e-03
-8.512680452590529190e-03 -4.724866407761525375e-03
-8.882771917228424532e-03 -4.724866407761525375e-03
-9.528461363455111716e-03 -5.276098418809039431e-03
-1.017415080968180237e-02 -5.827330429856558691e-03
-1.081984025590848955e-02 -6.378562440904072747e-03
-1.146552970213517847e-02 -6.929794451951589405e-03
-1.211121914836186392e-02 -7.481026462999104329e-03
-1.275690859458855630e-02 -8.032258474046623589e-03
-1.349718765151749870e-02 -8.772489467148990999e-03
-1.423746670844644284e-02 -9.512720460251358409e-03
-1.497774576537538871e-02 -1.025295145335372755e-02
-1.571802482230433284e-02 -1.099318244645609496e-02
-1.645830387923327698e-02 -1.173341343955846411e-02
-1.719858293616222111e-02 -1.247364443266083325e-02
-1.771046268920034930e-02 -1.275713689776479011e-02
-1.822234244223848096e-02 -1.304062936286874697e-02
-1.873422219527660915e-02 -1.332412182797270556e-02
-1.924610194831474080e-02 -1.360761429307666241e-02
-1.975798170135287246e-02 -1.389110675818062100e-02
-2.026986145439099718e-02 -1.417459922328457612e-02
-2.063995291902889426e-02 -1.417459922328457612e-02
-2.101004438366679133e-02 -1.417459922328457612e-02
-2.138013584830468494e-02 -1.417459922328457612e-02
-2.175022731294258202e-02 -1.417459922328457612e-02
-2.212031877758047563e-02 -1.417459922328457612e-02
-2.249041024221837271e-02 -1.417459922328457612e-02
-2.340391133012848651e-02 -1.489907729722654735e-02
-2.431741241803858991e-02 -1.562355537116851163e-02
-2.523091350594871066e-02 -1.634803344511048806e-02
-2.614441459385882446e-02 -1.707251151905245928e-02
-2.705791568176892786e-02 -1.779698959299442357e-02
-2.797141676967904167e-02 -1.852146766693639479e-02
-2.945187875588378343e-02 -2.000192965314113655e-02
-3.093234074208851131e-02 -2.148239163934586443e-02
-3.241280272829324960e-02 -2.296285362555060272e-02
-3.389326471449797401e-02 -2.444331561175533060e-02
-3.537372670070272618e-02 -2.592377759796008277e-02
-3.685418868690746447e-02 -2.740423958416482453e-02
-3.779912351739850296e-02 -2.848308023549757026e-02
-3.874405834788954839e-02 -2.956192088683032987e-02
-3.968899317838058688e-02 -3.064076153816307560e-02
-4.063392800887163925e-02 -3.171960218949584215e-02
-4.157886283936268468e-02 -3.279844284082859829e-02
-4.252379766985372317e-02 -3.387728349216134749e-02
-4.252379766985373011e-02 -3.424739898871254073e-02
-4.252379766985373011e-02 -3.461751448526372010e-02
-4.252379766985373011e-02 -3.498762998181490641e-02
-4.252379766985373011e-02 -3.535774547836609272e-02
-4.252379766985373011e-02 -3.572786097491727209e-02
-4.252379766985373011e-02 -3.609797647146845839e-02
-4.288598918917797820e-02 -3.764573218431885304e-02
-4.459111897855568690e-02 -3.986642516362596395e-02
-4.602579798522707377e-02 -4.148243442317398055e-02
-4.701812374872239852e-02 -4.271090978259555609e-02
-4.724866407761525722e-02 -4.470105988417052978e-02
-4.724866407761525722e-02 -4.692171681560772939e-02
-4.724866407761525722e-02 -5.048827595307056604e-02
-5.172728056759146043e-02 -5.642255058177890470e-02
-5.536726339018791659e-02 -6.009207791086393358e-02
-5.703281917253818362e-02 -6.175757962140929896e-02
-5.869837495488845064e-02 -6.342308133195466435e-02
-6.036393073723870378e-02 -6.508858304250002280e-02
-6.021579074133242421e-02 -6.584730604669779275e-02
-5.999128460739429347e-02 -6.656784889483881307e-02
-5.976677847345615580e-02 -6.728839174297984727e-02
-5.954227233951802506e-02 -6.800893459112088146e-02
-5.752308476841288404e-02 -7.072979649929683754e-02
-6.071618323981881754e-02 -7.573243686915946682e-02
-6.142326330089983161e-02 -8.158554480309661294e-02
-6.142326330089983161e-02 -8.380623778240371691e-02
-6.142326330089983161e-02 -8.602693076171083475e-02
-6.110831415366135139e-02 -8.761763805776535963e-02
-6.076187009169901204e-02 -8.914534678549466962e-02
-6.041542602973667964e-02 -9.067305551322395185e-02
-5.837646529167395126e-02 -9.281953430309818065e-02
-5.835172844226266253e-02 -9.615057377205886435e-02
-6.082846616461951711e-02 -9.948161324101949254e-02
-5.790935480837233751e-02 -1.030417278204021903e-01
-5.669839689313830450e-02 -1.076041406790550908e-01
-5.669839689313830450e-02 -1.105650406195512608e-01
-5.669839689313830450e-02 -1.135259405600474863e-01
-5.669839689313830450e-02 -1.164868640469637895e-01
-5.669839689313830450e-02 -1.194477880193731828e-01
-5.669839689313830450e-02 -1.224087119917826455e-01
-5.468696750333306572e-02 -1.248377971003016979e-01
-5.211980958585610973e-02 -1.285542237398417109e-01
-5.153785083169686032e-02 -1.322553787053535601e-01
-4.831306324828796295e-02 -1.359565336708654371e-01
-4.724866407761525722e-02 -1.396576886363772030e-01
-4.563590810798530406e-02 -1.433588234539213691e-01
-4.271466932054555909e-02 -1.468991692357853041e-01
-4.236493070174335990e-02 -1.502302087047459600e-01
-4.015804077954118756e-02 -1.535612481737066437e-01
-3.779893126209220300e-02 -1.578639838292041631e-01
-3.779893126209220300e-02 -1.636063818363013567e-01
-3.641315501424283868e-02 -1.666617992917599489e-01
-3.346908542368616513e-02 -1.698269887012005819e-01
-3.296717672994321086e-02 -1.741614661447130064e-01
-2.830946568326608154e-02 -1.753908470703216260e-01
-2.164755132753874364e-02 -1.795449234949379747e-01
-1.280691827790141589e-02 -1.856070755754516965e-01
-6.656100089191126570e-03 -1.890175638215032261e-01
-9.756956794999267595e-04 -1.927437636818603028e-01
2.355139154077825602e-03 -1.960748031508209033e-01
5.686250718778363550e-03 -1.994058426197815870e-01
8.935275093604899341e-03 -2.026137483909720705e-01
1.100040003108027770e-02 -2.030642627748021345e-01
1.429018738577552371e-02 -2.036872447331840863e-01
1.980953816599363010e-02 -2.088040930083763236e-01
2.573130066400983532e-02 -2.123389898573355139e-01
3.147834581199580178e-02 -2.127939834014079545e-01
3.532443457633609174e-02 -2.148694274968013240e-01
3.995040796169057468e-02 -2.169563219492634254e-01
4.767062369352691870e-02 -2.173438547570301638e-01
5.525042896665833397e-02 -2.177781769717291871e-01
5.888273759827813980e-02 -2.195282974157415357e-01
6.142326330089983161e-02 -2.230948423525283275e-01
6.438643025188291180e-02 -2.267935875725532180e-01
7.597098055341701406e-02 -2.366162825739924203e-01
7.916460044451732736e-02 -2.395349693664382273e-01
8.164498227881640535e-02 -2.403145766494632352e-01
8.408341750083073163e-02 -2.409681867958377854e-01
8.690993753637762942e-02 -2.409681867958377854e-01
9.033488425535110555e-02 -2.419847593033612743e-01
9.297705863977021035e-02 -2.441726834337936691e-01
9.737833217940067287e-02 -2.456930532035993264e-01
1.033002927586415542e-01 -2.464948500746004523e-01
1.092222203243449485e-01 -2.509680525871820778e-01
1.142702950896249126e-01 -2.551427860191223806e-01
1.172312986829187748e-01 -2.550091588713761515e-01
1.205362586710298223e-01 -2.527283375595287818e-01
1.249773562466845456e-01 -2.525488876218071055e-01
1.303535545026168752e-01 -2.550683366082351911e-01
1.347207036963646576e-01 -2.551427860191223806e-01
1.382382854304261832e-01 -2.537479715871572838e-01
1.416580732986804647e-01 -2.514468569023909916e-01
1.449892751651158107e-01 -2.536611078724573254e-01
1.483200983468568601e-01 -2.532934246968267522e-01
1.520383858818238065e-01 -2.507758676773902407e-01
1.561220575393831855e-01 -2.504179196113608397e-01
1.597864261998090396e-01 -2.500294284400217393e-01
1.606454578638918662e-01 -2.482382694987509408e-01
1.608628228783844372e-01 -2.456362454017849972e-01
1.651435911804172707e-01 -2.411948594431707893e-01
1.763994402543936912e-01 -2.409681867958377854e-01
1.793964499652047906e-01 -2.403000213206484270e-01
1.817825305717610807e-01 -2.384100675479698672e-01
1.841100898282617970e-01 -2.364031857729478048e-01
1.863306386160892281e-01 -2.341824927936406453e-01
1.879833060105190190e-01 -2.322457787436216781e-01
1.885975617141647798e-01 -2.308283404500151847e-01
1.889946563104610289e-01 -2.295194699658870130e-01
1.889946563104610289e-01 -2.277361862097767031e-01
1.936956597565672455e-01 -2.210741072718553080e-01
1.984316245388291489e-01 -2.126317242923249085e-01
2.010267080250401073e-01 -2.093049273056727111e-01
2.031692555337455963e-01 -2.055256710494402783e-01
2.031692555337455963e-01 -1.996038231046213529e-01
2.032425067474207536e-01 -1.939015333898158056e-01
2.034780602790734749e-01 -1.886860600844615654e-01
2.053771154713567304e-01 -1.867868815769060942e-01
2.078941219415071096e-01 -1.801248026389846990e-01
2.033229490863408262e-01 -1.677919524474015545e-01
2.031692555337455963e-01 -1.552361953364740088e-01
2.021898487442421732e-01 -1.468087393308014077e-01
2.001887856051950965e-01 -1.434903501153475813e-01
1.985436627750581384e-01 -1.409331885028121123e-01
1.892848336527779007e-01 -1.274707051188020135e-01
1.752451335694176215e-01 -1.090971480522358039e-01
1.569126288366663180e-01 -8.977246174746898733e-02
1.435887593437831233e-01 -7.271569113162039411e-02
1.370211258250842445e-01 -5.263500889863379634e-02
1.027658443688130724e-01 -2.244311543686713928e-02
8.944197487592989160e-02 -1.384386001665595042e-02
7.139266220936624219e-02 -5.244604596444869989e-03
5.334392630872178409e-02 0.000000000000000000e+00
1.998609262228428357e-02 0.000000000000000000e+00
