-8.409185234161113687e-03 5.267699139800990915e-03
-9.319109512728926056e-03 8.017755291905504650e-03
-7.849718335249764034e-03 1.123658428694970443e-02
-1.186610961997503801e-02 1.521826958286185728e-02
-1.113301504686577299e-02 1.860694908122390023e-02
-8.901973332812116932e-03 2.272465679301396285e-02
-7.928290998826109659e-03 2.599274434920184965e-02
-7.251914963772539136e-03 2.899286783022564373e-02
-6.856877463294878960e-03 3.173608495876775043e-02
-6.936924156754310615e-03 3.413884804459973998e-02
-8.150188633555330645e-03 3.613030221957207189e-02
-1.001025548202151734e-02 3.812149736539288680e-02
-1.058463677009803365e-02 4.043036705826351385e-02
-1.147387195680319057e-02 4.260460518404349251e-02
-1.334654484144633807e-02 4.446539615882515173e-02
-1.820326365499758126e-02 4.616690561069153320e-02
-1.882952578415697867e-02 4.881406449014426968e-02
-1.602954224546533635e-02 5.508144403352595309e-02
-1.587815499383202211e-02 5.764981978881868890e-02
-1.602923783356379958e-02 5.961573677546661010e-02
-2.218491831991420069e-02 6.015339554658215987e-02
-2.373070108758088340e-02 6.147943756516618258e-02
-2.545197116232158357e-02 6.292620503979941271e-02
-3.123019221239426921e-02 6.252825315298068953e-02
-3.518421008395126309e-02 6.355759344534714361e-02
-3.661781614169803273e-02 6.575638378574666376e-02
-3.704016725368139418e-02 6.817725340779580423e-02
-5.372719819553618825e-02 6.371007780417052568e-02
-5.692020827389836224e-02 6.508735250514305348e-02
-6.011214601549360464e-02 6.685310825774024024e-02
-6.474783111462552310e-02 6.759769389664256611e-02
-6.950620257720648010e-02 6.832680281984514215e-02
-7.363892304586747151e-02 6.972751637045142281e-02
-7.829716226952469771e-02 7.077182602337550588e-02
-8.158598209554619729e-02 7.383071824497691726e-02
-8.477656321516527371e-02 7.724582929674216059e-02
-8.719354791536072791e-02 8.873784297699180423e-02
-8.941115351732549510e-02 9.121307643868131754e-02
-9.180515352082867231e-02 9.215980011037046282e-02
-9.434538919953111558e-02 9.309569071427292730e-02
-1.022024742468228137e-01 8.756642312031315267e-02
-1.077395481933678817e-01 8.591612943658169521e-02
-1.113070101687277519e-01 8.686393665489562654e-02
-1.164145132658340187e-01 9.700691387418897138e-02
-1.192030436157655304e-01 9.772562046216116960e-02
-1.219640656491228492e-01 9.809296359414187982e-02
-1.246293357926796935e-01 9.832464593711720546e-02
-1.274944585377210116e-01 9.855428106906645447e-02
-1.381976088752001064e-01 8.404689849116524225e-02
-1.420053930529173447e-01 8.486603614271452656e-02
-1.457878945177771834e-01 8.361941501104248886e-02
-1.495090794729010408e-01 8.325946456805052853e-02
-1.535492948158055371e-01 8.139727176232640360e-02
-1.575686457914376726e-01 8.019360920935571235e-02
-1.617040356217935571e-01 8.010954304192895170e-02
-1.657814103487715296e-01 7.996532829164940126e-02
-1.697911455016695437e-01 7.971160322617529270e-02
-1.737357318905205505e-01 7.939858340854211161e-02
-1.776204756661995954e-01 7.903980173402073983e-02
-1.812771131440665262e-01 7.822817551712117623e-02
-1.847684865480783978e-01 7.395467404906995446e-02
-1.903370376036166434e-01 7.545562653939327791e-02
-1.987056120847568719e-01 8.031413784984030302e-02
-2.015982394041908876e-01 6.170255166871543157e-02
-2.058360217650559432e-01 6.067587747898495198e-02
-2.097234945972673847e-01 5.977084553325754529e-02
-2.131918638887847495e-01 5.807661157359856469e-02
-2.169343560782426850e-01 5.674593884229704038e-02
-2.204333797415556628e-01 5.535042721815069261e-02
-2.231789346267023522e-01 5.269560701296955446e-02
-2.262814074674827924e-01 5.052868036997747864e-02
-2.299505226892834819e-01 4.896191455816541888e-02
-2.342153994711204390e-01 4.783284994179357735e-02
-2.381099198351253055e-01 4.656580645172127969e-02
-2.399945271595227414e-01 4.359121181722779015e-02
-2.427616041876377584e-01 4.157203501738362256e-02
-2.452992902800831543e-01 3.927196060332745209e-02
-2.485575325025492499e-01 3.755463317526243350e-02
-2.522241180552243223e-01 3.604021535022224748e-02
-2.557023334339380005e-01 3.455045244102453172e-02
-2.590013596482902969e-01 3.310266939779496487e-02
-2.621263381270215742e-01 3.169098962737532110e-02
-2.649935578254241086e-01 3.030836129655637909e-02
-2.673152943475373133e-01 2.888006337090014142e-02
-2.686275070008722898e-01 2.728295083974733443e-02
-2.694739897547477336e-01 2.551490171210516952e-02
-2.703618203870737924e-01 2.376927495678001281e-02
-2.712158557822925697e-01 2.201619580858738684e-02
-2.719039946036035382e-01 2.020989472029650902e-02
-2.726101659205845129e-01 1.841157988209692065e-02
-2.734616455460459061e-01 1.665968769688343579e-02
-2.742359457952522894e-01 1.488698379222089425e-02
-2.893346978949891124e-01 1.117834527303502613e-02
-2.890852138865356857e-01 9.455398505876545789e-03
-2.886054466071556468e-01 8.218120523820284656e-03
-2.882660456690619433e-01 6.950501551177745360e-03
-2.880739072130150125e-01 5.738458963208361262e-03
-2.879238122752534323e-01 4.511996354289186419e-03
-2.877936134787938971e-01 3.302101984014823178e-03
-2.876669463094968515e-01 2.065301904340375444e-03
-2.875380782996814211e-01 8.253372552969066508e-04
-2.873952753460411458e-01 -4.195208440737160818e-04
-2.872228178921036323e-01 -1.668256148349193078e-03
-2.869920241515193648e-01 -2.924745933503856109e-03
-2.866252039926752704e-01 -4.186033156023754274e-03
-2.857944357012001668e-01 -5.524924196269293854e-03
-2.843121178886952594e-01 -6.995675878648501857e-03
-2.820132975980038648e-01 -8.654445738067124971e-03
-2.757716322044886370e-01 -1.068653574358160822e-02
-2.671224096522472058e-01 -1.287989272551433827e-02
-2.641003690633703660e-01 -1.501896548011939954e-02
-2.629788172194477691e-01 -1.710942573506680359e-02
-2.620349005995443736e-01 -1.923589600015883361e-02
-2.613136262441551061e-01 -2.153256988356917409e-02
-2.624401086557505147e-01 -2.549555495527234053e-02
-2.670233114840775968e-01 -3.261244902838124349e-02
-2.666865370354480347e-01 -3.409971578439375400e-02
-2.668892390915728607e-01 -3.601476660700384663e-02
-2.664803533931289214e-01 -3.718434140724227038e-02
-2.653293211732921653e-01 -3.792302955812511256e-02
-2.637800867705149543e-01 -3.858027820927122792e-02
-2.619480047602097406e-01 -3.920337238845326977e-02
-2.599135447990602588e-01 -3.977801690095793263e-02
-2.577386067742564180e-01 -4.026971972308180520e-02
-2.543596120282250461e-01 -4.066759986675536759e-02
-2.384381786481776233e-01 -3.369811400443674387e-02
-2.343267296878216444e-01 -3.365765271791287816e-02
-2.304819304602707120e-01 -3.409182114281679443e-02
-2.277358109638709938e-01 -3.524364035792605654e-02
-2.254866734335646827e-01 -3.674251908958992008e-02
-2.236600381701839835e-01 -3.797637879181391118e-02
-2.045096452008332844e-01 -2.849790274355284286e-02
-2.016205163923449895e-01 -2.986663228272365758e-02
-1.985617733713418154e-01 -3.074585466223257388e-02
-1.962365927577614799e-01 -3.519246626661976657e-02
-1.943831264046479990e-01 -4.267243805655127759e-02
-1.919764138935029230e-01 -4.242625764971419411e-02
-1.884652239778074057e-01 -5.689399574968036916e-02
-1.853541244017637424e-01 -5.582526324039955440e-02
-1.814826289334578735e-01 -5.394818790379023177e-02
-1.781564195744498313e-01 -5.304421098832725473e-02
-1.750143791483905475e-01 -5.253192658911211288e-02
-1.720942277339321813e-01 -5.240735386805445151e-02
-1.676514199931775639e-01 -5.928594652446154967e-02
-1.632876758056676925e-01 -5.658940945669217737e-02
-1.596713580357863593e-01 -5.597368887499189205e-02
-1.564921305831059040e-01 -5.652170824940907362e-02
-1.522366434927437118e-01 -6.049685204243970826e-02
-1.486335229246287248e-01 -5.803046488796404639e-02
-1.456680125045983765e-01 -5.794609631684578127e-02
-1.406125597909402558e-01 -5.422980125141755453e-02
-1.369314567154442108e-01 -5.270517372901203923e-02
-1.327628687202999647e-01 -5.109069843659006654e-02
-1.284603532462687547e-01 -5.044072343264530828e-02
-1.242198453430738980e-01 -4.943658107826065518e-02
-1.198042281847925550e-01 -4.720627811058669687e-02
-1.153601686367195650e-01 -4.506309187567707208e-02
-1.108489343486604717e-01 -4.306251472916687584e-02
-1.062884461531183877e-01 -4.126859155633539472e-02
-1.017552858707212737e-01 -3.923197936395600438e-02
-9.711535308679333789e-02 -3.727744853839944777e-02
-9.230304968257473097e-02 -3.566973366760629177e-02
-8.755866530798159242e-02 -3.404628726165257607e-02
-8.134482770266873719e-02 -3.438407286501383303e-02
-7.507098201879665311e-02 -3.508353261666271455e-02
-6.943989048763991867e-02 -3.521301183655130285e-02
-6.458846462008302480e-02 -3.480932399305086689e-02
-6.042299445181485706e-02 -3.393796925064578029e-02
-5.712025887976898697e-02 -3.233018136826423805e-02
-5.384880481207340169e-02 -3.075960870590679908e-02
-4.936886985952865931e-02 -3.003988322505129691e-02
-4.449204106498148847e-02 -2.977317187625599243e-02
-4.074472573756234700e-02 -2.896735704816764262e-02
-3.709682684692559157e-02 -2.821611913124519658e-02
-3.285505912946033724e-02 -2.785261189650271516e-02
-2.671776736962592352e-02 -2.857386197969679492e-02
-1.747202795162635519e-02 -3.121304225530816684e-02
-1.328297461703611612e-02 -3.142173320300733347e-02
-1.087823720771181370e-02 -3.105406869258858782e-02
-9.176151043712237401e-03 -3.051768680769144371e-02
-7.625670103963291292e-03 -2.998388744204591450e-02
-6.244313985603847268e-03 -2.944626375292946213e-02
-5.369455001094090504e-03 -2.882628112751423055e-02
-4.778174754013124990e-03 -2.815154413008221640e-02
-4.407500978585412316e-03 -2.738005773252225397e-02
-4.472730622560894612e-03 -2.617110950144801648e-02
-6.834405246732098288e-03 -2.263084990546664413e-02
-7.922856116566585200e-03 -2.006452147845824013e-02
-8.037355085292839998e-03 -1.828842787593709315e-02
-7.853546545183092559e-03 -1.669761021190191430e-02
-7.527531535595308188e-03 -1.515134075664960334e-02
-7.119098077389428986e-03 -1.361643035172511139e-02
-6.708703980354954223e-03 -1.213729987489150543e-02
-5.999892276251466740e-03 -1.061824693199628702e-02
-2.837232455143706873e-03 -8.670155817591096090e-03
-2.502179904643638420e-03 -7.435225975473546724e-03
-2.284254787096024961e-03 -6.243623497866961428e-03
-2.064469874125146598e-03 -5.039102001686270212e-03
-1.162377523599839729e-03 -3.710122816525584285e-03
