-3.173709464652478421e-04 -3.173467344613978757e-04
-6.347418929304956842e-04 -6.346934689227957515e-04
-9.521128393957430927e-04 -9.520402033841931936e-04
-1.269483785860991368e-03 -1.269386937845591503e-03
-1.586854732326238668e-03 -1.586733672306988837e-03
-1.904225678791486619e-03 -1.904080406768386821e-03
-2.221548201249034637e-03 -2.221427141229784588e-03
-2.538870723706582004e-03 -2.538773875691182139e-03
-2.856193246164130239e-03 -2.856120610152580556e-03
-3.173515768621678473e-03 -3.173467344613978107e-03
-3.490838291079225841e-03 -3.490814079075375657e-03
-3.808160813536773642e-03 -3.808160813536773642e-03
-4.442854282459570044e-03 -3.966846286769397725e-03
-5.077547751382365145e-03 -4.125531760002021375e-03
-5.712241220305161980e-03 -4.284217233234645893e-03
-6.346934689227956214e-03 -4.442902706467268675e-03
-6.981628158150751315e-03 -4.601588179699893193e-03
-7.616321627073548151e-03 -4.760273652932516843e-03
-8.568386042461590552e-03 -4.760273652932516843e-03
-9.520450457849636422e-03 -4.760273652932516843e-03
-1.047251487323767709e-02 -4.760273652932516843e-03
-1.142457928862572122e-02 -4.760273652932516843e-03
-1.237664370401376709e-02 -4.760273652932516843e-03
-1.332870811940180776e-02 -4.760273652932516843e-03
-1.428077253478984843e-02 -4.760273652932516843e-03
-1.523283695017789777e-02 -4.760273652932516843e-03
-1.618490136556593670e-02 -4.760273652932516843e-03
-1.713696578095398257e-02 -4.760273652932516843e-03
-1.808903019634202497e-02 -4.760273652932516843e-03
-1.904109461173006737e-02 -4.760273652932518577e-03
-1.935846555819531467e-02 -5.077620387393915261e-03
-1.967583650466056197e-02 -5.394967121855312811e-03
-1.999320745112581274e-02 -5.712313856316710362e-03
-2.031057839759106004e-02 -6.029660590778107912e-03
-2.062794934405630734e-02 -6.347007325239506330e-03
-2.094532029052155464e-02 -6.664354059700904748e-03
-2.152227033135345816e-02 -7.241348122357989942e-03
-2.215691537626855376e-02 -7.876041591280783308e-03
-2.279156042118365283e-02 -8.510735060203583613e-03
-2.342629350974911179e-02 -8.856953508710425221e-03
-2.406103540267960639e-02 -9.174324455175672521e-03
-2.469577729561010099e-02 -9.491695401640919821e-03
-2.513042179740183901e-02 -9.520547305865033685e-03
-2.551120882435089707e-02 -9.520547305865033685e-03
-2.589199585129995512e-02 -9.520547305865033685e-03
-2.627278287824901318e-02 -9.520547305865033685e-03
-2.665356990519806776e-02 -9.520547305865033685e-03
-2.703441445399869594e-02 -9.520547305865033685e-03
-2.741525958975699409e-02 -9.520547305865033685e-03
-2.779610472551528877e-02 -9.520547305865033685e-03
-2.817694986127358692e-02 -9.520547305865033685e-03
-2.855779499703188506e-02 -9.520547305865033685e-03
-3.087284888106037184e-02 -1.183175426933030273e-02
-3.309430023429402873e-02 -1.405320562256395789e-02
-3.531575158752766480e-02 -1.627465697579759743e-02
-3.753720294076128006e-02 -1.849610832903121616e-02
-3.975865429399491613e-02 -2.071755968226485570e-02
-4.198010564722853832e-02 -2.293901201376125770e-02
-4.420155700046219521e-02 -2.516048757899876434e-02
-4.642300835369583129e-02 -2.738196314423625016e-02
-4.864445970692945348e-02 -2.960343870947372211e-02
-5.086591106016309649e-02 -3.182491427471120793e-02
-5.308736241339673256e-02 -3.404638983994869722e-02
-5.526393693977732502e-02 -3.622939815607960357e-02
-5.652503075271634453e-02 -3.767062859287836213e-02
-5.785793061906113754e-02 -3.919392197269767897e-02
-5.919083048540595832e-02 -4.071721535251703050e-02
-6.052373035175073746e-02 -4.224050873233633346e-02
-6.185663021809555823e-02 -4.376380211215568500e-02
-6.188355748812272156e-02 -4.416769854297331044e-02
-6.188355748812272156e-02 -4.454851462432698334e-02
-6.188355748812272156e-02 -4.492933070568066317e-02
-6.188355748812272156e-02 -4.531014678703433607e-02
-6.188355748812272156e-02 -4.569096286838801591e-02
-6.190279209093880325e-02 -4.762196966474707693e-02
-6.475898240231457714e-02 -5.047809027489964101e-02
-6.664383114105523753e-02 -5.430555832726407378e-02
-6.664383114105523753e-02 -6.001794335219817755e-02
-6.856714468324554002e-02 -6.380687103031301710e-02
-7.110591855893672042e-02 -6.634566985170514686e-02
-7.364469243462788695e-02 -6.888454057541169850e-02
-7.522188290893255802e-02 -7.190420299981153951e-02
-7.616437844692026948e-02 -7.524118794666895260e-02
-7.616437844692026948e-02 -7.904934876020569545e-02
-7.616437844692026948e-02 -8.395389954298886070e-02
-7.749156604122947600e-02 -8.701201209689658767e-02
-7.939558921962514004e-02 -8.891609250366498685e-02
-8.063613305761166417e-02 -9.546512699011988623e-02
-8.092465209985279240e-02 -1.030366847796916063e-01
-8.092465209985279240e-02 -1.081142809550817152e-01
-8.092465209985279240e-02 -1.131918771304717408e-01
-8.092465209985279240e-02 -1.182695207516066827e-01
-8.092465209985279240e-02 -1.233471653510044980e-01
-8.092465209985279240e-02 -1.284248099504022300e-01
-8.321351113919887854e-02 -1.308161317443844174e-01
-8.568492575278530143e-02 -1.346244378299442657e-01
-8.606961780910679649e-02 -1.384325986434810363e-01
-8.968543259448283345e-02 -1.424331054851785960e-01
-9.044519940571782435e-02 -1.492899214971798449e-01
-9.273405844506385498e-02 -1.546175000090469487e-01
-9.469094743332030772e-02 -1.596374151205984526e-01
-9.516700385301818388e-02 -1.634456485701467898e-01
-9.520547305865033338e-02 -1.698792717712196698e-01
-9.520547305865033338e-02 -1.765436984669321585e-01
-9.520547305865033338e-02 -1.816261157658766445e-01
-9.520547305865033338e-02 -1.849582927957271195e-01
-9.520547305865033338e-02 -1.882904698255775666e-01
-9.503236163330566755e-02 -1.905840443360977965e-01
-9.455630521360777752e-02 -1.910600644377898893e-01
-9.408024879390991524e-02 -1.915360845394820100e-01
-9.360419237421205296e-02 -1.920121046411741028e-01
-9.312816236760929067e-02 -1.924881247428661957e-01
-9.139731224511356278e-02 -1.944114529589981988e-01
-9.349359340801961793e-02 -1.982197443706163464e-01
-9.351282801083567187e-02 -2.016240093402931755e-01
-9.102704614090412205e-02 -2.044801864451213647e-01
-9.044519940571782435e-02 -2.073363958326214229e-01
-8.896424797823124231e-02 -2.109329921565173127e-01
-8.479065759167833671e-02 -2.151066529779905034e-01
-8.288657718490995141e-02 -2.170108060207704415e-01
-8.190561684347265337e-02 -2.184533285959645299e-01
-8.095350400407690106e-02 -2.198814252190466334e-01
-8.092465209985279240e-02 -2.219441800935913478e-01
-7.890503641289489667e-02 -2.237328616878282994e-01
-7.533408475869297904e-02 -2.246240649516398069e-01
-7.216066583808676549e-02 -2.277366320141659406e-01
-7.140410479398774657e-02 -2.309100993587799300e-01
-6.962169826636474546e-02 -2.331924994181090727e-01
-6.339656414131240869e-02 -2.332534089936933175e-01
-5.946648732859173558e-02 -2.356703730117124806e-01
-5.607501265565584259e-02 -2.380136826466258404e-01
-5.217067882803864270e-02 -2.382060140008448734e-01
-4.624687311809257129e-02 -2.441299077544413221e-01
-4.344843210438433662e-02 -2.461494442021138762e-01
-4.027491633576267549e-02 -2.474188311399594664e-01
-3.652436248265882035e-02 -2.475342299524908862e-01
-3.271610482110660911e-02 -2.475342299524908862e-01
-2.890784715955446033e-02 -2.475342299524908862e-01
-2.721521972046982152e-02 -2.488805494320240619e-01
-2.531119947686248650e-02 -2.507846298387924611e-01
-2.208484284408103113e-02 -2.518761509941737642e-01
-1.953159459227008996e-02 -2.522945036054233814e-01
-1.572328850671020004e-02 -2.522945036054233814e-01
-1.191500002988038313e-02 -2.522945036054233814e-01
-8.106839216343593446e-03 -2.522945036054233814e-01
-4.644866036036072662e-03 -2.524099024179548012e-01
-3.692753196640325558e-03 -2.533619426213389869e-01
-2.740657965974651038e-03 -2.543139828247231726e-01
-5.866553858903200778e-04 -2.562853931457129142e-01
5.125731106437985719e-03 -2.566893476853397416e-01
1.126107342553574198e-02 -2.525734053462564965e-01
1.641586187138197386e-02 -2.522945036054233814e-01
2.212812803738809647e-02 -2.522945036054233814e-01
2.514779046178788197e-02 -2.509481841258902057e-01
2.705201614057937964e-02 -2.490441037191217788e-01
3.030225314612786450e-02 -2.478131316933239459e-01
3.545695648311204123e-02 -2.475342299524908862e-01
4.116922264911809792e-02 -2.475342299524908862e-01
4.438123110167870727e-02 -2.459955791187386498e-01
4.753080780176653641e-02 -2.434327414460089600e-01
5.258402909255353863e-02 -2.427739562995583633e-01
5.770993922108048901e-02 -2.421873456691903403e-01
6.073938916461237014e-02 -2.391581268402406535e-01
6.454725943410299926e-02 -2.380136826466258404e-01
6.835571079168600850e-02 -2.363019335940764742e-01
7.387551940757434987e-02 -2.333495820077736427e-01
8.418477934212541258e-02 -2.332534089936933175e-01
8.989687529040737979e-02 -2.290412452165220270e-01
9.517662115442614146e-02 -2.237617113909612376e-01
9.772511211432918787e-02 -2.213671742917808494e-01
9.962904724907443998e-02 -2.199390776686988291e-01
1.012253226519895660e-01 -2.189725880348957765e-01
1.025525102462987725e-01 -2.189725880348957765e-01
1.063609616038817957e-01 -2.173377715240340236e-01
1.083421256939375438e-01 -2.130678701883484405e-01
1.087267590544923057e-01 -2.055477069014135239e-01
1.142465676703804112e-01 -2.011336370230461523e-01
1.160254778868212155e-01 -1.933920821076955954e-01
1.190068413233129202e-01 -1.886318810907746113e-01
1.207857515397537662e-01 -1.838715348018305218e-01
1.237671149762454431e-01 -1.760723758608354617e-01
1.240940034413149651e-01 -1.681578679987110192e-01
1.263250266067373062e-01 -1.640514982055134574e-01
1.285273886291779522e-01 -1.592335478909249202e-01
1.285273886291779522e-01 -1.480781165740661931e-01
1.277582392996025606e-01 -1.427696846213647730e-01
1.256905752578531266e-01 -1.399712494772334115e-01
1.275755663338284107e-01 -1.323547840455308600e-01
1.237671149762454431e-01 -1.075245376827206750e-01
1.221706429425111345e-01 -9.929261045012288678e-02
1.183627257164068525e-01 -9.456110212515821123e-02
1.142465676703804112e-01 -8.313647441252508541e-02
1.048029587757798448e-01 -7.148103733567554019e-02
9.528241146991464627e-02 -5.720021637687783267e-02
7.140410479398764942e-02 -2.856164191759510279e-02
5.521905815639861770e-02 -1.904109461173006737e-02
4.379428517174212970e-02 -1.428082095879752017e-02
1.808927231638076533e-02 -8.568434466469338623e-03
1.904225678791492040e-03 -1.904080406768392242e-03
