-1.767998407219766163e-03 2.420966599724120281e-03
-1.764566449831341411e-03 4.485396676342364060e-03
-1.700542847131289361e-03 6.439193296301687353e-03
-1.650516916115401514e-03 8.457885710449976682e-03
-1.716546251182805675e-03 1.040420954139361850e-02
-2.237679373348502084e-03 1.246131265742870219e-02
-1.501821709775234825e-02 1.631663735887277714e-02
-1.497591307308696051e-02 1.888700977178615209e-02
-1.347436305894720958e-02 2.212285907502549095e-02
-9.581682729603725746e-03 2.721337631316965086e-02
-9.377747477189281658e-03 2.934954045426349176e-02
-9.205739395458543625e-03 3.136986129967105769e-02
-1.130455464502925014e-02 3.283278345742824539e-02
-1.293780393245619852e-02 3.461012463411143603e-02
-1.308414444332224938e-02 3.645561636665309302e-02
-1.482309066262775879e-02 3.800213116116065576e-02
-1.810808843934076304e-02 3.920863907175636820e-02
-2.497254629784457711e-02 3.925009676050824486e-02
-3.237433212643956587e-02 4.055234574495838323e-02
-3.412421769444647091e-02 4.227783155062697640e-02
-4.001046453566776268e-02 4.344355395555248717e-02
-4.532254704205951334e-02 4.481543087887929905e-02
-5.083621760427350228e-02 4.624924876036924648e-02
-5.682875983757306598e-02 4.775487522998313888e-02
-6.084292314917950223e-02 4.992506241371079401e-02
-6.381528502196151531e-02 5.293577317819794792e-02
-6.701500660170861545e-02 5.579999204190673467e-02
-7.100874743356207219e-02 5.792831007474331939e-02
-7.477735023927009617e-02 6.027716322282824363e-02
-7.857590124337895943e-02 6.226121894792131795e-02
-8.071827679266768696e-02 6.696181534496944976e-02
-8.379021128607837265e-02 6.943126341891092679e-02
-8.678878513325508082e-02 7.203196809438683346e-02
-8.955365432719071539e-02 7.491956192855023233e-02
-9.201883220116729989e-02 7.833487724683306508e-02
-9.457277149418352735e-02 8.177214349613538824e-02
-9.491056145707901792e-02 9.543536319326013928e-02
-9.727737081116659412e-02 9.588593776893405973e-02
-9.938588943489533312e-02 9.621911375888718421e-02
-1.012948361458351487e-01 9.658448473782560439e-02
-1.036253055421762076e-01 9.755932133993036603e-02
-1.060316022176161083e-01 1.087943544114576000e-01
-1.079325117979279824e-01 1.126297421412657124e-01
-1.110251866724402958e-01 1.119399199309717569e-01
-1.136454199774855067e-01 1.111533806638676930e-01
-1.162531610551139905e-01 1.106685422742568897e-01
-1.188436835491687021e-01 1.103183250488847661e-01
-1.222440128158997080e-01 1.083386281472677043e-01
-1.250785020071233655e-01 1.082191455772746058e-01
-1.279537455835500215e-01 1.083525948339140038e-01
-1.308207592414615539e-01 1.084208640914764432e-01
-1.337027686042859542e-01 1.080205616539175462e-01
-1.366744664679775678e-01 1.065311659657492693e-01
-1.398058867084645551e-01 1.054666884339468813e-01
-1.429183983480514508e-01 1.046052874323190052e-01
-1.460068659285401471e-01 1.040618298698589711e-01
-1.491133594996031098e-01 1.028379122656384870e-01
-1.522578629709807341e-01 1.004285580671187700e-01
-1.554313836960823092e-01 9.884035101126013856e-02
-1.587044761937888293e-01 9.729554611043483847e-02
-1.617719558431665039e-01 9.634524167697865182e-02
-1.681012018878971226e-01 9.914710616576109803e-02
-1.710174912550961324e-01 9.827195274478164877e-02
-1.732247558002363574e-01 9.618061865538690691e-02
-1.753764085644174964e-01 8.958798311321101993e-02
-1.779050462984812231e-01 8.670269905220889806e-02
-1.808957955039705578e-01 8.537746333578544178e-02
-1.842873410966416325e-01 8.457034998144996596e-02
-1.882208417910077314e-01 8.430121138362320354e-02
-1.934349401693068737e-01 8.517686324975169698e-02
-2.045488051436175903e-01 9.147310152276885709e-02
-2.063379633182433615e-01 9.118169362720660032e-02
-2.016416147020829441e-01 7.787449481930854012e-02
-2.027605029608831044e-01 7.467156959002384242e-02
-2.035072260120508736e-01 7.117908958254318130e-02
-2.047891686031602654e-01 6.847310555438032575e-02
-2.063312686841278776e-01 6.612368503754496862e-02
-2.080853669247684223e-01 6.400151225971172086e-02
-2.108012480941343358e-01 6.228879621645878190e-02
-2.138127819799764406e-01 6.105736141901819958e-02
-2.145528421385435591e-01 5.870081879336060127e-02
-2.165522148639505706e-01 5.692629996709636792e-02
-2.222602718294156843e-01 5.660425560546088891e-02
-2.270595158471906960e-01 5.630340559539115386e-02
-2.168888610135661088e-01 4.582498893848307303e-02
-2.173336442008623748e-01 4.332128937835975913e-02
-2.183653812347600420e-01 4.144437213858000874e-02
-2.203879431609589989e-01 3.971706566580505970e-02
-2.219674171319385159e-01 3.803394945769621172e-02
-2.223899333563346681e-01 3.611644991134495275e-02
-2.221468630323199245e-01 3.378880547071842766e-02
-2.209377304184819701e-01 3.069762357151187282e-02
-2.205584780679777090e-01 2.809358875642777378e-02
-2.386474049273747677e-01 2.667416270278624019e-02
-2.387453177695901818e-01 2.541656696173666408e-02
-2.388517318950241497e-01 2.462369631879077550e-02
-2.391213265756746420e-01 2.371209693708735064e-02
-2.401351087904098902e-01 2.262924688744069254e-02
-2.344036162181379612e-01 1.857558575729238021e-02
-2.286645806740553177e-01 1.432772178355903349e-02
-2.284470412279743234e-01 1.204803762770598717e-02
-2.280294740527977482e-01 9.800488847576680276e-03
-2.268640792233835302e-01 7.370779394428731909e-03
-2.250182256307259321e-01 4.718223969601648658e-03
-2.230957203696354030e-01 1.962967877743267749e-03
-2.224789674544342122e-01 -7.335993653822959603e-04
-2.205742000499242017e-01 -3.531550380557274983e-03
-2.185735139256336224e-01 -6.480752370478636698e-03
-2.083396677331213476e-01 -1.036374430183072300e-02
-2.074627319385989044e-01 -1.327920294098661885e-02
-2.089543589417656166e-01 -1.770523894835744280e-02
-2.081364054725867718e-01 -2.044897271314443862e-02
-2.049442183914713667e-01 -2.272817466347086882e-02
-2.025566598870190693e-01 -2.542440610926569033e-02
-2.007794192068966532e-01 -2.807836761973807327e-02
-2.022356187260579696e-01 -3.382113062442016621e-02
-2.049948541257467505e-01 -4.061398908892512732e-02
-2.075158699312288912e-01 -4.700623784137574618e-02
-2.014999444693192088e-01 -4.768038620034388553e-02
-1.959353061353948933e-01 -4.867748470323050858e-02
-1.923601339885060157e-01 -5.032386839383160698e-02
-1.905455079489042913e-01 -5.280581529003194191e-02
-1.931951006241380830e-01 -6.228970930678474210e-02
-1.918592462548240341e-01 -6.396765184026143025e-02
-1.908361801665898472e-01 -6.553458631843434024e-02
-1.903024088572125294e-01 -6.787554027536703283e-02
-1.895672078395070903e-01 -6.996999726027142152e-02
-1.955453443912743561e-01 -8.418938982581049280e-02
-1.942203934037138313e-01 -8.454345846070378256e-02
-1.933516527591785938e-01 -8.509601886804760151e-02
-1.925315811181818049e-01 -8.573042878118766752e-02
-1.915802308481506233e-01 -8.619875420756976936e-02
-1.895563436708092298e-01 -8.613387354723055223e-02
-1.792195560176364499e-01 -7.894653490812672536e-02
-1.769919923989369259e-01 -8.073519569702412857e-02
-1.749167496889315609e-01 -8.308811117639412769e-02
-1.722799318620971409e-01 -8.384175599669210777e-02
-1.699359957204453486e-01 -8.527397997824509579e-02
-1.673094251585919012e-01 -8.597613110379274948e-02
-1.643688237362044835e-01 -8.626266517495803643e-02
-1.612741522263103355e-01 -8.633121520493167167e-02
-1.579884445089913270e-01 -8.621291452266154065e-02
-1.544141388774747381e-01 -8.568379040126644641e-02
-1.507889068773791141e-01 -8.517557916315023070e-02
-1.470077934554893107e-01 -8.807681969943807754e-02
-1.442475384313323394e-01 -9.120951843501561018e-02
-1.416110597873566357e-01 -9.143555390029096952e-02
-1.388439078400560411e-01 -9.310569667742417399e-02
-1.364908557909505216e-01 -9.409133892514170983e-02
-1.343207438852281332e-01 -9.432051943071034783e-02
-1.321208168620835732e-01 -9.446360999563506444e-02
-1.299142841475275645e-01 -9.460244552308316734e-02
-1.273049805158520398e-01 -9.489336790184016435e-02
-1.219994398330816188e-01 -7.686777469543096264e-02
-1.188623143501558732e-01 -7.529822478156891763e-02
-1.156902950333784791e-01 -7.519126764876550573e-02
-1.125756615147082002e-01 -7.527056603998204254e-02
-1.096905137127517221e-01 -7.415183001257018292e-02
-1.065202011009316052e-01 -7.292699743488607889e-02
-1.035493788376313368e-01 -7.135922547311761288e-02
-1.002825537184119098e-01 -7.048211276383967161e-02
-9.705721582208223785e-02 -6.892782210114255237e-02
-9.282455958287712250e-02 -6.903530840786357980e-02
-8.968479759951718255e-02 -6.756111773711469259e-02
-8.680631172115366168e-02 -6.519044098965474932e-02
-8.399532490048858269e-02 -6.252063954327469197e-02
-8.082083371317419496e-02 -6.056516892240906835e-02
-7.747779353133435465e-02 -5.878025284467577882e-02
-7.448581798704306811e-02 -5.649416030354738327e-02
-7.140891530049292557e-02 -5.440668943973694244e-02
-6.808555841291318023e-02 -5.256400544430185617e-02
-6.503820715126507057e-02 -5.051200851292841215e-02
-6.034612043408891374e-02 -4.967572606599979235e-02
-5.543606306069315259e-02 -4.910842819319187480e-02
-5.459693168026097387e-02 -4.416703042981660193e-02
-5.312913244842054628e-02 -4.024115396877680356e-02
-5.118344912736044056e-02 -3.731162814298614322e-02
-4.567660272220479961e-02 -3.592853683311628826e-02
-4.335258141792606296e-02 -3.348000675063318027e-02
-4.140598045229710450e-02 -3.089516707465221265e-02
-3.893021585741399809e-02 -2.845145260066131790e-02
-3.656909765800624851e-02 -2.708391379855957376e-02
-3.367808058424510975e-02 -2.366938817888477112e-02
-3.184012934610103152e-02 -2.195962679133935808e-02
-2.918669875205242778e-02 -1.962737725187435611e-02
-2.686597783987881502e-02 -1.770662873145231742e-02
-2.267465100162433661e-02 -1.591551005230341931e-02
-2.069520396961864808e-02 -1.369280237308897509e-02
-2.011704168190193293e-02 -1.212304590295498925e-02
-1.607256031002812433e-02 -1.044157924585666260e-02
-1.509788099147909429e-02 -9.090992054534953806e-03
-1.483009930282627384e-02 -8.051322995501042357e-03
-4.613772566108055757e-03 -9.734971863913846959e-03
-5.356551441764948601e-03 -8.303086232299526290e-03
-5.785212209672838633e-03 -7.274885365247375779e-03
-6.079871722549953610e-03 -6.350802540220653811e-03
-6.260278676051743429e-03 -5.432622908261098942e-03
-6.271174062987106869e-03 -4.482849333994756887e-03
-5.894503946138014228e-04 -1.946228991850141882e-03
