-1.977524614680160539e-03 -1.977524614680160539e-03
-3.955049229360321078e-03 -3.955049229360321078e-03
-4.301282495230248325e-03 -4.185871406606938953e-03
-4.630869931010275081e-03 -4.405596363793624036e-03
-4.960457366790300970e-03 -4.625321320980308251e-03
-5.290044802570328594e-03 -4.845046278166992466e-03
-5.619632238350356218e-03 -5.064771235353677549e-03
-5.949219674130382107e-03 -5.273398972480428104e-03
-6.278807109910408864e-03 -5.273398972480428104e-03
-6.608394545690436488e-03 -5.273398972480428104e-03
-6.937981981470463244e-03 -5.273398972480428104e-03
-7.267569417250489133e-03 -5.273398972480428104e-03
-7.597156853030516757e-03 -5.273398972480428104e-03
-7.926744288810542646e-03 -5.273398972480428104e-03
-8.256331724590570270e-03 -5.273398972480428104e-03
-8.585919160370597894e-03 -5.273398972480428104e-03
-8.915506596150623783e-03 -5.273398972480428104e-03
-9.245094031930649672e-03 -5.273398972480428104e-03
-9.574681467710677296e-03 -5.273398972480428104e-03
-9.904268903490703185e-03 -5.284496192540361764e-03
-1.023385633927072907e-02 -5.504221149727045979e-03
-1.056344377505075670e-02 -5.723946106913731062e-03
-1.089303121083078259e-02 -5.943671064100414410e-03
-1.122261864661081021e-02 -6.163396021287099492e-03
-1.155220608239083610e-02 -6.383120978473783708e-03
-1.188179351817086372e-02 -6.608394545690436488e-03
-1.364292234168231963e-02 -8.369523369201891522e-03
-1.562044695636248363e-02 -1.034704798388205553e-02
-1.654595510936094152e-02 -1.054679794496085621e-02
-1.720512998092099677e-02 -1.054679794496085621e-02
-1.786430485248104855e-02 -1.054679794496085621e-02
-1.852347972404110032e-02 -1.054679794496085621e-02
-1.918265459560115210e-02 -1.054679794496085621e-02
-1.984182946716120735e-02 -1.054679794496085621e-02
-2.050100433872126260e-02 -1.054679794496085621e-02
-2.116017921028131091e-02 -1.054679794496085621e-02
-2.181935408184136616e-02 -1.054679794496085621e-02
-2.247852895340142140e-02 -1.054679794496085621e-02
-2.313770382496147665e-02 -1.054679794496085621e-02
-2.378578147646159477e-02 -1.055789516502078987e-02
-2.442276190790178270e-02 -1.068529125130882745e-02
-2.508193677946183447e-02 -1.081712622562083781e-02
-2.574111165102188625e-02 -1.094896119993284817e-02
-2.640028652258194150e-02 -1.108079617424486026e-02
-2.704614473007007150e-02 -1.122594781262878892e-02
-2.744164965300610257e-02 -1.162145273556481999e-02
-2.783715457594213363e-02 -1.201695765850085279e-02
-2.823265949887816817e-02 -1.241246258143688386e-02
-2.862816442181420271e-02 -1.280796750437291839e-02
-2.902366934475023030e-02 -1.320347242730894599e-02
-3.010897746661173741e-02 -1.428878054917044962e-02
-3.142732720973184790e-02 -1.530972479468434289e-02
-3.274567695285194452e-02 -1.574917470905770958e-02
-3.406402669597206195e-02 -1.582019691744128431e-02
-3.538237643909217245e-02 -1.582019691744128431e-02
-3.670072618221227601e-02 -1.582019691744128431e-02
-3.889464658806116026e-02 -1.780105069813944785e-02
-4.054258376696127930e-02 -1.944898787703957035e-02
-4.219052094586143303e-02 -2.109692505593972062e-02
-4.383845812476155207e-02 -2.274486223483984312e-02
-4.548639530366167805e-02 -2.439279941373996563e-02
-4.713433248256182484e-02 -2.604073659264011589e-02
-4.878226966146195082e-02 -2.768867377154023840e-02
-5.043020684036207679e-02 -2.933661095044036091e-02
-5.207814401926222359e-02 -3.098454812934051117e-02
-5.372608119816234956e-02 -3.263248530824063715e-02
-5.537401837706249635e-02 -3.428042248714078394e-02
-5.691098335536327879e-02 -3.583958190556144063e-02
-5.837026779324454295e-02 -3.744479478723082566e-02
-6.001820497214468281e-02 -3.925752568402098019e-02
-6.166614215104480878e-02 -4.107025658081111391e-02
-6.328078766976513725e-02 -4.285635414945741795e-02
-6.328078766976513725e-02 -4.335073530312745504e-02
-6.328078766976513725e-02 -4.384511645679749908e-02
-6.328078766976513725e-02 -4.433949761046754312e-02
-6.328078766976513725e-02 -4.483387876413758022e-02
-6.328078766976513725e-02 -4.624211598974316273e-02
-6.517175396797783571e-02 -4.916512375352967423e-02
-6.755543683685154288e-02 -5.173523991941025857e-02
-6.953296145153170515e-02 -5.371276453409042778e-02
-7.151048606621185355e-02 -5.569028914877057618e-02
-7.348801068089202970e-02 -5.766781376345074539e-02
-7.382758561472599346e-02 -6.017800494100773723e-02
-7.433139940544698787e-02 -6.347387929880798918e-02
-7.731655160156912510e-02 -6.676975365660826889e-02
-7.910098458720642156e-02 -7.006562801440850696e-02
-7.910098458720642156e-02 -7.336150237220878667e-02
-8.193077570248950836e-02 -7.665737673000908026e-02
-8.401483362974500324e-02 -7.970023447044283227e-02
-8.437438355968684967e-02 -8.329573376986133815e-02
-8.437438355968684967e-02 -8.725078299922163494e-02
-8.533318337286510680e-02 -9.024703241540368848e-02
-8.818960781629202328e-02 -9.346300678877245138e-02
-8.715090801868223547e-02 -9.741805601813274818e-02
-8.472061682555677431e-02 -1.027646966430087599e-01
-8.437438355968684967e-02 -1.128986780017399577e-01
-8.437438355968684967e-02 -1.206889264838134079e-01
-8.437438355968684967e-02 -1.246439757131737741e-01
-8.445428354411836647e-02 -1.281995250203764591e-01
-8.489373345849172969e-02 -1.299573246778699398e-01
-8.533318337286509292e-02 -1.317151243353633927e-01
-8.581258327945423536e-02 -1.332731740317780744e-01
-8.711095802646647013e-02 -1.345715487787903508e-01
-8.908848264114663240e-02 -1.365490733934704992e-01
-8.964778253216727777e-02 -1.413830224515774392e-01
-8.964778253216727777e-02 -1.453380716809378193e-01
-8.964778253216727777e-02 -1.492931209102981160e-01
-8.964778253216727777e-02 -1.532481701396584961e-01
-8.960516920713713918e-02 -1.571392993814735850e-01
-8.907782930988909775e-02 -1.603033387649618613e-01
-8.855048941264105633e-02 -1.634673781484501098e-01
-8.741058296808468242e-02 -1.657125677109758666e-01
-8.582856327634055815e-02 -1.672945874027199908e-01
-8.424654358459637837e-02 -1.688766070944641706e-01
-8.249673392554607299e-02 -1.706264167535144760e-01
-8.051920931086593847e-02 -1.726039413681945967e-01
-7.979345111894627085e-02 -1.745814659828747728e-01
-7.913427624738622601e-02 -1.765589905975549490e-01
-7.910098458720642156e-02 -1.793355150565503764e-01
-7.910098458720642156e-02 -1.832905642859106732e-01
-7.776265984797846309e-02 -1.859072887760429560e-01
-7.578513523329825918e-02 -1.878848133907231321e-01
-7.382758561472599346e-02 -1.906213878575027942e-01
-7.374768563029443502e-02 -1.945764370868631188e-01
-7.041186128027840385e-02 -1.985314863162234433e-01
-6.645681205091814869e-02 -2.003891609542562680e-01
-6.230201286047901132e-02 -2.017674356856999918e-01
-5.716843886075380354e-02 -2.065015097632676155e-01
-5.228455231237700424e-02 -2.113853963116444079e-01
-4.937153204664442713e-02 -2.142451499210893118e-01
-4.772359486774428727e-02 -2.145747373568693273e-01
-4.610229101698798404e-02 -2.148510581363616834e-01
-4.346559153074774223e-02 -2.122143586501214207e-01
-3.753301768670727623e-02 -2.153570913710946555e-01
-3.160044384266678941e-02 -2.166754411142147729e-01
-2.636699486240214052e-02 -2.221818817079537489e-01
-2.444939523604562279e-02 -2.263966058867165621e-01
-1.797749649709242531e-02 -2.267561558166584224e-01
-1.126589780484455947e-02 -2.267561558166584224e-01
-7.610473517102430731e-03 -2.268560307971978218e-01
-5.632948902422262386e-03 -2.275152056687578805e-01
-3.805236758551207125e-03 -2.282243180305876251e-01
-2.536824505700787692e-03 -2.294927302834380567e-01
-5.592998910206401636e-04 -2.314702548981182051e-01
7.410723556023621379e-03 -2.320295547891388366e-01
1.202494765694381122e-02 -2.320295547891388366e-01
1.663917175786430724e-02 -2.320295547891388366e-01
2.125339585878465234e-02 -2.320295547891388366e-01
2.586761995970515010e-02 -2.320295547891388366e-01
2.968284421631027861e-02 -2.318963881484196465e-01
3.337821849626819437e-02 -2.316500298630891075e-01
3.772278014973214078e-02 -2.312205674467696925e-01
3.871154245707222191e-02 -2.302318051394296183e-01
3.970030476441230999e-02 -2.292430428320895164e-01
4.112851698612577517e-02 -2.278148306103760512e-01
4.791002816475124076e-02 -2.267561558166584224e-01
5.680888893081180446e-02 -2.267561558166584224e-01
6.057417569714732691e-02 -2.241893688167957976e-01
6.459247908084927992e-02 -2.217490901256163882e-01
7.295867328403322916e-02 -2.214827568441779804e-01
7.975350112673051939e-02 -2.204307403824962708e-01
8.298612133018910819e-02 -2.175976201011952937e-01
8.856913274234172462e-02 -2.162093578716975384e-01
9.450170658638222532e-02 -2.162093578716975384e-01
1.007438928700947894e-01 -2.141619207706398353e-01
1.046889546014012767e-01 -2.117149837474243956e-01
1.096327661381015922e-01 -2.067711722107240802e-01
1.145765776748019077e-01 -2.018273606740237647e-01
1.192707017601538216e-01 -1.971332365886718507e-01
1.225665761179541846e-01 -1.938373622308715016e-01
1.241312841464048550e-01 -1.919264209365509066e-01
1.252299089323382353e-01 -1.903883462362441770e-01
1.263285337182716850e-01 -1.888502715359373363e-01
1.265615753395302745e-01 -1.880046633673703727e-01
1.265615753395302745e-01 -1.867062886203581518e-01
1.303568246000276210e-01 -1.807737147763176511e-01
1.407438225761252215e-01 -1.792955650643345555e-01
1.423817722569715727e-01 -1.741819660607172027e-01
1.474820545965170038e-01 -1.683492671972161014e-01
1.481412294680770625e-01 -1.634054556605157027e-01
1.526688952525299681e-01 -1.584616441238152762e-01
1.534146284405574490e-01 -1.532748034678024229e-01
1.611582685983790619e-01 -1.446988718054857681e-01
1.631424515450952961e-01 -1.397583894348032318e-01
1.634753681468932851e-01 -1.339922738916617118e-01
1.634753681468932851e-01 -1.280597000476213498e-01
1.613979685516739315e-01 -1.244841757443109348e-01
1.615977185127524252e-01 -1.126190280562298363e-01
1.582019691744128431e-01 -9.282380691332023370e-02
1.571499527127311335e-01 -8.899526599264315219e-02
1.549060948166123830e-01 -8.635190817436681765e-02
1.483143461010121567e-01 -7.448676048628614932e-02
1.423817722569716282e-01 -6.262161279820517568e-02
1.371083732844911307e-01 -5.075646511012411877e-02
1.285390999542103396e-01 -4.416471639452348996e-02
1.074455040642885578e-01 -2.834451947708219871e-02
8.898860766060714966e-02 -1.582019691744128431e-02
6.987253638536586320e-02 -5.273398972480428104e-03
2.175277076148182664e-02 0.000000000000000000e+00
