-3.070749477942530826e-04 -3.070688627643744506e-04
-6.141498955885061652e-04 -6.141377255287489012e-04
-9.212248433827588141e-04 -9.212065882931229181e-04
-1.228299791177012330e-03 -1.228275451057497802e-03
-1.535374738971264979e-03 -1.535344313821871819e-03
-1.842449686765518062e-03 -1.842413176586246270e-03
-2.149500294440256833e-03 -2.149475954320742305e-03
-2.456550902114995171e-03 -2.456538732055237907e-03
-2.763601509789733943e-03 -2.763601509789733943e-03
-3.070652117464472714e-03 -3.070664287524229978e-03
-3.377702725139210618e-03 -3.377727065258725146e-03
-3.684753332813949390e-03 -3.684789842993221182e-03
-4.362698681649819846e-03 -3.868235238743723825e-03
-5.040644030485689001e-03 -4.051680634494225601e-03
-5.718589379321559890e-03 -4.235126030244728244e-03
-6.396534728157427310e-03 -4.418571425995230020e-03
-7.074480076993296465e-03 -4.602016821745731796e-03
-7.752425425829166487e-03 -4.785462217496234440e-03
-8.980700876886663422e-03 -4.785462217496234440e-03
-1.020897632794416296e-02 -4.785462217496234440e-03
-1.143725177900165729e-02 -4.785462217496234440e-03
-1.266552723005915683e-02 -4.785462217496234440e-03
-1.389380268111665637e-02 -4.785462217496234440e-03
-1.512207813217415070e-02 -4.785462217496234440e-03
-1.635035358323164503e-02 -4.785462217496234440e-03
-1.757862903428914977e-02 -4.785462217496234440e-03
-1.880690448534664411e-02 -4.785462217496234440e-03
-2.003517993640414538e-02 -4.785462217496234440e-03
-2.126345538746163971e-02 -4.785462217496234440e-03
-2.249173083851914098e-02 -4.785462217496235307e-03
-2.297824114737388734e-02 -5.032709151523979789e-03
-2.346475145622863717e-02 -5.279956085551723403e-03
-2.395126176508338700e-02 -5.527203019579467885e-03
-2.443777207393813683e-02 -5.774449953607211500e-03
-2.492428238279288666e-02 -6.021696887634955982e-03
-2.541079269164763649e-02 -6.268943821662701331e-03
-2.697408333496383384e-02 -7.832203486644971971e-03
-2.946608672752069544e-02 -9.349777853667695648e-03
-3.157336773243429179e-02 -9.570924434992468879e-03
-3.341576873896077993e-02 -9.570924434992468879e-03
-3.525816974548726113e-02 -9.570924434992468879e-03
-3.710057075201374233e-02 -9.570924434992468879e-03
-3.894297175854023046e-02 -9.570924434992468879e-03
-4.078537276506673248e-02 -9.570924434992468879e-03
-4.363077944966618077e-02 -1.050240015658771009e-02
-4.571974291655647726e-02 -1.222155017368683344e-02
-4.826939551339361201e-02 -1.435638665248870419e-02
-5.103296604484940796e-02 -1.435638665248870419e-02
-5.379659853297307642e-02 -1.551288530383623972e-02
-5.656016906442885850e-02 -1.827647630311979646e-02
-5.989901610787047581e-02 -1.908771054354977542e-02
-6.352964881615436044e-02 -1.914184886998493776e-02
-6.687341182615849644e-02 -1.948286980233897986e-02
-6.894787448245326411e-02 -2.109325820812595065e-02
-7.079032416921879345e-02 -2.293567138471220429e-02
-7.744716541189251846e-02 -2.381516951866370635e-02
-8.265557433078102312e-02 -2.392731108748117133e-02
-8.634037634383398552e-02 -2.392731108748117133e-02
-9.001873486343008046e-02 -2.392860037623605746e-02
-9.362379864495370962e-02 -2.394455532457777716e-02
-9.722886242647733879e-02 -2.396051027291949687e-02
-1.005922322632596677e-01 -2.402480224001898174e-02
-1.020499472693922466e-01 -2.548257502320293647e-02
-1.038923704033000994e-01 -2.732498156157476751e-02
-1.063807714581688491e-01 -2.852135375416325544e-02
-1.098742247280280748e-01 -2.871277330497740837e-02
-1.135590046136996933e-01 -2.871277330497740837e-02
-1.184967076405443465e-01 -3.247153277117503095e-02
-1.215480386203102170e-01 -3.540975521555726757e-02
-1.233904396268367260e-01 -3.725215622208377653e-02
-1.251719372288617738e-01 -3.905395323792408557e-02
-1.265836641606996327e-01 -4.060922602459839797e-02
-1.279953910925375193e-01 -4.216449881127271038e-02
-1.292074798723983342e-01 -4.358668179132039328e-02
-1.292074798723983342e-01 -4.612387704123210863e-02
-1.311615400708282531e-01 -4.980868790523762524e-02
-1.337111926676654017e-01 -5.230026571449267886e-02
-1.355535243417302638e-01 -5.264008439245857623e-02
-1.381756396871000325e-01 -5.297699663888064819e-02
-1.387784043073908014e-01 -5.605903698196037371e-02
-1.403965037367978785e-01 -5.890590733137291563e-02
-1.419633679522064040e-01 -6.061054455221156351e-02
-1.438058176389719334e-01 -6.245293947370818277e-02
-1.456298956985596915e-01 -6.431370307206502046e-02
-1.468578458771109541e-01 -6.634621745008299765e-02
-1.479680474084038855e-01 -6.818383318911294677e-02
-1.483493287423832685e-01 -7.075038830252028399e-02
-1.483493287423832685e-01 -7.369823478098656844e-02
-1.483493287423832685e-01 -7.664608125945285289e-02
-1.483493287423832685e-01 -7.959392773791917897e-02
-1.483493287423832685e-01 -8.254177421638542178e-02
-1.486635257566633339e-01 -8.454702965201156550e-02
-1.491420719784129489e-01 -8.605923746522897710e-02
-1.496610800347163706e-01 -8.745006892076925831e-02
-1.509787107197971823e-01 -8.876767349554004483e-02
-1.527466471873558107e-01 -9.068451470091486166e-02
-1.531347909598795021e-01 -9.398115265801122720e-02
-1.531347909598795021e-01 -9.766597089781051122e-02
-1.517762966069991226e-01 -1.018532532884372094e-01
-1.485380635042570507e-01 -1.064313343685630436e-01
-1.483493287423832685e-01 -1.130046890013023525e-01
-1.483299923613774773e-01 -1.157296206993980586e-01
-1.480907046464309540e-01 -1.180146832894740372e-01
-1.477963168015387629e-01 -1.201895352935473532e-01
-1.464378504766748190e-01 -1.215480823833533508e-01
-1.445954332434019329e-01 -1.233904955599396253e-01
-1.437743864313056064e-01 -1.266336046155628892e-01
-1.435638665248870349e-01 -1.303579794218649446e-01
-1.435252055641455526e-01 -1.344840512061787896e-01
-1.433457945432045633e-01 -1.385397479603929505e-01
-1.408866628508416985e-01 -1.414556085346206638e-01
-1.381230484334128039e-01 -1.442192009168656308e-01
-1.356378989972373827e-01 -1.468435796167579799e-01
-1.341663562216927619e-01 -1.489611335043355411e-01
-1.339929420898945678e-01 -1.506250827119037239e-01
-1.339929420898945678e-01 -1.524674763426364099e-01
-1.309647932300177786e-01 -1.560743147401464637e-01
-1.275458394112169991e-01 -1.595818936385570708e-01
-1.238610373981639950e-01 -1.632666956516100609e-01
-1.211253594143727602e-01 -1.663187329865614683e-01
-1.196365554374058671e-01 -1.685395417178058297e-01
-1.196365554374058671e-01 -1.697678415089828308e-01
-1.196365554374058671e-01 -1.712318202850636184e-01
-1.177514131810119963e-01 -1.740168233981209678e-01
-1.150451695316477702e-01 -1.768680154095112200e-01
-1.132128807384104874e-01 -1.786900961041400226e-01
-1.114422830844516155e-01 -1.803889512558300712e-01
-1.097917987572408494e-01 -1.818475642648569035e-01
-1.075678722779604690e-01 -1.818475642648569035e-01
-1.029618535348978542e-01 -1.841658795148762018e-01
-9.835587535870121689e-02 -1.866330264823531371e-01
-9.374989718250446857e-02 -1.885923898765197171e-01
-8.736253867940393936e-02 -1.913865869165391198e-01
-7.928443434109827548e-02 -1.914929370120709018e-01
-7.465979540660719338e-02 -1.933260198095099747e-01
-7.189626691717604379e-02 -1.952813954807627317e-01
-6.769037687397023995e-02 -1.921123613378002692e-01
-6.032076399691174012e-02 -1.962039509173456042e-01
-5.182655793971286534e-02 -2.018029263111587313e-01
-4.829833370275808668e-02 -2.051745152408236406e-01
-4.534628877494945726e-02 -2.057748753523380714e-01
-4.074027519494254762e-02 -2.081038154333150758e-01
-3.613422399838725485e-02 -2.105603375698343049e-01
-3.152820820564220666e-02 -2.125303648866657680e-01
-2.011486948769442007e-02 -2.151703318657509079e-01
-1.555275220686257523e-02 -2.153457997873305385e-01
-9.411399291694846209e-03 -2.153457997873305385e-01
-3.270046376526711263e-03 -2.153457997873305385e-01
2.871306538641017758e-03 -2.153457997873305385e-01
8.366624001656721224e-03 -2.152740207748824464e-01
1.352889192145920703e-02 -2.152065920056130122e-01
1.765038001872078904e-02 -2.151527577462769292e-01
1.962709127988678665e-02 -2.148606197028862519e-01
2.008766719139888288e-02 -2.144000255362845109e-01
2.054824310291098258e-02 -2.139394313696827699e-01
2.100881901442312391e-02 -2.134788372030810011e-01
2.146941631573722267e-02 -2.130182323415782675e-01
2.193002873742859113e-02 -2.125576199198868921e-01
2.285590623153549439e-02 -2.116317424257799784e-01
2.731170439516934778e-02 -2.105603375698343049e-01
3.283892216633638172e-02 -2.105603375698343049e-01
3.593218772998848370e-02 -2.081264001139070674e-01
3.886326991426025668e-02 -2.057874429673807182e-01
4.254802472223302018e-02 -2.057748753523380714e-01
4.639110168153588731e-02 -2.024711234421290862e-01
5.099709092142332839e-02 -2.009894131348418378e-01
5.560306909761995181e-02 -1.980264284296804900e-01
6.020904727381665850e-02 -1.962039509173456042e-01
6.658173311032623831e-02 -1.918332376981611298e-01
7.026648644314020808e-02 -1.881484113449886086e-01
7.338774535697216439e-02 -1.866330264823531371e-01
7.656739547993975104e-02 -1.819379398661935265e-01
8.634393196816135541e-02 -1.672855655591390656e-01
8.880048287027642040e-02 -1.648290230162569592e-01
9.125703377239147152e-02 -1.623724964542614391e-01
9.371358467450636998e-02 -1.599159698922660577e-01
9.537029072964070542e-02 -1.576593961827827128e-01
9.549788163613544267e-02 -1.557850852795727437e-01
9.565124848333617091e-02 -1.535321257090477010e-01
9.570924434992468532e-02 -1.479904181909757477e-01
9.631617186823183963e-02 -1.431744943139071080e-01
9.992841819775030721e-02 -1.393446904643232676e-01
1.037562560294990194e-01 -1.387726039831525815e-01
1.053009537718237187e-01 -1.347692421737914648e-01
1.099952305258250634e-01 -1.292420384166326208e-01
1.107728840678827709e-01 -1.237148353970531356e-01
1.147988903017655576e-01 -1.110045843037553853e-01
1.148510932199096335e-01 -1.027199356118853046e-01
1.147191255173786034e-01 -9.445196764646601739e-02
1.143043698808524217e-01 -8.689095292049824060e-02
1.122190943108582750e-01 -8.350631768677364841e-02
1.097625611106483878e-01 -8.104977452924215509e-02
1.071570767051214373e-01 -7.844436756955001921e-02
1.052801687849171525e-01 -6.558211021714614730e-02
1.034856204533559920e-01 -5.563099827839363548e-02
9.721667663169328288e-02 -4.457659223923469277e-02
6.714002906984335717e-02 -9.714482459888667057e-03
5.118055346589442389e-02 -4.785462217496254389e-03
1.658160905873845223e-02 0.000000000000000000e+00
