-1.878203062877332953e-04 -9.243526774045430789e-04
-3.756406125754665907e-04 -1.848705354809086158e-03
-5.634609188631996149e-04 -2.773058032213628153e-03
-7.512812251509331813e-04 -3.697410709618172316e-03
-9.391015314386660972e-04 -4.621763387022714310e-03
-1.126921837726399447e-03 -5.546116064427257172e-03
-1.675637648771893199e-03 -6.254418821733009198e-03
-2.224353459817386518e-03 -6.962721579038759490e-03
-2.773069270862880270e-03 -7.671024336344511516e-03
-3.321785081908374022e-03 -8.379327093650263542e-03
-3.870500892953867341e-03 -9.087629850956013833e-03
-4.419216703999360660e-03 -9.795932608261765859e-03
-5.055099478637941311e-03 -1.086390960377330538e-02
-5.690982253276521095e-03 -1.193188659928484142e-02
-6.326865027915101747e-03 -1.299986359479638094e-02
-6.962747802553679796e-03 -1.406784059030791526e-02
-7.598630577192259580e-03 -1.513581758581945304e-02
-8.234513351830839364e-03 -1.620379458133099082e-02
-8.595408856588599225e-03 -1.670954878250517986e-02
-8.956304361346360821e-03 -1.721530298367936890e-02
-9.317199866104120681e-03 -1.772105718485355447e-02
-9.678095370861882277e-03 -1.822681138602774698e-02
-1.003899087561964214e-02 -1.873256558720193601e-02
-1.039988638037740200e-02 -1.923831978837612158e-02
-1.083321872577621033e-02 -1.946910170453515845e-02
-1.126655107117502039e-02 -1.969988362069419879e-02
-1.169988341657382871e-02 -1.993066553685323566e-02
-1.213321576197263878e-02 -2.016144745301227253e-02
-1.256654810737144537e-02 -2.039222936917131287e-02
-1.299988045277025717e-02 -2.062301128533035321e-02
-1.318770075905798846e-02 -2.101337452842502035e-02
-1.337552106534572148e-02 -2.140373777151969095e-02
-1.356334137163345450e-02 -2.179410101461436156e-02
-1.375116167792118753e-02 -2.218446425770902869e-02
-1.393898198420892055e-02 -2.257482750080369929e-02
-1.412680229049665358e-02 -2.296519074389836990e-02
-1.389479161535280699e-02 -2.315300917707789272e-02
-1.366278094020896040e-02 -2.334082761025741901e-02
-1.343077026506511382e-02 -2.352864604343694530e-02
-1.319875958992126549e-02 -2.371646447661646812e-02
-1.296674891477741891e-02 -2.390428290979599441e-02
-1.273473823963357406e-02 -2.409210134297551723e-02
-1.254691793334584103e-02 -2.449596782314562501e-02
-1.235909762705810627e-02 -2.489983430331573280e-02
-1.217127732077037325e-02 -2.530370078348584059e-02
-1.198345701448264022e-02 -2.570756726365595185e-02
-1.179563670819490720e-02 -2.611143374382605617e-02
-1.160781640190717418e-02 -2.651530022399616396e-02
-8.492760710412701128e-03 -2.859589921306648908e-02
-6.669709218584509228e-03 -3.603447235327295051e-02
-6.424593143196539839e-03 -3.849743058593974032e-02
-6.440552025133387121e-03 -3.917627122423321395e-02
-6.456510907070233535e-03 -3.985511186252667370e-02
-6.472469789007079949e-03 -4.053395250082014040e-02
-6.488428670943926363e-03 -4.121279313911361403e-02
-6.525467020732383765e-03 -4.186683458153727527e-02
-6.958799366131196429e-03 -4.205465114160859136e-02
-7.392131711530002154e-03 -4.224246770167990744e-02
-7.825464056928811349e-03 -4.243028426175122353e-02
-8.258796402327621411e-03 -4.261810082182253961e-02
-8.692128747726429738e-03 -4.280591738189385570e-02
-9.113743382259389611e-03 -4.301785115616450078e-02
-9.315065052514349617e-03 -4.368318855738252682e-02
-9.516386722769313092e-03 -4.434852595860055285e-02
-9.717708393024274832e-03 -4.501386335981858583e-02
-9.919030063279236573e-03 -4.567920076103661187e-02
-1.012035173353420005e-02 -4.634453816225464484e-02
-1.029910604473027388e-02 -4.699883992887872453e-02
-1.005359400561920032e-02 -4.744567176513655310e-02
-9.808081966508121544e-03 -4.789250360139438167e-02
-9.562569927397047975e-03 -4.833933543765221025e-02
-9.317057888285969203e-03 -4.878616727391004576e-02
-9.071545849174895634e-03 -4.923299911016787433e-02
-8.826033810063822066e-03 -4.967914896475521952e-02
-2.110047088151410094e-03 -5.511061071347666401e-02
1.303501224328641045e-02 -6.913232584386642954e-02
1.727177195146416266e-02 -7.857825996438885796e-02
1.694033069866421326e-02 -8.000419280863564631e-02
1.660888944586426039e-02 -8.143012565288244853e-02
1.627744819306430751e-02 -8.285605849712925075e-02
1.602064355918552882e-02 -8.402338552664391502e-02
1.602506709153084241e-02 -8.428559220459615198e-02
1.602949062387615253e-02 -8.454779888254838893e-02
1.603391415622146612e-02 -8.481000556050063977e-02
1.603833768856677625e-02 -8.507221223845287672e-02
1.615733350583059905e-02 -8.532623518176807309e-02
1.785389529448289450e-02 -8.606156547150183023e-02
2.045382670289206881e-02 -8.718846483192974062e-02
2.160972836264745539e-02 -9.078462045811118430e-02
2.198536897522292491e-02 -9.410639804758676175e-02
2.236100958779839096e-02 -9.742817563706226980e-02
2.276069954751112207e-02 -9.880147893883306498e-02
2.316088537005143305e-02 -1.001346075130223334e-01
2.356107119259173363e-02 -1.014677360872115880e-01
2.453136455441172481e-02 -1.052569079083296166e-01
2.551341271085601908e-02 -1.090967197963945701e-01
2.649546086730031336e-02 -1.129365316844595235e-01
2.557232502910107216e-02 -1.145921254860960276e-01
2.460990704668238049e-02 -1.162026838632700537e-01
2.364748906426368882e-02 -1.178132422404440660e-01
1.850314865607930251e-02 -1.195442744724047879e-01
1.303445734916983123e-02 -1.249924133549197430e-01
9.221446574483035258e-03 -1.298955063562174383e-01
5.730272571059064415e-03 -1.322229631842662401e-01
5.476495697401588363e-03 -1.355440170728429428e-01
6.161468891969851952e-03 -1.377665161555338968e-01
6.846442086538114674e-03 -1.399890152382248232e-01
7.597479467056805422e-03 -1.417999468117700501e-01
8.554967428670623431e-03 -1.423247299192349213e-01
9.512455390284422357e-03 -1.428495130266997926e-01
1.046994335189819873e-02 -1.433742961341646083e-01
1.126361131298298131e-02 -1.438968464966448868e-01
1.191244509834061237e-02 -1.450842268183012429e-01
1.479231831812477353e-02 -1.479526917873999203e-01
1.536479467707826604e-02 -1.516333698511085348e-01
2.009266964411527551e-02 -1.525245763462197146e-01
2.719825318622022189e-02 -1.526043357912173770e-01
3.522994411079512223e-02 -1.562200544622535103e-01
3.885238311567777714e-02 -1.594695440758898963e-01
4.010153968126919238e-02 -1.617069779611752800e-01
4.132909987682453767e-02 -1.634697526038088600e-01
4.215707334174179782e-02 -1.659751148277093247e-01
4.236205782779785267e-02 -1.686973216804366904e-01
4.119347806351330438e-02 -1.713979541106585014e-01
4.389443978237420746e-02 -1.716759873761312394e-01
4.943317194072156112e-02 -1.717847667730822703e-01
5.084955642856450742e-02 -1.771922659620134011e-01
4.830638405861253232e-02 -1.814964458389063950e-01
4.769330143821868401e-02 -1.865249243063584472e-01
5.023080998303489086e-02 -1.883286476486694672e-01
5.212113829971550677e-02 -1.853820557902789434e-01
5.556154198895101037e-02 -1.834272522510172199e-01
5.893121189023303036e-02 -1.843722489648359220e-01
6.068165489659523709e-02 -1.872948830881087934e-01
6.162444270498834004e-02 -1.920381774819187037e-01
6.320201121926309618e-02 -1.937610771699652124e-01
6.538466316018580471e-02 -1.963590387496691458e-01
6.860089484832593287e-02 -2.026736012028704514e-01
6.620052643184659580e-02 -2.110064379778280319e-01
7.951330177785718989e-02 -2.080928753743700454e-01
8.513421207474716756e-02 -2.008032542963850420e-01
8.831156030691207637e-02 -2.013049925535601026e-01
9.213708571486620147e-02 -2.038791490848459731e-01
9.416993259144142148e-02 -2.053522213195124180e-01
9.608176229832773863e-02 -2.066268999872204193e-01
9.781509167992290255e-02 -2.076089481436646511e-01
9.954842106151812198e-02 -2.085909963001089662e-01
1.011021984527044337e-01 -2.093558032585541295e-01
1.025538813809332012e-01 -2.098562875549248585e-01
1.044596120961302499e-01 -2.105356482361700476e-01
1.050230280603964700e-01 -2.118356340337172461e-01
1.056162039678800874e-01 -2.131077952061523617e-01
1.074950257997559222e-01 -2.130364508227634568e-01
1.088527145687757103e-01 -2.129848953924313171e-01
1.104137567439278794e-01 -2.128804660906316593e-01
1.122624695911697973e-01 -2.127012396048047482e-01
1.141111824384117013e-01 -2.125220131189778650e-01
1.153569469753200072e-01 -2.129721656733648827e-01
1.161465413233771643e-01 -2.156666932844495954e-01
1.190361401750669734e-01 -2.113029814310596610e-01
1.186591923978459334e-01 -2.009598935190132218e-01
1.195735316658109587e-01 -1.967858442778958050e-01
1.203493281311953933e-01 -1.950525298811662256e-01
1.223696712725874242e-01 -1.936811780932647387e-01
1.248317945909205723e-01 -1.923171682840916497e-01
1.276699281485156878e-01 -1.908146358035210932e-01
1.290500554672944500e-01 -1.881461460615203030e-01
1.303891902480956988e-01 -1.825529284775157801e-01
1.342437281723311560e-01 -1.803509133656283625e-01
1.364330388426527596e-01 -1.797324436860267272e-01
1.359789174936166523e-01 -1.726456960443856770e-01
1.383011584531957938e-01 -1.679471973171877963e-01
1.414444356416991178e-01 -1.604758391072461376e-01
1.469323281619340782e-01 -1.570314302964144482e-01
1.501741170682396875e-01 -1.546883568922238494e-01
1.543771472666033151e-01 -1.524927353230216276e-01
1.548734581265230337e-01 -1.482473139992180888e-01
1.569973421488153609e-01 -1.383964785459730062e-01
1.611335383326751303e-01 -1.324006332874543834e-01
1.563986086725160374e-01 -1.232712298880788981e-01
1.549422177719464999e-01 -1.140422731713749555e-01
1.567046822732694189e-01 -1.104421832611443138e-01
1.582843014437065599e-01 -1.067318106427231073e-01
1.430113204008391370e-01 -1.028726635100338793e-01
1.554414771690704744e-01 -9.061626170826962701e-02
1.538132925030888665e-01 -8.695724018110323472e-02
1.512697913742661049e-01 -8.396511737598813530e-02
1.458341512319788480e-01 -6.042541812101252102e-02
1.227585070432387487e-01 -4.959097812868406424e-02
1.103699192005452856e-01 -3.693728178880149177e-02
9.869583972265220939e-02 -1.982018961471269936e-02
8.086432909295711291e-02 -2.798837245866274415e-02
7.115674350645981305e-02 -1.428143486554511211e-02
5.786960317882626492e-02 -3.577356461342646315e-02
8.230791111198805521e-02 -4.253496077599404346e-02
6.560323241082498258e-02 -5.155752821332595243e-02
4.116501438685723352e-02 -5.000343655620674566e-02
1.914993905066397772e-02 -3.293053475097436344e-02
2.253843675452807567e-03 -5.199943190188718346e-03
