0.000000000000000000e+00 -5.550273034069414489e-03
0.000000000000000000e+00 -1.110054606813882898e-02
-3.657343039369742674e-04 -1.170654341858979285e-02
-7.138852278769790456e-04 -1.228340628103830739e-02
-1.062036151816982523e-03 -1.286026914348682021e-02
-1.410187075756987084e-03 -1.343713200593533476e-02
-1.758337999696992079e-03 -1.401399486838384931e-02
-2.112268883096641865e-03 -1.458508257732570382e-02
-2.574863004337623728e-03 -1.504759740034239228e-02
-3.037457125578606892e-03 -1.551011222335908074e-02
-3.500051246819590057e-03 -1.597262704637577094e-02
-3.962645368060571487e-03 -1.643514186939245766e-02
-4.425239489301555085e-03 -1.689765669240914786e-02
-4.887827202605219030e-03 -1.734836088595902853e-02
-5.350294446687331451e-03 -1.757702524553296161e-02
-5.812761690769444739e-03 -1.780568960510689469e-02
-6.275228934851555425e-03 -1.803435396468082777e-02
-6.737696178933667845e-03 -1.826301832425476085e-02
-7.200163423015779399e-03 -1.849168268382869393e-02
-7.662637075035208002e-03 -1.870879833837364031e-02
-8.125231196276189866e-03 -1.870879833837364031e-02
-8.587825317517172596e-03 -1.870879833837364031e-02
-9.050419438758153592e-03 -1.870879833837364031e-02
-9.513013559999136323e-03 -1.870879833837364031e-02
-9.975607681240117319e-03 -1.870879833837364031e-02
-1.044423167149609831e-02 -1.872087169327043069e-02
-1.102621719923399871e-02 -1.895992412022686618e-02
-1.160820272697189737e-02 -1.919897654718330168e-02
-1.219018825470979950e-02 -1.943802897413973718e-02
-1.277217378244770163e-02 -1.967708140109617615e-02
-1.335415931018560376e-02 -1.991613382805261165e-02
-1.395347190042780898e-02 -2.018983237009601070e-02
-1.487853326575089632e-02 -2.111487787577423850e-02
-1.580359463107399234e-02 -2.203992338145247670e-02
-1.672865599639709530e-02 -2.296496888713072185e-02
-1.765371736172019132e-02 -2.389001439280896005e-02
-1.857877872704328040e-02 -2.481505989848718785e-02
-1.950357736693639210e-02 -2.573958075429762238e-02
-2.057210091449278647e-02 -2.680206161696438785e-02
-2.167593219666407930e-02 -2.789965054291926316e-02
-2.277976347883537561e-02 -2.899723946887414194e-02
-2.388359476100666845e-02 -3.009482839482902072e-02
-2.498188189581157168e-02 -3.118133056395606950e-02
-2.553684258871010554e-02 -3.118133056395606950e-02
-2.609180328160863940e-02 -3.118133056395606950e-02
-2.664676397450717327e-02 -3.118133056395606950e-02
-2.720172466740570713e-02 -3.118133056395606950e-02
-2.775668689820919716e-02 -3.118133056395606950e-02
-2.859215991717776323e-02 -3.118133056395606950e-02
-2.951734815965972175e-02 -3.118133056395606950e-02
-3.044253640214169415e-02 -3.118133056395606950e-02
-3.136749395888026315e-02 -3.182384803076226260e-02
-3.229242844704447585e-02 -3.253061724424906320e-02
-3.321736293520870936e-02 -3.323738645773587075e-02
-3.447896019729160266e-02 -3.447898903300952722e-02
-3.586674256101454045e-02 -3.586658108099415737e-02
-3.725420196469673290e-02 -3.664563567217550555e-02
-3.864160369694306235e-02 -3.731602286035625576e-02
-4.002932838923016490e-02 -3.741759667674728063e-02
-4.141711075295311656e-02 -3.741759667674728063e-02
-4.280457015663529513e-02 -3.773506639681502295e-02
-4.419197188888163846e-02 -3.810922713832343156e-02
-4.557937362112796792e-02 -3.934326898835713293e-02
-4.696677535337431125e-02 -4.073086103634178390e-02
-4.832801732231903347e-02 -4.211841271432133216e-02
-4.968458790495988708e-02 -4.350595718337138540e-02
-4.989012890232970981e-02 -4.581860338774965125e-02
-4.989012890232970981e-02 -4.859371539442410015e-02
-5.160161526833579454e-02 -5.114326576477338376e-02
-5.321530241342725676e-02 -5.291282149953695918e-02
-5.482898955851869816e-02 -5.468237723430051378e-02
-5.647101644718690444e-02 -5.647082901502038788e-02
-5.855230936129469932e-02 -5.855216950806275966e-02
-6.063360227540251501e-02 -6.063351000110515920e-02
-6.271489518951034459e-02 -6.271485049414755875e-02
-6.475178109801354998e-02 -6.472957759521125176e-02
-6.637733894698415182e-02 -6.591353244400284528e-02
-6.817544204249353923e-02 -6.722315847786172749e-02
-6.997354513800291276e-02 -6.853278451172058194e-02
-7.094281998922363774e-02 -6.859892724070335013e-02
-7.186800823170559627e-02 -6.859892724070335013e-02
-7.279319647418756867e-02 -6.859892724070335013e-02
-7.324283887252404368e-02 -7.019139321978318247e-02
-6.859892724070335013e-02 -7.574166625385254925e-02
-6.859892724070335013e-02 -7.969413293388245834e-02
-7.016418383634905054e-02 -8.246929011651499275e-02
-7.224868584546506600e-02 -8.472115687524613137e-02
-7.380663995574469893e-02 -8.657123475033109972e-02
-7.465874695471738653e-02 -8.842135748097726400e-02
-7.483519335349456125e-02 -9.027142990931552591e-02
-7.467686603827403125e-02 -9.196318046917997813e-02
-7.413636934148670754e-02 -9.327280650303884646e-02
-6.909087227802961084e-02 -9.364102099911424115e-02
-6.420914671333737000e-02 -1.013774191998079999e-01
-6.714768322897093911e-02 -1.067875362269026795e-01
-6.505303361032026277e-02 -1.095626943707258133e-01
-6.530674179091205955e-02 -1.151970638925518681e-01
-7.363249016170182737e-02 -1.184890561430330669e-01
-7.483519335349456125e-02 -1.228084246531790102e-01
-7.366983049403359740e-02 -1.255835847193833288e-01
-7.120203130638307065e-02 -1.283587688153526307e-01
-6.907933030133484031e-02 -1.311338817832177484e-01
-6.859892724070335013e-02 -1.339090418494220946e-01
-6.845894713160793899e-02 -1.366841548172871568e-01
-6.567889556645301052e-02 -1.401180707042517792e-01
-6.261952970318858391e-02 -1.442807516903365783e-01
-6.236266112791213900e-02 -1.484434341182073180e-01
-6.529829869270366294e-02 -1.526061626832267148e-01
-6.677503347908179954e-02 -1.568231586275951328e-01
-6.258534207601657018e-02 -1.619198804215648546e-01
-5.861928512212866149e-02 -1.661199469159393982e-01
-5.644297659507657022e-02 -1.686955864020813767e-01
-5.783037832732291356e-02 -1.700831308711314716e-01
-5.921780697290598278e-02 -1.714706787043486225e-01
-6.236266112791213900e-02 -1.793424490664135285e-01
-6.137101232275658097e-02 -1.798602510920031816e-01
-5.371852029408105689e-02 -1.770233364522904307e-01
-5.094312473618028275e-02 -1.797984465365837503e-01
-4.998706305170658171e-02 -1.825736094863598946e-01
-4.989012890232970981e-02 -1.853487935823291410e-01
-4.797032369812705144e-02 -1.885371425730628103e-01
-4.613621055807286958e-02 -1.908417037227301827e-01
-4.336102646210357459e-02 -1.936168402397648869e-01
-4.074209350966419285e-02 -1.963919767567996189e-01
-3.893371336428631119e-02 -1.991671132738343231e-01
-3.741759667674728063e-02 -2.019422497908689718e-01
-3.741759667674728063e-02 -2.047173863079037037e-01
-3.739489719959667585e-02 -2.074698464163621525e-01
-3.720478907846033745e-02 -2.110361768812293592e-01
-3.503456681027162373e-02 -2.144160805849487095e-01
-3.273579875633543523e-02 -2.167146621679089946e-01
-3.114461308313151017e-02 -2.178987461366375389e-01
-2.857230556419576920e-02 -2.181014323979327818e-01
-2.596516065324416117e-02 -2.182693139476924726e-01
-2.318997655727486618e-02 -2.182693139476924726e-01
-2.055937090621948182e-02 -2.181247436728986910e-01
-1.862614363651326002e-02 -2.172828344255701982e-01
-1.678664398435065347e-02 -2.163472302411784121e-01
-1.413793719196308578e-02 -2.137385940430147901e-01
-8.587569000024464563e-03 -2.120456471212533167e-01
-3.850052783056684674e-03 -2.144191890753409657e-01
-1.075249318563969384e-03 -2.171943491415453675e-01
2.485108307930395787e-03 -2.157842892633440590e-01
8.035476499868954986e-03 -2.138320794405278724e-01
1.438775447301626244e-02 -2.178460056085526064e-01
2.186640172546506708e-02 -2.182693139476924726e-01
2.866929354024613102e-02 -2.180545378310618509e-01
3.187501412864849476e-02 -2.175759629549467999e-01
3.326241586089483809e-02 -2.161883709069621351e-01
3.464981759314115367e-02 -2.148007788589775258e-01
3.637355913926544615e-02 -2.130768008599662477e-01
4.096696597233097370e-02 -2.121196511077362012e-01
4.643082701049438404e-02 -2.120330478349012615e-01
5.067585223387656435e-02 -2.107278471225532968e-01
5.432718462804327769e-02 -2.075958133277365780e-01
5.987755281998186768e-02 -2.057967817221100504e-01
6.702146929161290068e-02 -2.011380406014534605e-01
7.118424543556686745e-02 -1.969753358259013765e-01
7.534702157952084811e-02 -1.938203463966398366e-01
7.950979772347470387e-02 -1.933525978908197662e-01
8.367257386742867065e-02 -1.933242494965276281e-01
8.783500398276741783e-02 -1.917084688783148583e-01
9.199736489238327652e-02 -1.886342490158543495e-01
9.616014103633724330e-02 -1.844715442403022376e-01
9.974577797554588787e-02 -1.817021066223201142e-01
1.029460043984929407e-01 -1.808517172709452059e-01
1.063268193108986154e-01 -1.799427000990756198e-01
1.134556854601539433e-01 -1.734126018653905643e-01
1.211503545322479003e-01 -1.657178852143620373e-01
1.244563196104449404e-01 -1.628402184962917665e-01
1.261246273724300759e-01 -1.624192876620947912e-01
1.276964623565250700e-01 -1.621429189325715448e-01
1.292660481546219486e-01 -1.621429189325715448e-01
1.333745843131588227e-01 -1.594758043790512336e-01
1.383346584458346740e-01 -1.547696277815149291e-01
1.407130053917193258e-01 -1.521929266603579689e-01
1.423657072631633602e-01 -1.499790788345204962e-01
1.434341205941979114e-01 -1.480573416372168438e-01
1.434341205941979114e-01 -1.459689455245934409e-01
1.492244942335704538e-01 -1.376434883945546750e-01
1.524204837283636704e-01 -1.284475616803686382e-01
1.574983306225700708e-01 -1.231335252654004730e-01
1.632525788745259054e-01 -1.196638530882086354e-01
1.743689403727561871e-01 -1.187353794962643372e-01
1.808517172709452059e-01 -9.490178635073513724e-02
1.805645596575602974e-01 -8.801260316946786511e-02
1.799722970799539079e-01 -8.264941050615275120e-02
1.789943279393819420e-01 -7.921380484611760531e-02
1.769757354103303759e-01 -7.719555834568114783e-02
1.693364386061773363e-01 -6.859892724070335013e-02
1.616291356448699701e-01 -5.568036701382769044e-02
1.540316390974212912e-01 -4.367937374918683113e-02
1.247253222558242780e-01 -1.537237313014187812e-02
1.172108956445740285e-01 -1.278445972066497623e-03
9.510305822006584475e-02 -1.091346569738460386e-02
7.087510347083546269e-02 -1.247253222558242745e-02
4.854954484170641293e-02 -7.577040489152821710e-03
2.637928385503460205e-02 -1.434314561738899221e-03
5.550368191938582184e-03 0.000000000000000000e+00
