-3.904053519761412397e-04 -3.904053519761412397e-04
-7.808107039522824795e-04 -7.808107039522824795e-04
-1.171216055928423231e-03 -1.171216055928423231e-03
-1.561621407904564959e-03 -1.561621407904564959e-03
-1.952026759880705602e-03 -1.952026759880705602e-03
-2.342432111856846896e-03 -2.342432111856846896e-03
-2.898846044873208509e-03 -2.566828882792768305e-03
-3.455259977889569255e-03 -2.791225653728689280e-03
-4.011673910905930868e-03 -3.015622424664610689e-03
-4.568087843922291613e-03 -3.240019195600531664e-03
-5.124501776938652359e-03 -3.464415966536452639e-03
-5.680915709955013972e-03 -3.688812737472374047e-03
-6.461726413907297427e-03 -3.688812737472374047e-03
-7.242537117859579147e-03 -3.688812737472374047e-03
-8.023347821811861735e-03 -3.688812737472374047e-03
-8.804158525764143456e-03 -3.688812737472374047e-03
-9.584969229716425176e-03 -3.688812737472374047e-03
-1.036577993366870690e-02 -3.688812737472374915e-03
-1.114651558853372096e-02 -4.352809537089619325e-03
-1.192725124339873502e-02 -5.016806336706865904e-03
-1.270798689826374561e-02 -5.680803136324109014e-03
-1.348872255312875967e-02 -6.344799935941355593e-03
-1.426945820799377374e-02 -7.008796735558601304e-03
-1.505019386285878433e-02 -7.672793535175844414e-03
-1.583100456681106605e-02 -8.238400981382723240e-03
-1.661181527076335124e-02 -8.804008427589604668e-03
-1.739262597471563296e-02 -9.369615873796484362e-03
-1.817343667866791468e-02 -9.935223320003364056e-03
-1.895424738262019640e-02 -1.050083076621024201e-02
-1.973505808657248159e-02 -1.106643821241712171e-02
-2.051586879052476331e-02 -1.106643821241712171e-02
-2.129667949447704156e-02 -1.106643821241712171e-02
-2.207749019842932675e-02 -1.106643821241712171e-02
-2.285830090238160500e-02 -1.106643821241712171e-02
-2.363911160633389019e-02 -1.106643821241712171e-02
-2.441992231028617538e-02 -1.106643821241712344e-02
-2.547428693733592292e-02 -1.188721255534043279e-02
-2.652865156438567740e-02 -1.270798689826374561e-02
-2.758301619143542840e-02 -1.352876124118706017e-02
-2.863738081848518288e-02 -1.434953558411037298e-02
-2.969174544553493389e-02 -1.517030992703368580e-02
-3.074611007258468143e-02 -1.599108426995699342e-02
-3.176977962294118968e-02 -1.706391097247505345e-02
-3.279344917329770487e-02 -1.813673767499311001e-02
-3.381711872365421312e-02 -1.920956437751117005e-02
-3.484078827401072137e-02 -2.028239108002923008e-02
-3.586445782436722962e-02 -2.135521778254727970e-02
-3.688812737472373787e-02 -2.242804448506533974e-02
-3.688812737472373787e-02 -2.429725798846625942e-02
-3.894850227447398117e-02 -2.766987755019820888e-02
-4.087399804489753874e-02 -2.980771751137084244e-02
-4.243561945280210912e-02 -3.136926387018814516e-02
-4.399724086070666562e-02 -3.293081022900543053e-02
-4.487351855209534279e-02 -3.312173662316231920e-02
-4.567279133151593701e-02 -3.315866077409893031e-02
-4.647206411093651734e-02 -3.319558492503554142e-02
-4.837469037767575669e-02 -3.393094317267968119e-02
-5.071712248953258451e-02 -3.596187153964308658e-02
-5.278351041312347863e-02 -3.675015682945878548e-02
-5.473553717300418814e-02 -3.717920905005658860e-02
-5.668756393288488377e-02 -3.824327509826120491e-02
-5.863959069276560021e-02 -3.994162267691807322e-02
-6.059161745264629584e-02 -4.057184738726402062e-02
-6.254327199937700921e-02 -4.077514361456758413e-02
-6.449522067788411583e-02 -4.236256940031166845e-02
-6.644724743776479758e-02 -4.370500161005805295e-02
-6.839927419764550709e-02 -4.426575284966848683e-02
-7.035130095752620272e-02 -4.462266811500428115e-02
-7.230332771740691222e-02 -4.648238449754346635e-02
-7.352358342440065697e-02 -4.843366531498101424e-02
-7.394728479669045174e-02 -5.139522510623435042e-02
-7.704174969885388413e-02 -5.459276651844033323e-02
-8.041621592297562571e-02 -5.561053448147969952e-02
-8.137180230589007024e-02 -6.116216449332435162e-02
-8.369947703813201967e-02 -6.525541335077014726e-02
-8.604190914998884054e-02 -6.759784546262696814e-02
-8.728736012430070301e-02 -6.939178700571134450e-02
-8.844934514249497282e-02 -7.114399557073690372e-02
-8.853150569933697367e-02 -7.306611981777022535e-02
-9.187302764836219326e-02 -7.707922648397858012e-02
-9.430504221694903377e-02 -7.993958940369322308e-02
-9.581746894814842375e-02 -8.186696253840590465e-02
-9.590913117428172263e-02 -8.308400629607883003e-02
-9.590913117428172263e-02 -8.425522235200724741e-02
-9.729242230554527304e-02 -8.610077492498537099e-02
-9.914633944043177438e-02 -8.880651284566971893e-02
-9.959794391175409711e-02 -9.303977259806114897e-02
-1.007158341798553847e-01 -9.660674655367360031e-02
-1.027502239016922503e-01 -9.935478486900080342e-02
-1.032867566492264716e-01 -1.053089065471941727e-01
-1.038322407060786740e-01 -1.093285902425049916e-01
-1.043947711397075068e-01 -1.117170649694017165e-01
-1.055475421767783639e-01 -1.129251676517230990e-01
-1.067187582327067674e-01 -1.140963837076515164e-01
-1.044269023830253079e-01 -1.171131523365580712e-01
-1.037696361220072638e-01 -1.217977914130099343e-01
-1.060164420513941413e-01 -1.263694167980003724e-01
-1.069755693866988461e-01 -1.292374551925494497e-01
-1.069755693866988461e-01 -1.397782871222743029e-01
-1.069755693866988461e-01 -1.503191190519991283e-01
-1.063826118546833538e-01 -1.543773249131554226e-01
-1.059092022121870813e-01 -1.576173441087560523e-01
-1.053643822260464935e-01 -1.602487644812538303e-01
-1.046081876227185903e-01 -1.610787323373676916e-01
-1.038519930193907426e-01 -1.619087001934814696e-01
-1.032867566492264716e-01 -1.631206034677122885e-01
-1.032867566492264716e-01 -1.660072369792934266e-01
-1.032867566492264716e-01 -1.695208851470786926e-01
-1.022277753662022420e-01 -1.725049869550901172e-01
-1.011579881517186003e-01 -1.754836852288181315e-01
-9.882852247534870682e-02 -1.778324328350793515e-01
-9.648620293712276141e-02 -1.801747523733052969e-01
-9.618863216899162238e-02 -1.814947532447456213e-01
-9.591192618422882121e-02 -1.828043222930554323e-01
-9.489187490956460524e-02 -1.849824435251946897e-01
-9.115806910716679756e-02 -1.891916989407336491e-01
-8.889892556267574297e-02 -1.926637494462387079e-01
-8.774906210918287375e-02 -1.957114473959594148e-01
-8.434898595258406850e-02 -1.996895948327887249e-01
-8.200655384072716436e-02 -2.020320269446456429e-01
-8.009152021629771523e-02 -2.040895188981444452e-01
-7.911400585461197954e-02 -2.055219808268581305e-01
-7.813649149292620222e-02 -2.069544427555718435e-01
-7.745350537905081045e-02 -2.081924873704632251e-01
-7.738898135771712927e-02 -2.096107043759558863e-01
-6.770094471481720444e-02 -2.200266034546320415e-01
-5.930794147655184256e-02 -2.279686822117900635e-01
-5.631378309084624639e-02 -2.306245943611718308e-01
-5.405740726572520749e-02 -2.323952024607595646e-01
-5.327659656177292924e-02 -2.323952024607595646e-01
-5.249578585782065099e-02 -2.323952024607595646e-01
-5.171497515386837274e-02 -2.326185735608361227e-01
-5.041362398061455946e-02 -2.337354290612189966e-01
-4.807119186875773165e-02 -2.355245242526375349e-01
-4.522439047072696061e-02 -2.360840151982319390e-01
-4.132039001597682948e-02 -2.388574762023537579e-01
-3.741633649621538965e-02 -2.400550003746923511e-01
-3.351228297645395676e-02 -2.431486723339741085e-01
-2.960822945669251693e-02 -2.439880304228557173e-01
-2.444031898444841422e-02 -2.468466486408092686e-01
-1.392473273380242203e-02 -2.474793287450306190e-01
-1.036299629479545299e-02 -2.478536701810089282e-01
-9.191780238867025207e-03 -2.490248862369373595e-01
-7.955739965255843871e-03 -2.501312689783239951e-01
-5.444119920116248686e-03 -2.506007828909264656e-01
-1.172735231391958816e-03 -2.510140372786540675e-01
2.458485291352745152e-03 -2.532979765867360289e-01
7.143349515066433307e-03 -2.510735284627111374e-01
2.582310675617731713e-02 -2.503706596472103918e-01
2.900158570021680454e-02 -2.500694126109104798e-01
3.084802673309671936e-02 -2.495017413148037100e-01
3.162883743704899414e-02 -2.487209306108514317e-01
3.240964814100127239e-02 -2.479401199068991535e-01
3.354227228849818859e-02 -2.475111226464915271e-01
3.558482492520092383e-02 -2.472979999162209785e-01
3.975320133032572006e-02 -2.467815120976319943e-01
4.343729279794434489e-02 -2.442903224608404811e-01
4.929315475296897064e-02 -2.458118710674652430e-01
5.514900306270501679e-02 -2.434616406731766880e-01
6.100508334234715224e-02 -2.417569074784934879e-01
6.618682710493954680e-02 -2.403317389565334250e-01
6.852925921679629828e-02 -2.397728279357043135e-01
7.337497410246149321e-02 -2.361510954369623883e-01
7.701011309724764553e-02 -2.328658216417382187e-01
8.147365756260357972e-02 -2.284761254782555207e-01
8.523882933505043391e-02 -2.250175769858148156e-01
8.678862027774358889e-02 -2.250175769858148156e-01
9.030214791214631609e-02 -2.232470393868846992e-01
9.381546631879053577e-02 -2.213758928009329496e-01
9.590913117428172263e-02 -2.199086160554778180e-01
9.740901674815548306e-02 -2.162295062553034608e-01
1.020044406535618869e-01 -2.139511387733976921e-01
1.091098676374095688e-01 -2.081872369666407374e-01
1.110879455274319111e-01 -2.065735132984529432e-01
1.122591615833603146e-01 -2.065735132984529432e-01
1.132764678808022979e-01 -2.064196353789731764e-01
1.141125147129849610e-01 -2.056942109014258391e-01
1.160372054113813917e-01 -2.012500700364513451e-01
1.209970403939916450e-01 -1.990032618328497205e-01
1.254196330740607046e-01 -1.915210679629759660e-01
1.251513848940117579e-01 -1.804479776723690865e-01
1.268266488137604897e-01 -1.757631134486554725e-01
1.291084458115330791e-01 -1.687825249359437285e-01
1.324002215867724486e-01 -1.627047974110174822e-01
1.301349308397695970e-01 -1.579371199308239881e-01
1.330316891554878533e-01 -1.494666000822681418e-01
1.349773185492325334e-01 -1.425363717813292463e-01
1.332728514376768092e-01 -1.306426856736581377e-01
1.343283327041765729e-01 -1.232693539161910656e-01
1.328866806735944095e-01 -1.128138562100136494e-01
1.291084458115330791e-01 -9.470704947555234898e-02
1.209077820128657693e-01 -8.040536791854310805e-02
1.152304095295158537e-01 -7.096465667984737380e-02
1.106643821241712206e-01 -5.925272126782483995e-02
1.028256550570423172e-01 -4.749346399495670695e-02
9.222031843680923713e-02 -2.975028373360515468e-02
6.365048179686667862e-02 -1.200710347225349139e-02
2.377419996341927078e-02 -1.641548685846727987e-03
2.342432111856853835e-03 -2.342432111856850799e-03
