-1.680626195037798146e-03 -3.167899587038407964e-03
-9.116993155040846800e-03 -4.268467372964639822e-03
-9.343538173983936823e-03 -4.403875463685869018e-03
-9.559191605477841344e-03 -4.532773550045499956e-03
-9.774845036971744131e-03 -4.661671636405131762e-03
-9.990498468465646917e-03 -4.790569722764762700e-03
-1.020615189995955144e-02 -4.919467809124394506e-03
-1.042994307568902677e-02 -5.062011708200548493e-03
-1.080672384304725425e-02 -5.461096886347317943e-03
-1.118350461040548173e-02 -5.860182064494089127e-03
-1.156028537776370921e-02 -6.259267242640859444e-03
-1.193706614512193669e-02 -6.658352420787628893e-03
-1.231384691248016416e-02 -7.057437598934399210e-03
-1.270045410151627446e-02 -7.446695209242125066e-03
-1.327179801809658805e-02 -7.651194544175843326e-03
-1.384314193467689989e-02 -7.855693879109561586e-03
-1.441448585125721174e-02 -8.060193214043279847e-03
-1.498582976783752359e-02 -8.264692548976998107e-03
-1.555717368441783544e-02 -8.469191883910716367e-03
-1.614429336320355804e-02 -8.660671401148099108e-03
-1.702799737145098760e-02 -8.607378345694381705e-03
-1.791170137969842063e-02 -8.554085290240666037e-03
-1.879540538794585366e-02 -8.500792234786948634e-03
-1.967910939619328670e-02 -8.447499179333232966e-03
-2.056281340444071626e-02 -8.394206123879515563e-03
-2.142147761188066893e-02 -8.335967956101239529e-03
-2.180939356413994293e-02 -8.184761676621238671e-03
-2.219730951639921693e-02 -8.033555397141236079e-03
-2.258522546865849093e-02 -7.882349117661235222e-03
-2.297314142091776493e-02 -7.731142838181232629e-03
-2.336105737317703893e-02 -7.579936558701230905e-03
-2.371742638567013103e-02 -7.461905913995686875e-03
-2.348071293055903341e-02 -7.967577203049885926e-03
-2.324399947544793232e-02 -8.473248492104089313e-03
-2.300728602033683123e-02 -8.978919781158297905e-03
-2.277057256522573014e-02 -9.484591070212501293e-03
-2.253385911011463252e-02 -9.990262359266701211e-03
-2.233413915260175006e-02 -1.050851563245414413e-02
-2.483295875734352690e-02 -1.431298525741645303e-02
-2.610393228295601262e-02 -1.697406475807003087e-02
-2.698706015419371357e-02 -1.759268361990693266e-02
-2.776289205871226157e-02 -1.787278798574656533e-02
-2.853872396323080610e-02 -1.815289235158619799e-02
-2.968178834853784850e-02 -1.853655558747763221e-02
-3.084438637644002293e-02 -1.892572727390373633e-02
-3.200698440434218695e-02 -1.931489896032984044e-02
-3.324554693749540157e-02 -1.999556449245263809e-02
-3.457287308116195612e-02 -2.073920118845294300e-02
-3.635633835704310535e-02 -2.202487125092265213e-02
-3.819682102445107891e-02 -2.337829548420103029e-02
-3.983727931394210470e-02 -2.432571780058076852e-02
-4.638669908807956099e-02 -3.122598254888487093e-02
-4.915983509762474057e-02 -3.230919438313770847e-02
-5.037641456537330503e-02 -3.194927222520235061e-02
-5.159299403312184867e-02 -3.158935006726699968e-02
-5.280957350087039232e-02 -3.122942790933164528e-02
-5.389449664542790563e-02 -3.076098042749913358e-02
-5.418007782775419168e-02 -2.963362919343387816e-02
-5.446565901008048466e-02 -2.850627795936862274e-02
-5.475124019240677070e-02 -2.737892672530336732e-02
-5.503682137473306368e-02 -2.625157549123811190e-02
-5.531692885813104671e-02 -2.540731680269578407e-02
-5.595946704890762680e-02 -2.768341785516797646e-02
-5.683687878520848197e-02 -3.050873934643267768e-02
-5.782839437987555981e-02 -3.314617445928565859e-02
-5.870970856569376894e-02 -3.546118824857730917e-02
-6.043270604649221556e-02 -3.688651713145675581e-02
-6.396752207948191993e-02 -3.659402184654924478e-02
-7.379106765696101522e-02 -3.390501597641223247e-02
-6.861167907438057989e-02 -4.027258329935916314e-02
-7.344172873855851769e-02 -4.555278363292321331e-02
-7.622664453404112694e-02 -4.553419725432140269e-02
-7.816157454874382571e-02 -4.510787963086280994e-02
-8.003183173230025982e-02 -4.465053897790424720e-02
-8.143648891096351428e-02 -4.524863830752161309e-02
-7.939400955151451611e-02 -4.720440644904098232e-02
-7.764229569055047797e-02 -5.101430138964849897e-02
-8.038052238195073085e-02 -5.550338965657421880e-02
-8.292315712987165244e-02 -5.761081394582881487e-02
-8.468557246835384245e-02 -5.876345309402838946e-02
-8.524061980709765618e-02 -5.984548000395085304e-02
-8.573144544372773845e-02 -6.092375094375220013e-02
-8.395248320581176482e-02 -6.590784592860342295e-02
-8.434964730323836479e-02 -7.321126117407238121e-02
-8.378008956420968101e-02 -8.139757353033229281e-02
-8.541363329265500015e-02 -8.328640952782687124e-02
-8.686523814935831478e-02 -8.486502164882425703e-02
-8.764107005387684890e-02 -8.529137365711764174e-02
-8.841690195839539690e-02 -8.571772566541102645e-02
-8.899818905227042942e-02 -8.617352255390327287e-02
-8.870272704381652884e-02 -8.735522823450278529e-02
-8.681747532150128899e-02 -8.887946417775029195e-02
-8.653740090867330370e-02 -9.427404341015362121e-02
-8.667250580156235507e-02 -9.689288079740927817e-02
-8.680761069445142031e-02 -9.951171818466501839e-02
-8.694271558734047167e-02 -1.021305555719206615e-01
-8.707782048022952304e-02 -1.047493929591763184e-01
-8.695951555915840125e-02 -1.053227095337290198e-01
-8.682192945659031325e-02 -1.057403886551412514e-01
-8.668434335402222524e-02 -1.061580677765534969e-01
-8.654675725145412335e-02 -1.065757468979657424e-01
-8.640917114888603534e-02 -1.069934260193779879e-01
-8.627158504631794733e-02 -1.074111051407902195e-01
-8.641966142710776067e-02 -1.080038470839138065e-01
-8.675070822468354537e-02 -1.091853617758586775e-01
-8.726014293390642329e-02 -1.110035475971417884e-01
-8.732706774249976434e-02 -1.121937809460035046e-01
-8.737536055527712897e-02 -1.133575741907632828e-01
-8.701112704336899650e-02 -1.161583050617790575e-01
-8.682521786936890640e-02 -1.175563418989663961e-01
-8.663930869536884405e-02 -1.189543787361536376e-01
-8.645339952136876782e-02 -1.203524155733409762e-01
-8.626749034736867772e-02 -1.217504524105283148e-01
-8.714160969753224906e-02 -1.222999925595146808e-01
-8.804885493907593785e-02 -1.228230171869948428e-01
-8.895610018061957114e-02 -1.233460418144749771e-01
-8.986334542216325993e-02 -1.238690664419551529e-01
-9.077059066370694873e-02 -1.243920910694353149e-01
-9.167783590525058202e-02 -1.249151156969154491e-01
-9.252138026031160589e-02 -1.249309649280512108e-01
-9.480316339909317103e-02 -1.261778709031627921e-01
-9.763291243450790413e-02 -1.416778201993483810e-01
-8.811722757844644982e-02 -1.435293938098365918e-01
-8.443254042911192692e-02 -1.427857571138362869e-01
-8.010005949690014726e-02 -1.442504960605035802e-01
-7.576096842404689280e-02 -1.457377694525041623e-01
-7.313701675107943390e-02 -1.461907878171125053e-01
-7.053056650055980481e-02 -1.466332525589923164e-01
-7.008828124751766142e-02 -1.477897596572583239e-01
-6.966807931077627358e-02 -1.489535529020180882e-01
-6.904551482735166168e-02 -1.517184095018082601e-01
-6.842088541998128659e-02 -1.544996034827723075e-01
-6.767845081780551886e-02 -1.558600924242083685e-01
-6.693481412180521395e-02 -1.572060843754451431e-01
-6.406409670188953354e-02 -1.528497844950880979e-01
-5.935118470825746090e-02 -1.467893769013935146e-01
-4.796079709155386117e-02 -1.446892441073846791e-01
-4.470617620036765327e-02 -1.446520562208537530e-01
-4.261532150453778423e-02 -1.451056209222816584e-01
-4.224102194685859513e-02 -1.462830456909487986e-01
-4.186672238917940603e-02 -1.474604704596159388e-01
-4.116792779675761127e-02 -1.481631705579848635e-01
-3.932448497712718455e-02 -1.481670552802095975e-01
-3.566526186105083845e-02 -1.475593037836160359e-01
-3.279895303542078311e-02 -1.482165584391718638e-01
-3.030405727520471548e-02 -1.477508465689494621e-01
-2.675757057082001761e-02 -1.467440118426830975e-01
-2.420532457387625236e-02 -1.462894580805849110e-01
-2.155430332509781013e-02 -1.461667516714273973e-01
-1.900712427740991473e-02 -1.461090199922657207e-01
-1.729143105245144890e-02 -1.492477351069209091e-01
-1.164810027247957340e-02 -1.654899573965585846e-01
-2.081410327871951495e-03 -1.652730287461580683e-01
5.427852481903721184e-05 -1.636766907843577867e-01
2.281466798301404805e-03 -1.643087865147562221e-01
4.342353505979002805e-03 -1.647502403424929707e-01
5.741772269676830368e-03 -1.632109131244847966e-01
8.857340888939170542e-03 -1.578975119406006988e-01
1.606159095854693339e-02 -1.543122753612563014e-01
1.906181908796223887e-02 -1.530494451960690283e-01
2.020704864811115331e-02 -1.521273316081102889e-01
2.189929966809745637e-02 -1.512593019268056171e-01
2.636665442710840399e-02 -1.507283942320996328e-01
2.953703522382593316e-02 -1.503516210294050526e-01
3.155274025857868897e-02 -1.505300948267283556e-01
3.290863057220883708e-02 -1.510258526240619015e-01
3.426452088583889499e-02 -1.515216104213954196e-01
3.466133288255717620e-02 -1.514069108648690154e-01
3.439552985720680661e-02 -1.505922176785260413e-01
3.279317088160110111e-02 -1.461263355073733339e-01
3.304551216771729055e-02 -1.395545717798873098e-01
3.545561217453414848e-02 -1.358269735792967114e-01
3.846985831340005157e-02 -1.312164321158256208e-01
4.351882475912648846e-02 -1.296558689002568210e-01
4.796235403687362092e-02 -1.286322508597146919e-01
5.127906568734501291e-02 -1.279629748074489481e-01
4.893124838360204260e-02 -1.262776242889313560e-01
5.165236518120665254e-02 -1.140062674809188131e-01
6.827936936002797219e-02 -1.192664890793040250e-01
7.003774104193787042e-02 -1.170210424585438336e-01
7.053601030760509039e-02 -1.158572492137840554e-01
7.082233420236301591e-02 -1.147411164446897475e-01
7.038572932402953342e-02 -1.131926223443405488e-01
5.450625145372094138e-02 -1.086911413244890101e-01
5.191779409955464553e-02 -8.319717217070070336e-02
6.443378043934526456e-02 -7.151711830047548235e-02
4.583456116482410858e-02 -5.491598389596300672e-02
5.187695041738774743e-02 -5.250255772945984500e-02
5.804016156092979550e-02 -5.355686507557749776e-02
7.148519862910010514e-02 -6.703260275811351310e-02
6.923160371942152502e-02 -5.731830399005825166e-02
5.375177115621886104e-02 -4.338886276777275536e-02
3.870936870738445057e-02 -3.655613281503149875e-02
4.174753568812258897e-02 -2.084000079012832476e-02
5.521502467802234804e-02 -1.952046327000792753e-02
3.420728801601408131e-02 -2.121595402912918038e-02
1.984761984378539956e-02 -2.877130558377104241e-02
-2.907554122667092324e-03 -1.480580934064525817e-02
1.680626195037802483e-03 -6.142446371039635838e-03
