-1.760187391844508092e-02 4.335499042235850704e-03
-1.859088445315689245e-02 6.325554651872906942e-03
-1.929522471929816588e-02 8.096435000184882408e-03
-2.392492681430874804e-02 1.086553190764122032e-02
-2.693025299295178157e-02 1.391321975603358220e-02
-2.796976084766787315e-02 1.677130550957234983e-02
-2.887669117241824235e-02 1.952977939618630310e-02
-2.980981004442049068e-02 2.232935934456426602e-02
-3.081238897768030782e-02 2.513146615889388577e-02
-3.196651825695612237e-02 2.792142044604841583e-02
-3.344132051545672252e-02 3.057810568206325089e-02
-3.763212723749233962e-02 3.332887460906480692e-02
-4.052099854106091387e-02 3.644731092765886998e-02
-4.297568869522533364e-02 3.980960141689684345e-02
-4.789678105320117896e-02 4.289136260557582098e-02
-4.980617903134362118e-02 4.682409373232521155e-02
-5.128380406897923433e-02 5.107465445191176207e-02
-5.291763319384804043e-02 5.535608265877164924e-02
-5.443166616479881009e-02 5.937005734545216379e-02
-5.259436496853554799e-02 6.864729266225341742e-02
-5.376306745078863331e-02 7.272796646496405837e-02
-5.518426394163431642e-02 7.654037503372142226e-02
-5.643844179834577729e-02 8.047642697336898632e-02
-5.859286359532618615e-02 8.305217930591256292e-02
-6.196569045424151628e-02 8.480503713904975760e-02
-6.600315799171002640e-02 8.627993473131048696e-02
-7.014437066238965457e-02 8.780945662429541498e-02
-7.379216869866689343e-02 8.976213058819487722e-02
-7.662997816604236179e-02 9.264193504163661941e-02
-7.888762711270580485e-02 9.679974465713196696e-02
-8.069873552810243045e-02 1.016121375026181745e-01
-8.253250718893659355e-02 1.067286143277496463e-01
-8.449657801601366536e-02 1.103484851555044804e-01
-8.999005678146658471e-02 1.093404764825949699e-01
-9.314771067217100797e-02 1.107522637772832275e-01
-9.599917786133800590e-02 1.135675750600972367e-01
-9.921119322486175729e-02 1.156220932488717795e-01
-1.033393853045348199e-01 1.157219924095063274e-01
-1.066017923324281969e-01 1.170396175473134154e-01
-1.098007763232588113e-01 1.184900228292014440e-01
-1.129716865147264021e-01 1.199801708379296949e-01
-1.161178124423396935e-01 1.214429384083833413e-01
-1.192379138999796889e-01 1.227161197733345060e-01
-1.224299103392784138e-01 1.234083746301349177e-01
-1.263295661877741338e-01 1.224744015152944010e-01
-1.312828516021964931e-01 1.199106063980458353e-01
-1.355054641766470780e-01 1.190686809532931628e-01
-1.394880087938059898e-01 1.203502066222404826e-01
-1.435438450021403467e-01 1.223602976521292046e-01
-1.473349328851782103e-01 1.236835835593306787e-01
-1.508673991298344064e-01 1.238741311361900022e-01
-1.544675407994012539e-01 1.228941656578446950e-01
-1.583053212399777310e-01 1.210526107482551572e-01
-1.621767328660972118e-01 1.195304573781748869e-01
-1.666022069307234177e-01 1.207742436220510390e-01
-1.717980592663281292e-01 1.234562705870584642e-01
-1.788692246792460416e-01 1.289150761146771740e-01
-1.818327408540043044e-01 1.237471490890144077e-01
-1.847529599231423625e-01 1.224396664744507590e-01
-1.877275835831266615e-01 1.213154044469699072e-01
-1.906945106446169269e-01 1.202481144971341009e-01
-1.936728860158674070e-01 1.191620925189340180e-01
-1.966085727455570697e-01 1.179982036092916825e-01
-1.994649688331334436e-01 1.166065385456881709e-01
-2.020261712565713519e-01 1.116209960735520118e-01
-2.051251149784233119e-01 1.094000389067143753e-01
-2.086147733412151428e-01 1.081424374393931409e-01
-2.122667324546417267e-01 1.069812810760056854e-01
-2.157470512995884049e-01 1.058122181621682922e-01
-2.189600791786079081e-01 1.044035729182607869e-01
-2.217017728110866337e-01 1.025429352158051394e-01
-2.239733397222990197e-01 9.995350409458095275e-02
-2.257611528548420232e-01 9.614734992763118715e-02
-2.275102006371296781e-01 9.201850231670745395e-02
-2.302196387469342687e-01 8.928571462261261638e-02
-2.336255921989232320e-01 8.740594940418755510e-02
-2.353078563472198736e-01 8.392276391413287795e-02
-2.377047565397772122e-01 8.114703419984412025e-02
-2.415045673455267772e-01 7.923110078512299315e-02
-2.429346628922828821e-01 7.592693024898440612e-02
-2.450191806430942199e-01 7.320554471489630621e-02
-2.492191392287844143e-01 7.124140490895358724e-02
-2.505509758394280917e-01 6.829442747673405978e-02
-2.515546611692360823e-01 6.516098861160884992e-02
-2.493547531851526555e-01 5.799115985600278994e-02
-2.496403967883569774e-01 5.343006871675650554e-02
-2.509936116143250406e-01 4.975607908756227854e-02
-2.526424088011180458e-01 4.613954932216669108e-02
-2.543745262326184697e-01 4.257926036617348114e-02
-2.561208713810707027e-01 3.905190282956654685e-02
-2.578387456643946307e-01 3.555289464174681696e-02
-2.595000799552602544e-01 3.209904059252279701e-02
-2.610951232234415831e-01 2.866231496267479528e-02
-2.625377362897729494e-01 2.528484008959542423e-02
-2.632619941884892789e-01 2.172670204858157331e-02
-2.623396831614592251e-01 1.788880311301756232e-02
-2.635058368746452384e-01 1.450592992290668237e-02
-2.651638988858112667e-01 1.103191055153455134e-02
-2.666535377892181868e-01 7.634803913247723006e-03
-2.719584624754464164e-01 3.593297355374076157e-03
-2.742585185733060205e-01 2.954386859768239141e-05
-2.753913076218229561e-01 -2.534512809090341216e-03
-2.753110610876207121e-01 -4.599324744121983770e-03
-2.747106968349590783e-01 -6.712912275785032530e-03
-2.696107972350970661e-01 -1.003836984615892082e-02
-2.619875493181288983e-01 -1.394750407587203554e-02
-2.596900107422703829e-01 -1.697214605383580432e-02
-2.587555202122923115e-01 -1.995134029785966545e-02
-2.575593077730155001e-01 -2.290668415210297265e-02
-2.593418163144763922e-01 -2.755990529141453746e-02
-2.600418416907046559e-01 -3.124650584311862780e-02
-2.591506173345364816e-01 -3.365256097945266284e-02
-2.594727361412148547e-01 -3.692361407290137981e-02
-2.614717941271562651e-01 -4.153549949712857098e-02
-2.610686327523977779e-01 -4.336154419536146498e-02
-2.604168737891719987e-01 -4.506472321381205237e-02
-2.516243540841861526e-01 -4.605912660126424557e-02
-2.491737701823512896e-01 -4.789070722966688037e-02
-2.478151095664958559e-01 -5.023201119323310315e-02
-2.466920192534901857e-01 -5.275572703665359908e-02
-2.456947480523299643e-01 -5.534838198423976813e-02
-2.447798480381923325e-01 -5.796637706604670232e-02
-2.439224131385513972e-01 -6.059491905442408038e-02
-2.430920640845222469e-01 -6.309337469088925621e-02
-2.420608674740983013e-01 -6.549566056906797051e-02
-2.321910839478304456e-01 -6.366773848469553521e-02
-2.284531745880772902e-01 -6.483537979211310975e-02
-2.257854922462315395e-01 -6.659074158162410495e-02
-2.240135474513352820e-01 -6.976601224515870114e-02
-2.229226507547231728e-01 -7.466789591478287247e-02
-2.198200958477065092e-01 -7.519156606194904446e-02
-2.111596985691992501e-01 -7.180026473452530422e-02
-2.065113549200983944e-01 -7.191782423660256218e-02
-2.028530875978657444e-01 -7.285387952243127518e-02
-1.993543010945801885e-01 -7.418684513667940517e-02
-1.960186518667774436e-01 -7.572250456343683489e-02
-1.927395245002737068e-01 -7.741672823302375717e-02
-1.895154389989499588e-01 -7.921277256000823497e-02
-1.862926995096986504e-01 -8.091799503911092928e-02
-1.829740124473998308e-01 -8.218770930177821121e-02
-1.791465355478648047e-01 -8.239157629235079050e-02
-1.734890424956602450e-01 -8.017562640953582176e-02
-1.671519280606970359e-01 -7.722746346068444512e-02
-1.613266099332743009e-01 -7.531920904626651647e-02
-1.560707734405170077e-01 -7.472789382127355273e-02
-1.506865519477549042e-01 -7.762986686848745432e-02
-1.466017818389372118e-01 -8.084386879870684994e-02
-1.422064076500444973e-01 -7.919471828696865445e-02
-1.381040944683247229e-01 -7.891402676575068331e-02
-1.337176684697543028e-01 -8.116590671669669799e-02
-1.298054518409702263e-01 -7.997890876210894673e-02
-1.259443156673707431e-01 -8.064160533739464509e-02
-1.208681119920264335e-01 -8.529769415068588767e-02
-1.169747419338550143e-01 -8.630512212289330465e-02
-1.128749454381207662e-01 -7.991948328488328313e-02
-1.091668621999081767e-01 -7.794306375519267915e-02
-1.055006561578088753e-01 -7.657803000828238005e-02
-1.015882948519234996e-01 -7.617494972408676845e-02
-9.587960170835271856e-02 -7.851738062337267066e-02
-9.259954660182495578e-02 -7.743491934253321496e-02
-8.917127719423090237e-02 -7.224000105876164646e-02
-8.540633867303583371e-02 -6.920580780807640553e-02
-8.134587346366961569e-02 -6.769208921366373644e-02
-7.495859916454879202e-02 -6.880772418315828087e-02
-6.929348519549011209e-02 -6.870976020909688731e-02
-6.529827636748901376e-02 -6.743676632503947665e-02
-6.161721238200294076e-02 -6.603971236461256278e-02
-5.771864591410669210e-02 -6.450226844415439531e-02
-5.308724889412891335e-02 -6.301943286039260461e-02
-4.526781889271846299e-02 -6.513010136888601476e-02
-4.154498750896421649e-02 -6.402772064669311203e-02
-3.796494800788034057e-02 -6.279555293072509869e-02
-3.451287530520424918e-02 -6.154827864222175982e-02
-3.118671668776129557e-02 -6.030776388237631125e-02
-2.796236534695228926e-02 -5.907165039613034713e-02
-2.499435372285156026e-02 -5.784896350172236829e-02
-2.237630751431766638e-02 -5.649868933169122087e-02
-2.086052589413723082e-02 -5.413835261690218281e-02
-1.989989190095083765e-02 -5.109529145710413334e-02
-1.674427938262212229e-02 -4.953995527070662735e-02
-1.316915632443305118e-02 -4.820985967567422564e-02
-9.561326340276000285e-03 -4.697674711469734810e-02
-6.126931781750516275e-03 -4.580424772873207401e-02
-3.017999444804241992e-03 -4.466000529753143267e-02
-3.789793258234559347e-04 -4.351864123389216632e-02
1.665953742366956501e-03 -4.237118399315793066e-02
3.072551301418132829e-03 -4.120993493396485352e-02
3.783524223357467853e-03 -3.998399183373013005e-02
3.318914095394571648e-03 -3.786048458479455980e-02
1.870243666514772793e-03 -3.484477900793149507e-02
-6.172045948323961161e-03 -2.723586493748434909e-02
-7.643269090561800524e-03 -2.372463152674295084e-02
-8.879214443529737100e-03 -2.027181153110146211e-02
-1.009236258638797692e-02 -1.674508762109818208e-02
-1.048171501926629078e-02 -1.357851104098353572e-02
-8.971937278278972056e-03 -1.065890103428339397e-02
-4.879935664938714508e-03 -7.204915224704845113e-03
1.537410726531973594e-03 -3.293277436015775404e-03
7.275016084048352731e-04 -1.987058819035138636e-03
