-4.601700174741743012e-03 -5.261265965168492216e-03
-1.359033204683147977e-02 -6.350368710382739944e-03
-1.424082172098747184e-02 -5.983925933880892938e-03
-1.482626242772786505e-02 -5.654127435029229765e-03
-1.541170313446826000e-02 -5.324328936177567459e-03
-1.599714384120864974e-02 -4.994530437325905153e-03
-1.658258454794904468e-02 -4.664731938474242848e-03
-1.713535903793385676e-02 -4.319028130994513777e-03
-1.742680379387402320e-02 -3.846081854490261860e-03
-1.771824854981418965e-02 -3.373135577986008209e-03
-1.800969330575435609e-02 -2.900189301481756292e-03
-1.830113806169452254e-02 -2.427243024977503074e-03
-1.859258281763468898e-02 -1.954296748473249423e-03
-1.890021808203606879e-02 -1.562447781363634830e-03
-2.245629851712779151e-02 -5.413775925793789731e-03
-3.146795095690482075e-02 -1.197035191736301254e-02
-3.270757073138750443e-02 -1.150521786242820338e-02
-3.292487480000302891e-02 -1.106678683381663933e-02
-3.314217886861855339e-02 -1.062835580520507528e-02
-3.335948293723407787e-02 -1.018992477659350950e-02
-3.357678700584959541e-02 -9.751493747981948915e-03
-3.397304573451311038e-02 -9.663017651414749706e-03
-3.499564577334460941e-02 -1.079938381700284999e-02
-3.601824581217611537e-02 -1.193574998259094855e-02
-3.704084585100760746e-02 -1.307211614817903669e-02
-3.806344588983911342e-02 -1.420848231376714565e-02
-3.908604592867061245e-02 -1.534484847935524421e-02
-4.031259765608721096e-02 -1.665022631992680441e-02
-5.058290575741430928e-02 -2.669048288941350613e-02
-5.496397521514132661e-02 -2.902014958683934304e-02
-5.662897250304271823e-02 -2.887676217512965063e-02
-5.776252689301134696e-02 -2.865435415643017777e-02
-5.889608128297997569e-02 -2.843194613773070492e-02
-6.002963567294860442e-02 -2.820953811903123554e-02
-6.097850161744224062e-02 -2.792577092053370388e-02
-6.119784820230964040e-02 -2.739963496183388594e-02
-6.141719478717704017e-02 -2.687349900313406453e-02
-6.163654137204443995e-02 -2.634736304443424312e-02
-6.185588795691183972e-02 -2.582122708573442171e-02
-6.207523454177923949e-02 -2.523311536710541939e-02
-6.299471770056681852e-02 -2.174159892574229966e-02
-6.426669366800191741e-02 -1.892507412618481613e-02
-6.528332413309451132e-02 -1.821846478483281698e-02
-6.609373029484975903e-02 -1.785287153974885951e-02
-6.689886904658903788e-02 -1.751516814317307866e-02
-6.762236294308104911e-02 -1.760975739847392765e-02
-6.834585683957304647e-02 -1.770434665377477665e-02
-6.905649050109072262e-02 -1.786804016751472254e-02
-7.034248751962125790e-02 -2.097377320152447530e-02
-7.152081612410304823e-02 -2.375621587236113191e-02
-7.394592602139785087e-02 -2.438671823154547891e-02
-7.554884877361131568e-02 -2.456951485408745417e-02
-7.715177152582482212e-02 -2.475231147662943290e-02
-7.875469427803828693e-02 -2.493510809917140816e-02
-8.035761703025177949e-02 -2.511790472171338690e-02
-8.119082783055844854e-02 -2.542351379851871124e-02
-8.093517782085056511e-02 -2.590285756672098400e-02
-8.067952781114269556e-02 -2.638220133492324287e-02
-8.042387780143482601e-02 -2.686154510312550522e-02
-8.016822779172694258e-02 -2.734088887132777451e-02
-7.991257778201907302e-02 -2.782023263953003686e-02
-7.967016217937940292e-02 -2.827892995725235850e-02
-7.867822723009620933e-02 -3.018343675684917460e-02
-7.702618587948394102e-02 -3.411148247430283859e-02
-7.807470568928040477e-02 -3.653356432009476074e-02
-7.954342154858021208e-02 -3.824384790554767599e-02
-8.194152556711772895e-02 -3.906796966535792948e-02
-8.439959011205765138e-02 -3.983491969448155201e-02
-8.764895463650694551e-02 -3.953691999194792334e-02
-9.018563811296015365e-02 -3.925507147355477428e-02
-9.272232158941330626e-02 -3.897322295516163215e-02
-9.467953275077121977e-02 -3.885498898664194178e-02
-9.460859080929558129e-02 -3.930940594267939847e-02
-9.453764886781994281e-02 -3.976382289871684822e-02
-9.446670692634430433e-02 -4.021823985475429797e-02
-9.435060025384453541e-02 -4.078897673301477844e-02
-9.390747583997099968e-02 -4.236935104580855094e-02
-9.335910937780249330e-02 -4.432506425789083104e-02
-9.210576864643954531e-02 -4.510348248831846929e-02
-9.079045215514741640e-02 -4.577840225882044700e-02
-9.091047522264807113e-02 -4.807933320140789224e-02
-9.109262819511068643e-02 -4.988740478801068079e-02
-9.127478116757328785e-02 -5.169547637461346934e-02
-9.157220814565612821e-02 -5.313169907569144368e-02
-9.222986639130219266e-02 -5.340589400950440657e-02
-9.288752463694824324e-02 -5.368008894331736947e-02
-9.354518288259430769e-02 -5.395428387713033236e-02
-9.428883419735720195e-02 -5.422615245032583881e-02
-9.628384919158629318e-02 -5.618349269632778170e-02
-8.599036874172673317e-02 -6.083022686251829403e-02
-8.362790839783265651e-02 -6.462930614533533846e-02
-8.320353624731842423e-02 -6.731619024394726314e-02
-8.292976473950808280e-02 -6.977500399994378266e-02
-8.374784789130093610e-02 -7.058030777197889238e-02
-8.456593104309378939e-02 -7.138561154401401598e-02
-8.534868755780299077e-02 -7.225629928885039799e-02
-8.601097523743592155e-02 -7.394738850785918804e-02
-8.680093283121495529e-02 -7.596447082932751560e-02
-8.785172746233875507e-02 -7.781942283790979631e-02
-8.892545282202034274e-02 -7.966012163217242592e-02
-9.202471129181556686e-02 -8.375798694632526076e-02
-1.030854406041139815e-01 -9.077590010751269978e-02
-1.066664940318353544e-01 -9.363276078488178000e-02
-1.062114295248089563e-01 -9.512830710021755176e-02
-1.059320676589538546e-01 -9.658481027553196541e-02
-1.064433676783696076e-01 -9.786561932075055203e-02
-1.069546676977853605e-01 -9.914642836596913866e-02
-1.072767863695742591e-01 -1.002608288643856843e-01
-1.053868311447745676e-01 -1.015153301754510018e-01
-9.430417399230646425e-02 -1.015116448797899334e-01
-8.646161989570792794e-02 -1.049074713000965609e-01
-8.419943609685182073e-02 -1.064535090975816528e-01
-8.335834656249735408e-02 -1.097194130057785044e-01
-8.514579061212113054e-02 -1.117582004609427027e-01
-8.851796806367132064e-02 -1.168098764652789473e-01
-9.785004121568886826e-02 -1.230997238639558872e-01
-9.035055036541783657e-02 -1.240477931245055898e-01
-8.778510158178107203e-02 -1.248492662033410389e-01
-8.521965279814418259e-02 -1.256507392821765157e-01
-8.455879970755873776e-02 -1.266004781320229922e-01
-8.485024446349889726e-02 -1.276243498673749477e-01
-8.514168921943907065e-02 -1.286482216027268755e-01
-8.543313397537923015e-02 -1.296720933380788032e-01
-8.470325038900833325e-02 -1.301961649354331785e-01
-8.207178544880081028e-02 -1.307777409046721739e-01
-7.980370158332186770e-02 -1.329435741284509531e-01
-7.763788680020648758e-02 -1.346067035189980610e-01
-7.103026799793517310e-02 -1.360522869845361416e-01
-6.435996544034876254e-02 -1.374054244096566402e-01
-6.021915465809003082e-02 -1.384845865339939808e-01
-5.715647253495396291e-02 -1.396606015444714632e-01
-5.403604749340238517e-02 -1.423467158635944863e-01
-5.114818018018028184e-02 -1.445636246814771264e-01
-4.867347435500633812e-02 -1.455862247203086324e-01
-4.654161356164278340e-02 -1.467740934522846208e-01
-4.391098057905855334e-02 -1.482131423032427842e-01
-3.986199271616721468e-02 -1.502486288796528457e-01
-3.689076138926726534e-02 -1.517324653737098794e-01
-3.500023237613245769e-02 -1.528560677631785047e-01
-3.318593281008395957e-02 -1.539887316109546656e-01
-3.236784067437816631e-02 -1.556347811644643586e-01
-2.821648608817453607e-02 -1.572571585801789129e-01
-2.367297660898334821e-02 -1.589157742637231086e-01
-1.989113887363682526e-02 -1.584875120788999669e-01
-2.454124768123537928e-02 -1.557462488280174084e-01
-1.109366102732357862e-02 -1.559793662383625323e-01
7.574835066706522499e-04 -1.496198137623662161e-01
3.628428122525811927e-03 -1.501311137817819552e-01
5.999848895109819932e-03 -1.513212533947725646e-01
8.073166728967549194e-03 -1.529165069587676284e-01
1.014648456282520733e-02 -1.545117605227626367e-01
1.152014849530705667e-02 -1.563503753644450434e-01
1.358693139935982994e-02 -1.606386901764639552e-01
1.810573511792858831e-02 -1.565434850462202321e-01
2.316746601220995294e-02 -1.538393300842113010e-01
2.673310115395290468e-02 -1.544745816234854574e-01
3.155426791972554962e-02 -1.560306776207783797e-01
3.338069174914241877e-02 -1.639966527135337804e-01
2.879836561910383008e-02 -1.666579830962303943e-01
3.120860288492276896e-02 -1.671562599093386059e-01
3.368330871009667105e-02 -1.670744344301572371e-01
3.474257808696711719e-02 -1.640870264646967780e-01
3.566323214907631683e-02 -1.616457688507366708e-01
3.647109491779066542e-02 -1.598920447362903730e-01
3.474182596007905494e-02 -1.567422725609820267e-01
3.037205590066005545e-02 -1.516323817463818002e-01
2.590200976904066116e-02 -1.371232299318085601e-01
2.939323446965153366e-02 -1.374467273978170478e-01
3.308973070598916766e-02 -1.389790358849589125e-01
4.052843900182270809e-02 -1.443144304800952904e-01
4.513329489419874024e-02 -1.414289848830578844e-01
4.533016599847631417e-02 -1.399257719801100530e-01
4.358213721200503155e-02 -1.348076358247685125e-01
4.658903680109972162e-02 -1.231656525455847168e-01
6.522220988313383316e-02 -1.232104416071960890e-01
6.650611270427111976e-02 -1.220873286045646433e-01
6.099344753873434805e-02 -1.204864605678111766e-01
5.786986583387346283e-02 -1.027085176991205662e-01
7.189188151785078085e-02 -9.643968225432944519e-02
7.342578157609806755e-02 -9.345143988825177495e-02
7.220662297859214984e-02 -8.756297386116565495e-02
6.832594612428019576e-02 -8.116655928703313261e-02
6.460935523885305565e-02 -6.810980547239220417e-02
6.600562175065109727e-02 -6.404837890917916554e-02
6.685308655333996319e-02 -5.924726423711878381e-02
6.668575313634123036e-02 -5.694608221780622648e-02
6.575628128486195323e-02 -5.491334424592268781e-02
5.463092406696309217e-02 -4.734948058589491526e-02
3.752058948214257589e-02 -3.413516690587369701e-02
2.995513661519721982e-02 -3.254839131868172281e-02
2.995256485190487747e-02 -2.716181395293618128e-02
3.205517922590421509e-02 -2.496996048021864548e-02
3.361594118388274571e-02 -2.030808321948855341e-02
3.032311958112685057e-02 -1.794667493908504163e-02
2.844593191514676808e-02 -1.530460448963575498e-02
1.373909571575501927e-02 -2.436764018313237676e-02
-4.594023184704186004e-03 -2.148227780549910593e-02
-8.988631872089765384e-03 -1.380510052422530970e-02
-3.290198773011000950e-03 -6.358045700420363738e-03
