-3.537262370788374181e-04 -3.537157569224887686e-04
-7.074524741576748363e-04 -7.074315138449775373e-04
-1.061178711236511821e-03 -1.061147270767465872e-03
-1.414904948315349673e-03 -1.414863027689955075e-03
-1.768631185394186657e-03 -1.768578784612443409e-03
-2.122357422473024075e-03 -2.122294541534932178e-03
-2.599707583840258403e-03 -2.455406311076021534e-03
-3.077057745207491864e-03 -2.788518080617110456e-03
-3.554407906574726193e-03 -3.121629850158200246e-03
-4.031758067941960955e-03 -3.454741619699289602e-03
-4.509108229309194416e-03 -3.787853389240378524e-03
-4.986458390676427876e-03 -4.120965158781467880e-03
-7.462458208977503643e-03 -4.120965158781467880e-03
-9.938458027278575940e-03 -4.120965158781467880e-03
-1.241445784557965171e-02 -4.120965158781467880e-03
-1.489045766388071707e-02 -4.120965158781467880e-03
-1.736645748218178936e-02 -4.120965158781467880e-03
-1.984245730048286513e-02 -4.120965158781467880e-03
-2.207120927020714274e-02 -4.162173133544266705e-03
-2.429996123993142382e-02 -4.203381108307065531e-03
-2.652871320965569796e-02 -4.244589083069864356e-03
-2.875746517937997904e-02 -4.285797057832664049e-03
-3.098621714910426012e-02 -4.327005032595462874e-03
-3.321496911882853426e-02 -4.368213007358261700e-03
-3.356869535590736864e-02 -4.721928764280749168e-03
-3.392242159298620996e-02 -5.075644521203240105e-03
-3.427614783006505128e-02 -5.429360278125727572e-03
-3.462987406714388566e-02 -5.783076035048216774e-03
-3.498360030422272005e-02 -6.136791791970705109e-03
-3.533732654130156137e-02 -6.490507548893195179e-03
-3.575284378021190146e-02 -6.782411343671484842e-03
-3.616836101912223461e-02 -7.074315138449774505e-03
-3.658387825803257470e-02 -7.366218933228065036e-03
-3.699939549694291480e-02 -7.658122728006354699e-03
-3.741491273585324795e-02 -7.950026522784646096e-03
-3.783042997476358804e-02 -8.241930317562935759e-03
-3.853788244892126374e-02 -8.241930317562935759e-03
-3.924533492307893945e-02 -8.241930317562935759e-03
-3.995278739723661515e-02 -8.241930317562935759e-03
-4.066023987139429086e-02 -8.241930317562935759e-03
-4.136769234555197350e-02 -8.241930317562935759e-03
-4.207514481970964226e-02 -8.241930317562935759e-03
-4.270013942371632398e-02 -8.324351507166708602e-03
-4.332513402772300570e-02 -8.406772696770479711e-03
-4.395012863172968742e-02 -8.489193886374252554e-03
-4.457512323573636914e-02 -8.571615075978023662e-03
-4.520011783974305086e-02 -8.654036265581794771e-03
-4.582511244374973258e-02 -8.736457455185567614e-03
-4.644681310285799641e-02 -9.358139694625096719e-03
-4.715426557701566518e-02 -1.006557120847006992e-02
-4.786171805117334782e-02 -1.077300272231505179e-02
-4.856917052533102352e-02 -1.129935968267093901e-02
-4.927662299948869229e-02 -1.180074084254557204e-02
-4.998407547364636799e-02 -1.230212200242020680e-02
-5.069145426912911173e-02 -1.236289547634440364e-02
-5.139882290203599130e-02 -1.236289547634440364e-02
-5.210619153494287781e-02 -1.236289547634440364e-02
-5.433465641189929446e-02 -1.410119645410467040e-02
-5.677292766734532564e-02 -1.607926308396981710e-02
-5.921119892279134989e-02 -1.805732971383495686e-02
-6.250797155794529658e-02 -2.129831997013062125e-02
-6.533769761332521020e-02 -2.412804602551053834e-02
-6.816742366870512382e-02 -2.695777208089045196e-02
-7.099714972408502356e-02 -2.978749813627034129e-02
-7.382687577946495106e-02 -3.261722419165027920e-02
-7.658667060975492269e-02 -3.538576074265698673e-02
-7.826253145115105725e-02 -3.720585997587926019e-02
-7.993839229254719181e-02 -3.902595920910154059e-02
-8.161425313394335412e-02 -4.084605844232384875e-02
-8.329011397533951644e-02 -4.266615767554615690e-02
-8.496597481673565100e-02 -4.448625690876843730e-02
-8.654026833441082200e-02 -4.621748441615437797e-02
-8.656524286457008277e-02 -4.837193493559133889e-02
-8.864403332436039673e-02 -5.155537674789376079e-02
-9.066123349319230029e-02 -5.473881856019617576e-02
-9.195990906147445687e-02 -5.857163118501115817e-02
-9.460864319781017717e-02 -6.164100399035845473e-02
-9.630652913578860441e-02 -6.333883962358639874e-02
-9.760328702600723494e-02 -6.543778475787317972e-02
-9.821318182074681435e-02 -6.822356122958948832e-02
-9.882307661548639377e-02 -7.100933770130578304e-02
-9.890316381075522911e-02 -7.432492177249284959e-02
-9.890316381075522911e-02 -7.772059303894876536e-02
-9.912194069495045001e-02 -8.045990583276757535e-02
-9.971533553153476281e-02 -8.207531713234485216e-02
-1.003087303681190617e-01 -8.369072843192208733e-02
-1.018444317580560476e-01 -8.536059081292088346e-02
-1.028628285655944913e-01 -8.858680277844306616e-02
-1.030241289695366935e-01 -9.267009145757069966e-02
-1.042129166051180555e-01 -9.572584971411182697e-02
-1.062126447654142963e-01 -9.797073413784208873e-02
-1.057874273478520699e-01 -1.000930286793770274e-01
-1.035757764526448188e-01 -1.033515011067842188e-01
-1.071290525023338713e-01 -1.075960901898540406e-01
-1.065703903012430870e-01 -1.118406792729239180e-01
-1.037223868531911564e-01 -1.160852823295355635e-01
-1.063231424526663166e-01 -1.203299203200017264e-01
-1.039696347017679684e-01 -1.245745094030716038e-01
-1.067138553845628918e-01 -1.286042902148490930e-01
-1.071450941283181579e-01 -1.341086785674355519e-01
-1.066874144793961560e-01 -1.390349486791807032e-01
-1.054306836726261604e-01 -1.418272593060740938e-01
-1.039166508422352669e-01 -1.441049969027539956e-01
-1.030241289695366935e-01 -1.476256895111942302e-01
-1.030241289695366935e-01 -1.529314258650314173e-01
-1.022481316150117420e-01 -1.566850667309417078e-01
-1.007087444281890704e-01 -1.589120835466992510e-01
-9.945123830156959999e-02 -1.617028535906093190e-01
-9.890316381075522911e-02 -1.659124409628179586e-01
-9.873944471375994958e-02 -1.708907221850383129e-01
-9.772643280110174246e-02 -1.741703299119956583e-01
-9.598680518375196646e-02 -1.759969077873243803e-01
-9.489819768028762148e-02 -1.782263889218661523e-01
-9.451129825497991965e-02 -1.810561149772460798e-01
-9.221885488173955925e-02 -1.838858410326260073e-01
-9.074060321060589684e-02 -1.867155670880059071e-01
-9.034454645757312996e-02 -1.895452931433858068e-01
-8.785064187438129668e-02 -1.923750191987657343e-01
-8.359163506026030810e-02 -1.936853624627289938e-01
-7.831792130051702661e-02 -1.988798811743312800e-01
-7.500364870974388087e-02 -2.052219986015816899e-01
-7.106291429307512453e-02 -2.093146603514510207e-01
-7.005640769928495049e-02 -2.119402081898810741e-01
-6.932715141863421415e-02 -2.145487044963513834e-01
-6.556244932992892627e-02 -2.187842441232044632e-01
-6.242482136231435053e-02 -2.218990028017638338e-01
-5.969465679224637139e-02 -2.244024815900110270e-01
-5.713307665236339039e-02 -2.266530837329807369e-01
-5.419607698692094355e-02 -2.269036706228862998e-01
-4.782925624325418817e-02 -2.307740488917622013e-01
-4.123834816138022275e-02 -2.348662641234549042e-01
-3.918791509918632260e-02 -2.368449519407690995e-01
-3.753955418804896110e-02 -2.380194421024469376e-01
-3.598016027689657920e-02 -2.390159792093251301e-01
-3.388995978506707113e-02 -2.390809142580612168e-01
-2.957282134330316281e-02 -2.422658985588298231e-01
-2.284087195245024932e-02 -2.431369443681065945e-01
-1.889305760793715330e-02 -2.448487009094586220e-01
-1.531542101704655087e-02 -2.469305350607169658e-01
-9.983480778952183443e-03 -2.472579095268880867e-01
-6.282914283015967986e-03 -2.492169139168168845e-01
-2.577075103974481220e-03 -2.511705454799242898e-01
2.473758970325476599e-03 -2.513788746856695511e-01
5.344750164957326119e-03 -2.527525373605285508e-01
7.831458797563736751e-03 -2.550893121127041363e-01
1.101474340752085085e-02 -2.554998398444510155e-01
1.419827954123039845e-02 -2.573417863926942273e-01
2.187114118002869007e-02 -2.596208050032324799e-01
3.666446409702312642e-02 -2.595096683440237251e-01
4.059997240905940247e-02 -2.594478563818795047e-01
4.195955737571784028e-02 -2.588708530602972790e-01
4.266700984987548823e-02 -2.581634215464523319e-01
4.337446232403318475e-02 -2.574559900326073292e-01
4.424629700326057624e-02 -2.568307663472033098e-01
4.556572539831631186e-02 -2.559577274027373117e-01
5.101695903306369129e-02 -2.554998398444510155e-01
5.615343482784117268e-02 -2.552223103780560942e-01
5.842626442968477940e-02 -2.547670336490225895e-01
5.948744314092132418e-02 -2.537058863782550855e-01
6.054862185215781345e-02 -2.527234088774893417e-01
6.201712168487910626e-02 -2.516398724993756941e-01
6.520057397733779181e-02 -2.511522308244741319e-01
6.838394242854574367e-02 -2.489303643174709257e-01
7.156747856225531557e-02 -2.472579095268880867e-01
7.526178829899134171e-02 -2.458717761011351144e-01
7.920448663344370477e-02 -2.422307646286222249e-01
8.344913796229060099e-02 -2.395571204944839661e-01
8.769366479958327909e-02 -2.390159792093251301e-01
9.106032038759191705e-02 -2.381380774723134142e-01
9.342200647140817826e-02 -2.362551274711463811e-01
9.465176283777912425e-02 -2.339327512893320249e-01
9.550497120923014116e-02 -2.303955937201072335e-01
9.869775952137274655e-02 -2.271290045703982796e-01
1.022350218921611181e-01 -2.266530837329807369e-01
1.057721563838700529e-01 -2.239050861712139351e-01
1.071450941283181579e-01 -2.203679286019890604e-01
1.100871903255510320e-01 -2.155169299372244607e-01
1.142361305150123574e-01 -2.113201653009589287e-01
1.153653908625335706e-01 -2.084188673996497376e-01
1.172719383648317681e-01 -2.041634615249060258e-01
1.195079896046625650e-01 -1.928497446631984025e-01
1.197323767388575461e-01 -1.831356737701149984e-01
1.219450692980897644e-01 -1.788688000636820263e-01
1.194946715490069200e-01 -1.623169009832187704e-01
1.153870244458811006e-01 -1.449817740872314797e-01
1.146545059783814630e-01 -1.400801306491429865e-01
1.123030180394340716e-01 -1.369767168986213701e-01
1.071450941283181579e-01 -1.235958895525839096e-01
1.030241289695366935e-01 -9.463857477840620369e-02
1.016254130045555065e-01 -8.962164580951689774e-02
9.948932594210473102e-02 -8.712638854513495013e-02
9.890316381075522911e-02 -7.556474294226865618e-02
9.492819421668112490e-02 -7.020228131308207942e-02
9.066123349319230029e-02 -5.546984344662585914e-02
9.014611284834450622e-02 -4.533061674659615015e-02
7.710334866935145137e-02 -3.177263760134817205e-02
4.693785352422134155e-02 -8.241930317562935759e-03
2.309792922736952914e-02 -2.493197754869251256e-03
6.366820743666722418e-03 -3.523657060577889411e-19
