-1.109768772213208000e-03 -1.988789257383495514e-03
-1.768265423511783353e-03 -3.124073610834544185e-03
-2.542251921562129272e-03 -4.543946485881472305e-03
-4.150659478347628988e-03 -6.297181968054472306e-03
-2.278031571810050504e-02 -1.212385596101592591e-02
-2.454848468404555173e-02 -1.420360631323857800e-02
-2.543349806910647978e-02 -1.634386916224790653e-02
-2.717290467649404601e-02 -1.793206818517178308e-02
-3.577944575580531417e-02 -2.262438783758697475e-02
-3.549137737067682707e-02 -2.355224305575724653e-02
-3.510585882429033411e-02 -2.440502608564953241e-02
-3.511958122581946423e-02 -2.606351183413518555e-02
-3.593111595197173713e-02 -2.748278496366326346e-02
-3.641221804886709407e-02 -2.831367136178296329e-02
-3.716353770520535588e-02 -2.967572192496046798e-02
-3.824449057336262725e-02 -3.287246520963636037e-02
-3.767247882782224361e-02 -3.425040367281118048e-02
-3.747538931495059122e-02 -3.498080245500873042e-02
-3.735257022117820236e-02 -3.557037004108761641e-02
-3.725722788353162673e-02 -3.618664951479404895e-02
-3.724057631548480934e-02 -3.654033152418949271e-02
-3.725491495930367825e-02 -3.681107292143888376e-02
-3.838484169967804754e-02 -3.922685502712029010e-02
-4.023222193046720879e-02 -4.297713900726246594e-02
-3.955332027731429251e-02 -4.839271978810214675e-02
-4.021477150528656591e-02 -4.977289945339401223e-02
-4.084930164720053380e-02 -5.086763487971692616e-02
-4.138740049386967212e-02 -5.189940940281140974e-02
-4.185063180294730512e-02 -5.284942758707135424e-02
-4.635198185985425767e-02 -5.508391538567560669e-02
-4.746070507976041936e-02 -5.555997431537497422e-02
-4.529569818879315701e-02 -5.673123385891692960e-02
-4.288122462332673995e-02 -5.808550595554300838e-02
-4.185136077322351017e-02 -5.878786752404083216e-02
-4.176719597410517848e-02 -6.020651285202474612e-02
-4.443824172299399439e-02 -6.493241291067596010e-02
-4.457282200309791581e-02 -6.615648402682169915e-02
-4.425872558233134857e-02 -6.718168853864774082e-02
-4.395006531497171187e-02 -6.831071862297385944e-02
-4.327639557769205614e-02 -6.984650499192070205e-02
-3.764121072432267262e-02 -7.406714060298083546e-02
-3.980238597153675645e-02 -7.758088508139734940e-02
-3.929659501294843066e-02 -8.501822454365258463e-02
-3.723842723135759036e-02 -9.205715537131242687e-02
-3.605474190062598477e-02 -9.610822718782949248e-02
-3.518886997087333768e-02 -9.914610624841185826e-02
-3.440890337385994063e-02 -1.019388161865744102e-01
-3.203321319667990635e-02 -1.106666879446124158e-01
-2.945745030252849492e-02 -1.189450034159627856e-01
-2.504739819512375593e-02 -1.214330277416697385e-01
-2.252859056160088150e-02 -1.261828093459362865e-01
-1.655550305504696965e-02 -1.467058943626032286e-01
-1.270047050111894858e-02 -1.604376150067449991e-01
-1.010458953879634150e-02 -1.695774393603192709e-01
-6.728735662907845382e-03 -1.830986290984523146e-01
-8.220234836859909369e-03 -1.899286291473747390e-01
-8.542416661384924850e-03 -1.919165410381091785e-01
-7.671024466965968742e-03 -1.927876419007960584e-01
-5.759590874711820532e-03 -1.939496477144029007e-01
1.024429908671705032e-03 -2.095454725811534136e-01
2.120568613350840362e-03 -2.138110868699265588e-01
4.126112514950464570e-03 -2.163131915974335628e-01
9.839215323773617405e-03 -2.189317554246770769e-01
1.242519402190699583e-02 -2.205161668954890020e-01
1.526058393270212504e-02 -2.223904493266372073e-01
1.573583284588606773e-02 -2.239724585575724181e-01
1.614017452517124002e-02 -2.256596748913696493e-01
1.739929924805049682e-02 -2.273836709929405175e-01
2.043048001091550547e-02 -2.290233168400662156e-01
2.208276406804661821e-02 -2.300788755178572176e-01
2.323707487684935000e-02 -2.318546567021950444e-01
2.359644809404703308e-02 -2.335208858921826447e-01
2.374119976679448657e-02 -2.342677316987472613e-01
2.408512805809248994e-02 -2.349073883064463908e-01
2.502924470828055137e-02 -2.349803966921533149e-01
2.595271145777889102e-02 -2.348049819075300193e-01
2.662016600716549455e-02 -2.346520967851437878e-01
2.740889299455569195e-02 -2.342499055282430687e-01
3.325984793862638705e-02 -2.362753137510581747e-01
3.882180663919540531e-02 -2.394080882436191438e-01
4.783483887958934339e-02 -2.402531458915313778e-01
4.905295637736002690e-02 -2.410009433476028584e-01
4.980859428365772001e-02 -2.414838521349708389e-01
5.103228610615784255e-02 -2.421799279646586756e-01
5.266397193391389453e-02 -2.427435172829058851e-01
5.625090457233085373e-02 -2.419041000654790774e-01
5.824767157131909706e-02 -2.421670560806286898e-01
6.037209333033849434e-02 -2.431359161038683936e-01
6.259362275609690884e-02 -2.448829139060058058e-01
6.556057084389170508e-02 -2.446404312087528399e-01
6.924757211269239043e-02 -2.436188148282016630e-01
7.280502763808986699e-02 -2.426308650599388050e-01
7.978628951856900353e-02 -2.405541023010927260e-01
8.534710171074395835e-02 -2.407014840112721432e-01
8.688340175202709237e-02 -2.417985112742396525e-01
8.822092450562912802e-02 -2.424139779343537637e-01
9.686121553371569715e-02 -2.357146198309875429e-01
9.792377370734804687e-02 -2.354117507619572502e-01
9.898329396698103688e-02 -2.351494339494760721e-01
1.007884562443123466e-01 -2.347801878113548457e-01
1.027766464409511638e-01 -2.344040588351704868e-01
1.041531876291570957e-01 -2.340234001325570690e-01
1.051578212422187575e-01 -2.336005544554621283e-01
1.076893120394465941e-01 -2.316311141216037262e-01
1.191845767662799704e-01 -2.139551395833707292e-01
1.219137153109015465e-01 -2.129650528243677565e-01
1.232708021604680820e-01 -2.125752466926525697e-01
1.241188598445309710e-01 -2.123696980064709861e-01
1.254968138370276820e-01 -2.120913984698439836e-01
1.319570732581314132e-01 -2.048046391561997026e-01
1.326695731677317025e-01 -2.046015158248211396e-01
1.331982483519303373e-01 -2.045351353125009486e-01
1.347011231408475895e-01 -2.041766838747695878e-01
1.371204337406931595e-01 -2.023154875291373889e-01
1.382836585486971193e-01 -2.001355918124939903e-01
1.394769040906710111e-01 -1.975655888988193110e-01
1.394262133663307646e-01 -1.958225173660438911e-01
1.388956637212795941e-01 -1.920222565878606513e-01
1.399190183353109518e-01 -1.898946538703899234e-01
1.430642636660515721e-01 -1.842145295622098500e-01
1.431873516804623159e-01 -1.839765289070552090e-01
1.432577436865476173e-01 -1.838402864235781642e-01
1.496253517401158750e-01 -1.764554946147168790e-01
1.495162365344712696e-01 -1.760944832967966112e-01
1.494361951377983777e-01 -1.757824339220936394e-01
1.493267091028728788e-01 -1.752986503559875731e-01
1.492083402642060685e-01 -1.747556992446617774e-01
1.519386379737631132e-01 -1.664368966213521372e-01
1.509971646895474362e-01 -1.622305840158414503e-01
1.494262881423862599e-01 -1.572709301388469927e-01
1.490587377892818866e-01 -1.558776745773391981e-01
1.487974466158166198e-01 -1.543187760119434371e-01
1.515869257263302849e-01 -1.475657147146360315e-01
1.510741640824024290e-01 -1.446695790810489379e-01
1.470758220167785457e-01 -1.297948166735868047e-01
1.430299420700067714e-01 -1.157041573476221691e-01
1.411184066603358434e-01 -1.092607966874361153e-01
1.394182816269992908e-01 -1.018872979788818661e-01
1.413047498633928367e-01 -9.994558935050786019e-02
1.427837325591739259e-01 -9.571538139676055712e-02
1.422355792158589705e-01 -9.373691109500589813e-02
1.412749716368205954e-01 -9.060777548190768194e-02
1.406927822300503006e-01 -8.861524432892453618e-02
1.368900101859954199e-01 -8.500952883776932700e-02
1.334467283651009639e-01 -8.148865151769400794e-02
1.329780226709858792e-01 -8.009101095834401940e-02
1.327882697319872352e-01 -7.937928747318552525e-02
1.326110149728456922e-01 -7.863609105619398520e-02
1.321596742380680145e-01 -7.657281980957468537e-02
1.308558235176909279e-01 -7.368398619186036780e-02
1.284098175722144519e-01 -7.179485789556322439e-02
1.256031215591505990e-01 -7.086483715297653418e-02
1.225480848373849407e-01 -6.146804781837834908e-02
1.209157575618853148e-01 -5.578022850938956639e-02
1.181414934758730079e-01 -4.525199528950812899e-02
1.150425252179223673e-01 -3.917873214894460054e-02
1.121770119309652841e-01 -3.820338360734825550e-02
1.052015461587841871e-01 -3.409976164711314706e-02
1.033508620900545488e-01 -3.146246145223579455e-02
1.010956650328921069e-01 -2.417153980443565234e-02
1.000682750014306038e-01 -2.314425852977303882e-02
9.826731260846581495e-02 -2.224567173890222224e-02
9.689769620985663745e-02 -2.156552250487042688e-02
9.535846108348314254e-02 -2.023139321070837118e-02
9.478587197157084532e-02 -1.908705394469109237e-02
9.449025032887028996e-02 -1.795837498038340557e-02
9.426813849891862995e-02 -1.665383419660185910e-02
8.701600532814489364e-02 -1.604017643328581669e-02
8.303734211382599040e-02 -1.366776057603099129e-02
8.046018075673515291e-02 -1.225295397413641088e-02
7.777723403259430290e-02 -1.074150097791410317e-02
7.655667895926661359e-02 -9.876014107110361179e-03
7.590256423752821113e-02 -8.640031023111453129e-03
7.585173539326076075e-02 -7.434464623641526444e-03
7.554395884858633448e-02 -6.521882573919134986e-03
7.532321118688535544e-02 -6.028948009718149148e-03
7.460016078895272129e-02 -4.957001481111838678e-03
7.061845309970650464e-02 -2.701688182161632833e-03
6.898442751789088390e-02 -1.324708494789380870e-03
6.821019264909461421e-02 5.237788323828045274e-04
6.724327676226025952e-02 2.944837451089114041e-03
6.660312488428803135e-02 2.930142930912649647e-03
6.229427102487007650e-02 2.044515798332344463e-03
6.093035669650452568e-02 2.794563981380991571e-03
5.971873403515313289e-02 3.432887802634934996e-03
5.733827709447088944e-02 5.010293423302539587e-03
5.643427212607944610e-02 5.207704241712642589e-03
5.243090701557440170e-02 4.368176053093801581e-03
4.236405613458557595e-02 1.394429908762301719e-03
3.460567453697729196e-02 8.880868961025422748e-04
3.388807853778130763e-02 1.589804373113905224e-03
3.157081902334871876e-02 2.760082773051168292e-03
2.079730282029479405e-02 1.015650211961677480e-03
1.961817563523184094e-02 1.346761655871810777e-03
1.849131161767515047e-02 1.842311791620983947e-03
1.660084250358162539e-02 3.218589143520052612e-03
1.597343503586132890e-02 3.641856793238305075e-03
9.782415617024852253e-03 2.735086180303158976e-03
5.192404496099072703e-03 1.461872613083604628e-03
