-3.287256313506462229e-04 -3.287256313506462229e-04
-6.574512627012924458e-04 -6.574512627012924458e-04
-9.861768940519382350e-04 -9.861768940519382350e-04
-1.314902525402584892e-03 -1.314902525402584892e-03
-1.643628156753230681e-03 -1.643628156753230681e-03
-1.972353788103876904e-03 -1.972353788103876904e-03
-2.301079419454523343e-03 -2.301121220780992169e-03
-2.629805050805168916e-03 -2.629888653458106566e-03
-2.958530682155815356e-03 -2.958656086135221831e-03
-3.287256313506461795e-03 -3.287423518812337096e-03
-3.615981944857107801e-03 -3.616190951489451928e-03
-3.944707576207753807e-03 -3.944958384166566759e-03
-4.876124732585565037e-03 -3.972338253003630804e-03
-5.807541888963374532e-03 -3.999718121840694848e-03
-6.738959045341185762e-03 -4.027097990677759760e-03
-7.670376201718992655e-03 -4.054477859514823805e-03
-8.601793358096802150e-03 -4.081857728351887850e-03
-9.533210514474614247e-03 -4.109237597188951895e-03
-1.051947101117948861e-02 -4.109237597188951895e-03
-1.150573150788436645e-02 -4.109237597188951895e-03
-1.249199200458923908e-02 -4.109237597188951895e-03
-1.347825250129411692e-02 -4.109237597188951895e-03
-1.446451299799899476e-02 -4.109237597188951895e-03
-1.545077349470386913e-02 -4.109237597188951895e-03
-1.781509198757136314e-02 -5.586993023686526866e-03
-1.985387188355475924e-02 -7.526159091987906155e-03
-2.096954675359331832e-02 -7.954498551020566799e-03
-2.195572364764525330e-02 -8.201042774533550545e-03
-2.294190054169719523e-02 -8.218475194377903789e-03
-2.392807743574913715e-02 -8.218475194377903789e-03
-2.658792370650988474e-02 -1.015106705406191613e-02
-2.954679893293235202e-02 -1.217412585117244421e-02
-3.250532961508816043e-02 -1.263651565738109842e-02
-3.546386029724397232e-02 -1.491767231129921371e-02
-3.760555759240728074e-02 -1.558183965378650074e-02
-3.957836232815427346e-02 -1.384192657498640316e-02
-4.101285211504978462e-02 -1.323085705076940469e-02
-4.232775464045236691e-02 -1.356291412116892442e-02
-4.364265716585495614e-02 -1.487798385187739242e-02
-4.650157402032875642e-02 -1.588409364512063243e-02
-5.162685239256443320e-02 -1.643695038875580758e-02
-5.951660195559167060e-02 -1.643695038875580758e-02
-6.262997285791185864e-02 -1.652197580684158090e-02
-6.466813865440820819e-02 -1.658773765364229824e-02
-6.670630445090457161e-02 -1.665349950044301558e-02
-6.874447024740092116e-02 -1.671926134724373292e-02
-7.030117900596730141e-02 -1.688131166287052190e-02
-7.069575008677160544e-02 -1.727578242049129797e-02
-7.109032116757590947e-02 -1.767025317811207752e-02
-7.148489224838019962e-02 -1.806472393573284665e-02
-7.187946332918448977e-02 -1.845919469335362273e-02
-7.228361476733270730e-02 -1.884404101223167635e-02
-7.397114090375385420e-02 -2.027223729275058270e-02
-7.764228539906746496e-02 -2.054618798594476034e-02
-8.158706897768699950e-02 -2.054618798594476034e-02
-8.385826424883688346e-02 -2.221970029100260244e-02
-8.583061803694076730e-02 -2.419226688585941754e-02
-8.933730851368486270e-02 -2.463053479328183165e-02
-9.325716330124664277e-02 -2.465542558313370963e-02
-9.580756103224344344e-02 -2.605016104185053569e-02
-9.782977240246283623e-02 -2.797273325025064969e-02
-1.023123946481534763e-01 -2.868995280956115196e-02
-1.060481665276015173e-01 -2.876466318032266239e-02
-1.090003054069282051e-01 -2.877794586848484229e-02
-1.113014684290356826e-01 -3.009293199654037090e-02
-1.135993101457491439e-01 -3.141455820197010945e-02
-1.155716639338530277e-01 -3.338691199007399329e-02
-1.175382086042845858e-01 -3.534764500941953158e-02
-1.189354597428307209e-01 -3.616954269044909270e-02
-1.203285586162809451e-01 -3.698313837470056792e-02
-1.227591360117220864e-01 -3.745132336480602731e-02
-1.248379033099469015e-01 -4.204862058277606535e-02
-1.294136741114923772e-01 -4.722876192929519740e-02
-1.313860278995962472e-01 -4.920117841938878578e-02
-1.333583816877001449e-01 -5.117359490948237416e-02
-1.351116407900055105e-01 -5.285382012755901471e-02
-1.365910315350628290e-01 -5.416880625561454332e-02
-1.380704222801201475e-01 -5.548379238367006500e-02
-1.395498130251774660e-01 -5.679877851172559361e-02
-1.405908471933319526e-01 -5.752932636064532479e-02
-1.429417335266274791e-01 -5.772855401600934799e-02
-1.440890203331313679e-01 -6.092453143299030732e-02
-1.465529019854063808e-01 -6.436803097118225236e-02
-1.485169588435596155e-01 -6.633635536475589178e-02
-1.503250334186411186e-01 -6.822656954634859217e-02
-1.520417910959912244e-01 -7.007113161260987433e-02
-1.520417910959912244e-01 -7.273106528614416144e-02
-1.547512872089420455e-01 -7.667586659865979759e-02
-1.561211141439108607e-01 -8.100431288526484253e-02
-1.561510286931801772e-01 -8.491935672016208414e-02
-1.574959521712285260e-01 -8.751939162628027957e-02
-1.594085680636879165e-01 -8.955152891147571959e-02
-1.599726313629373231e-01 -9.443032512883468843e-02
-1.600959034746937959e-01 -9.714243699145687361e-02
-1.602191755864502964e-01 -9.985454885407918368e-02
-1.602602662903691300e-01 -1.030597491637273294e-01
-1.602602662903691300e-01 -1.065114936968886150e-01
-1.602602662903691300e-01 -1.099632382300497480e-01
-1.602602662903691300e-01 -1.134149827632108809e-01
-1.600411437370196921e-01 -1.155517829696430382e-01
-1.595497780113269704e-01 -1.177633036804916072e-01
-1.588658196408170020e-01 -1.205625675086807319e-01
-1.578793919388062628e-01 -1.215487444027326669e-01
-1.569394777127935126e-01 -1.225814145054728160e-01
-1.562556019315710087e-01 -1.251808104846494074e-01
-1.560793067372491516e-01 -1.297384151897356952e-01
-1.546269371296453699e-01 -1.330196946735812680e-01
-1.526485274693723249e-01 -1.357751712322822490e-01
-1.520417910959912244e-01 -1.399023484387433569e-01
-1.514678695239122519e-01 -1.440622948450595853e-01
-1.493042359059836288e-01 -1.466325930475519401e-01
-1.479325534988022717e-01 -1.499946281339905041e-01
-1.477772349701265697e-01 -1.545731411025523527e-01
-1.462768014373248548e-01 -1.578066941119081745e-01
-1.438233159016133189e-01 -1.608429767813442102e-01
-1.434049378253488827e-01 -1.647878819638225190e-01
-1.398437080179247005e-01 -1.687328403479891048e-01
-1.379707653844047255e-01 -1.740722301812255568e-01
-1.261825954028750196e-01 -1.861194619834853348e-01
-1.228951718840625845e-01 -1.894068855022977282e-01
-1.208231400884624135e-01 -1.911750951234677809e-01
-1.195082375630598381e-01 -1.919969092018443957e-01
-1.181933350376572212e-01 -1.928187232802210382e-01
-1.172835287448281694e-01 -1.931341670678807521e-01
-1.161346492655622731e-01 -1.931341670678807521e-01
-1.120901961241588113e-01 -1.962423160978301606e-01
-1.075275433388833413e-01 -2.006653752534233448e-01
-1.048128511943818009e-01 -2.032579239219830247e-01
-1.030047766193002978e-01 -2.044906450395479469e-01
-1.013710439765584115e-01 -2.054618798594475826e-01
-9.982038872564177878e-02 -2.054618798594475826e-01
-9.575946501713830661e-02 -2.083241737544173355e-01
-9.004033757824826678e-02 -2.126653639565323217e-01
-8.265780446612211452e-02 -2.136803550538254881e-01
-7.697295411493655648e-02 -2.147827210570934231e-01
-7.379195255095762074e-02 -2.171371220796972645e-01
-6.782468906026381528e-02 -2.177895926510144409e-01
-6.242564493403594816e-02 -2.180486544717445407e-01
-5.856016227184831363e-02 -2.208030274754267108e-01
-5.264310090753661353e-02 -2.226758181041231521e-01
-4.586655106933833215e-02 -2.260006006084367691e-01
-4.070389724441206281e-02 -2.267552475554191760e-01
-3.756587926664035210e-02 -2.295345645506415011e-01
-3.223133078703316334e-02 -2.301173054425812992e-01
-2.756944925296199445e-02 -2.313725194739070512e-01
-2.405749940932404643e-02 -2.337782352137541264e-01
-1.858860906668739765e-02 -2.342265430397702519e-01
-1.455424904556575257e-02 -2.361092443829603260e-01
-9.802253985282696064e-03 -2.381381845000343223e-01
-2.505454971508463795e-03 -2.383357806369592047e-01
3.750708886772985938e-03 -2.388802669816457447e-01
6.400522839181137409e-03 -2.406270228109180787e-01
1.000654340127004986e-02 -2.421910029735590275e-01
1.885266677928389145e-02 -2.424450182341481574e-01
2.667587876422772633e-02 -2.422092055511758935e-01
2.952167000219027906e-02 -2.416878695411119327e-01
3.050809770420101139e-02 -2.407016926470600116e-01
3.156577006699697735e-02 -2.397511925517957221e-01
3.294864154923780875e-02 -2.386645214687922179e-01
3.820863166290706936e-02 -2.383357806369592047e-01
4.355798541232525078e-02 -2.383357806369592047e-01
4.563991441087932033e-02 -2.378974797951583509e-01
4.662609130493128307e-02 -2.369113029011064020e-01
4.761226819898320417e-02 -2.359250702719525306e-01
4.888068427146752964e-02 -2.346564929054610060e-01
5.371062909419565407e-02 -2.342265430397702519e-01
5.897050604871827834e-02 -2.324777224783117491e-01
6.423035091333388624e-02 -2.275255522659313800e-01
6.574780155502323031e-02 -2.241369382916285624e-01
6.924544267794047192e-02 -2.187088460436252824e-01
7.946183549385368861e-02 -2.081847963093729492e-01
8.241996082981346838e-02 -2.051608055944381948e-01
8.378970669554305917e-02 -2.034074907570308788e-01
8.515945256127274710e-02 -2.016541759196234795e-01
8.629398954096799412e-02 -2.000890396758525647e-01
8.629398954096799412e-02 -1.994315884131512562e-01
8.629398954096799412e-02 -1.984088864489492454e-01
8.907321533329619345e-02 -1.944641788727415055e-01
9.040322713815694688e-02 -1.879042739092690595e-01
9.285389450444041237e-02 -1.824650473079428847e-01
9.451246473534589965e-02 -1.762339515784741018e-01
9.663452807413744350e-02 -1.704661209496561858e-01
9.862170233253483853e-02 -1.612862912489076428e-01
9.862170233253483853e-02 -1.533965822204999552e-01
1.003948284652747130e-01 -1.502686649632513638e-01
1.027143207356852883e-01 -1.430728250198473883e-01
1.009277624433736614e-01 -1.338016632208852696e-01
9.536070231887822102e-02 -1.239396232050971741e-01
9.539389510550819185e-02 -1.141769867436518981e-01
9.451246473534589965e-02 -1.057344564394010755e-01
9.042148798428939482e-02 -9.388000053221789987e-02
8.845079611558950838e-02 -7.612308332402265010e-02
8.629398954096799412e-02 -5.576119865318573954e-02
8.476642213380196356e-02 -5.200874931118341926e-02
8.269776315634135011e-02 -4.982386237882974883e-02
7.891708905202463042e-02 -4.193419641845543694e-02
7.511698366443424202e-02 -3.402460769254467277e-02
5.703623791361965567e-02 -4.109237597189227716e-03
2.366924868908184404e-02 0.000000000000000000e+00
