-3.260072884003514088e-04 -3.259780290852912384e-04
-6.520145768007028176e-04 -6.519560581705824767e-04
-9.780218652010537386e-04 -9.779340872558732814e-04
-1.304029153601405635e-03 -1.303912116341164953e-03
-1.630036442001756448e-03 -1.629890145426455758e-03
-1.956043730402107911e-03 -1.955868174511746996e-03
-2.281992500172338924e-03 -2.109274763372188770e-03
-2.607941269942569938e-03 -2.262681352232630543e-03
-2.933890039712801386e-03 -2.416087941093072317e-03
-3.259838809483032399e-03 -2.569494529953514524e-03
-3.585787579253262979e-03 -2.722901118813955863e-03
-3.911736349023493993e-03 -2.876307707674397637e-03
-4.256879229473193790e-03 -2.914659354889507972e-03
-4.602022109922891853e-03 -2.953011002104618307e-03
-4.947164990372591650e-03 -2.991362649319729075e-03
-5.292307870822289713e-03 -3.029714296534839410e-03
-5.637450751271988643e-03 -3.068065943749949745e-03
-5.982593631721688440e-03 -3.106417590965060947e-03
-6.634549689892270050e-03 -3.758380963964407830e-03
-7.286505748062853394e-03 -4.410344336963756447e-03
-7.938461806233435003e-03 -5.062307709963102462e-03
-8.590417864404016612e-03 -5.714271082962451079e-03
-9.242373922574601691e-03 -6.366234455961799696e-03
-9.894329980745181566e-03 -7.018197828961144843e-03
-1.073805158982007839e-02 -7.286652044638151915e-03
-1.158177319889498388e-02 -7.555106260315161588e-03
-1.242549480796988071e-02 -7.823560475992169527e-03
-1.326921641704478100e-02 -8.092014691669176599e-03
-1.411293802611967782e-02 -8.360468907346183670e-03
-1.495665963519458332e-02 -8.628923123023192476e-03
-1.589629327903669884e-02 -8.705626417453413146e-03
-1.683592692287881609e-02 -8.782329711883633816e-03
-1.777556056672093335e-02 -8.859033006313856221e-03
-1.871519421056305060e-02 -8.935736300744076890e-03
-1.965482785440517133e-02 -9.012439595174297560e-03
-2.059446149824728858e-02 -9.089142889604519965e-03
-2.124641755641787019e-02 -9.741106262603865112e-03
-2.189837361458845527e-02 -1.039306963560321373e-02
-2.255032967275903688e-02 -1.104503300860256235e-02
-2.320228573092961849e-02 -1.169699638160191096e-02
-2.385424178910020357e-02 -1.234895975460125958e-02
-2.450619784727078171e-02 -1.300092312760060126e-02
-2.473629310090391317e-02 -1.344195609833122654e-02
-2.496638835453704811e-02 -1.388298906906185008e-02
-2.519648360817017957e-02 -1.432402203979247189e-02
-2.542657886180331450e-02 -1.476505501052309544e-02
-2.565667411543644597e-02 -1.520608798125371551e-02
-2.588676936906957743e-02 -1.564712095198433905e-02
-2.731860321085378268e-02 -1.868960693954294094e-02
-2.901880349036980652e-02 -2.260138717753899101e-02
-3.080374229288371929e-02 -2.505118096293548757e-02
-3.155104293243854441e-02 -2.700708460328367366e-02
-3.256915715243929865e-02 -2.942781191910559188e-02
-3.595097715976226793e-02 -3.307461713997912611e-02
-3.848680929106202547e-02 -3.404849969874506471e-02
-4.032768835738731461e-02 -3.427860958203572672e-02
-4.216856742371261763e-02 -3.450871946532638873e-02
-4.345152632388704639e-02 -3.540822573185531397e-02
-4.471705021886927811e-02 -3.632865063536043493e-02
-4.598257411385150983e-02 -3.724907553886555589e-02
-4.685763333600174302e-02 -4.638351007489136674e-02
-4.889723103046476199e-02 -5.065091467797303015e-02
-5.036621533591624511e-02 -5.321924903175210414e-02
-5.156436123483630618e-02 -5.664410151171535984e-02
-5.270216555964319510e-02 -6.420731304562517228e-02
-5.475902802328351526e-02 -6.817372574471403102e-02
-5.804082373210444484e-02 -7.242252940323064270e-02
-6.102307143979847359e-02 -7.447487130269414557e-02
-6.343215221825761196e-02 -7.720705870745607491e-02
-6.648976128179573397e-02 -8.798362486567744278e-02
-7.272346603962828726e-02 -9.375989111737685622e-02
-7.895531829860434614e-02 -9.491815435325512418e-02
-8.808282015025269140e-02 -9.491815435325512418e-02
-9.262764177697620227e-02 -9.675123182221030682e-02
-9.580495158507133791e-02 -9.884192529500179791e-02
-9.764571361413638961e-02 -1.010662769445055953e-01
-9.849414626848462806e-02 -1.040514530958691064e-01
-1.006707697686039238e-01 -1.079632333338651912e-01
-1.045406848033013647e-01 -1.130255315123846610e-01
-1.071293441846193628e-01 -1.156717403090116170e-01
-1.097180035659372360e-01 -1.183179491056384480e-01
-1.121785417264821727e-01 -1.205085922509011448e-01
-1.145083439474628290e-01 -1.222343724866085390e-01
-1.168381461684434297e-01 -1.239601527223158917e-01
-1.191679483894241415e-01 -1.256859329580233275e-01
-1.210706798744947826e-01 -1.265575391376735082e-01
-1.214009873955630842e-01 -1.316895644805962107e-01
-1.132345706989254103e-01 -1.370040367258995584e-01
-1.122382360490803838e-01 -1.482762707542205349e-01
-1.123701831469589851e-01 -1.526383682539418918e-01
-1.133480294562696777e-01 -1.536163242856840583e-01
-1.142794013335138997e-01 -1.548731942949143348e-01
-1.146821265460019890e-01 -1.593027107980712065e-01
-1.150616003561222844e-01 -1.638716842899721748e-01
-1.151765894643087262e-01 -1.700269810288365102e-01
-1.153613185932640117e-01 -1.757639050281768756e-01
-1.174544803404971860e-01 -1.786494990217991907e-01
-1.198437889151429264e-01 -1.859989238236382791e-01
-1.231698566275875872e-01 -1.946940816128215068e-01
-1.237068040713616840e-01 -2.001079253635749677e-01
-1.239369578436249342e-01 -2.055729143970536077e-01
-1.242501885644490267e-01 -2.105393417698407932e-01
-1.262274195855383196e-01 -2.129397378516025285e-01
-1.276858847239027983e-01 -2.168515180895986272e-01
-1.296290791817638621e-01 -2.207632983275946426e-01
-1.321452206806740526e-01 -2.246750785655907134e-01
-1.342868819592341889e-01 -2.289959253076297718e-01
-1.395270656902457551e-01 -2.344452360031272775e-01
-1.408763244250546554e-01 -2.373006166506892722e-01
-1.394329038945065768e-01 -2.400514098765687554e-01
-1.367669617956556727e-01 -2.429056378844465791e-01
-1.351864622606966937e-01 -2.446738394721001686e-01
-1.351864622606966937e-01 -2.456517735593560237e-01
-1.350871029466278461e-01 -2.466297118581799730e-01
-1.343497522474852990e-01 -2.480225583276309542e-01
-1.326634545758524075e-01 -2.501643823057157490e-01
-1.323101545530222800e-01 -2.543534612296793895e-01
-1.320312228426160084e-01 -2.573162344692569992e-01
-1.313408668593604722e-01 -2.594561905504013111e-01
-1.303960633605409924e-01 -2.611889607034796335e-01
-1.294338468453478941e-01 -2.629963476958305790e-01
-1.294338468453478941e-01 -2.676904576480423903e-01
-1.291270815465061783e-01 -2.714641653062197513e-01
-1.283678374318729942e-01 -2.738802795806963841e-01
-1.274557383994651405e-01 -2.753801381380701629e-01
-1.265575391376735082e-01 -2.765536609047336558e-01
-1.265575391376735082e-01 -2.780117044429674111e-01
-1.243820931033238902e-01 -2.810553741028170571e-01
-1.222326718997514133e-01 -2.835673471468078133e-01
-1.214848038068135905e-01 -2.844302372646615451e-01
-1.208049237223246947e-01 -2.852591343757674425e-01
-1.208049237223246947e-01 -2.857481014193953284e-01
-1.208049237223246947e-01 -2.862370684630232698e-01
-1.208049237223246947e-01 -2.867260355066512112e-01
-1.207709297181002450e-01 -2.871810105410079750e-01
-1.203969956716313544e-01 -2.872960654826533511e-01
-1.198591349825690322e-01 -2.874615586512421772e-01
-1.188548347058603072e-01 -2.877644153489147816e-01
-1.176814191346874650e-01 -2.881095670071590065e-01
-1.165078517697346744e-01 -2.890516097566057097e-01
-1.152821673581384126e-01 -2.900689640323962371e-01
-1.131422112769941146e-01 -2.883431794077915833e-01
-1.110824399054492484e-01 -2.866975794927863475e-01
-1.091495695525747656e-01 -2.851788805964515228e-01
-1.077637639826346666e-01 -2.847544630597653725e-01
-1.066459297610085066e-01 -2.846986795549510396e-01
-1.064233851839527095e-01 -2.830286608795716807e-01
-1.009007479849768074e-01 -2.763556498200328559e-01
-8.825040332058275983e-02 -2.755537517418987226e-01
-8.628923123023192476e-02 -2.749680254733357088e-01
-8.628923123023192476e-02 -2.739900913860797704e-01
-8.534093150925656235e-02 -2.723009218683414834e-01
-8.142919516023296167e-02 -2.683891416303453292e-01
-7.776847181517296259e-02 -2.649794086797779835e-01
-7.489216410749849340e-02 -2.631385735024251993e-01
-7.225291005056613813e-02 -2.617300580047751124e-01
-6.995174471921622450e-02 -2.616603410367999705e-01
-6.749389841565681114e-02 -2.602064869004952485e-01
-6.553795044301308215e-02 -2.590873380489769895e-01
-6.341464982797612171e-02 -2.585329884059093808e-01
-5.997356286138400688e-02 -2.555625428419354139e-01
-5.790267365943311401e-02 -2.525711861774757594e-01
-5.721238789853369533e-02 -2.500714338849058249e-01
-5.470213018188833931e-02 -2.449045088289606431e-01
-4.597738546198075482e-02 -2.329373465617506078e-01
-4.222082988028552641e-02 -2.289540991167512973e-01
-4.107023657485964208e-02 -2.270557254963327942e-01
-4.018116834731692844e-02 -2.254362729465695936e-01
-3.976289845871867901e-02 -2.240138233651065014e-01
-3.318722383060287301e-02 -2.215175289915891632e-01
-2.611210156086927331e-02 -2.187899822915249370e-01
-2.312329976660175423e-02 -2.129222908766905675e-01
-1.820614596702179941e-02 -2.051661576056085790e-01
-1.725784624604638495e-02 -2.012543773676124526e-01
-1.543800196731158828e-02 -1.968684419492531812e-01
-9.671427198741302730e-03 -1.927126164141846343e-01
-8.452374189241981806e-03 -1.727330256789150476e-01
-6.897335578260833412e-03 -1.679705703112877868e-01
-5.439998253495966982e-04 -1.669199769216013207e-01
8.472071914798819450e-03 -1.737185224124678240e-01
4.523580546184379110e-03 -1.594467940835168351e-01
1.419327878539942099e-02 -1.556866941347927746e-01
1.716893516739176340e-02 -1.467805961902357292e-01
2.604365249654671741e-02 -1.446625941711623675e-01
3.449128845004082594e-02 -1.340719829298681609e-01
3.863765258659401791e-02 -1.294408198721142544e-01
3.863089279816935701e-02 -1.218067045946779059e-01
3.832158105227143063e-02 -1.034285360212498228e-01
2.302904575968793902e-02 -8.140010253460404355e-02
2.385636087282729315e-02 -7.173102849411022719e-02
2.580773729915439990e-02 -6.911040996093342770e-02
2.489317622838107744e-02 -6.235951149135046667e-02
2.301046166139518109e-02 -4.687395560057588950e-02
2.194122343817111326e-02 -3.959776819430120554e-02
2.018644832954646570e-02 -3.699802352248202086e-02
2.296164648412394454e-02 -2.847720292885518034e-02
1.967384640919421154e-02 -2.542654960248818749e-02
1.369125277747262545e-02 -1.369120888850009973e-02
3.911736349023499197e-03 -3.035766082959412415e-18
