-3.433667414731659119e-04 -4.773068073989977442e-03
-4.274645563827944930e-03 -6.644551998775217322e-03
-5.257694558363877092e-03 -6.464221419265194640e-03
-6.193481582008660696e-03 -6.292560579154692080e-03
-7.129268605653439964e-03 -6.120899739044190387e-03
-8.065055629298222700e-03 -5.949238898933688693e-03
-9.000842652943005437e-03 -5.777578058823186133e-03
-9.899341490423868919e-03 -5.593054279459214531e-03
-1.009682242802310143e-02 -5.166707242130034322e-03
-1.029430336562233393e-02 -4.740360204800852378e-03
-1.049178430322156644e-02 -4.314013167471670435e-03
-1.068926524082079721e-02 -3.887666130142491093e-03
-1.088674617842002972e-02 -3.461319092813309149e-03
-1.108870251765442516e-02 -3.049420103936118995e-03
-1.137479640762990331e-02 -2.909144425956333366e-03
-1.166089029760537972e-02 -2.768868747976547737e-03
-1.194698418758085440e-02 -2.628593069996762541e-03
-1.223307807755633254e-02 -2.488317392016976912e-03
-1.251917196753180722e-02 -2.348041714037191717e-03
-1.279501100890924337e-02 -2.232189007147038912e-03
-1.287805889664350029e-02 -2.575488156741960900e-03
-1.296110678437775894e-02 -2.918787306336884622e-03
-1.304415467211201760e-02 -3.262086455931807044e-03
-1.312720255984627452e-02 -3.605385605526731201e-03
-1.321025044758053317e-02 -3.948684755121653622e-03
-1.331408682056086680e-02 -4.294594271192822207e-03
-2.288812976613596728e-02 -7.052604850472938246e-03
-2.751334640981301788e-02 -1.550516312466226898e-02
-2.919853664938548352e-02 -1.691506120259944623e-02
-3.040563747229666283e-02 -1.708117950869404364e-02
-3.161273829520783868e-02 -1.724729781478864105e-02
-3.281983911811901800e-02 -1.741341612088323845e-02
-3.402693994103018343e-02 -1.757953442697783586e-02
-3.516065737688541665e-02 -1.766749922558561239e-02
-3.591369849238788131e-02 -1.735004270410549915e-02
-3.666673960789035291e-02 -1.703258618262538590e-02
-3.741978072339282452e-02 -1.671512966114527265e-02
-3.817282183889528918e-02 -1.639767313966516288e-02
-3.892586295439776772e-02 -1.608021661818504963e-02
-3.956644939107082509e-02 -1.574694951433025514e-02
-4.133292785372243150e-02 -1.500190813657901155e-02
-5.207244162509151730e-02 -2.282301079479215691e-02
-5.877373529878595487e-02 -2.525837211223572881e-02
-6.082064267823719672e-02 -2.596159801347328738e-02
-6.286755005768847326e-02 -2.666482391471085636e-02
-6.491445743713972205e-02 -2.736804981594841493e-02
-6.696136481659095696e-02 -2.807127571718597350e-02
-6.863979199944376941e-02 -2.869294894496556350e-02
-6.933560532470070537e-02 -2.909714837685719799e-02
-7.003141864995764132e-02 -2.950134780874883594e-02
-7.072723197521459115e-02 -2.990554724064048084e-02
-7.142304530047154099e-02 -3.030974667253212573e-02
-7.211885862572847694e-02 -3.071394610442376369e-02
-7.274118728990312810e-02 -3.110304796860244997e-02
-7.471799165042300461e-02 -3.272040486534358306e-02
-7.727609845326288696e-02 -3.338178524923265944e-02
-7.937218404473259104e-02 -3.553727795696153685e-02
-8.196353376223548814e-02 -3.958136147938723370e-02
-8.468639406142648707e-02 -4.173625974271890499e-02
-8.682743439664381002e-02 -4.304303605541205668e-02
-8.892939615746106585e-02 -4.431848979104693192e-02
-9.010324177627682118e-02 -4.485003232154791825e-02
-9.127708739509256264e-02 -4.538157485204889763e-02
-9.241185808082154340e-02 -4.592609502317247794e-02
-9.410679839193501761e-02 -4.963278993024518304e-02
-9.907767853545296211e-02 -5.220827808698712963e-02
-1.025666279136322884e-01 -5.546726350947473599e-02
-1.061168332849018597e-01 -6.159295703748626089e-02
-1.124389296941920302e-01 -6.446494004049814486e-02
-1.153313126998366106e-01 -6.594190086833832953e-02
-1.157300146589645001e-01 -6.895415545285250858e-02
-1.189959058321369417e-01 -7.022741347656386024e-02
-1.228490712014512487e-01 -7.121692989869542190e-02
-1.271015916904677245e-01 -7.207336405728320683e-02
-1.300398993946919046e-01 -7.271736581825523349e-02
-1.320293632360842184e-01 -7.361441108898074404e-02
-1.328119870636309263e-01 -7.492857744702846601e-02
-1.344573845762312148e-01 -7.653473707777151691e-02
-1.377550489389834931e-01 -7.787324015329989690e-02
-1.433955461170887680e-01 -7.875914437080153152e-02
-1.443584076706561914e-01 -8.189959184541785453e-02
-1.447515220345160225e-01 -8.495055404553907008e-02
-1.465954284729782398e-01 -8.566486501480845284e-02
-1.484393349114404292e-01 -8.637917598407782171e-02
-1.489890248371302239e-01 -8.753958515679440000e-02
-1.485523935931144790e-01 -9.416038987568024765e-02
-1.494856134908784939e-01 -9.775478804588824677e-02
-1.505673402553505680e-01 -9.961458881693117939e-02
-1.518464489592163402e-01 -9.978627218766776552e-02
-1.531287454052994712e-01 -9.996595324791683612e-02
-1.576407784247396415e-01 -1.021981333793626906e-01
-1.595394288226085200e-01 -1.046349148089956022e-01
-1.575941755315568849e-01 -1.106197035083627545e-01
-1.574557473649157435e-01 -1.137647873989369313e-01
-1.573173191982745744e-01 -1.169098712895112607e-01
-1.575926639313707245e-01 -1.188136364808735496e-01
-1.582128194142479738e-01 -1.196829694228926794e-01
-1.588329748971251953e-01 -1.205523023649117814e-01
-1.594531303800024169e-01 -1.214216353069308835e-01
-1.602378843758331395e-01 -1.218167866442123048e-01
-1.627767165694339879e-01 -1.220237270310342848e-01
-1.579479527877719336e-01 -1.269814397304736275e-01
-1.519557894048407798e-01 -1.347313742856133534e-01
-1.504991038646526502e-01 -1.370753083706592879e-01
-1.483064233344578986e-01 -1.394506897477441887e-01
-1.462152535159512712e-01 -1.417712636700216855e-01
-1.458626396593375174e-01 -1.442604253915615031e-01
-1.434715756010077892e-01 -1.480978402601706989e-01
-1.417626351229789583e-01 -1.532724122838775849e-01
-1.388028475391447358e-01 -1.560377769505433554e-01
-1.374919208120290171e-01 -1.608887634397297983e-01
-1.375800053188117322e-01 -1.641813666045688347e-01
-1.386043602335805813e-01 -1.654604077165563458e-01
-1.394968311044654519e-01 -1.667394549732600928e-01
-1.388895774773776515e-01 -1.685612158545234940e-01
-1.376509501638630839e-01 -1.720254716665180761e-01
-1.389760759646334887e-01 -1.772750993504166872e-01
-1.405210720006112857e-01 -1.850011336905084125e-01
-1.327876899454324133e-01 -1.910127526104334617e-01
-1.286313001276944978e-01 -1.923395347535939992e-01
-1.237871226668082331e-01 -1.937546888397062850e-01
-1.206834715734774049e-01 -1.947138981560277982e-01
-1.174239781877836342e-01 -1.972915082880988269e-01
-1.152554648264187270e-01 -1.990855380651340711e-01
-1.139043707722244142e-01 -1.993292067861991979e-01
-1.125641938304856871e-01 -1.996886419605455043e-01
-1.108200468595935823e-01 -2.010628155688015950e-01
-1.082618622236817818e-01 -2.022226184628527490e-01
-1.066349789685858973e-01 -2.053065777889888088e-01
-1.039302182723465390e-01 -2.101006976606933641e-01
-1.007431792836515905e-01 -2.123142333576840957e-01
-9.806285407551633415e-02 -2.143371722474627650e-01
-9.689974122767003317e-02 -2.178083879746776919e-01
-9.393184330119296044e-02 -2.260436349465853034e-01
-8.792149155829835638e-02 -2.278155253111379397e-01
-8.471248725741327423e-02 -2.287991018409389898e-01
-8.087529632957238257e-02 -2.319552370036059297e-01
-7.779215220245261353e-02 -2.347120393496147372e-01
-7.713221377863270500e-02 -2.369541193016113378e-01
-7.201591414692601334e-02 -2.346976566172201961e-01
-6.641618784357983252e-02 -2.327805775327096427e-01
-6.301740876196129659e-02 -2.310630569826214453e-01
-5.790540223864239222e-02 -2.303952874593727940e-01
-5.491766438903547543e-02 -2.299971364764645254e-01
-5.342814216820000739e-02 -2.289284412895684073e-01
-5.176525360713436774e-02 -2.280331465802147572e-01
-4.930345635508916191e-02 -2.276009518212982197e-01
-4.634273818812321977e-02 -2.267244271717086812e-01
-4.359350613247764406e-02 -2.261932028009578377e-01
-4.084427407683203365e-02 -2.272812968569096204e-01
-4.010270378098976241e-02 -2.291355462182354807e-01
-3.797826407934346005e-02 -2.301096137997110658e-01
-3.513783590090413522e-02 -2.308205482474264270e-01
-3.336040607469371866e-02 -2.326810146960580639e-01
-3.263208071462889159e-02 -2.353057868904864514e-01
-2.975143775824697426e-02 -2.335559560571056625e-01
-1.991977849615231277e-02 -2.276736492759601493e-01
-1.689278888218131297e-02 -2.250305815304079471e-01
-1.554464497451099429e-02 -2.242730513583453267e-01
-1.449629494296592741e-02 -2.238522243244059629e-01
-1.344794491142085879e-02 -2.234313972904665713e-01
-1.303228763204774404e-02 -2.213255306762928198e-01
-1.245445080966670059e-02 -2.167307945559721616e-01
-3.610293868281100760e-03 -2.115771596286105394e-01
5.458621771425577369e-03 -2.085483006554209595e-01
2.523818057478985355e-02 -2.111960342888108133e-01
3.137436791258490371e-02 -2.083228018601709086e-01
4.344631423503718393e-02 -1.949823649034530260e-01
6.388032627889039805e-02 -1.983170532295724930e-01
6.483165124157609649e-02 -1.977226912170804429e-01
6.405056905505020215e-02 -1.948936652423036708e-01
6.100072246229321093e-02 -1.871588630749353999e-01
6.588619241606968879e-02 -1.801577741596233906e-01
6.655684722494920047e-02 -1.739222417812286148e-01
6.868988304319159632e-02 -1.709345605995599982e-01
7.055003474580442968e-02 -1.663553719767273675e-01
7.360034287502303929e-02 -1.565353787997189050e-01
7.525997064002314108e-02 -1.520866063163440751e-01
7.677159540504402413e-02 -1.490245590481909521e-01
7.847619839617911430e-02 -1.462170054428156285e-01
8.054207656279054051e-02 -1.434262965527937639e-01
8.360482296309819372e-02 -1.418625004162170355e-01
8.643450710525500680e-02 -1.398013714324850554e-01
9.358310198128015622e-02 -1.354710014856427280e-01
9.105256447180826163e-02 -1.333239966792301723e-01
8.047659846692185870e-02 -1.249175824927470230e-01
7.246047617132227170e-02 -1.070591200527981485e-01
7.109837693040678419e-02 -1.006377318571154006e-01
7.208738538933216755e-02 -9.471099741232322233e-02
7.297094642172137491e-02 -9.163946270235139024e-02
7.085795876421330242e-02 -9.067240999716850991e-02
6.889772192407186968e-02 -7.100518343347379802e-02
6.147844274081813026e-02 -5.822998389993411933e-02
5.347902314935321089e-02 -5.244050466373439273e-02
5.726260484204648282e-02 -4.209827000831877636e-02
4.782705310334894183e-02 -3.324390191409486162e-02
3.768571653048823078e-02 -1.771880533006731789e-02
2.012196696911010621e-02 -9.047713637818026455e-03
6.865982991898630580e-04 -2.901448965448262616e-03
