-4.953676882394797594e-04 -4.728663849294203678e-03
-2.686353746265853198e-03 -7.093826272865911414e-03
-3.823138312440888063e-03 -9.616041263099285932e-03
-3.749242675369758668e-03 -1.036663732686067714e-02
-3.589024323112127452e-03 -1.120317735128472519e-02
-3.742915672626434456e-03 -1.255205567481200782e-02
-7.642578290810650432e-03 -1.737512139587922208e-02
-7.697624904556068202e-03 -1.819428679163187165e-02
-7.626989991480352497e-03 -1.883348787224338808e-02
-7.573435659069816840e-03 -1.930728776801049137e-02
-7.566525535442935810e-03 -1.979216335995146944e-02
-8.021373576581773690e-03 -2.104112569716721712e-02
-1.511099342260941933e-02 -2.542843704769518626e-02
-2.066980328929194505e-02 -3.066460721534429446e-02
-2.160802237939898549e-02 -3.305972213459819342e-02
-2.344117859582460148e-02 -4.114890469554340069e-02
-2.325553515701494697e-02 -4.569399341272040171e-02
-2.322497806563797451e-02 -4.856947676676818398e-02
-2.352417630154275685e-02 -5.044100500596263720e-02
-2.505060894826567977e-02 -5.479127526680033222e-02
-2.462150814726046799e-02 -5.688145187858143631e-02
-2.303731094136921009e-02 -6.060762338794062343e-02
-2.271221580129102746e-02 -6.552822223964853421e-02
-2.204658470064593812e-02 -7.127195661478555322e-02
-2.309411174821023038e-02 -8.105487395931967876e-02
-2.774152711863940579e-02 -8.519161374662999331e-02
-3.064998954740865214e-02 -8.814453725026621944e-02
-3.118734956185885421e-02 -9.097284377302579383e-02
-2.991844543954722685e-02 -9.479355743513515065e-02
-2.994213590108646059e-02 -9.803888585845704773e-02
-2.832697785286216949e-02 -1.014169718641508566e-01
-2.705849033406775017e-02 -1.093270764291489616e-01
-3.255489374972081462e-02 -1.200581005594885814e-01
-3.912247646286481223e-02 -1.284658157283326274e-01
-3.733090619180613745e-02 -1.293026032480472098e-01
-3.581027522098451793e-02 -1.300875613554643428e-01
-3.495469764944771768e-02 -1.316943844265822672e-01
-3.486524549002015944e-02 -1.336359717098321576e-01
-3.464827936380324158e-02 -1.351317222499783532e-01
-3.346954462400600350e-02 -1.364156868163766134e-01
-3.259208385475248493e-02 -1.397244353227307667e-01
-3.238598068557070608e-02 -1.412543411085092626e-01
-3.055772175395117182e-02 -1.434508960338649330e-01
-2.990949254974807278e-02 -1.479614902505924923e-01
-2.782920594906650169e-02 -1.499440738775246473e-01
-2.660751526617124996e-02 -1.510113921946064086e-01
-2.434464477098551016e-02 -1.530898521393908307e-01
-2.154414934548134000e-02 -1.581539156403718449e-01
-2.058595562441119589e-02 -1.644787707110351993e-01
-1.875387388513230849e-02 -1.662009990803053616e-01
-1.751034812226872142e-02 -1.673302591106359816e-01
-1.698733320938862479e-02 -1.712716474725927140e-01
-1.471469958822156296e-02 -1.741009149128033839e-01
-1.177035808246162767e-02 -1.769020285261518333e-01
-1.048015608399615467e-02 -1.817408355592718405e-01
-1.373490907819920059e-02 -1.861062257390663499e-01
-1.295416791523974764e-02 -1.878279829631042397e-01
-1.176074451299801739e-02 -1.889703122037212080e-01
-9.981211772089347567e-03 -1.905013351569246616e-01
-3.471193213044797537e-03 -2.007276392920820662e-01
-1.326233326542492277e-03 -2.025932304711648702e-01
8.163641163843588346e-04 -2.044501564423286677e-01
6.501157296495307068e-03 -2.064187817644984602e-01
8.565737851911888606e-03 -2.079598077882141849e-01
1.126506357497146504e-02 -2.101979015020380148e-01
1.284570790450573555e-02 -2.117664068690842394e-01
1.339123372895510353e-02 -2.135445866009121896e-01
1.388519316587460105e-02 -2.158896638856336314e-01
2.204964672732660086e-02 -2.165439120584791988e-01
2.645191543193868219e-02 -2.178909610981472622e-01
2.875850135801592475e-02 -2.188017103327467017e-01
2.913992180904776200e-02 -2.192083995674784791e-01
2.975934261525741559e-02 -2.196162467412142716e-01
3.198628791045372843e-02 -2.197057012589775371e-01
3.543275495260973795e-02 -2.209092184317723306e-01
3.875999294199070772e-02 -2.236011641806923411e-01
3.919398407778991456e-02 -2.236938422342918120e-01
4.009658499686179212e-02 -2.237061492644460414e-01
4.258632790919429645e-02 -2.238654912737261526e-01
4.409736192331278198e-02 -2.253613360531144805e-01
4.897707052966470548e-02 -2.257826099943893161e-01
4.979624530353528311e-02 -2.265460599032829425e-01
5.019816039792699552e-02 -2.269323017259395892e-01
5.367346420666291307e-02 -2.272445262717292525e-01
5.655833241419869900e-02 -2.288493446533981790e-01
5.980738547370366420e-02 -2.290043371155912610e-01
6.297800643558647271e-02 -2.309870752606136834e-01
6.696328813335027108e-02 -2.346371202837252978e-01
7.154141306955302815e-02 -2.390924025163254640e-01
7.459964499459570408e-02 -2.415183100720697806e-01
7.820798332121796370e-02 -2.417201886759164364e-01
8.095381139878830845e-02 -2.438291723816200240e-01
8.442906612095463226e-02 -2.469823034490565006e-01
9.425771902296894988e-02 -2.564399168061393119e-01
9.919669938387523644e-02 -2.609223924528106808e-01
1.028354059945337518e-01 -2.636101808726237228e-01
1.260589554889884889e-01 -2.411276664045634843e-01
1.271045338605044928e-01 -2.412874634119418493e-01
1.277056217730762888e-01 -2.413845468951563156e-01
1.314268824748849318e-01 -2.393270882559810631e-01
1.345635698719422624e-01 -2.391761950398138548e-01
1.368565767959260548e-01 -2.401343040518273964e-01
1.371976760272078932e-01 -2.404940316671190514e-01
1.377514846151818850e-01 -2.408517854240680711e-01
1.387977981277672690e-01 -2.410549229488154754e-01
1.410994738088256761e-01 -2.408809319701457341e-01
1.421822083292714756e-01 -2.410306596576869687e-01
1.427464233366790569e-01 -2.414934955088029744e-01
1.434227747410553866e-01 -2.422954778525459318e-01
1.440156541505731302e-01 -2.425860579677917572e-01
1.448740121045938023e-01 -2.423257600335977924e-01
1.462445706362555664e-01 -2.362210516141556027e-01
1.466227517689537296e-01 -2.358664504202052370e-01
1.479579861467816004e-01 -2.331924493190221381e-01
1.496186124062669209e-01 -2.291689096577463336e-01
1.497918625925064584e-01 -2.244392821975120800e-01
1.495393106187764554e-01 -2.187355682460529194e-01
1.510512562196483499e-01 -2.021747659207719372e-01
1.506483384804705450e-01 -1.946341857727762192e-01
1.504036836567562985e-01 -1.874508891324140059e-01
1.504453031010899722e-01 -1.856193704767243047e-01
1.505117355996306305e-01 -1.847554715519278690e-01
1.563958536079274875e-01 -1.735136235111012226e-01
1.563640201513555872e-01 -1.724968014717393194e-01
1.563050530646686032e-01 -1.715409071359672022e-01
1.562092539367958000e-01 -1.700935445545150582e-01
1.561584431426122355e-01 -1.686635334130195951e-01
1.581974708824679943e-01 -1.611198788083181010e-01
1.576767386529324411e-01 -1.552702012655963471e-01
1.574376358011305710e-01 -1.448297229655994833e-01
1.573172133005929507e-01 -1.426224829816994111e-01
1.571886774038214196e-01 -1.411000439185802480e-01
1.568788700453507545e-01 -1.391071285369461230e-01
1.559296229305768278e-01 -1.378780796751382653e-01
1.535257839290434245e-01 -1.316856616195297147e-01
1.495245126136897085e-01 -1.278039259835337393e-01
1.486088210510536911e-01 -1.258141758333303772e-01
1.483712492533315885e-01 -1.232882214887411065e-01
1.484025620209977192e-01 -1.215910954228392321e-01
1.469542260025641367e-01 -1.177900562287455682e-01
1.461061304997311461e-01 -1.156293421514161118e-01
1.441414564020525590e-01 -1.113264299108481931e-01
1.421420514027420257e-01 -1.077739027210952161e-01
1.414259944398332247e-01 -1.000925290603684042e-01
1.412195684783353611e-01 -9.720304518681881223e-02
1.412328406891692201e-01 -9.272332478156755653e-02
1.423495938718941922e-01 -9.047219177944354485e-02
1.444686073739295806e-01 -8.909325619767437254e-02
1.448481046729094557e-01 -8.391397649722986962e-02
1.428495694176750985e-01 -7.732895148097845839e-02
1.426618083615330546e-01 -7.453415564997073472e-02
1.422277398583997043e-01 -7.322310302540246951e-02
1.408890719652052814e-01 -7.195532169433165037e-02
1.405964963197916529e-01 -6.901372748231719700e-02
1.384375854385097859e-01 -6.501355855342370871e-02
1.383285232419120270e-01 -6.435741027950857285e-02
1.376258463795801135e-01 -5.725487101238106724e-02
1.347439177124556131e-01 -5.543162917935151590e-02
1.329637016549869155e-01 -5.544387935209486168e-02
1.307388253514510379e-01 -5.438230574725444466e-02
1.268037353482434348e-01 -5.085574921780199042e-02
1.243201878473864930e-01 -4.847816418390298032e-02
1.187840211184260364e-01 -4.590281954827532540e-02
1.156448332979962967e-01 -4.457608050173781505e-02
1.142207036320452285e-01 -4.319526765907696214e-02
1.124379560487133722e-01 -4.140445343801878869e-02
1.109975219990309570e-01 -4.003357637843651257e-02
1.033675380496358043e-01 -3.674788114651974386e-02
9.632656300649024284e-02 -3.006085174993019735e-02
9.269694568273972868e-02 -2.597822352573456867e-02
8.761001150758107592e-02 -2.196786197084205777e-02
7.260616208768472246e-02 -3.179412224385849001e-02
7.190787266974636716e-02 -3.128978485008405280e-02
7.134657500528245044e-02 -3.083735815465215441e-02
7.082976784518402180e-02 -3.038198114323948859e-02
6.936535567037396821e-02 -2.892723128180742231e-02
6.769688233727394477e-02 -2.729274502764560822e-02
5.884698824865993577e-02 -2.330117886464459082e-02
5.673198257085496771e-02 -2.294350231004315885e-02
5.007320404574667344e-02 -1.891895068063114901e-02
4.859458383223187738e-02 -1.769332112968060450e-02
4.649681515243815622e-02 -1.711314567010526269e-02
4.340737391890397978e-02 -1.629229259807551955e-02
3.966097427230769190e-02 -1.312421514121934162e-02
3.603083525416750366e-02 -9.934506185072165124e-03
3.057568362138464099e-02 -3.336382883006199559e-03
3.087225606426854257e-02 -1.618950925112930348e-03
2.837085832535045371e-02 -1.103329010201356802e-03
2.460143491365112192e-02 8.393033413822050676e-04
2.115826821989860024e-02 7.467165373402149912e-04
1.992262909855003344e-02 1.278546868876545345e-03
1.878276999934292216e-02 2.343320654651427117e-03
1.534959173328757746e-02 2.465235638171987560e-03
1.417008809992050498e-02 2.612721152270557849e-03
1.357229977425012182e-02 3.169870571464212736e-03
1.215510045699027056e-02 4.214914028335683786e-03
1.108897661286879256e-02 4.421738938083553255e-03
6.978425884024438627e-03 4.469638819510400249e-03
2.393253517471816832e-03 2.554537826332141121e-03
