-2.852879712370183897e-04 -2.853066946058729642e-04
-5.705759424740367795e-04 -5.706133892117459284e-04
-8.558639137110547355e-04 -8.559200838176184590e-04
-1.141151884948073559e-03 -1.141226778423491857e-03
-1.426439856185091407e-03 -1.426533473029364387e-03
-1.711727827422109905e-03 -1.711840167635237352e-03
-1.997015798659128403e-03 -1.997109415503401167e-03
-2.282303769896146250e-03 -2.282378663371564982e-03
-2.567591741133164965e-03 -2.567647911239728797e-03
-2.852879712370183680e-03 -2.852917159107892613e-03
-3.138167683607201528e-03 -3.138186406976056428e-03
-3.423455654844219809e-03 -3.423455654844219809e-03
-4.193435475619382985e-03 -3.466407062996593527e-03
-4.963415296394543992e-03 -3.509358471148967679e-03
-5.733395117169707601e-03 -3.552309879301341396e-03
-6.503374937944866874e-03 -3.595261287453715114e-03
-7.273354758720028748e-03 -3.638212695606089266e-03
-8.043334579495192357e-03 -3.681164103758462983e-03
-8.899207854890673133e-03 -3.681164103758462983e-03
-9.755081130286157379e-03 -3.681164103758462983e-03
-1.061095440568163815e-02 -3.681164103758462983e-03
-1.146682768107712067e-02 -3.681164103758462983e-03
-1.232270095647260491e-02 -3.681164103758462983e-03
-1.317857423186808569e-02 -3.681164103758462983e-03
-1.363564911234574351e-02 -3.880567982059587862e-03
-1.409272399282340479e-02 -4.079971860360714041e-03
-1.454979887330106261e-02 -4.279375738661838485e-03
-1.500687375377872217e-02 -4.478779616962964664e-03
-1.546394863425637999e-02 -4.678183495264089109e-03
-1.592102351473403954e-02 -4.877587373565216156e-03
-1.620631148597105956e-02 -5.162856621433379103e-03
-1.649159945720807610e-02 -5.448125869301542051e-03
-1.677688742844509612e-02 -5.733395117169706734e-03
-1.706217539968211266e-02 -6.018664365037869682e-03
-1.734746337091912921e-02 -6.303933612906033497e-03
-1.763275134215614923e-02 -6.589202860774197312e-03
-1.838489885622177772e-02 -6.928909452524789798e-03
-1.924079085498611730e-02 -7.315472125896153692e-03
-2.009665817294606013e-02 -7.362328207516925967e-03
-2.095252208665711324e-02 -7.362328207516925967e-03
-2.214986705684884177e-02 -7.797415611836374348e-03
-2.343367384938058184e-02 -8.709050200242226744e-03
-2.471748688303528063e-02 -9.934107742150560805e-03
-2.600128275360186897e-02 -1.090034591525928555e-02
-2.728509656739693673e-02 -1.104349231127538938e-02
-2.856890257978830783e-02 -1.110788821788919259e-02
-2.985270235105673756e-02 -1.144683736426339339e-02
-3.113651928541327774e-02 -1.273071748998981859e-02
-3.274450915294704889e-02 -1.433862366973855280e-02
-3.445626024273650695e-02 -1.336725075456518183e-02
-3.616799289284454433e-02 -1.168704740654601636e-02
-3.787974398263402320e-02 -1.223165687329283609e-02
-3.959147663274203977e-02 -1.382339287084897658e-02
-4.130322772253153252e-02 -1.462037065476280706e-02
-4.301496037263956296e-02 -1.472465641503385193e-02
-4.472671146242902795e-02 -1.542587721687728279e-02
-4.734478963292890891e-02 -1.821670087636568722e-02
-4.857798134385490907e-02 -2.218233082525598518e-02
-5.128977394709557935e-02 -2.552155174574795987e-02
-5.300151581704434095e-02 -2.723327957317007997e-02
-5.471325768699310255e-02 -2.894500740059219659e-02
-5.641217014857463630e-02 -3.063964022487528083e-02
-5.806868978250791929e-02 -3.227778521269891732e-02
-5.972520941644124393e-02 -3.391593020052258850e-02
-6.138172905037456856e-02 -3.555407518834626662e-02
-6.275282085517927544e-02 -3.681164103758462897e-02
-6.403663778953581909e-02 -3.681164103758462897e-02
-6.574837100701864945e-02 -3.681164103758462897e-02
-6.891537977084709332e-02 -3.960213410668154965e-02
-7.072835421535024480e-02 -4.138444903468536246e-02
-7.254132865985341017e-02 -4.316676396268917526e-02
-7.435430310435656165e-02 -4.494907889069298113e-02
-7.616727754885972701e-02 -4.673139381869680087e-02
-7.808436678469012071e-02 -4.863514511284250386e-02
-8.008140130671809187e-02 -5.063214218813275741e-02
-8.207843582874606303e-02 -5.262913926342301790e-02
-8.407547035077410358e-02 -5.462613633871334778e-02
-8.607250487280207474e-02 -5.662313341400360134e-02
-8.806953939483004590e-02 -5.862013048929386877e-02
-8.922845540694750166e-02 -6.001850325906618600e-02
-9.035808447680261646e-02 -6.207609029071946283e-02
-9.190416665996839485e-02 -6.489223475339700453e-02
-9.202910259396157588e-02 -6.669320836952660758e-02
-9.202910259396157588e-02 -6.840493619694870686e-02
-9.290236136840074321e-02 -7.062328275443706393e-02
-9.481309642239166280e-02 -7.282059967792779698e-02
-9.571026669772003670e-02 -7.603160886920179440e-02
-9.594017576657117019e-02 -7.990999926672612275e-02
-9.734146752846042916e-02 -8.261676475890429583e-02
-9.918915192152101545e-02 -8.487731038554197083e-02
-9.939143080147849751e-02 -8.878319758214119062e-02
-9.983614428688844522e-02 -9.244666776190721413e-02
-1.018766661593178968e-01 -9.451435724254464432e-02
-1.029794540884328841e-01 -1.003736469301928641e-01
-1.030725949052369583e-01 -1.063754803861550607e-01
-1.030725949052369583e-01 -1.092283975452629369e-01
-1.029853377652517332e-01 -1.117322778229326435e-01
-1.025926806353182064e-01 -1.130145290155687293e-01
-1.022000235053846934e-01 -1.142967802082048012e-01
-1.017678267811789605e-01 -1.154208730237520492e-01
-9.960727720188283785e-02 -1.182506768459462287e-01
-1.012989344289550314e-01 -1.233859726684257141e-01
-1.008295120540926154e-01 -1.274265165182276449e-01
-9.939143080147849751e-02 -1.316942463214619552e-01
-9.872826723264382931e-02 -1.367368421773675902e-01
-9.604863116434864123e-02 -1.397630946115829553e-01
-9.571026669772003670e-02 -1.451303604919245982e-01
-9.391542101326653957e-02 -1.490413885582364817e-01
-9.235928892002442936e-02 -1.526724466574408967e-01
-9.202910259396157588e-02 -1.562465267083468223e-01
-9.202910259396157588e-02 -1.608111342481390038e-01
-9.167177220574551644e-02 -1.643038209777600012e-01
-9.095710320237859747e-02 -1.667244552662529300e-01
-8.981593259406166208e-02 -1.678655322577256026e-01
-8.834793849020311507e-02 -1.699750204678437404e-01
-8.758047582778932805e-02 -1.737822824892139295e-01
-8.215131474532555433e-02 -1.792113990327548478e-01
-8.107559479340122055e-02 -1.814608744959259889e-01
-8.098561028268617956e-02 -1.835634770453042075e-01
-7.683983698645413529e-02 -1.882039369239500992e-01
-7.365228514089980361e-02 -1.923654348713019768e-01
-7.150382934488419551e-02 -1.967136876428568493e-01
-6.426778044470701778e-02 -2.044572147892056435e-01
-6.221369020076857048e-02 -2.065112881821121182e-01
-6.015959995683001216e-02 -2.085653615750187040e-01
-5.829886424092822761e-02 -2.103874195200779174e-01
-5.672332645388041689e-02 -2.118672546795624945e-01
-5.514778866683268943e-02 -2.133470898390469883e-01
-5.357225087978487871e-02 -2.148269249985315932e-01
-5.199671309273706798e-02 -2.163067601580161703e-01
-5.091943251965003886e-02 -2.171886821217493269e-01
-5.057708133715497351e-02 -2.171886821217493269e-01
-4.920767887667387708e-02 -2.172065294638914346e-01
-4.578419513677638164e-02 -2.192596955109958057e-01
-4.164511274987958006e-02 -2.208609134764397131e-01
-3.823056941861019409e-02 -2.208698462255077877e-01
-3.546193569352604907e-02 -2.222394103499857609e-01
-3.259912143729158662e-02 -2.243483274027913976e-01
-2.974622300155252419e-02 -2.248212668395619396e-01
-2.689332362018877903e-02 -2.271070800118062671e-01
-2.404041582276537220e-02 -2.282321744330247093e-01
-2.118751927827567522e-02 -2.291316004393127159e-01
-1.815629418206748599e-02 -2.315615888472354056e-01
-9.644644459658914190e-03 -2.319133385367831701e-01
-1.241570985863253013e-03 -2.319133385367831701e-01
2.181903392349912769e-03 -2.319133385367831701e-01
3.526827374290265188e-03 -2.314976343582267060e-01
4.312141634157337991e-03 -2.309700098239050314e-01
5.097455894024357018e-03 -2.304423852895833846e-01
5.713597140417849170e-03 -2.298808907483786135e-01
6.560843765457313216e-03 -2.290336163219732768e-01
1.128445185568708459e-02 -2.283258593622751742e-01
1.705495527148951848e-02 -2.282321744330247093e-01
2.002553887478903880e-02 -2.280812209595710627e-01
2.184769713171542602e-02 -2.275474926070027992e-01
2.339656796209084455e-02 -2.269226393203438163e-01
2.516021455659702907e-02 -2.254370591504449295e-01
3.029540768423517882e-02 -2.282321744330247093e-01
3.491193228898710477e-02 -2.264507604962251730e-01
3.814746319276245828e-02 -2.245510103292662485e-01
4.328269546926283295e-02 -2.245510103292662485e-01
4.629592778625159916e-02 -2.224289808662644752e-01
4.891544056396807810e-02 -2.209181865596414052e-01
5.176832595008644400e-02 -2.203180129426320077e-01
5.462121871207738233e-02 -2.179517422392956705e-01
5.747414154493340338e-02 -2.171886821217493269e-01
6.032702125730355497e-02 -2.157602229786020342e-01
6.257978976389387549e-02 -2.129073807129695239e-01
6.274711427022418297e-02 -2.097087121508450780e-01
6.783271600226442599e-02 -2.061451898104739167e-01
7.962471696923731357e-02 -1.964626889684902011e-01
8.217363924212314763e-02 -1.936951231373681415e-01
8.383015185479311682e-02 -1.915968326365747043e-01
8.466677438644465425e-02 -1.901134527462035595e-01
8.466677438644465425e-02 -1.888425411065955961e-01
8.766254375772772334e-02 -1.843828695386109384e-01
8.845725346082344842e-02 -1.766188002467046492e-01
9.195400457992294885e-02 -1.723233598575655279e-01
9.340506311296510600e-02 -1.679576421544930753e-01
9.574224394222440038e-02 -1.628223463320135622e-01
9.922484501715574112e-02 -1.547904364117685394e-01
9.939143080147849751e-02 -1.422624896022249841e-01
9.913208661097615282e-02 -1.292774202527192662e-01
9.581289458878521070e-02 -1.250201210680611519e-01
9.571026669772003670e-02 -8.096711159425794280e-02
9.521945230656643500e-02 -7.536560388729968141e-02
9.448323071983606714e-02 -7.295444589294645954e-02
9.366722885841639867e-02 -7.158018806575906778e-02
9.259520251652976486e-02 -7.050826725558778652e-02
9.476136352729656875e-02 -6.537298051110528030e-02
9.202910259396157588e-02 -5.156131187340812910e-02
9.164092290237095539e-02 -4.455547660888226763e-02
8.997934136311473707e-02 -4.212415524839703551e-02
8.834793849020311507e-02 -3.698907048934824832e-02
6.856168143250128411e-02 -1.840582051879231448e-02
6.136499886924060704e-02 -1.104349231127538938e-02
4.098974207411205245e-02 -7.362328207516873925e-03
3.038802765096029757e-02 -6.423613386624329666e-03
1.711727827422114892e-03 -1.711840167635242339e-03
