-4.903581672496785428e-03 -1.001136234019259046e-02
-9.806851590802427923e-03 -2.002241292619403798e-02
-1.032088701651462381e-02 -1.967626500499322639e-02
-1.073801412426468420e-02 -1.939537447877289281e-02
-1.115514123201474458e-02 -1.911448395255255922e-02
-1.157226833976480150e-02 -1.883359342633222910e-02
-1.198939544751486362e-02 -1.855270290011189899e-02
-1.240653462655515356e-02 -1.824014937961968355e-02
-1.282371369333707226e-02 -1.782297031283776312e-02
-1.324089276011898922e-02 -1.740579124605584616e-02
-1.365807182690090445e-02 -1.698861217927392919e-02
-1.407525089368282314e-02 -1.657143311249201223e-02
-1.449242996046474011e-02 -1.615425404571009527e-02
-1.490959695595642925e-02 -1.589135813935095218e-02
-1.726489042294919798e-02 -1.728552288214487906e-02
-1.976765306944955336e-02 -1.976765306944955336e-02
-2.035331638235115745e-02 -1.954519703503652950e-02
-2.077044349010121957e-02 -1.933237284054920360e-02
-2.118757059785127475e-02 -1.911954864606188118e-02
-2.160469770560134034e-02 -1.890672445157455181e-02
-2.202182481335139899e-02 -1.869390025708722938e-02
-2.243895192110145417e-02 -1.842329342046499299e-02
-2.285607902885151976e-02 -1.800616631271492740e-02
-2.327320613660157841e-02 -1.758903920496486875e-02
-2.369033324435163360e-02 -1.717191209721481357e-02
-2.410746035210169919e-02 -1.675478498946474798e-02
-2.452458745985175784e-02 -1.633765788171468933e-02
-2.494171456760181996e-02 -1.608905858169687800e-02
-2.643325998319294434e-02 -1.672818616386347740e-02
-2.810186498451502923e-02 -1.788630364912341744e-02
-2.977058125164269708e-02 -1.955501991625108529e-02
-3.143909703038481884e-02 -2.013949499432313855e-02
-3.310760546138505345e-02 -2.043112267078322358e-02
-3.477611389238529499e-02 -2.043112267078322358e-02
-3.575362388226422522e-02 -1.985000970945942356e-02
-3.658787809776434946e-02 -1.932220986385340539e-02
-3.742213231326445982e-02 -1.876345503138939982e-02
-3.825638652876458407e-02 -1.792920081588927905e-02
-3.909064074426470831e-02 -1.709494660038915481e-02
-3.987502478595597588e-02 -1.626069238488903404e-02
-4.035143609937775350e-02 -1.509357916421462560e-02
-4.086224534156644717e-02 -1.384219784096444791e-02
-4.086224534156644717e-02 -1.259066064061869702e-02
-4.086224534156644717e-02 -1.133912344027294093e-02
-4.155184561237596635e-02 -1.146694265864179295e-02
-4.224144588318547860e-02 -1.159476187701064497e-02
-4.349282720643565803e-02 -1.284614320026082439e-02
-4.474420852968584439e-02 -1.409752452351100381e-02
-4.567958446827689173e-02 -1.455565832900926511e-02
-4.651383868377700903e-02 -1.496426415553473235e-02
-4.734809289927713327e-02 -1.532334200308741769e-02
-4.818234711477725057e-02 -1.532334200308741769e-02
-4.901660133027738175e-02 -1.532334200308741769e-02
-5.008819180717252739e-02 -1.560814047830987907e-02
-5.186509622572372386e-02 -1.710333247322772324e-02
-5.326123541172821108e-02 -1.827812618352030183e-02
-5.465737459773269830e-02 -1.945291989381287695e-02
-5.605351378373718552e-02 -2.062771360410545207e-02
-5.744965296974167968e-02 -2.180250731439802719e-02
-5.941589767489688367e-02 -2.366143300102624414e-02
-6.191871228042908348e-02 -2.616424760655844742e-02
-6.442152688596128329e-02 -2.866706221209065070e-02
-6.692434149149349698e-02 -3.116987681762285051e-02
-6.942715609702569679e-02 -3.367269142315505726e-02
-7.192997070255789660e-02 -3.617550602868725707e-02
-7.397231649519050989e-02 -3.812574735203036469e-02
-7.558127987568238892e-02 -3.955591970390140433e-02
-7.719024325617419857e-02 -4.098609205577240233e-02
-7.879920663666600822e-02 -4.241626440764339340e-02
-8.040817001715781787e-02 -4.384643675951438446e-02
-8.201713339764962751e-02 -4.527660911138538247e-02
-8.301212051642603562e-02 -4.597002600926225480e-02
-8.342924762417609774e-02 -4.597002600926225480e-02
-8.384637473192615986e-02 -4.597002600926225480e-02
-8.426350183967622198e-02 -4.597002600926225480e-02
-8.468062894742628410e-02 -4.597002600926225480e-02
-8.509775605517634622e-02 -4.597002600926225480e-02
-8.543155819550464491e-02 -4.605335097668401129e-02
-8.646081150853282549e-02 -4.670524631004244892e-02
-8.683227135082870196e-02 -4.883654911424693823e-02
-8.731754771482724831e-02 -5.084212995555024289e-02
-8.826510306042112397e-02 -5.251063838655048444e-02
-8.993361149142138633e-02 -5.417914681755073986e-02
-9.117399639411120915e-02 -5.584782949500122912e-02
-9.194005201852450959e-02 -5.751647543374235894e-02
-9.194005201852450959e-02 -5.918498386474257966e-02
-9.049232223743410020e-02 -6.274109779344007320e-02
-8.683227135082870196e-02 -7.043788365342269764e-02
-8.705290042170743536e-02 -7.875659393247860796e-02
-8.728281913767579892e-02 -8.205121222448358287e-02
-8.849292924447015041e-02 -8.338514857677434278e-02
-8.974431056772033677e-02 -8.463652990002451526e-02
-9.139833974850969378e-02 -8.682512619669029152e-02
-9.194005201852450959e-02 -9.128893921967613789e-02
-9.206384677369859604e-02 -9.485608735732077579e-02
-9.219151011497188353e-02 -9.723118666254784714e-02
-9.340883937816214788e-02 -9.851662004585795551e-02
-9.466022070141233424e-02 -9.976800136910814187e-02
-9.702409843027434699e-02 -1.022837128361537423e-01
-9.702278528383287415e-02 -1.060378599549365169e-01
-9.451922278314515979e-02 -1.097920039246870760e-01
-9.196613230348461843e-02 -1.171494610927711066e-01
-9.194005201852450959e-02 -1.264252709092828220e-01
-9.194005201852450959e-02 -1.297623916893470009e-01
-9.172644371501097182e-02 -1.322451075966471212e-01
-9.094321326879467593e-02 -1.324494105099098540e-01
-9.015998282257839391e-02 -1.326537134231725867e-01
-8.936283680292105014e-02 -1.328022973600909429e-01
-8.549493089469310803e-02 -1.342324838826070843e-01
-8.172449068313289433e-02 -1.416479257557276550e-01
-8.662798733175935961e-02 -1.491565254494197357e-01
-8.340087799278202152e-02 -1.532334200308741734e-01
-7.806639534554465909e-02 -1.568915153684624086e-01
-7.681842127517142516e-02 -1.606490665910898785e-01
-7.661671001543708670e-02 -1.654528806243562578e-01
-7.544042051483347555e-02 -1.692821164167533365e-01
-7.316312542723903134e-02 -1.720103466221596655e-01
-7.066012345428886177e-02 -1.734153188435799131e-01
-6.613485391822858384e-02 -1.744291907086622517e-01
-6.129336801234967075e-02 -1.814391254029753542e-01
-4.975916580403324380e-02 -1.954143062453654323e-01
-4.725634080669458698e-02 -1.979171312427041030e-01
-4.475351580935606893e-02 -2.004199562400426071e-01
-4.262216576966800646e-02 -2.026256058058672205e-01
-4.114089690586861942e-02 -2.043111983665420739e-01
-3.965962804206915604e-02 -2.059967909272170383e-01
-3.817835917826976899e-02 -2.076823834878918917e-01
-3.669709031447029868e-02 -2.093679760485668562e-01
-3.575446467387063954e-02 -2.106226449614691243e-01
-3.575446467387063954e-02 -2.111231974907691600e-01
-3.575446467387063954e-02 -2.123113777370874977e-01
-3.438006325737587299e-02 -2.155013410918352745e-01
-3.100830784628851033e-02 -2.192729448708059803e-01
-2.837333150693704606e-02 -2.216437551941306539e-01
-2.505330524835387013e-02 -2.233292542285482407e-01
-2.146087510542045787e-02 -2.247423493786154525e-01
-1.697781204838948871e-02 -2.247423493786154525e-01
-1.364079518638902644e-02 -2.247423493786154525e-01
-1.072264159857675217e-02 -2.246026876996927990e-01
-8.100581014932144858e-03 -2.243642996615317076e-01
-5.478520431287538413e-03 -2.241259116233706161e-01
-3.903861558273051709e-03 -2.235384302691927061e-01
-1.889853906712101817e-03 -2.215244226176317777e-01
3.115671386288597008e-03 -2.227502400972082575e-01
1.107695233616625904e-02 -2.247423493786154525e-01
1.475694132035973785e-02 -2.247795048099417436e-01
1.810253142261668280e-02 -2.249838596822363312e-01
2.106735629232697055e-02 -2.253785830001592272e-01
2.326675376955455662e-02 -2.275779804773867820e-01
2.827227906255532636e-02 -2.271167543222349650e-01
3.849418884693026066e-02 -2.247423493786154525e-01
4.162272009360344638e-02 -2.247423493786154525e-01
4.473267362461347957e-02 -2.247377014070384149e-01
4.775902743513950333e-02 -2.247121375633646390e-01
5.078538124566552708e-02 -2.246865737196908630e-01
5.381173505619141206e-02 -2.246610098760170871e-01
5.640160465782623894e-02 -2.245263320654430905e-01
5.702729531945131825e-02 -2.239006414038179904e-01
5.828499675039468947e-02 -2.226429399728746261e-01
6.203914072014524855e-02 -2.196345687109196587e-01
6.579328468989578682e-02 -2.196345687109196587e-01
6.954752155609714159e-02 -2.164881958348679747e-01
7.567921792718496077e-02 -2.146051674555224387e-01
7.927651962298401522e-02 -2.145267880432238372e-01
8.303081946983023598e-02 -2.145267880432238372e-01
8.704020982180551980e-02 -2.135062811672247818e-01
9.150040303223844207e-02 -2.094686235274034192e-01
9.392655208626524144e-02 -2.072723152507972011e-01
9.637594099817750615e-02 -2.049831183958750469e-01
9.887878158322560562e-02 -2.024802778108269474e-01
1.013816221682737051e-01 -1.999774372257788202e-01
1.038844627533218046e-01 -1.974745966407307207e-01
1.057526946174588561e-01 -1.954477244052367779e-01
1.061613264235002491e-01 -1.945155793737176064e-01
1.068176138695667576e-01 -1.930184979594594674e-01
1.077161461310226914e-01 -1.889297283774514502e-01
1.110756943186557710e-01 -1.851755844077009883e-01
1.123711746893077262e-01 -1.814214404379504431e-01
1.108002547672321120e-01 -1.772880900066088894e-01
1.111484464103527359e-01 -1.697794903129165867e-01
1.135381367564349681e-01 -1.624987262503700958e-01
1.183272668523952242e-01 -1.585795320541508735e-01
1.233327921453959558e-01 -1.573351226882662435e-01
1.274128042687618090e-01 -1.525896192848726074e-01
1.266976212600850749e-01 -1.472298782500880698e-01
1.217798909857619599e-01 -1.372188056208610840e-01
1.223452871272069087e-01 -1.273591258653050673e-01
1.253226341235948171e-01 -1.198508379258038797e-01
1.221785931059122809e-01 -1.221785931059122809e-01
1.225867360246993415e-01 -1.071617054727187768e-01
1.276945166923951491e-01 -9.234706128570728534e-02
1.225867360246993415e-01 -8.233601069970607200e-02
1.130352111164436013e-01 -7.661671001543708670e-02
8.657694466828214086e-02 -4.571469932671569369e-02
7.278587451466517200e-02 -3.192362917309866932e-02
5.935238641828975703e-02 -1.849014107672336191e-02
3.953417248729480804e-02 -1.021556133539159097e-02
2.262743094738961167e-02 -2.196308276606386781e-03
2.502762646500369254e-03 -2.502762646500369254e-03
