-3.593726132925791246e-03 -7.046545020230667380e-03
-7.116998643041124936e-03 -1.585472629551900117e-02
-7.625919964792275685e-03 -1.605045569261843996e-02
-8.083949154368313267e-03 -1.622661215000793453e-02
-8.541978343944350849e-03 -1.640276860739742909e-02
-9.000007533520384961e-03 -1.657892506478692365e-02
-9.458036723096422543e-03 -1.675508152217641822e-02
-9.947383113994222661e-03 -1.695733788737038492e-02
-1.068726711546611786e-02 -1.736839351500011133e-02
-1.142715111693801654e-02 -1.777944914262983775e-02
-1.216703511840991347e-02 -1.819050477025956417e-02
-1.290691911988181215e-02 -1.860156039788929405e-02
-1.364680312135371082e-02 -1.901261602551902047e-02
-1.435993710669811706e-02 -1.940474981733352963e-02
-1.485907096302259076e-02 -1.964550892262629384e-02
-1.535820481934706445e-02 -1.988626802791905457e-02
-1.585733867567154162e-02 -2.012702713321181877e-02
-1.635647253199601706e-02 -2.036778623850458297e-02
-1.685560638832049249e-02 -2.060854534379734718e-02
-1.753612295569710253e-02 -2.083103570831302404e-02
-1.966770121149070266e-02 -2.090737614661203336e-02
-2.179927946728432361e-02 -2.098371658491103922e-02
-2.393085772307794110e-02 -2.106005702321004855e-02
-2.606243597887156205e-02 -2.113639746150905441e-02
-2.819401423466516218e-02 -2.121273789980806027e-02
-3.015203895529064079e-02 -2.131060857178801102e-02
-3.072163539457091128e-02 -2.158072111321545847e-02
-3.129123183385118523e-02 -2.185083365464291286e-02
-3.186082827313145571e-02 -2.212094619607036378e-02
-3.243042471241173313e-02 -2.239105873749781817e-02
-3.300002115169200362e-02 -2.266117127892526908e-02
-3.359049622297263088e-02 -2.292084425545961451e-02
-3.434800035025615400e-02 -2.309700071284910908e-02
-3.510550447753967018e-02 -2.327315717023860364e-02
-3.586300860482318636e-02 -2.344931362762809821e-02
-3.662051273210670949e-02 -2.362547008501758930e-02
-3.737801685939021873e-02 -2.380162654240708386e-02
-3.820468136184008295e-02 -2.397126001398887027e-02
-3.958462886562072458e-02 -2.408870959910898793e-02
-4.096457636940136621e-02 -2.420615918422910559e-02
-4.234452387318200783e-02 -2.432360876934921978e-02
-4.372447137696263558e-02 -2.444105835446933744e-02
-4.510441888074327721e-02 -2.455850793958945510e-02
-4.639432737735720708e-02 -2.463028467719515641e-02
-4.696392381663748450e-02 -2.433667863468554765e-02
-4.753352025591774804e-02 -2.404307259217593543e-02
-4.810311669519802547e-02 -2.374946654966632667e-02
-4.867271313447829595e-02 -2.345586050715671445e-02
-4.924230957375857337e-02 -2.316225446464710222e-02
-4.981843049220410768e-02 -2.291366817461376951e-02
-5.054067742504410321e-02 -2.304191931449874053e-02
-5.129465752716530491e-02 -2.317580539023102876e-02
-5.204863762928649273e-02 -2.330969146596331351e-02
-5.280261773140768750e-02 -2.344357754169560173e-02
-5.351816206825384115e-02 -2.359312269324799483e-02
-5.351111401792919137e-02 -2.403705847021833653e-02
-5.350406596760454159e-02 -2.448099424718867823e-02
-5.349701791727989181e-02 -2.492493002415901993e-02
-5.348996986695524203e-02 -2.536886580112936163e-02
-5.347687181788902955e-02 -2.589287595332961586e-02
-5.299642475195100177e-02 -3.358002900833806370e-02
-5.577020581263323479e-02 -3.945354438296873323e-02
-5.835820369007629210e-02 -4.108560498954579032e-02
-6.149747613869614021e-02 -4.204188709024762882e-02
-6.348634806029235245e-02 -4.299015447670237466e-02
-6.487804231461406779e-02 -4.381812566701435291e-02
-6.678398646196884170e-02 -4.413184696429329340e-02
-6.877463059170552118e-02 -4.436086827919032138e-02
-7.054373942696393063e-02 -4.484403732867490305e-02
-7.209397897300887093e-02 -4.531379982857400984e-02
-7.364421851905379734e-02 -4.578356232847310969e-02
-7.492398702735114657e-02 -4.620823629094181206e-02
-7.619236728142754489e-02 -4.663101178867659624e-02
-7.746074753550394321e-02 -4.705378728641138042e-02
-7.623899614929781354e-02 -4.870760203979637715e-02
-7.638312090165454149e-02 -5.513597740133767411e-02
-7.747047010775680309e-02 -5.866780241543354674e-02
-7.836303498582672389e-02 -6.014758833866803989e-02
-7.925559986389661693e-02 -6.162737426190249140e-02
-7.971089372021462893e-02 -6.266988916338506188e-02
-8.015717167917690844e-02 -6.370338816751190680e-02
-8.060344963813920183e-02 -6.473688717163876560e-02
-8.096621460771086243e-02 -6.637487233492263272e-02
-8.358198540595450365e-02 -6.984267557195150689e-02
-8.578367449111942711e-02 -7.272837780807892005e-02
-8.721059555684636255e-02 -7.478946212040804564e-02
-8.906103078925958760e-02 -7.612456830531381946e-02
-9.098122129618581300e-02 -7.734010162217337669e-02
-9.282221430028747555e-02 -7.875759661500235376e-02
-9.464328374242619857e-02 -8.046943618353266658e-02
-9.468456639024341870e-02 -8.296954372381357135e-02
-9.417369026345052963e-02 -8.527728291706936081e-02
-9.378524176131317058e-02 -8.654442232677589386e-02
-9.341529976057723339e-02 -8.765426176920175505e-02
-9.150720626441902206e-02 -8.976088534142386000e-02
-8.869108919580297179e-02 -9.250171451729879979e-02
-8.659420054997350735e-02 -9.829646315488012320e-02
-8.537725682478151945e-02 -1.032993586764964916e-01
-8.541978941287371729e-02 -1.096129543952160112e-01
-8.619491366596884752e-02 -1.125020278181477901e-01
-8.692827965949155578e-02 -1.152945387503193087e-01
-8.732757957643487445e-02 -1.173145497564087036e-01
-8.772687949337817925e-02 -1.193345607624981125e-01
-8.800482320183303231e-02 -1.211340406891862204e-01
-8.526854541776496266e-02 -1.210023566008486262e-01
-7.487488814608210530e-02 -1.229750536952284173e-01
-7.276091562556363801e-02 -1.307240925734652615e-01
-7.340578950408210845e-02 -1.432306699558684171e-01
-7.411042755202001953e-02 -1.500059962640013789e-01
-7.288262046516173764e-02 -1.558183480574220903e-01
-7.563575572186263807e-02 -1.612441656973332138e-01
-7.896044996119293280e-02 -1.696647951638171337e-01
-7.205341087415587098e-02 -1.731195546013871156e-01
-7.044409708988259855e-02 -1.750340900347656381e-01
-6.938711802489160030e-02 -1.766723988493599795e-01
-6.833725657353545424e-02 -1.783377553560214213e-01
-6.763259938346878608e-02 -1.813149249279386310e-01
-6.692438338658468489e-02 -1.842657581890248253e-01
-6.604356525905585862e-02 -1.859392803748063927e-01
-6.517377951411688908e-02 -1.876483922578795205e-01
-6.483906432478617199e-02 -1.910836044595907168e-01
-6.450007867588238020e-02 -1.944718394338416922e-01
-6.395397573768425714e-02 -1.955816788762675396e-01
-6.341890518207600469e-02 -1.966594876997388719e-01
-6.082022844050462285e-02 -1.884672822051290386e-01
-5.306333015720673951e-02 -1.709014939730879312e-01
-3.952115329539345606e-02 -1.704865013118993800e-01
-3.838730120649480604e-02 -1.738987950909475777e-01
-3.709045076939862517e-02 -1.769467210299799365e-01
-3.383195299776393244e-02 -1.818350000015210854e-01
-3.183490277138831953e-02 -1.853673857940061065e-01
-3.037381015500960346e-02 -1.912080255808247531e-01
-2.847977797784558701e-02 -1.982961880324848603e-01
-2.632845115444271827e-02 -1.985844701195449979e-01
-2.410879915002701532e-02 -1.975765873563872788e-01
-2.306355746815244925e-02 -1.961288298799509222e-01
-1.975381662531680571e-02 -1.913115918280194339e-01
-6.968953148299147221e-03 -1.856188172469577513e-01
-5.623000571699217874e-03 -1.990969404734095616e-01
-4.544659569898593099e-03 -1.998360775245835441e-01
-1.464829268505182022e-03 -1.992271742852933514e-01
2.698327676771969125e-03 -2.019688962174677471e-01
2.596549114332295446e-03 -1.966754802015731052e-01
1.023137084776044696e-02 -1.951604434374531183e-01
7.975412334426012356e-03 -2.238879335933755543e-01
1.096698085990497479e-02 -2.247186172640495416e-01
1.619102960273130845e-02 -2.214601078170740089e-01
1.900021532012788339e-02 -2.204646818280956433e-01
2.113179357592145924e-02 -2.210636317035105936e-01
2.245996243617744831e-02 -2.218844831080313273e-01
2.415399738135809438e-02 -2.235423836876914705e-01
3.666054163837519780e-02 -2.239519665932507286e-01
4.134239949676300069e-02 -2.228692291468031272e-01
4.786810755953775642e-02 -2.228025005007782666e-01
6.403173703781908643e-02 -2.246894044750447628e-01
6.828031457837863138e-02 -2.285849742822824715e-01
7.298939118615359323e-02 -2.272895305880047179e-01
7.440083074984986389e-02 -2.268048030162700957e-01
7.550479233693253855e-02 -2.255129292611114944e-01
7.660875392401514383e-02 -2.242210555059529764e-01
7.763584398054773628e-02 -2.229676224034214393e-01
7.831701214960488933e-02 -2.218871722377116773e-01
7.924587783468284297e-02 -2.204138311026528629e-01
8.081106045947937522e-02 -2.174115047008547963e-01
8.372220787925585550e-02 -2.137925041700805273e-01
8.505819813183512768e-02 -2.114731982437491609e-01
8.600946988217440803e-02 -2.089364377355963920e-01
8.734938169169761957e-02 -2.065569913137412228e-01
8.904056432394487353e-02 -2.043197326237318756e-01
9.025058497926373435e-02 -2.026746537405340609e-01
9.102570923235886458e-02 -2.015648142981082136e-01
9.151399153811760889e-02 -2.004549748556823940e-01
9.183323337100435246e-02 -1.989079259359372576e-01
9.448243067023873176e-02 -1.944686713436649950e-01
9.808221250381675416e-02 -1.888214425389657669e-01
9.930148192976366583e-02 -1.863170547644076858e-01
1.002538302551415628e-01 -1.840973758795559911e-01
1.018311041887953600e-01 -1.818776969947043243e-01
1.024653043620571413e-01 -1.700545169569114001e-01
1.029580317144633411e-01 -1.655986578577257340e-01
1.036450687787183883e-01 -1.632204381612235300e-01
1.043118160011297368e-01 -1.607813644158049282e-01
1.050162832632671600e-01 -1.580967305563084624e-01
1.056195215185458808e-01 -1.554051474253017318e-01
1.074064286416977904e-01 -1.528715745567335860e-01
1.074032111349619151e-01 -1.427961354892123558e-01
1.040774707307832864e-01 -1.151373821453644530e-01
1.044522255514049314e-01 -1.096650825296622833e-01
1.052625900561233313e-01 -1.066526458256857324e-01
1.050415815548364912e-01 -1.042792450582592512e-01
1.039792458162896865e-01 -1.013101260411698595e-01
9.698787302675140887e-02 -8.976088534142395714e-02
8.293925897560268379e-02 -6.631506743756986066e-02
7.711413164404402887e-02 -5.958673790630502481e-02
7.395813549142590815e-02 -4.755133275333456311e-02
6.462249924102943244e-02 -3.997631836093541724e-02
5.637236016184517945e-02 -2.885561045958393023e-02
3.188562696871835578e-02 -2.113963506069192061e-02
5.742924514531029707e-03 -5.284908765173003571e-03
