-2.541840437776320474e-03 -2.541877376688687299e-03
-5.325852385028626880e-03 -4.841657121726121449e-03
-6.215924457515957686e-03 -4.841657121726121449e-03
-7.063204603441399290e-03 -4.841657121726121449e-03
-7.910484749366838292e-03 -4.841657121726121449e-03
-8.757764895292279028e-03 -4.841657121726121449e-03
-9.605045041217719765e-03 -4.841657121726121449e-03
-1.044825071317301637e-02 -4.845732528497082199e-03
-1.121485627448961554e-02 -4.926425582562105228e-03
-1.198146183580621818e-02 -5.007118636627129124e-03
-1.274806739712281908e-02 -5.087811690692152153e-03
-1.351467295843941825e-02 -5.168504744757175182e-03
-1.428127851975602089e-02 -5.249197798822198210e-03
-1.503056259176181568e-02 -5.347211720330811643e-03
-1.742263128657152091e-02 -7.739315177517644764e-03
-1.996447172434783618e-02 -8.902039829602470533e-03
-2.055929306026333184e-02 -8.490619509533635367e-03
-2.098294544619684274e-02 -8.066973280085518866e-03
-2.140659783213035017e-02 -7.643327050637406701e-03
-2.183025021806386107e-02 -7.219680821189287598e-03
-2.225390260399736850e-02 -6.796034591741176301e-03
-2.267755374619645492e-02 -6.388690611244115906e-03
-2.310119381915917702e-02 -6.126436646411441596e-03
-2.352483389212189566e-02 -5.864182681578767285e-03
-2.394847396508461776e-02 -5.601928716746093842e-03
-2.437211403804733639e-02 -5.339674751913419531e-03
-2.479575411101005850e-02 -5.077420787080745221e-03
-2.521939542770719814e-02 -4.841657121726121449e-03
-2.582491878740004326e-02 -4.841657121726121449e-03
-2.646039736630030961e-02 -4.841657121726121449e-03
-2.709587594520057249e-02 -4.841657121726121449e-03
-2.773135415098050560e-02 -4.847770325162643716e-03
-2.836681426042458876e-02 -5.150373895270527608e-03
-2.900227436986866497e-02 -5.452977465378408030e-03
-2.963773447931274813e-02 -5.755581035486291921e-03
-3.027319458875682781e-02 -6.064909166686381983e-03
-3.246842042138183004e-02 -8.260166901099340320e-03
-3.501032503585438382e-02 -9.540266253150459300e-03
-3.652516893727383168e-02 -9.683314243452242898e-03
-3.779608915616199105e-02 -9.683314243452242898e-03
-3.906704370212021882e-02 -1.047069141336938111e-02
-4.033800085992074458e-02 -1.131797771578021278e-02
-4.261025477219944346e-02 -1.356030681815813613e-02
-4.515209520997577608e-02 -1.277658883928725272e-02
-4.670547684436281849e-02 -1.139438902753347506e-02
-4.797643400216334425e-02 -1.012345033918913249e-02
-4.924735645977345450e-02 -1.089921563141169579e-02
-5.051827667866161387e-02 -1.180702634173534313e-02
-5.211018037496254612e-02 -1.337690138705428279e-02
-5.380477051643956649e-02 -1.443571314744835667e-02
-5.549933080829045490e-02 -1.451641235799877409e-02
-5.719389110014134331e-02 -1.459711156854919152e-02
-5.888847079424921332e-02 -1.531358393649798373e-02
-6.058308033798325692e-02 -1.700816885429045147e-02
-6.227764585351872745e-02 -1.848633316197043422e-02
-6.397222554762659052e-02 -1.936662848690448580e-02
-6.566683509136063412e-02 -1.936662848690448580e-02
-6.772207960965093143e-02 -2.008798649241418446e-02
-7.032874149558525356e-02 -2.191217027832403560e-02
-7.371791133117017170e-02 -2.530134011390895721e-02
-7.611000888061847380e-02 -2.728690254554226938e-02
-7.822823387137366191e-02 -2.898147515036394312e-02
-7.953338862649883545e-02 -2.904994273035672869e-02
-8.080430884538700176e-02 -2.904994273035672869e-02
-8.300750676691731611e-02 -3.034104254026001590e-02
-8.580491249017221933e-02 -3.254668415118488339e-02
-8.919408232575713746e-02 -3.593585398676980153e-02
-9.100522182503727187e-02 -3.932502382235469190e-02
-9.199148531279630059e-02 -4.271418408118458909e-02
-9.199148531279630059e-02 -4.610332929082795739e-02
-9.428028300725103950e-02 -4.970767239527238562e-02
-9.664060562965748336e-02 -5.303631166645910583e-02
-1.004093888321078848e-01 -5.683445570743612257e-02
-1.042221864276847570e-01 -6.064727177246916762e-02
-1.060763090155076444e-01 -6.395022413442848219e-02
-1.065164566779746719e-01 -6.678553079862634134e-02
-1.096268571236957839e-01 -7.089360014988681236e-02
-1.113581137997007864e-01 -7.597733326228521544e-02
-1.139256667054469457e-01 -8.003406685336408866e-02
-1.164638759362015275e-01 -8.257472151474141986e-02
-1.186426068654133220e-01 -8.499555007560447017e-02
-1.207864928335332239e-01 -8.740476340069000538e-02
-1.167316487237898825e-01 -9.239861705001410630e-02
-1.210414280431530432e-01 -1.000242491800800992e-01
-1.250761602210338497e-01 -1.061863392149585139e-01
-1.270274884895504219e-01 -1.118422810789787419e-01
-1.315610258302552515e-01 -1.170360578231598447e-01
-1.339488175711307238e-01 -1.195009074933151838e-01
-1.347961223429977318e-01 -1.211954800981368124e-01
-1.355663994083314006e-01 -1.228515405287332746e-01
-1.362706296983534071e-01 -1.262021970707319918e-01
-1.401769868427892030e-01 -1.312859383917776290e-01
-1.395277552351981976e-01 -1.363696696385744145e-01
-1.376571351321198844e-01 -1.424987922538459850e-01
-1.445454773918364022e-01 -1.496915596571065099e-01
-1.452497136517836296e-01 -1.525855801628307196e-01
-1.457571095370150394e-01 -1.551274325404574939e-01
-1.479859587347815697e-01 -1.576692729782337987e-01
-1.491071278566945268e-01 -1.602111753539843808e-01
-1.471130280588606176e-01 -1.627530277316111551e-01
-1.458439230703629519e-01 -1.665969965455408874e-01
-1.452497136517836296e-01 -1.698981230431802769e-01
-1.452497136517836296e-01 -1.749818777965576888e-01
-1.450076294524641485e-01 -1.798235483506156196e-01
-1.436761663562070024e-01 -1.835758400077358299e-01
-1.421246279362350096e-01 -1.871080563411412490e-01
-1.395827505595463036e-01 -1.896499337178299549e-01
-1.374700227505679107e-01 -1.920487567611712798e-01
-1.372554647571275765e-01 -1.953553502178410339e-01
-1.390876180201003065e-01 -1.991681813942473012e-01
-1.360285857960292499e-01 -2.029809454089946397e-01
-1.355663994083314006e-01 -2.067937765854009069e-01
-1.327555574977301034e-01 -2.109079490658490319e-01
-1.304019782789923587e-01 -2.133556773635622572e-01
-1.278601009023036805e-01 -2.158975547402509632e-01
-1.258830851648791715e-01 -2.184394321169395858e-01
-1.258830851648791715e-01 -2.220340061849842006e-01
-1.256850052844372401e-01 -2.267216011774777773e-01
-1.225342772475401520e-01 -2.276654836685282624e-01
-1.176119209152636513e-01 -2.311487738528235913e-01
-1.159845894439201913e-01 -2.360173471286941271e-01
-1.121246865264286519e-01 -2.375101799157869620e-01
-1.073637696584888862e-01 -2.415583235306991428e-01
-1.053867333994463751e-01 -2.473952216639972446e-01
-9.686247989084190158e-02 -2.565784899951649711e-01
-9.432061482712401912e-02 -2.591203550588828119e-01
-9.332416366195830926e-02 -2.606319376398980037e-01
-9.271895652174251545e-02 -2.618826892126339678e-01
-9.211374938152676328e-02 -2.631334407853698765e-01
-9.199148531279630059e-02 -2.640622499614528884e-01
-9.161735979969935773e-02 -2.656162588111095624e-01
-8.641866458336858181e-02 -2.623811123002431911e-01
-7.897466108540948659e-02 -2.695433659231669110e-01
-7.690901173368228094e-02 -2.711327988166628011e-01
-7.563805457588171355e-02 -2.711327988166628011e-01
-7.436711010417232370e-02 -2.711951509544970884e-01
-7.269822496825860403e-02 -2.714335561873930103e-01
-7.015632333874866067e-02 -2.736013323038059553e-01
-6.761447021488120601e-02 -2.756419027458785198e-01
-6.507262977710487339e-02 -2.759744559383889295e-01
-6.253072814759498554e-02 -2.766762639312484451e-01
-5.998887502372753783e-02 -2.789271234971009705e-01
-5.608741197424671476e-02 -2.804297546727260171e-01
-5.177637897058509631e-02 -2.808161130601150579e-01
-4.687197047227486396e-02 -2.807264547330211579e-01
-4.356352447318197207e-02 -2.798388372947912539e-01
-4.122501048513806804e-02 -2.784662094497180052e-01
-3.953040591634172929e-02 -2.769835272767460221e-01
-3.698000186956844348e-02 -2.777277110426294437e-01
-3.189625233987556513e-02 -2.808161130601150579e-01
-2.681249758649817058e-02 -2.785786679162564616e-01
-2.172874283312082808e-02 -2.784539987138986983e-01
-1.723559054412229091e-02 -2.808161130601150579e-01
-1.469368816837174178e-02 -2.806131423184275997e-01
-1.186940907543646180e-02 -2.781605507703731606e-01
-8.056574540947202337e-03 -2.759744559383889295e-01
-4.243813884282790147e-03 -2.752849146493976940e-01
4.395607441927051537e-04 -2.719990316095949878e-01
8.604963664017882541e-03 -2.711327988166628011e-01
1.181866732281542168e-02 -2.708332518482731710e-01
1.442105063796080867e-02 -2.702280447080574466e-01
1.636442696606970129e-02 -2.692933432157714746e-01
1.832857788774173297e-02 -2.673585359690909824e-01
2.341233264111918649e-02 -2.662569071586995961e-01
2.845696199701401932e-02 -2.620033414015520146e-01
2.913797226285034028e-02 -2.568755718819277778e-01
3.736143606362939823e-02 -2.482963341182117534e-01
3.923086106230060793e-02 -2.470993614975580954e-01
4.056232415855774709e-02 -2.469783126817324537e-01
4.182653791268958754e-02 -2.468908987977785074e-01
4.355046128178907683e-02 -2.468047236733099947e-01
4.393435583128581928e-02 -2.417454217336787170e-01
4.839700926476060705e-02 -2.366616669803013051e-01
4.925531735506897407e-02 -2.315779129731645736e-01
5.306749445154214373e-02 -2.230169991487041259e-01
5.325822833898733594e-02 -2.110705750528252822e-01
5.441482075849896766e-02 -2.029877231397334558e-01
5.679778208362188524e-02 -1.998100453678625654e-01
5.809988546071345739e-02 -1.950014370059745261e-01
6.263707863438164325e-02 -1.844329298601767309e-01
6.777830884292022906e-02 -1.772229757884166701e-01
7.027368983006769543e-02 -1.669675091345122486e-01
7.262485682589181479e-02 -1.476448879514478396e-01
7.279848240010634852e-02 -1.397900332662920797e-01
7.304058003175760427e-02 -1.323459743599642580e-01
7.402052012496260214e-02 -1.293291026806752675e-01
7.566923213728010689e-02 -1.276656951377212745e-01
7.647252139665992876e-02 -1.152057787435892267e-01
7.262485682589181479e-02 -9.727329979811803751e-02
7.130439145127108469e-02 -9.106715619247876536e-02
6.860482857385487299e-02 -8.786875569076990633e-02
7.220672848639866914e-02 -7.291094086664504093e-02
6.766952188039870864e-02 -4.419478598396064939e-02
6.527432892471808634e-02 -4.106604107736552822e-02
6.302957211493294409e-02 -3.847284808899294195e-02
6.178003392950021794e-02 -3.280834050162723114e-02
5.325822833898733594e-02 -2.336098083676350218e-02
1.779310469790872096e-02 -3.268133332730158852e-03
2.541840437776327847e-03 -2.541877376688693371e-03
