-6.743260384589286685e-03 3.779111056082199143e-03
-7.901194481990300375e-03 5.912011065794722971e-03
-1.040108220743993749e-02 8.498229834382789796e-03
-1.036731456838164631e-02 1.074316366599724695e-02
-9.983342298377950036e-03 1.300490530480306363e-02
-9.140340548110340371e-03 1.548472334275402887e-02
-7.577014212298059312e-03 1.827700272407636883e-02
-5.649294853737287479e-03 2.118820922023969752e-02
-4.668480538903500843e-03 2.339452120357892947e-02
-4.655131681526286647e-03 2.482980916313734174e-02
-4.977749177129244494e-03 2.607668018239718208e-02
-5.188274342089569009e-03 2.732475812718226579e-02
-4.455309880046269544e-03 2.923382918678560718e-02
-5.802529034976157234e-03 3.002683524688022285e-02
-8.203356439430665656e-03 3.075826071615062052e-02
-1.031029171766477404e-02 3.155104480611270468e-02
-1.140954934511970338e-02 3.251828095467282354e-02
-2.563396336364500219e-02 3.026572708746549586e-02
-3.205735969669211427e-02 2.997453904807985750e-02
-3.337634356610593572e-02 3.123621194055469300e-02
-3.466206727104814006e-02 3.262291107243635302e-02
-4.021942583785835523e-02 3.270047854005546373e-02
-4.359798040121488222e-02 3.370358469132628265e-02
-4.663010870452012624e-02 3.492805994549277177e-02
-4.931769832845080831e-02 3.625646830696061668e-02
-6.437390368889805981e-02 3.241862262925894467e-02
-6.685275027341525123e-02 3.451030612414486554e-02
-6.976501824645142680e-02 3.606882803783811181e-02
-7.307151966354556716e-02 3.734266895202127678e-02
-7.657224924041854119e-02 3.860870468885102547e-02
-7.991460540812084234e-02 3.999443133621313068e-02
-8.253029691234636811e-02 4.249214927716417345e-02
-8.532779221768577171e-02 4.469007412669687151e-02
-9.062886024624020043e-02 4.437197748926621083e-02
-9.425626648667571883e-02 4.535142410310283312e-02
-9.755180860072577842e-02 4.841837080930610354e-02
-1.034231804319770548e-01 4.638586765859000621e-02
-1.076116030716478128e-01 4.715296972791900576e-02
-1.125927688012448580e-01 4.736084926585581306e-02
-1.164633882968364453e-01 4.988513873068377291e-02
-1.204395616174436939e-01 5.139386085731354609e-02
-1.244209440099918462e-01 5.661200599897970448e-02
-1.279187517935184426e-01 5.821492730527200871e-02
-1.314569160498571532e-01 5.928382967514887053e-02
-1.350882665877129463e-01 6.073421759595234309e-02
-1.380643531007500480e-01 6.363130659797601452e-02
-1.419899827147401705e-01 6.890780161910342594e-02
-1.456084411144768775e-01 7.408872153270126826e-02
-1.489777603537098261e-01 7.877490615035941113e-02
-1.520174306613494009e-01 8.299034549799587379e-02
-1.536814982405620422e-01 8.395631400023560731e-02
-1.580419612360225712e-01 9.145985227234221249e-02
-1.589251016803772953e-01 9.102011298956683150e-02
-1.598708017347586496e-01 8.985512801841567809e-02
-1.609182952591843019e-01 8.861386820194505631e-02
-1.620000604625929652e-01 8.739579633930603941e-02
-1.631198374584262867e-01 8.628811157991030101e-02
-1.642041320381540104e-01 8.597373042583869585e-02
-1.655849293740691008e-01 8.605506330784408464e-02
-1.709858065244244107e-01 9.113967332509620434e-02
-1.722152673181036875e-01 8.623298677161782277e-02
-1.737322950474110561e-01 8.395348252517184640e-02
-1.753823069092794174e-01 8.321637260887124188e-02
-1.776779789409679011e-01 8.329787411880852643e-02
-1.867732968582179742e-01 9.025142725686403911e-02
-1.865086606882980502e-01 8.549538759335445492e-02
-1.873138909570597199e-01 8.230014449618111572e-02
-1.881792350543720904e-01 7.935514454341713320e-02
-1.890982953261529653e-01 7.611161883308394105e-02
-1.894225600899801243e-01 7.021671991543934621e-02
-1.908431050747993463e-01 6.792584278396082698e-02
-1.922719769386877497e-01 6.541031397984201079e-02
-1.937217924940488889e-01 6.280823029698245907e-02
-1.954816648084571895e-01 6.072826189546659537e-02
-1.959490083225276791e-01 5.549052309056570070e-02
-1.970337985861567165e-01 5.136720257153221114e-02
-1.984809000727010830e-01 4.777474687657199542e-02
-2.013232087286284389e-01 4.576370439592039596e-02
-2.044416452217297231e-01 4.385849388607664101e-02
-2.025921458568538669e-01 3.407294757251131539e-02
-2.040694455745842850e-01 2.970514725163890535e-02
-2.071931707968728831e-01 2.677998042784543106e-02
-2.103081856385308479e-01 2.327272546736747910e-02
-2.116385958316644167e-01 1.919982364502147154e-02
-2.131881570026683270e-01 1.514754479624325079e-02
-2.161438740823863058e-01 1.179411603489500908e-02
-2.179641298100552238e-01 8.149822597492330928e-03
-2.220933235605825617e-01 4.840304707876279429e-03
-2.258839160967873183e-01 1.706687927983587027e-03
-2.285722226392506162e-01 -1.379097160510608629e-03
-2.338623346870078723e-01 -4.435038934888091075e-03
-2.397095411019818934e-01 -7.410190603248750091e-03
-2.412784358329741197e-01 -9.755740497266700631e-03
-2.455286195521783066e-01 -1.238878196362720903e-02
-2.429796290740319498e-01 -1.601837130305517470e-02
-2.422919161080706318e-01 -1.869284562941699035e-02
-2.422069479819217719e-01 -2.114018121501223813e-02
-2.401890409759716016e-01 -2.454575905085306167e-02
-2.380940054051340349e-01 -2.808975415886114796e-02
-2.371339281427483625e-01 -3.129406601857268044e-02
-2.403107152958086912e-01 -3.549193335628401252e-02
-2.398836803798346518e-01 -3.815648201649595589e-02
-2.397028216737164263e-01 -4.079625745422522931e-02
-2.393777004106324990e-01 -4.342017409722421367e-02
-2.347181623217363955e-01 -4.722793020210178105e-02
-2.347382902748542943e-01 -5.005151463906352960e-02
-2.299628640592352447e-01 -5.372009200170203835e-02
-2.258304409844066885e-01 -5.741452015795452113e-02
-2.249014013089608854e-01 -6.105965550342614540e-02
-2.222053822342307250e-01 -6.456744603321173948e-02
-2.205732825335134650e-01 -6.824695746478391667e-02
-2.191562937464590632e-01 -7.204507702065514330e-02
-2.183455849729748766e-01 -7.613811579070782487e-02
-2.179225420852320128e-01 -8.033439594719433974e-02
-2.177131398538039719e-01 -8.476249087069782917e-02
-2.167053755421202987e-01 -8.832100840893641891e-02
-2.145823286771154081e-01 -9.104232295724251633e-02
-2.144950352250021286e-01 -9.609782934843597024e-02
-2.140648087249619191e-01 -9.982391092137428423e-02
-2.136502136280262198e-01 -1.041192949099288417e-01
-2.123592072943014386e-01 -1.066966104772146123e-01
-2.109732914265659842e-01 -1.093083610352134361e-01
-2.098067770435585178e-01 -1.126287669362291688e-01
-2.089670604526101261e-01 -1.157061048695658401e-01
-2.069413937225824396e-01 -1.172236001962018714e-01
-2.062942066255533391e-01 -1.215323040814507427e-01
-2.041082041179024809e-01 -1.225579316790668671e-01
-2.023721400357559319e-01 -1.243227129542050224e-01
-2.008204905245010718e-01 -1.264559104019442326e-01
-1.993550278299640044e-01 -1.287608101752176770e-01
-1.980124097820409879e-01 -1.311271393740530977e-01
-1.967921481761106262e-01 -1.336332836878729169e-01
-1.957936286969270689e-01 -1.377572611483930398e-01
-1.966210339581852262e-01 -1.464643088250675296e-01
-1.963210111393601798e-01 -1.503926835594599498e-01
-1.958016790233846338e-01 -1.532005220874637086e-01
-1.955303417905807084e-01 -1.561890359762599934e-01
-1.938948705512438531e-01 -1.561002686882022594e-01
-1.896850754525551130e-01 -1.538956689308258186e-01
-1.883026418591940143e-01 -1.543034002293259266e-01
-1.869713349979125472e-01 -1.547046038497204012e-01
-1.856600639115506823e-01 -1.550256436905766144e-01
-1.841609923014410899e-01 -1.550743064033397733e-01
-1.823847394145775569e-01 -1.545888682662013014e-01
-1.807834903895076395e-01 -1.546184028370494179e-01
-1.792363156361624077e-01 -1.549534771356536611e-01
-1.777041438458429046e-01 -1.552535414799545432e-01
-1.757105181433505359e-01 -1.547484047825664621e-01
-1.716401829760736686e-01 -1.489388235014300066e-01
-1.690312367982995667e-01 -1.465974974384599838e-01
-1.670115620852344884e-01 -1.481484111854768360e-01
-1.652625641033261261e-01 -1.479791403259800575e-01
-1.599083970172083813e-01 -1.346593504532434815e-01
-1.557605749730394673e-01 -1.291842534410043430e-01
-1.531642660361556829e-01 -1.295003475672021620e-01
-1.509566330548512969e-01 -1.299674092939346881e-01
-1.459776238530243464e-01 -1.195810945627775457e-01
-1.431662442645189048e-01 -1.193765508722414298e-01
-1.406115942590114576e-01 -1.186301409535948370e-01
-1.373390133518038458e-01 -1.119430869476465279e-01
-1.338355758312685939e-01 -1.061470173513075210e-01
-1.300682278030857175e-01 -1.021558603750117450e-01
-1.263946537450104379e-01 -9.835480619609954234e-02
-1.224191438318471686e-01 -9.628885632749063783e-02
-1.188477332147759857e-01 -9.301765545719242745e-02
-1.144889297020017238e-01 -9.029369894404683239e-02
-1.100747121457307937e-01 -8.782368828909470349e-02
-1.065232888558249741e-01 -8.390508814544736516e-02
-1.018622353225414889e-01 -8.172015367160698207e-02
-9.480872208500840115e-02 -8.038113548086453508e-02
-9.167832290710289933e-02 -7.703122321164670994e-02
-8.733922578257950764e-02 -7.468975165597220578e-02
-8.302357270414903456e-02 -7.244104400561446333e-02
-7.845781009301365516e-02 -7.006890448844876884e-02
-7.461391510827927731e-02 -6.802182900513466246e-02
-7.100716487988706360e-02 -6.526271979544381874e-02
-6.764456924306198882e-02 -6.258152788871160221e-02
-6.400225050444731389e-02 -5.975624971693575122e-02
-6.094558585043387960e-02 -5.685390509116763913e-02
-5.791668830685354347e-02 -5.412504691163746995e-02
-5.409177608209830151e-02 -5.161670985013682572e-02
-5.129409743061405513e-02 -4.880086732117399489e-02
-4.947645584987544337e-02 -4.545984820996323145e-02
-4.678124414465088116e-02 -4.258394576425041794e-02
-4.291255802616236043e-02 -3.992665893193746846e-02
-3.936079109589257080e-02 -3.743495224544685779e-02
-3.648626541061773115e-02 -3.486677148659649006e-02
-3.410648407946877819e-02 -3.247162343329206002e-02
-3.091103923892269539e-02 -2.986187720883640498e-02
-2.698901853007127510e-02 -2.769524691717285825e-02
-2.607616734513292303e-02 -2.591327334657545639e-02
-1.521528981170199545e-02 -2.352803725440871102e-02
-9.848622675812884406e-03 -2.068468992485313768e-02
-8.812590452091262350e-03 -1.899242677385240205e-02
-8.098948346147836000e-03 -1.746054116712808177e-02
-7.413421178133392485e-03 -1.592208977565686551e-02
-6.736070033844368532e-03 -1.448124481585494512e-02
-5.899062877640508067e-03 -1.295854323457965723e-02
-3.732617144971903545e-03 -1.115113266908538368e-02
