-2.926111509565659102e-03 2.725741548531534272e-03
-5.096154171460959455e-03 5.321071605787367452e-03
-5.424653246888652518e-03 7.499253504973196933e-03
-5.341747079266934151e-03 9.717460957383853432e-03
-7.634514984688491566e-03 1.225663485232013870e-02
-9.993196859555830355e-03 1.481481842606168636e-02
-6.234863779201790107e-03 2.060903649392566844e-02
-8.064274912318727256e-03 2.279216841360510309e-02
-1.056431420725807528e-02 2.521078922083467774e-02
-1.104496026305494538e-02 2.802979469204315566e-02
-1.153130902277438134e-02 3.080578246595361280e-02
-1.369680280788029662e-02 3.320862900365844500e-02
-1.626397539962351479e-02 3.557167373985231640e-02
-1.636586922206094419e-02 3.914382220522874545e-02
-1.775295778557917786e-02 4.185890006977899952e-02
-1.999174885619381739e-02 4.425920862598266975e-02
-2.255770406040784326e-02 4.660807018195625706e-02
-2.529325779651597078e-02 4.903481141823548550e-02
-2.735759406305039027e-02 5.192317488055873953e-02
-2.788323423708532339e-02 5.632821413327631505e-02
-3.005503141210499538e-02 5.886908145093782546e-02
-3.261597147593473661e-02 6.120352697814580162e-02
-3.524591465735414653e-02 6.354277274272183973e-02
-3.754344820554169487e-02 6.612604966575776066e-02
-3.826235478277426050e-02 7.114378942791906024e-02
-4.334729888458197650e-02 7.161418691439701278e-02
-4.627659514199079782e-02 7.415825793864466720e-02
-4.849126248869516792e-02 7.871066686644316579e-02
-5.050213448301078822e-02 8.316540241043252069e-02
-5.323195431004446032e-02 8.579255038685427992e-02
-5.585650409137739303e-02 8.833058176741187539e-02
-5.840859828971443207e-02 9.082992481631471660e-02
-6.287000737986224441e-02 9.132324143274903050e-02
-6.639881021912411030e-02 9.315045823537133896e-02
-6.946441289822720411e-02 9.612081341450579020e-02
-7.403996592106452945e-02 9.639798630993547113e-02
-7.772508103598162188e-02 9.886853131114389792e-02
-8.119197567032579443e-02 1.021887179406738844e-01
-8.460155443297333322e-02 1.055838147718810016e-01
-8.791608683056768847e-02 1.087469319196410350e-01
-9.110348451394989500e-02 1.110089564612895124e-01
-9.478817197633571112e-02 1.111877786596338208e-01
-9.861883790552448958e-02 1.138539992763010766e-01
-1.020005802350574253e-01 1.159684555268944151e-01
-1.055637580830152272e-01 1.161839666705077601e-01
-1.093847803886438125e-01 1.158762970357451322e-01
-1.140252118434835343e-01 1.188502872379064018e-01
-1.179571414496645987e-01 1.203553715694306026e-01
-1.216677116323251068e-01 1.206537522358249737e-01
-1.254321770824507465e-01 1.207378173336300792e-01
-1.291942020945654745e-01 1.207009517445532670e-01
-1.329203601483425479e-01 1.206058145647271873e-01
-1.366551065220864281e-01 1.204884121377073625e-01
-1.403833917758797456e-01 1.203701097551611865e-01
-1.440854971166546095e-01 1.202657200873688548e-01
-1.477736401577127434e-01 1.201853828601698593e-01
-1.514342300616878245e-01 1.201272855443644705e-01
-1.550336343708457743e-01 1.200770813134903053e-01
-1.585990887467715604e-01 1.200186347733718517e-01
-1.620479803114737993e-01 1.199320073065159309e-01
-1.654595099180272977e-01 1.197684632666848048e-01
-1.686522096587647346e-01 1.193356747314902877e-01
-1.711718503197281749e-01 1.165312646648274941e-01
-1.737966546724870331e-01 1.146850774579113164e-01
-1.774091985124753579e-01 1.139694894759915589e-01
-1.820368498236260568e-01 1.145871393598900112e-01
-1.843921943317829715e-01 1.129340401337932120e-01
-1.866339328016967669e-01 1.108881396452677526e-01
-1.888588679246555602e-01 1.086855854647921643e-01
-1.910825302870886311e-01 1.064008329748298010e-01
-1.933183545168230544e-01 1.040661086158240489e-01
-1.955721151479184183e-01 1.017008255207577372e-01
-1.978384767465779237e-01 9.931537409942893524e-02
-2.001154660831383769e-01 9.691409072128998048e-02
-2.024013258796858172e-01 9.450111517919526638e-02
-2.046885109706491901e-01 9.208672168093959276e-02
-2.069763745017758894e-01 8.967006537365285190e-02
-2.092429475954784013e-01 8.725676168282242573e-02
-2.114854340326945692e-01 8.481606119304790914e-02
-2.135796983009536076e-01 8.239125952737968994e-02
-2.137806153915683682e-01 7.814779599619355033e-02
-2.158847561189436159e-01 7.492955163004567931e-02
-2.183740696006529203e-01 7.244182569166253416e-02
-2.187016577371687920e-01 6.839405038581937435e-02
-2.200801763925391008e-01 6.517996198189629498e-02
-2.229206597571134763e-01 6.259580838332526320e-02
-2.238475444913497758e-01 5.950049898674612120e-02
-2.235609547809097319e-01 5.538345754487303957e-02
-2.238215344008523677e-01 5.159086814048629427e-02
-2.260566460939431865e-01 4.823621588354133627e-02
-2.282688307354037993e-01 4.549701792909524589e-02
-2.283966722874942457e-01 4.227751485277791987e-02
-2.283626989110534855e-01 3.877066092246500562e-02
-2.282732639499275851e-01 3.517697373632720781e-02
-2.281784521947721467e-01 3.155953001398345559e-02
-2.280881814021793741e-01 2.790010319909861855e-02
-2.279954652596915821e-01 2.420362739962751350e-02
-2.278918337263512173e-01 2.046856823223417929e-02
-2.277637640799926311e-01 1.671504562038197278e-02
-2.275571357305641584e-01 1.289399632871857278e-02
-2.271491328598933268e-01 9.417358276239663761e-03
-2.226332648973040895e-01 4.150987099805957849e-03
-2.221996436178306500e-01 3.508081211898801048e-04
-2.220662771049730366e-01 -3.595011692436241978e-03
-2.220321780205170847e-01 -7.490652219616165085e-03
-2.216261741067396540e-01 -1.122919844551105439e-02
-2.173331156792962515e-01 -1.535786351256246927e-02
-2.165133631916500434e-01 -1.900454825845639129e-02
-2.148897450847838675e-01 -2.270248069738296098e-02
-2.114066101950033694e-01 -2.640019451393605179e-02
-2.112135563510469938e-01 -3.047264796036879345e-02
-2.083596709286028026e-01 -3.381292463063814702e-02
-2.058227051408974551e-01 -3.718290177549836428e-02
-2.056045880200400855e-01 -4.153669480332018715e-02
-2.054501021408780270e-01 -4.584006932733886153e-02
-2.033782674991447548e-01 -4.869187179499013390e-02
-2.005975551816135405e-01 -5.138474502045467518e-02
-2.001532388226358039e-01 -5.574253336528671443e-02
-1.983478394660075639e-01 -5.852798612545737078e-02
-1.957305409513611649e-01 -6.086422779632538055e-02
-1.947464801165030568e-01 -6.458012868502864545e-02
-1.907820989603372375e-01 -6.666690354807262853e-02
-1.873936955901450152e-01 -6.882164540377706807e-02
-1.848192360548622515e-01 -7.133016022812892210e-02
-1.821127498387738741e-01 -7.387542432801025294e-02
-1.796016879470328786e-01 -7.655626001606641307e-02
-1.784501410421845957e-01 -8.198138317817728338e-02
-1.730216983432396605e-01 -8.250385598880818905e-02
-1.704132714166972651e-01 -8.508631284038309373e-02
-1.672230890292525085e-01 -8.697170918078844792e-02
-1.623198863608812104e-01 -8.765936560999644522e-02
-1.592986772070493495e-01 -9.034103922559237609e-02
-1.563855196818836890e-01 -9.317177956675549988e-02
-1.535311203946669312e-01 -9.601295505274090591e-02
-1.507306471205547005e-01 -9.879354053537449387e-02
-1.479641409257148321e-01 -1.014381768454950400e-01
-1.452066142250176550e-01 -1.038217546948045078e-01
-1.424299376551391993e-01 -1.057598605494201732e-01
-1.394963052986660235e-01 -1.070349689343401828e-01
-1.357516717268342776e-01 -1.068775104960035943e-01
-1.318637982181187218e-01 -1.067140728267243349e-01
-1.286734027714861450e-01 -1.096307658249278671e-01
-1.256359695535201049e-01 -1.117176804271487328e-01
-1.222807562876640358e-01 -1.115337237650279173e-01
-1.191203819139495940e-01 -1.135677980827991540e-01
-1.159253075297689006e-01 -1.161557172843410979e-01
-1.131469271156056999e-01 -1.167158835480666124e-01
-1.102741130954501408e-01 -1.166466617252218119e-01
-1.073819284713691119e-01 -1.164327058505932877e-01
-1.044681148478731475e-01 -1.162577008816330359e-01
-1.015920164332696773e-01 -1.163961901741035060e-01
-9.795900751906190529e-02 -1.184627353679026940e-01
-9.454088997396012384e-02 -1.209401790603704119e-01
-9.157923244562725384e-02 -1.174520145100151625e-01
-8.894516425964647810e-02 -1.170685609317392989e-01
-8.356136972984831712e-02 -1.211423721350612520e-01
-8.114503993980104468e-02 -1.209869210933326167e-01
-7.894811249180128110e-02 -1.201940525330437576e-01
-7.650239953134725657e-02 -1.176636042143213712e-01
-7.206022019986139948e-02 -1.180093200223907984e-01
-6.715879024929499730e-02 -1.186376107917921502e-01
-6.457969176959769964e-02 -1.157910224853360009e-01
-6.116978337578580366e-02 -1.152645402731759250e-01
-5.821402045683179982e-02 -1.143678929082505430e-01
-5.568576225457316092e-02 -1.118451226393584186e-01
-5.313605176872861907e-02 -1.088750237902006701e-01
-5.050481395226328468e-02 -1.062070321790410249e-01
-4.731001914412588660e-02 -1.047392040545987585e-01
-4.226282281566889204e-02 -1.044649491336496760e-01
-3.817852396809919696e-02 -1.037881816887807757e-01
-3.581239510735787640e-02 -1.016573438231168358e-01
-3.355168996910873336e-02 -9.927814717362348773e-02
-3.130367926785217886e-02 -9.680041275525659572e-02
-2.904370947986597423e-02 -9.429415141987190774e-02
-2.675051364492734424e-02 -9.180567559111525722e-02
-2.442750851286295752e-02 -8.935516087791932349e-02
-2.207647300097878226e-02 -8.691274392628042800e-02
-1.974479118433537794e-02 -8.448192689834094216e-02
-1.744951844864178411e-02 -8.199853844004308112e-02
-1.534439291842071285e-02 -7.951007466052345540e-02
-1.344336727228819840e-02 -7.669859470904552556e-02
-1.307274914316275752e-02 -7.204423727834995128e-02
-1.063316790020906594e-02 -6.947540124945840445e-02
-7.912680623993962464e-03 -6.690821665030580179e-02
-5.731868560274081675e-03 -6.429108412870168654e-02
-4.329414068940534883e-03 -6.138418429167362411e-02
-3.633569022748060935e-03 -5.801619468511138439e-02
-3.555726636230259821e-03 -5.408927684103711359e-02
-3.800836301372003453e-03 -4.979824809757675552e-02
-4.096954093068213600e-03 -4.535646177774431409e-02
-4.267810411027775537e-03 -4.090048911938068410e-02
-3.930815924544772168e-03 -3.665731908242964021e-02
-9.474776933986437961e-04 -3.284112662187502196e-02
8.106349348427420269e-04 -2.916165175100032467e-02
-3.463412655828387171e-03 -2.196397520866929728e-02
-1.384356504333853540e-03 -1.766046163202373773e-02
1.723590025669672222e-04 -1.383501694986676890e-02
3.440498076049283249e-04 -9.968619044984510652e-03
1.569141127047648685e-04 -6.041506564134534532e-03
