0.000000000000000000e+00 -4.027298025744916951e-03
-5.332241595774411293e-03 -9.832032803869593385e-03
-6.929612878459892426e-03 -1.008020503030445866e-02
-8.450187464862420755e-03 -1.031644589969918542e-02
-9.970762051264941278e-03 -1.055268676909391218e-02
-1.149133663766746874e-02 -1.078892763848863894e-02
-1.301191122406999620e-02 -1.102516850788336743e-02
-1.449649985742334710e-02 -1.126046239372305302e-02
-1.530455257345223960e-02 -1.147795298872796889e-02
-1.611260528948113210e-02 -1.169544358373288476e-02
-1.692065800551002808e-02 -1.191293417873780063e-02
-1.772871072153891711e-02 -1.213042477374271649e-02
-1.853676343756781308e-02 -1.234791536874763236e-02
-1.932995108369395254e-02 -1.256237573196794001e-02
-2.223067736210353890e-02 -1.345164877408261232e-02
-2.541994088926772741e-02 -1.270896618547900578e-02
-2.584140561567773234e-02 -1.229741210289370633e-02
-2.607764648507246083e-02 -1.196180107319142621e-02
-2.631388735446718585e-02 -1.162619004348914784e-02
-2.655012822386191434e-02 -1.129057901378686599e-02
-2.678636909325663937e-02 -1.095496798408458934e-02
-2.700480886805553885e-02 -1.062541741795152567e-02
-2.706481890095158507e-02 -1.034980497758447755e-02
-2.712482893384763130e-02 -1.007419253721743117e-02
-2.718483896674367406e-02 -9.798580096850384794e-03
-2.724484899963972029e-02 -9.522967656483338414e-03
-2.730485903253576652e-02 -9.247355216116292034e-03
-2.739270812791530854e-02 -8.997499456939605025e-03
-2.778595603874350548e-02 -8.973337129630807457e-03
-2.818869614052273154e-02 -8.948591573731798712e-03
-2.859143624230195066e-02 -8.923846017832788233e-03
-2.899417634408117325e-02 -8.899100461933779488e-03
-2.939691311682452249e-02 -8.851446561807875188e-03
-2.979959828951184858e-02 -8.448713326165140092e-03
-3.020228346219917467e-02 -8.045980090522403261e-03
-3.060496863488650077e-02 -7.643246854879669032e-03
-3.100765380757382686e-02 -7.240513619236934803e-03
-3.141034230929702631e-02 -6.883869220730561359e-03
-3.311486859864545829e-02 -8.397909117780186922e-03
-3.941694989255579290e-02 -8.950266911034617662e-03
-4.113766472851268508e-02 -8.722987794649417204e-03
-4.176577889433993884e-02 -8.484875903061992602e-03
-4.239389306016718567e-02 -8.246764011474569736e-03
-4.302200722599444638e-02 -8.008652119887143400e-03
-4.365012139182169321e-02 -7.770540228299721401e-03
-4.426308474550047500e-02 -7.548790548025470157e-03
-4.479745326115908144e-02 -7.411919838938294154e-03
-4.533182177681767400e-02 -7.275049129851119886e-03
-4.586619029247627349e-02 -7.138178420763946486e-03
-4.640055880813487299e-02 -7.001307711676773085e-03
-4.693492732379347943e-02 -6.864437002589597082e-03
-4.743989675376946574e-02 -6.801199943340440444e-03
-4.805225440786588254e-02 -7.354966103715363662e-03
-4.875717775386061853e-02 -7.992441102286512028e-03
-4.946210109985535452e-02 -8.629916100857660394e-03
-4.972553325683672781e-02 -9.708882288442152383e-03
-4.996548183993441278e-02 -1.081133204991033964e-02
-5.020543042303209774e-02 -1.191378181137852516e-02
-5.088211614697082247e-02 -1.284406886442079031e-02
-5.164714107434809076e-02 -1.385088478818641451e-02
-5.185507959043372805e-02 -1.485771562325854077e-02
-5.197880736992877698e-02 -1.586454871236538458e-02
-5.287458295539371883e-02 -1.686649089293625059e-02
-5.388706344176108498e-02 -1.786769375012378300e-02
-5.576929061436555063e-02 -1.799916483238072837e-02
-5.778299112326164971e-02 -1.799916483238072837e-02
-5.976596463105490059e-02 -1.662604988994908356e-02
-6.302358436146704435e-02 -1.585642430435099670e-02
-6.431232627680931457e-02 -1.792076164510626041e-02
-6.477730103970635867e-02 -2.011441214776482633e-02
-6.524227580260340276e-02 -2.230806265042337838e-02
-6.560330511931143638e-02 -2.422702122581109341e-02
-6.596327376820121380e-02 -2.614317682234908874e-02
-6.632324241709099122e-02 -2.805933241888711877e-02
-6.683505578998144570e-02 -3.005269101591265951e-02
-6.742005061867056837e-02 -3.232509038229625098e-02
-6.776073860146564209e-02 -3.533041028636207254e-02
-6.806449647964883665e-02 -3.844652050426353856e-02
-7.173315226923443477e-02 -4.049812087285663970e-02
-7.140642959192430861e-02 -4.115491329562692702e-02
-6.998287073988601614e-02 -4.855633777101969056e-02
-6.989848592246125647e-02 -5.366922347137691868e-02
-6.981410110503649680e-02 -5.878210917173414679e-02
-6.981948928830590539e-02 -6.328252336034433101e-02
-7.017948082431731127e-02 -6.536367507755423689e-02
-7.053947236032870327e-02 -6.744482679476414277e-02
-7.089946389634010915e-02 -6.952597851197404866e-02
-7.122763539780385678e-02 -7.134918890074470887e-02
-7.176758837113851597e-02 -7.349410127790666214e-02
-7.407821668628614131e-02 -7.798614796952894890e-02
-7.818256836827039424e-02 -8.215800174899513808e-02
-8.092162140663194947e-02 -8.360112284807905136e-02
-8.999582416190364531e-02 -8.724742485533019953e-02
-7.666031123165402417e-02 -8.905017580454885340e-02
-7.431887268950670977e-02 -1.011017957682692620e-01
-7.439192838172797861e-02 -1.058434466341176272e-01
-7.538934636787071597e-02 -1.068880051553127986e-01
-7.639619662231877939e-02 -1.078948382444196441e-01
-8.107806112486869166e-02 -1.119139050555825604e-01
-7.533058056213237652e-02 -1.147446758064271377e-01
-7.081495701426666900e-02 -1.370846655291487470e-01
-7.357199239473269370e-02 -1.393094456381860635e-01
-7.793221377387471449e-02 -1.384141538032463425e-01
-8.007745558687819065e-02 -1.405458741822145086e-01
-7.874634614166568791e-02 -1.461415259725807603e-01
-7.813396074560369220e-02 -1.489440429185560633e-01
-7.684404257091981272e-02 -1.503914702642508705e-01
-7.660675999071664410e-02 -1.550481154706025988e-01
-7.603357584151726467e-02 -1.586983961380874220e-01
-7.505858446036869913e-02 -1.611432671312431342e-01
-7.463893359614311163e-02 -1.671365168882358032e-01
-7.437646408536820186e-02 -1.710775876832652531e-01
-7.407991819350982776e-02 -1.747459433972563259e-01
-7.374997744818970191e-02 -1.781470383318295159e-01
-7.342003670286956218e-02 -1.815481332664028169e-01
-7.304459913395908166e-02 -1.838242799365860103e-01
-7.245062515573615081e-02 -1.854840539967008983e-01
-7.167957975945674076e-02 -1.884449804560624497e-01
-7.098967036524683749e-02 -1.921273123411416373e-01
-6.856525930290706394e-02 -1.944926475812770450e-01
-6.657103735279366885e-02 -1.957822775862931575e-01
-6.516851453972360986e-02 -1.958722697485155984e-01
-6.202024531513231770e-02 -1.989675777113047161e-01
-6.000663635472264223e-02 -2.009812324459576138e-01
-5.896863649656237244e-02 -2.023444647755089365e-01
-5.877739170827887133e-02 -2.031431795459155421e-01
-5.858614691999536328e-02 -2.039418943163221754e-01
-5.821424830116373600e-02 -2.046723554131620326e-01
-5.684415584588464743e-02 -2.070755089631747259e-01
-5.747584595107823463e-02 -2.197342257795809606e-01
-5.704000025206528574e-02 -2.247840080444899469e-01
-5.199707684137717945e-02 -2.216597172410937344e-01
-4.716244288263966855e-02 -2.203900619714742881e-01
-4.464621608620511495e-02 -2.201379733308410358e-01
-4.363936583175705153e-02 -2.191311402417341903e-01
-4.227867235442456934e-02 -2.183012318850407196e-01
-3.932568437411215756e-02 -2.182674848242072974e-01
-3.667131091155988870e-02 -2.180844273835226554e-01
-3.536070277892864461e-02 -2.172294732335074141e-01
-3.410532335142161392e-02 -2.164808755376751992e-01
-3.280353716385243923e-02 -2.161317928360883822e-01
-3.078983665495629504e-02 -2.150775152640184984e-01
-2.667431883181645147e-02 -2.141491515383332489e-01
-2.357015655833872084e-02 -2.136666774903078492e-01
-2.006595514085296114e-02 -2.132841993573016404e-01
-1.699031022091780294e-02 -2.128326319396063870e-01
-1.291852344525766874e-02 -2.111888434936216308e-01
-5.305675889512143778e-03 -2.030946693669030134e-01
7.445607890299185856e-03 -1.984055666387523342e-01
1.309564757304884294e-02 -1.981621693825555419e-01
2.055405699337566755e-02 -1.988146411675702496e-01
2.647323119413672043e-02 -1.997699380071747965e-01
2.893667797627769850e-02 -2.025542332210007734e-01
3.322612497750330324e-02 -2.087179382840280706e-01
4.045667437624449886e-02 -2.118958494520926106e-01
4.269639330257635201e-02 -2.123485105967816977e-01
4.696085034118589047e-02 -2.078533852405266003e-01
5.187195687757487766e-02 -2.047432986702941715e-01
5.678467984582644124e-02 -2.019015314666502969e-01
6.276742337367050006e-02 -1.979908131561880225e-01
6.440256950382049206e-02 -1.943864968800055326e-01
7.247303604028307311e-02 -1.939156654413949354e-01
7.714220859356941962e-02 -1.956003004639857434e-01
8.112126091370716607e-02 -1.944843875266099864e-01
9.245035837522823374e-02 -1.933622298727767919e-01
9.654079746146221330e-02 -1.932862059058274296e-01
9.586956395849687007e-02 -1.926149952899836870e-01
9.519833045553148521e-02 -1.919437846741399167e-01
9.454035391319602633e-02 -1.912725738271131015e-01
9.452533996141120054e-02 -1.906013517677085378e-01
9.449971008412196005e-02 -1.894555282521593054e-01
9.229275904282920051e-02 -1.854282271054433773e-01
9.021578465878372921e-02 -1.752956153058742028e-01
9.060825302037846252e-02 -1.638323868277565543e-01
9.277816576339349697e-02 -1.600675697563473943e-01
9.623555538811927323e-02 -1.594976003230038908e-01
9.850412688341135536e-02 -1.578614190707622877e-01
9.735037182430449076e-02 -1.558477795941905220e-01
9.678843056903219111e-02 -1.471861345449055614e-01
9.711366072859277387e-02 -1.432007464799857632e-01
9.792359018859478348e-02 -1.412095840641080513e-01
9.850856004951485945e-02 -1.390368981648563984e-01
9.887449044681290156e-02 -1.362600383757699707e-01
1.004825118700937020e-01 -1.309760343364002599e-01
1.023361162696863613e-01 -1.274101002833417373e-01
1.067417248916546213e-01 -1.236818772919860421e-01
1.079949889942843633e-01 -1.218535506779026140e-01
1.057887259537385743e-01 -1.178262471037645059e-01
1.021845896535579640e-01 -1.156001991868991496e-01
9.020105644924450439e-02 -1.011698509711903282e-01
8.249662434245084996e-02 -9.145997713866071965e-02
7.629970729175206134e-02 -7.635158407388212276e-02
6.065402656298367334e-02 -5.646340603733566305e-02
5.850820494289905166e-02 -4.882783746498587513e-02
5.934099655675511426e-02 -4.499791208095176714e-02
5.851980663291460327e-02 -2.702123384556578620e-02
4.867651336520634198e-02 -1.942783618190514414e-02
3.447954027384597664e-02 -1.832301671500502493e-17
2.013700508896121202e-03 -1.040834085586084257e-17
