-3.237390663763483993e-04 -3.237542661071516042e-04
-6.474781327526967986e-04 -6.475085322143032084e-04
-9.712171991290447642e-04 -9.712627983214542704e-04
-1.294956265505393597e-03 -1.295017064428606417e-03
-1.618695331881741563e-03 -1.618771330535757370e-03
-1.942434398258089962e-03 -1.942525596642908975e-03
-2.266181064499839855e-03 -2.266249463288454169e-03
-2.589927730741589749e-03 -2.589973329933999147e-03
-2.913674396983340076e-03 -2.913697196579544558e-03
-3.237421063225089969e-03 -3.237421063225089969e-03
-3.561167729466839429e-03 -3.561144929870634947e-03
-3.884914395708589322e-03 -3.884868796516179924e-03
-4.360712720534435163e-03 -4.360689460340327547e-03
-4.846321320098956678e-03 -4.846320859501053978e-03
-5.331929919663479928e-03 -5.331952258661782143e-03
-5.817538519228003177e-03 -5.817583657822509441e-03
-6.742354164400343915e-03 -5.863985672377115300e-03
-7.676225624946044629e-03 -5.901331410960461085e-03
-8.610097085491742741e-03 -5.938677149543806870e-03
-9.543968546037442588e-03 -5.976022888127152655e-03
-1.022340088861844500e-02 -5.976777347492473122e-03
-1.087088662123654459e-02 -5.976777347492473122e-03
-1.151837235385464071e-02 -5.976777347492473122e-03
-1.216585808647273684e-02 -5.976777347492473122e-03
-1.281334381909083470e-02 -5.976777347492473122e-03
-1.346082955170893602e-02 -5.976777347492473122e-03
-1.410831528432703215e-02 -5.976777347492473122e-03
-1.475580101694513174e-02 -5.976777347492473122e-03
-1.540328674956322960e-02 -5.976777347492473122e-03
-1.605077248218133093e-02 -5.976777347492473122e-03
-1.669825821479942532e-02 -5.976777347492473122e-03
-1.734020986361146585e-02 -5.982311277765895059e-03
-1.834011263954928375e-02 -6.715557038994382846e-03
-1.946075839220412149e-02 -7.537345684597633773e-03
-2.044706938461860607e-02 -8.493510083654629353e-03
-2.141828658374765257e-02 -9.464772881976082214e-03
-2.318417518753131470e-02 -1.123054863927348303e-02
-2.640951016177838645e-02 -1.189015431481548098e-02
-2.787653705253143391e-02 -1.195355469498494624e-02
-2.884776565145857896e-02 -1.195355469498494624e-02
-2.981899425038572402e-02 -1.195355469498494624e-02
-3.079022284931287254e-02 -1.195355469498494624e-02
-3.176145144824001759e-02 -1.195355469498494624e-02
-3.273268004716716612e-02 -1.195355469498494624e-02
-3.370390864609431464e-02 -1.195355469498494624e-02
-3.467853311821173651e-02 -1.196374219940628432e-02
-3.632051182762911778e-02 -1.323038858245921892e-02
-3.806373855398108297e-02 -1.457513916607573561e-02
-3.980696528033306203e-02 -1.591988974969225923e-02
-4.173935311712815427e-02 -1.783216696084107336e-02
-4.368180271511705459e-02 -1.977463175856077407e-02
-4.562425231310594798e-02 -2.171709655628047131e-02
-4.785316417504066611e-02 -2.394602585952245941e-02
-5.018410369262735204e-02 -2.627698361678610858e-02
-5.251504321021403798e-02 -2.801387988555752856e-02
-5.484598272780068923e-02 -2.891039648768139320e-02
-5.717692224538737517e-02 -2.980691308980526824e-02
-5.950786176297402641e-02 -2.988388673746236734e-02
-6.183880128056071235e-02 -2.988388673746236734e-02
-6.416974835195300708e-02 -2.988388673746236734e-02
-6.650070610921662850e-02 -2.988388673746236734e-02
-6.883166386648027768e-02 -2.988388673746236734e-02
-7.151758514398409705e-02 -3.181729863692875360e-02
-7.353474141887050841e-02 -3.338621485043018200e-02
-7.555189769375687814e-02 -3.495513106393158959e-02
-7.756905396864326174e-02 -3.652404727743299717e-02
-7.958621024352965923e-02 -3.809296349093442557e-02
-8.181165027200325290e-02 -3.997429650669016843e-02
-8.472533226885196889e-02 -4.288796330380809096e-02
-8.763901426570074038e-02 -4.580163010092605513e-02
-9.055269626254945636e-02 -4.871529689804397073e-02
-9.346637825939822786e-02 -5.162896369516194184e-02
-9.638006025624695772e-02 -5.454263049227985743e-02
-9.929374225309567370e-02 -5.745629728939777303e-02
-1.022074242499444452e-01 -6.036996408651573720e-02
-1.051211062467931612e-01 -6.328363088363365974e-02
-1.080347882436419327e-01 -6.619729768075162391e-02
-1.109484702404906625e-01 -6.911096447786954644e-02
-1.138621522373393785e-01 -7.202463127498745510e-02
-1.164981243283638307e-01 -7.462588126985109094e-02
-1.182164462957948359e-01 -7.619479748335249158e-02
-1.199347682632258549e-01 -7.776371369685393387e-02
-1.216530902306568462e-01 -7.933262991035533451e-02
-1.233714121980878514e-01 -8.090154612385673516e-02
-1.250897341655188844e-01 -8.247046233735817744e-02
-1.264840621256341502e-01 -8.367488286489462024e-02
-1.288221886593685639e-01 -8.367488286489462024e-02
-1.314891016448344052e-01 -8.611086357668082392e-02
-1.314891016448344052e-01 -9.064321050594964513e-02
-1.314891016448344052e-01 -9.258564490420774507e-02
-1.312446008478254655e-01 -9.403911501687806096e-02
-1.309457665403700732e-01 -9.538392639941779827e-02
-1.264571432488490743e-01 -9.575523832021851089e-02
-1.203837794422669555e-01 -1.024533819948872937e-01
-1.248814304526891933e-01 -1.071624059890330105e-01
-1.239894572804013523e-01 -1.091048781563191405e-01
-1.215466548833709637e-01 -1.115475753067286524e-01
-1.204380922258077719e-01 -1.144613572533223766e-01
-1.233517878102946136e-01 -1.173749696998877268e-01
-1.254323271929291272e-01 -1.202886668964672362e-01
-1.255123242973419373e-01 -1.227216316131837376e-01
-1.255123242973419373e-01 -1.246641572098266676e-01
-1.243335644466517925e-01 -1.266065519966651232e-01
-1.224756423940508432e-01 -1.285490260063428536e-01
-1.205331752933416906e-01 -1.304914207931812398e-01
-1.196623219167058244e-01 -1.335054887212225316e-01
-1.195355469498494694e-01 -1.366619114937261126e-01
-1.195355469498494694e-01 -1.392518240247369310e-01
-1.195355469498494694e-01 -1.418417365557476939e-01
-1.187793991861491039e-01 -1.436755782429079698e-01
-1.177460382714629744e-01 -1.452321792967408431e-01
-1.164510516064959644e-01 -1.465270747633230231e-01
-1.148748627056368210e-01 -1.481033138693536033e-01
-1.146228041879344267e-01 -1.500458394659965056e-01
-1.185152521229465572e-01 -1.543759995761218584e-01
-1.071684444275430997e-01 -1.551909354461223356e-01
-9.827121268193315939e-02 -1.587302793560422809e-01
-9.632875548407886235e-02 -1.606727137543003670e-01
-9.438629828622456530e-02 -1.626151481525584808e-01
-9.251175855217569355e-02 -1.645349487698569702e-01
-9.037459441482563471e-02 -1.680727717855006742e-01
-9.413272739530725852e-02 -1.719999160999574062e-01
-9.258471173285594269e-02 -1.763702857928951262e-01
-8.999476880238356513e-02 -1.789601983239059169e-01
-8.740482587191118757e-02 -1.815501108549166798e-01
-8.500305223106392749e-02 -1.841400233859273872e-01
-8.367488286489462024e-02 -1.867299899604255020e-01
-8.367488286489462024e-02 -1.893200240892827235e-01
-8.367488286489462024e-02 -1.930544754285750675e-01
-8.285081978684571968e-02 -1.972336524672516078e-01
-7.993712604475049222e-02 -1.972336524672516078e-01
-7.702345164776711051e-02 -1.979943022683897658e-01
-7.443351286267584077e-02 -2.004982230132785759e-01
-7.249107846441776859e-02 -2.024407486099214781e-01
-6.929288330041655231e-02 -2.007819936966111218e-01
-6.346553450644995542e-02 -1.995127056310511127e-01
-5.525319521520390131e-02 -2.029653066117886318e-01
-5.178667164952905494e-02 -2.032043922974298977e-01
-4.715496057945591651e-02 -2.032104298147440757e-01
-4.249306330460548425e-02 -2.032104298147440757e-01
-3.783117468899589025e-02 -2.032104298147440757e-01
-3.316929565382255307e-02 -2.032104298147440757e-01
-2.850741661864921589e-02 -2.032104298147440757e-01
-2.617587703411427408e-02 -2.036765261513982794e-01
-2.390470893793792198e-02 -2.041546975226808114e-01
-2.234289717073352846e-02 -2.047747072546435287e-01
-2.074967161322050294e-02 -2.063678229134968678e-01
-1.579922753114092193e-02 -2.091872071622365714e-01
-9.010437728539039473e-03 -2.091872071622365714e-01
-5.804709485832220718e-03 -2.085080555540775038e-01
-3.137817227271982260e-03 -2.063482014428236477e-01
1.494194336873161865e-03 -2.032104298147440757e-01
8.361467258580258799e-03 -2.032104298147440757e-01
1.178753033841159828e-02 -2.036692811306212714e-01
1.490573484637067007e-02 -2.061625381128569245e-01
2.073308364033741788e-02 -2.063844818184570329e-01
3.040005715939410672e-02 -2.032104298147440757e-01
3.428497155510262795e-02 -2.032104298147440757e-01
3.816988595081131919e-02 -2.032104298147440757e-01
4.194612503486471605e-02 -2.031832692775925597e-01
4.553218232352165135e-02 -2.031085778004258768e-01
4.781421877993978498e-02 -2.027078603882938312e-01
4.781421877993978498e-02 -2.017365975899723385e-01
4.781421877993978498e-02 -2.007653679546999304e-01
4.781421877993978498e-02 -1.989603418864897277e-01
5.191492375386081576e-02 -1.931329474933305979e-01
6.376133969179542671e-02 -1.912568751197591399e-01
6.958873408495441781e-02 -1.912568751197591399e-01
7.390981765280080218e-02 -1.888330136600000764e-01
7.657821790889582370e-02 -1.864000028834933154e-01
7.916813688827731288e-02 -1.838099816513773244e-01
8.175811021821122182e-02 -1.812200691203666447e-01
8.374433181672794047e-02 -1.798375863565259969e-01
8.530642104810920445e-02 -1.793033204247742041e-01
8.691530610525231848e-02 -1.793033204247742041e-01
8.959128503924537745e-02 -1.768853767268744048e-01
8.965166021238710203e-02 -1.692363710562095058e-01
9.259322634569316923e-02 -1.644081903845251158e-01
9.647818634059418530e-02 -1.614635419300513020e-01
1.003630551371103713e-01 -1.613729883822967726e-01
1.016052149073720379e-01 -1.515083096616939018e-01
1.016052149073720379e-01 -1.437384246773326935e-01
1.009411285354284427e-01 -1.373330536114151790e-01
9.718907498667017641e-02 -1.330497289384711679e-01
9.562843755987956995e-02 -1.166610650587420611e-01
9.562843755987956995e-02 -1.098624990656461575e-01
9.562843755987956995e-02 -1.030639330725505592e-01
9.537488762616685989e-02 -9.689926770721929428e-02
9.490400917784326540e-02 -9.093458381827126957e-02
9.159259582506841524e-02 -8.561589217324044876e-02
8.707985194255628281e-02 -8.110298892385384151e-02
8.164183872593788749e-02 -6.968828403095293778e-02
7.769810551740215232e-02 -5.991715642925820456e-02
7.172132816990967052e-02 -4.826255003970957719e-02
6.574455082241714710e-02 -3.660776125339136600e-02
5.483695040292030365e-02 -3.092974981456563660e-02
3.391822968669661043e-02 -1.598780644583435578e-02
2.555068668117649669e-02 -1.030997740377834551e-02
3.884914395708600598e-03 0.000000000000000000e+00
