-5.955424296683690380e-04 -5.133970254761283320e-04
-1.191084859336738076e-03 -1.026794050952256664e-03
-1.786627289005106138e-03 -1.540191076428384237e-03
-2.382169718673476152e-03 -2.053588101904513328e-03
-2.977712148341843997e-03 -2.566985127380640684e-03
-3.573254578010213144e-03 -3.080382152856769341e-03
-4.076389303324999373e-03 -3.408963769625731732e-03
-4.579524028639784736e-03 -3.737545386394694122e-03
-5.082658753954570965e-03 -4.066127003163656946e-03
-5.585793479269357195e-03 -4.394708619932619770e-03
-6.088928204584143425e-03 -4.723290236701581726e-03
-6.592062929898928787e-03 -5.051871853470543683e-03
-8.009028066222037903e-03 -5.236687262177709516e-03
-9.425993202545142682e-03 -5.421502670884875349e-03
-1.084295833886825267e-02 -5.606318079592042050e-03
-1.225992347519135398e-02 -5.791133488299207016e-03
-1.367688861151446049e-02 -5.975948897006372849e-03
-1.509385374783756874e-02 -6.160764305713537815e-03
-1.573047671341897685e-02 -5.719250384268308521e-03
-1.636709967900038323e-02 -5.277736462823078359e-03
-1.700372264458178614e-02 -4.836222541377849064e-03
-1.764034561016319252e-02 -4.394708619932618902e-03
-1.827696857574460237e-02 -3.953194698487387873e-03
-1.891359154132600529e-02 -3.511680777042159446e-03
-1.955017794909513079e-02 -3.858909726734409840e-03
-2.022783444768807420e-02 -4.228540544148742808e-03
-2.090549094628101415e-02 -4.598171361563074475e-03
-2.158317688103449095e-02 -5.064264477056542452e-03
-2.226086471489509971e-02 -5.536580966619631707e-03
-2.293855254875571542e-02 -6.008897456182725298e-03
-3.278460925769683537e-02 -3.189783257732898419e-02
-4.702902656958424243e-02 -4.238043391368233326e-02
-5.126349264450085624e-02 -4.260677519892486914e-02
-5.234161386389366705e-02 -4.219606384559749374e-02
-5.341973508328647785e-02 -4.178535249227011833e-02
-5.449785630267927478e-02 -4.137464113894274986e-02
-5.557597752207206476e-02 -4.096392978561538833e-02
-5.641410287594753742e-02 -4.049928252368462100e-02
-5.657839368433202620e-02 -3.988319982605972869e-02
-5.674268449271650805e-02 -3.926711712843485025e-02
-5.690697530110098296e-02 -3.865103443080996487e-02
-5.707126610948547174e-02 -3.803495173318507255e-02
-5.723555691786994665e-02 -3.741886903556018718e-02
-5.750501616445966024e-02 -3.693492273044221563e-02
-5.850899814054945358e-02 -3.673412633522425697e-02
-5.963847786365045894e-02 -3.650823039060405173e-02
-6.075883047787793145e-02 -3.628108989777706350e-02
-6.143651831173853328e-02 -3.599358881692114182e-02
-6.211420614559914899e-02 -3.570608773606522013e-02
-6.279106406964332643e-02 -3.541236391417538348e-02
-6.437936712613878676e-02 -3.392655472000841860e-02
-6.520456525777075518e-02 -3.126184059009198823e-02
-6.625901885453838736e-02 -3.028297810402932194e-02
-6.727550360242781635e-02 -2.972853187790782184e-02
-6.901545558591076768e-02 -2.946342839178292886e-02
-7.080208287491586427e-02 -2.921699217920620956e-02
-7.160486537029905896e-02 -3.111186002871944856e-02
-7.234417400802922726e-02 -3.314487652739975948e-02
-7.288090298894503438e-02 -3.838993742769664097e-02
-7.340456231458251934e-02 -4.384222699906556442e-02
-7.383955850035275881e-02 -4.709624071873260570e-02
-7.644948433908164975e-02 -5.349223318151010570e-02
-7.768065688112311962e-02 -6.114454198492742104e-02
-7.826188089761888789e-02 -6.511109234422716996e-02
-7.946663875856962989e-02 -6.661643100657997640e-02
-8.232274091706429098e-02 -6.791776074409131003e-02
-8.734994564782640192e-02 -6.939635921839104604e-02
-8.990246584591925216e-02 -7.045550228039826335e-02
-9.190326674582059707e-02 -7.158932583124096027e-02
-9.405032966037585318e-02 -7.263117847237028635e-02
-9.662816324733392026e-02 -7.330624648794310805e-02
-9.933891458277635533e-02 -7.384839675503160339e-02
-1.040534698762270172e-01 -6.823883898858415509e-02
-1.070771674794255557e-01 -6.100279262863918944e-02
-1.088516846370304741e-01 -6.392350355120864080e-02
-1.095755763230678720e-01 -6.489383144982276141e-02
-1.102994680091052837e-01 -6.586415934843689590e-02
-1.105617674635506476e-01 -6.663379364100653623e-02
-1.102229235466203466e-01 -6.714205951640199455e-02
-1.098840796296900318e-01 -6.765032539179745286e-02
-1.095452357127597171e-01 -6.815859126719291117e-02
-1.092264601356637832e-01 -6.866685714258836948e-02
-1.079938228122918481e-01 -7.185071096055795081e-02
-1.066988197602780630e-01 -7.977812347347733313e-02
-1.076705496747319551e-01 -8.543112398024331477e-02
-1.080075581046197469e-01 -8.797387317718970146e-02
-1.097633514902393442e-01 -8.945244344974855044e-02
-1.114681177663451317e-01 -9.104053902878994631e-02
-1.118697175201738558e-01 -9.445406033901317111e-02
-1.121982991369428334e-01 -9.724694141101404565e-02
-1.128695581766457762e-01 -1.000572461579098266e-01
-1.144097492530741500e-01 -1.029117323661463690e-01
-1.159499403295025516e-01 -1.057662185743829669e-01
-1.169093186094326692e-01 -1.080979768107710598e-01
-1.158565954157795980e-01 -1.101613374014559360e-01
-1.147476402930012740e-01 -1.140426176606447461e-01
-1.142401618349001696e-01 -1.183249784261208165e-01
-1.139430246844594791e-01 -1.214822226671302408e-01
-1.131729291462452991e-01 -1.228067644314659174e-01
-1.123966102339615108e-01 -1.241599333367003899e-01
-1.110150914574693365e-01 -1.271992605915903962e-01
-1.096398197938859009e-01 -1.323531467828387986e-01
-1.085445771741498922e-01 -1.381249710993794344e-01
-1.078351557349002676e-01 -1.427442975648328671e-01
-1.082664073561841328e-01 -1.537104505085385153e-01
-1.087614452382441588e-01 -1.641398706731144463e-01
-1.125298003144084708e-01 -1.755911301181367068e-01
-1.152679415224536347e-01 -1.890533052025974714e-01
-1.133891871221735931e-01 -2.027638027877932958e-01
-1.129784757688462177e-01 -2.058441849406500435e-01
-1.127507130019158588e-01 -2.090204017366789069e-01
-1.127712376022385471e-01 -2.123266798341558459e-01
-1.127917622025612215e-01 -2.156329579316327849e-01
-1.132827526125474160e-01 -2.179199111665053590e-01
-1.160053173439008073e-01 -2.202473239292589979e-01
-1.142821653368790158e-01 -2.275842489609170849e-01
-1.135429037020504184e-01 -2.311313158011387980e-01
-1.126530029904513758e-01 -2.388665206308422106e-01
-1.115471718989042016e-01 -2.441044185738161232e-01
-1.108564186827563081e-01 -2.468179544750899734e-01
-1.106099824701795853e-01 -2.493746773023091945e-01
-1.103215427556239747e-01 -2.517727154853959259e-01
-1.096772831004457494e-01 -2.536297400170123284e-01
-1.100794330889140193e-01 -2.558330582830141697e-01
-1.101511304602674490e-01 -2.574191583752371559e-01
-1.082894378283667386e-01 -2.584440609154864954e-01
-1.065151347001355164e-01 -2.616969625180174397e-01
-1.052942010042823145e-01 -2.629918326325320632e-01
-1.040396405780961153e-01 -2.644916781275072903e-01
-1.029418920865002307e-01 -2.665840900563205551e-01
-1.020222589536518981e-01 -2.689173585260031252e-01
-9.931150761820943529e-02 -2.694595087930916066e-01
-9.518377263014933531e-02 -2.666864185064178328e-01
-9.074802335555344490e-02 -2.675676118118194280e-01
-8.627500505305724099e-02 -2.651462274299894450e-01
-8.154052527713752385e-02 -2.638338152629021161e-01
-7.549331855712322625e-02 -2.652551298293329141e-01
-7.351846031523509573e-02 -2.665283548703172856e-01
-7.250192856444417910e-02 -2.668671987872475726e-01
-7.122527231165012851e-02 -2.672265777495897998e-01
-6.903818030184520615e-02 -2.676578293708736789e-01
-6.702907261239571257e-02 -2.681643796403642699e-01
-6.564291004419046949e-02 -2.689344751785784915e-01
-6.433888765763283446e-02 -2.696018954897331232e-01
-6.304511997480803653e-02 -2.699939680561193045e-01
-6.018318736750923742e-02 -2.691824681842261979e-01
-5.445287689982541285e-02 -2.683973060795850074e-01
-5.157786609126618210e-02 -2.681303295990517532e-01
-5.027871317365244230e-02 -2.682757508789785916e-01
-4.960102533979181966e-02 -2.685838078954248531e-01
-4.892333750593121089e-02 -2.688918649118711146e-01
-4.749454235650977380e-02 -2.687433427065165081e-01
-4.556915633017159101e-02 -2.683765925181026968e-01
-4.333759435300083007e-02 -2.674798502730627581e-01
-4.235184950269395981e-02 -2.651695636584202043e-01
-4.084586609346995550e-02 -2.626881447019521754e-01
-3.751904772803651977e-02 -2.596077625490954555e-01
-3.481515359366885859e-02 -2.571023825579505928e-01
-3.429149426803137363e-02 -2.566095101327971473e-01
-3.339134170136023178e-02 -2.556716977969333837e-01
-2.989650220635928571e-02 -2.517400218813518609e-01
-2.321487548503620851e-02 -2.549716194899934174e-01
-1.728004795474613955e-02 -2.535403431571048860e-01
-1.481574849951435707e-02 -2.514867550552004616e-01
-1.314424271093117894e-02 -2.508246294547281097e-01
-1.168618137106125845e-02 -2.505371283738722088e-01
-1.022812003119124083e-02 -2.502496272930162524e-01
-1.009681291546500430e-02 -2.496547063461566907e-01
-1.059652212629151602e-02 -2.481555787136771329e-01
-7.947344591817123369e-03 -2.343554328267896392e-01
4.542920637790161600e-04 -2.230999395169710187e-01
6.178188613644098465e-03 -2.207283506736803236e-01
9.035786508915547369e-03 -2.210071471969994039e-01
1.203216165781455932e-02 -2.185540800108962400e-01
1.500985813852257628e-02 -2.111910014253779166e-01
1.402133299537529181e-02 -2.063044060168930660e-01
1.684313367077314508e-02 -2.019741284046077667e-01
1.951095711384052273e-02 -1.931772989496086113e-01
2.303939228877273371e-02 -1.891316880007855583e-01
2.471026282602036689e-02 -1.840220624003417182e-01
2.229449600308521656e-02 -1.741965445350266706e-01
2.440969493854680539e-02 -1.686369359448853522e-01
2.607123896067213217e-02 -1.596366095643273753e-01
2.989088274835757092e-02 -1.522437111986316982e-01
3.235334671654691713e-02 -1.490481947263797569e-01
3.757447649310417803e-02 -1.349698628791159150e-01
3.894288573306828316e-02 -1.277605711404389555e-01
4.873845752758155375e-02 -1.160345379557784079e-01
4.701780569509836361e-02 -9.818015632503047929e-02
4.760590599869556072e-02 -8.933672278102651465e-02
5.066200047044892851e-02 -8.614179788064596499e-02
5.078714498353383705e-02 -7.740600288018975594e-02
3.791299044017044234e-02 -6.824070960910864903e-02
2.842977808930949313e-02 -5.608352023329775393e-02
1.697197099767499065e-02 -3.138441845988850648e-02
1.546414070676580335e-02 -2.761893245982315059e-02
1.466264912945514261e-02 -2.618324829928251468e-02
6.160764305713644501e-03 -1.527866915654481350e-02
1.540191076428387490e-03 -3.018808351888727787e-03
