-3.495965372161576046e-04 -3.495965372161576046e-04
-6.991930744323152092e-04 -6.991930744323152092e-04
-1.048789611648472380e-03 -1.048789611648472380e-03
-1.398386148864630418e-03 -1.398386148864630418e-03
-1.747982686080787589e-03 -1.747982686080787589e-03
-2.097579223296945194e-03 -2.097579223296945194e-03
-2.447175760513102798e-03 -2.447175760513102798e-03
-2.796772297729259969e-03 -2.796772297729259969e-03
-3.146368834945418008e-03 -3.146368834945418008e-03
-3.495965372161575612e-03 -3.495965372161575612e-03
-3.845561909377732783e-03 -3.845561909377732783e-03
-4.195158446593890388e-03 -4.195158446593890388e-03
-4.544689331878177044e-03 -4.544689331878177044e-03
-4.894220217162462833e-03 -4.894220217162462833e-03
-5.243751102446749489e-03 -5.243751102446749489e-03
-5.593281987731034410e-03 -5.593281987731034410e-03
-5.942812873015320199e-03 -5.942812873015320199e-03
-6.292343758299607723e-03 -6.292343758299606855e-03
-6.964619540664574761e-03 -6.319261050366954159e-03
-7.636895323029543534e-03 -6.346178342434301463e-03
-8.309171105394509704e-03 -6.373095634501648767e-03
-8.981446887759477610e-03 -6.400012926568996070e-03
-9.653722670124447250e-03 -6.426930218636343374e-03
-1.032599845248941342e-02 -6.453847510703690678e-03
-1.102519152692172690e-02 -6.453847510703690678e-03
-1.172438460135404557e-02 -6.453847510703690678e-03
-1.242357767578635905e-02 -6.453847510703690678e-03
-1.312277075021867599e-02 -6.453847510703690678e-03
-1.382196382465098947e-02 -6.453847510703690678e-03
-1.452115689908330814e-02 -6.453847510703690678e-03
-1.522034997351562162e-02 -6.453847510703690678e-03
-1.591954304794793509e-02 -6.453847510703690678e-03
-1.661873612238025030e-02 -6.453847510703690678e-03
-1.731792919681256551e-02 -6.453847510703690678e-03
-1.801712227124488072e-02 -6.453847510703690678e-03
-1.871631534567719940e-02 -6.453847510703692412e-03
-1.971127037319097414e-02 -7.341264673811822433e-03
-2.070622540070475234e-02 -8.228681836919955056e-03
-2.170118042821853055e-02 -9.116099000028087679e-03
-2.269613545573231222e-02 -1.000351616313622204e-02
-2.369109048324609043e-02 -1.089093332624435639e-02
-2.468604551075986170e-02 -1.177835048935248208e-02
-2.573476947047646443e-02 -1.282707444906908308e-02
-2.678349343019306716e-02 -1.387579840878568581e-02
-2.783221738990966643e-02 -1.492452236850228854e-02
-2.888094134962627263e-02 -1.597324632821889301e-02
-2.992966530934286495e-02 -1.702197028793548533e-02
-3.097838926905946769e-02 -1.807069424765208807e-02
-3.242444767299903358e-02 -1.951675265159165396e-02
-3.399763209047173412e-02 -2.108993706906435450e-02
-3.557081650794444855e-02 -2.266312148653706893e-02
-3.714400092541716991e-02 -2.423630590400978335e-02
-3.797555426286002012e-02 -2.432631868151067384e-02
-3.874190926359696169e-02 -2.428594274340965115e-02
-3.950826426433390326e-02 -2.424556680530863192e-02
-4.027461926507083789e-02 -2.420519086720760923e-02
-4.194680977998462013e-02 -2.259166532705228492e-02
-4.404438900328155188e-02 -2.049408610375535664e-02
-4.558342015843826894e-02 -2.067612763727118275e-02
-4.676659927462786109e-02 -2.142915529583819256e-02
-4.794977839081745324e-02 -2.218218295440519891e-02
-4.932413593261709972e-02 -2.350874588980233354e-02
-5.072239077761797610e-02 -2.490700073480320992e-02
-5.212064562261886635e-02 -2.630525557980410017e-02
-5.351901718216531267e-02 -2.770362713935054996e-02
-5.491740333102992921e-02 -2.910201328821516997e-02
-5.631578947989455963e-02 -3.050039943707980386e-02
-5.694922849722793695e-02 -3.189878558594442387e-02
-5.748704912311991544e-02 -3.329717173480905429e-02
-5.802486974901189393e-02 -3.469555788367369858e-02
-5.808462759633321870e-02 -3.790167196607471811e-02
-5.808462759633321870e-02 -4.209672298223464393e-02
-5.890596907419132222e-02 -4.547025346981314886e-02
-6.073948429078588479e-02 -4.783178926937850517e-02
-6.283706351408284430e-02 -4.992936849267546467e-02
-6.493464273737978298e-02 -5.132277703143273834e-02
-6.832427585333920861e-02 -5.163078008562952542e-02
-7.251943429993311374e-02 -5.315789176782204084e-02
-7.544333261119548495e-02 -5.608179007908441899e-02
-7.706484779251432382e-02 -5.817907884231913324e-02
-7.744617012844429160e-02 -6.152662708049634610e-02
-7.862948054849763779e-02 -6.572178552709025123e-02
-8.159545975863724543e-02 -6.868776473722987275e-02
-8.345179399518837249e-02 -7.078524448790274315e-02
-8.390001763914797794e-02 -7.328538942072132523e-02
-8.394406411707636129e-02 -7.608216171845058606e-02
-8.533254279258582764e-02 -7.887869528188214130e-02
-8.812915991302160135e-02 -8.167531240231791501e-02
-9.035386514985166428e-02 -8.447208470004714809e-02
-9.035386514985166428e-02 -8.726885699777642280e-02
-9.035386514985166428e-02 -8.996993265226667369e-02
-9.259186490288576210e-02 -9.259186490288576210e-02
-9.521383893200695281e-02 -9.521383893200695281e-02
-9.669284266903115099e-02 -9.783581296112812964e-02
-9.680771266055536450e-02 -1.004574348571601883e-01
-9.703995338537234339e-02 -1.030793671077792489e-01
-9.924749362619673942e-02 -1.057013411369004258e-01
-1.018694676553179440e-01 -1.083233151660216442e-01
-1.012375349850880568e-01 -1.117394328681337312e-01
-9.739442607061936374e-02 -1.169906324806690018e-01
-9.680771266055536450e-02 -1.250893579763263652e-01
-9.680771266055536450e-02 -1.278859989701919553e-01
-9.680771266055536450e-02 -1.306826850583136801e-01
-9.680771266055536450e-02 -1.334794573560429964e-01
-9.680771266055536450e-02 -1.362762296537721463e-01
-9.667842742792955024e-02 -1.386850560651115560e-01
-9.621452159321339237e-02 -1.407395424213693236e-01
-9.562539895619498465e-02 -1.431669589398415765e-01
-9.457660934454650836e-02 -1.442157485514900528e-01
-9.352781973289803208e-02 -1.452645381631385291e-01
-9.201290140496137804e-02 -1.467794564910751831e-01
-8.991532218166439772e-02 -1.481533047330397257e-01
-8.599599734265020445e-02 -1.484384927461848969e-01
-7.970325967275938839e-02 -1.526352507125734725e-01
-7.744617012844429160e-02 -1.594034118207435513e-01
-7.744617012844429160e-02 -1.635984787525232853e-01
-7.707452448938169332e-02 -1.670503459209919939e-01
-7.535178994473669400e-02 -1.678000352782959559e-01
-7.240709787614328652e-02 -1.678554335720806867e-01
-6.821193942954938139e-02 -1.705804184664871659e-01
-6.453847510703690504e-02 -1.752968771255710712e-01
-6.453847510703690504e-02 -1.836868001071676748e-01
-6.127557409301939012e-02 -1.871615778104070427e-01
-5.498323033471975985e-02 -1.902629750720205015e-01
-5.163078008562952542e-02 -1.965554939021384451e-01
-4.885199641723311087e-02 -2.000692728318144153e-01
-4.258886975806881747e-02 -2.028854462701379369e-01
-3.989900068940376715e-02 -2.053472047173364734e-01
-3.675263185445833830e-02 -2.084935735522819023e-01
-3.360632071363485462e-02 -2.116398846931053790e-01
-3.046014883448510541e-02 -2.147860565722551351e-01
-2.769204653645889261e-02 -2.173650952326585672e-01
-2.583652598597245206e-02 -2.185751916409155171e-01
-2.421732055898399849e-02 -2.194308153639254744e-01
-2.249052554182539090e-02 -2.194308153639254744e-01
-1.934455061847125887e-02 -2.199612650683754889e-01
-1.619818178352584737e-02 -2.225941761125106999e-01
-1.259722106722925908e-02 -2.252857680470242985e-01
-7.539217185119552467e-03 -2.258846628746291607e-01
-3.344381029827466455e-03 -2.258846628746291607e-01
4.387956286522995582e-04 -2.266037942418256401e-01
3.200937527045605129e-03 -2.290856004016747771e-01
6.075462601361870246e-03 -2.314548692030335975e-01
1.043527708781593483e-02 -2.323385103853328748e-01
1.567908389493214913e-02 -2.323385103853328748e-01
2.014228724264274448e-02 -2.331192550958645360e-01
2.276410708919665224e-02 -2.357410749424184437e-01
2.600688081246433844e-02 -2.381558803216139442e-01
3.278426701178863145e-02 -2.387923578960365611e-01
3.614023620442715495e-02 -2.387923578960365611e-01
3.949620539706586581e-02 -2.387923578960365611e-01
4.285217458970438931e-02 -2.387923578960365611e-01
4.616355378599691639e-02 -2.386583698630060923e-01
4.945507904231030011e-02 -2.384647229247576772e-01
5.259794604299881937e-02 -2.378251919386672464e-01
5.511488354631859099e-02 -2.353082544353474748e-01
5.763182104963835567e-02 -2.327913169320277309e-01
6.014886757495422481e-02 -2.302742704067118618e-01
6.279308865644368798e-02 -2.276300493252224055e-01
6.593937990274242877e-02 -2.244837580789236509e-01
6.908555178189217105e-02 -2.213375861997738947e-01
7.140548216172329377e-02 -2.194308153639254744e-01
7.302633883427092631e-02 -2.194308153639254744e-01
7.722111530598853302e-02 -2.194308153639254744e-01
8.773570191695774512e-02 -2.091412835754120347e-01
9.088187379610762617e-02 -2.059951116962621398e-01
9.402804567525738233e-02 -2.028489398171123836e-01
9.642136894656343216e-02 -2.008321244067323985e-01
9.841642372570673369e-02 -2.001279537221927196e-01
1.026503168121049303e-01 -2.000692728318144153e-01
1.071421026236095420e-01 -1.961887303794639104e-01
1.097154076819627372e-01 -1.898963866211644536e-01
1.157291843249737273e-01 -1.811478011673960387e-01
1.199242711512784193e-01 -1.769527143410913606e-01
1.225057647960433316e-01 -1.733103212874263499e-01
1.226231027033701237e-01 -1.690565058238839569e-01
1.280339558775023256e-01 -1.623891821041637540e-01
1.322287880538893512e-01 -1.581943499277767284e-01
1.353482535229348083e-01 -1.543251951014273093e-01
1.355307977247774964e-01 -1.500387645539119907e-01
1.403384688012085102e-01 -1.436308216697538831e-01
1.445335635853228495e-01 -1.394357268856395438e-01
1.479169697150168883e-01 -1.319942196696697601e-01
1.484384927461848969e-01 -1.131053073845547652e-01
1.484384927461848969e-01 -9.311902372135692774e-02
1.483581109081443250e-01 -8.644898108324623742e-02
1.481430351793330269e-01 -8.031787846962305799e-02
1.479279594505217010e-01 -7.418677585599989244e-02
1.472706363930036677e-01 -6.982446626455938998e-02
1.458722502441389957e-01 -6.842608011569471793e-02
1.438523591402231239e-01 -6.640618901177884614e-02
1.355307977247774964e-01 -5.385548532245967163e-02
1.292384539664780119e-01 -5.163078008562952542e-02
1.226231027033701237e-01 -3.920720240984316984e-02
1.105221386208006668e-01 -3.307596849235631270e-02
1.043909047033138027e-01 -2.581539004281466210e-02
8.535197576441974632e-02 -1.290769502140735880e-02
6.340913057498231975e-02 -6.453847510703690678e-03
1.677984596319315180e-02 0.000000000000000000e+00
