8.687157589590658886e-04 -1.815098244821185692e-03
8.984848834673559792e-04 -1.894418830737808548e-03
1.831898330788993843e-03 -5.053046653387191847e-03
2.599551720211496636e-03 -7.756563188098788454e-03
3.261069079353832653e-03 -9.690132760652000327e-03
4.470050482662572822e-03 -1.259336898714808611e-02
6.378987383079641818e-03 -1.700824953986571422e-02
6.922159079737890547e-03 -1.933949110892932075e-02
1.831464331397724679e-03 -2.573623707193299637e-02
9.830490273689151959e-03 -2.648560807044691295e-02
1.066109991330698933e-02 -2.802159080878515590e-02
1.042574500406943418e-02 -3.203249693023378641e-02
8.288701584290292246e-03 -3.770323743501501068e-02
-3.629183699030044154e-03 -3.884962393776544148e-02
-3.629668137577615923e-03 -3.885840224074244009e-02
-3.630053762603883960e-03 -3.886601232525127569e-02
-3.630321330311893011e-03 -3.887169383599865108e-02
-3.630666113036373072e-03 -3.887961830435057720e-02
-3.632468614292486912e-03 -3.896661841734958692e-02
-1.408691753927868509e-02 -4.592142397743645410e-02
-1.425142074779935097e-02 -4.657166759121122296e-02
-1.442855871733797653e-02 -4.708209278358944233e-02
-1.469174083701765658e-02 -4.765559147668640971e-02
-3.649823309086559081e-02 -5.037746579678945708e-02
-3.322238871031511082e-02 -5.395291007898417313e-02
-3.215585612976024077e-02 -5.542764861738247451e-02
-3.129947548701856458e-02 -5.703573643136254645e-02
-3.075857868346951532e-02 -5.864141083724128817e-02
-2.120284102537701998e-02 -6.571479571054109070e-02
-3.785412820115473254e-02 -7.675371895192346916e-02
-3.807957351422711079e-02 -7.788438214884940702e-02
-3.617869268088459017e-02 -7.901081663485874651e-02
-3.544502159324174756e-02 -7.970609654943736078e-02
-3.500878523146562504e-02 -8.017918576300463174e-02
-3.445339220469907648e-02 -8.078252875567321079e-02
-3.411521599394772702e-02 -8.111724972836148462e-02
-2.859444553130355976e-02 -8.217979836105518410e-02
-2.817396299975758953e-02 -8.261166873511598119e-02
-2.777279397172335851e-02 -8.331075348962264926e-02
-2.749301869499740092e-02 -8.442050637593186135e-02
-2.746614096807140082e-02 -8.602525677608087451e-02
-2.769778790757046472e-02 -8.743763933118166298e-02
-2.822276309141538708e-02 -8.895602699028988536e-02
-3.944812454996365902e-02 -1.041446384928246816e-01
-3.950220029230107344e-02 -1.043916940113096409e-01
-3.961622818081614317e-02 -1.049358863175690743e-01
-3.963253731069703301e-02 -1.050177980750311019e-01
-3.989987338939817579e-02 -1.065187014025350959e-01
-4.836286076398304407e-02 -1.156200098992231778e-01
-4.836286967660897301e-02 -1.156200222627236235e-01
-4.836289013610199639e-02 -1.156200506444889642e-01
-4.843530771755423514e-02 -1.157261362699863322e-01
-4.844048009284806361e-02 -1.157342019297852437e-01
-4.844134811031727827e-02 -1.157355627433463569e-01
-4.844320639770392095e-02 -1.157384831304704154e-01
-4.845291438086952313e-02 -1.157539005001611276e-01
-4.845471360722636289e-02 -1.157567882173077406e-01
-4.845618705684928695e-02 -1.157591602972279227e-01
-4.845619044554319577e-02 -1.157591657601680507e-01
-4.845619388552785400e-02 -1.157591713058298971e-01
-4.845619952414094433e-02 -1.157591803960179855e-01
-4.845620129991699832e-02 -1.157591832588231312e-01
-4.845620515955151308e-02 -1.157591894811391964e-01
-4.845620697995478565e-02 -1.157591924159209473e-01
-4.845621024858427078e-02 -1.157591976855004839e-01
-4.845621535083725895e-02 -1.157592059112535487e-01
-4.845621932185367742e-02 -1.157592123133034528e-01
-4.845622388572307787e-02 -1.157592196712064203e-01
-4.845622668200578326e-02 -1.157592241794245524e-01
-4.845622909622038926e-02 -1.157592280716844974e-01
-4.845623349692723680e-02 -1.157592351666645730e-01
-4.845623742848540610e-02 -1.157592415053155382e-01
-4.845624012290954824e-02 -1.157592458494253046e-01
-4.845624211675235438e-02 -1.157592490640305810e-01
-4.845624775042325916e-02 -1.157592581470724968e-01
-4.845625669312414452e-02 -1.157592725653866922e-01
-4.845625965297052640e-02 -1.157592773375994283e-01
-4.845626144175765176e-02 -1.157592802217054656e-01
-4.845626227395289504e-02 -1.157592815634778532e-01
-4.845626284412864887e-02 -1.157592824827898964e-01
-5.482873144640301732e-02 -1.210495512816013725e-01
-5.481339781878175749e-02 -1.210596945978748562e-01
-5.481197809886362987e-02 -1.210606740912876372e-01
-5.481137971052425784e-02 -1.210610890546713891e-01
-5.481131417678189455e-02 -1.210611345770856301e-01
-3.214454691928001623e-02 -1.164872352441597980e-01
-3.214434372960651987e-02 -1.164879019045701042e-01
-3.214426624460956644e-02 -1.164881556327947432e-01
-3.214423929086299841e-02 -1.164882438298279893e-01
-3.214422860601801046e-02 -1.164882787832058203e-01
-3.214421954425632916e-02 -1.164883084229068472e-01
-3.214421127933856509e-02 -1.164883354529853560e-01
-3.214421040358704518e-02 -1.164883383169129094e-01
-3.214420941359501932e-02 -1.164883415543935263e-01
-3.214420246023504124e-02 -1.164883642920746948e-01
-3.214418707251308349e-02 -1.164884146025286782e-01
-3.214418483026660472e-02 -1.164884219326971226e-01
-3.214418423863996815e-02 -1.164884238667563271e-01
-3.214418386718687071e-02 -1.164884250810482441e-01
-3.214418358350880356e-02 -1.164884260083966089e-01
-3.214418340112804723e-02 -1.164884266046004035e-01
-3.214418327373579770e-02 -1.164884270210455736e-01
-3.214418319573873750e-02 -1.164884272760175338e-01
-3.214418315158310002e-02 -1.164884274203619174e-01
-3.214418312400525723e-02 -1.164884275105136369e-01
-3.214418309901770354e-02 -1.164884275921976298e-01
-3.214418306009479698e-02 -1.164884277194361412e-01
-3.214418299379381144e-02 -1.164884279361730890e-01
-3.214418288077930397e-02 -1.164884283056153574e-01
-3.214418270152188950e-02 -1.164884288916031990e-01
-3.214418245388938472e-02 -1.164884297011050951e-01
-3.214418214294207515e-02 -1.164884307175768630e-01
-3.214418172313335265e-02 -1.164884320899043924e-01
-3.214418118781051797e-02 -1.164884338398284036e-01
-3.214418056988872785e-02 -1.164884358597450542e-01
-3.214417974106682785e-02 -1.164884385690430485e-01
-3.214417880526423965e-02 -1.164884416280078661e-01
-3.214417779399022373e-02 -1.164884449336298505e-01
-3.214417665635673632e-02 -1.164884486522363288e-01
-3.214417549817415176e-02 -1.164884524379515701e-01
-1.440560791218927980e-02 -1.553165098874720595e-01
-1.423300827476861249e-02 -1.550603095111338092e-01
-1.420799231669848256e-02 -1.550210479988120005e-01
-1.419113790218480206e-02 -1.549942699873432528e-01
-1.417105221903936126e-02 -1.549620114112911229e-01
-1.414939773285192777e-02 -1.549268071635972466e-01
-1.412447390381732157e-02 -1.548857374611085636e-01
-1.409351923579889310e-02 -1.548339095904872065e-01
-1.405590226234719117e-02 -1.547697142479102228e-01
-1.402926678818665861e-02 -1.547234710757377507e-01
-1.400245059551560346e-02 -1.546762744085900532e-01
-1.397210604601158146e-02 -1.546221248730189068e-01
-1.393824023150330715e-02 -1.545608133190192468e-01
-1.389734845662227505e-02 -1.544856503930487068e-01
-1.379645951112728162e-02 -1.542958786783004410e-01
-1.362731736137484488e-02 -1.539699826180892794e-01
-1.353395479109426557e-02 -1.537898972034024425e-01
-1.344347204514346160e-02 -1.536174244154128177e-01
6.233782746494662824e-02 -1.469945010625480220e-01
6.249079550426728941e-02 -1.469639759737663698e-01
6.277845607832752139e-02 -1.469071313659473244e-01
9.994507585352484236e-02 -1.299328200975500835e-01
9.323618830386169731e-02 -1.220102844365904549e-01
9.156834102083179217e-02 -1.157705725565580657e-01
8.955713171995954847e-02 -1.110580795986741420e-01
9.027930780797033261e-02 -1.044076592639220369e-01
8.902920264833970310e-02 -9.962858088677818691e-02
1.068268145326771446e-01 -9.969409379233555579e-02
1.020778815332208100e-01 -9.226092923459490447e-02
1.023235226765438072e-01 -8.637544464193355753e-02
1.019227684468110989e-01 -8.550012856027278119e-02
1.015383558679790049e-01 -8.499775863911579465e-02
1.007637289370818395e-01 -8.428738269241209391e-02
9.728009213010847811e-02 -8.525740816730290050e-02
9.520164473504776070e-02 -8.435753856664443551e-02
9.749979597578285750e-02 -5.891961440975267833e-02
9.631653730653282064e-02 -5.814012700958490210e-02
9.087265902772974357e-02 -5.413379959345761272e-02
8.932494248087852196e-02 -5.290081374656305235e-02
8.764008648517083999e-02 -5.149949617955760367e-02
8.639823499624552094e-02 -5.038932870361374772e-02
8.302070917945075790e-02 -4.321482078371672447e-02
8.144222791046941412e-02 -4.322431024776771796e-02
8.095705284541747371e-02 -4.277010089196710968e-02
8.073768808387588036e-02 -4.247760054192049883e-02
8.047857989645076926e-02 -4.205525966063262261e-02
8.034649566188357961e-02 -4.180570131664703565e-02
7.990312867445668876e-02 -4.078550371518767370e-02
7.956252387374698753e-02 -3.800047657777538834e-02
7.939065348304435998e-02 -3.585045852597434218e-02
7.933015872787534117e-02 -3.517494953018513587e-02
7.925480209109411756e-02 -3.436549387020167851e-02
7.918870568822453104e-02 -3.368009430173257712e-02
7.912378484080054286e-02 -3.302707947146314021e-02
7.041959823213586600e-02 -3.498559877724070899e-02
7.009824576442229283e-02 -3.439112686278108372e-02
6.931492722378021498e-02 -3.295083887714639337e-02
6.708959024812093108e-02 -2.935571984887661023e-02
6.676551686485075743e-02 -2.901515657015101349e-02
6.567006491117041711e-02 -1.888892495072567665e-02
6.567548966686195810e-02 -1.624445446296261808e-02
6.506654014810697717e-02 -1.468448019755304312e-02
4.213318502976898944e-02 -2.407625588200821773e-02
4.187158750005751801e-02 -2.382252241737221193e-02
4.141892242679225122e-02 -2.337163183480837209e-02
4.054398764557122503e-02 -2.265482236048591697e-02
4.038381234920995766e-02 -2.256930011561129185e-02
3.865398355418749043e-02 -2.256550678363988469e-02
3.588821352066367404e-02 -2.215342992870978148e-02
3.409124995080216325e-02 -2.081308958511469617e-02
3.290753368141923624e-02 -1.990540252409723349e-02
3.002381575942273187e-02 -1.754004733909594188e-02
1.749452051657815824e-02 -1.832816465258857441e-02
1.700938925745221209e-02 -1.742068695108826837e-02
1.642657174494498162e-02 -1.605054653103058296e-02
1.301258857581234947e-02 -1.323720496972334570e-02
1.175020758349012637e-02 -1.237196821468074248e-02
1.069993580080442347e-02 -1.170983932321369853e-02
8.950889260942066633e-03 -1.096354917089763237e-02
