-7.488785069776562756e-04 -3.186719120137892765e-04
-1.497757013955312551e-03 -6.373438240275785529e-04
-2.246635520932967634e-03 -9.560157360413673415e-04
-2.995514027910625102e-03 -1.274687648055157106e-03
-3.744392534888279968e-03 -1.593359560068945786e-03
-4.493271041865936136e-03 -1.912031472082735117e-03
-5.656424006971015953e-03 -2.084112165049287549e-03
-6.819576972076094035e-03 -2.256192858015839981e-03
-7.982729937181173852e-03 -2.428273550982392847e-03
-9.145882902286253668e-03 -2.600354243948945279e-03
-1.030903586739133002e-02 -2.772434936915497711e-03
-1.147218883249640983e-02 -2.944515629882050144e-03
-1.294271042328524503e-02 -5.250162953424839136e-03
-1.714204120639858248e-02 -5.572505941440300883e-03
-1.766923379135236158e-02 -5.392314175451341438e-03
-1.796241136689935222e-02 -5.210673714128173997e-03
-1.825558894244633940e-02 -5.029033252805007424e-03
-1.854876651799332657e-02 -4.847392791481839984e-03
-1.884194409354031374e-02 -4.665752330158673411e-03
-1.914027191729909122e-02 -4.523704302195472558e-03
-1.953542440743954306e-02 -5.125994021399633838e-03
-1.993057689757999490e-02 -5.728283740603796852e-03
-2.032572938772044327e-02 -6.330573459807957264e-03
-2.072088187786089511e-02 -6.932863179012120278e-03
-2.111603436800134348e-02 -7.535152898216280690e-03
-2.150346154721991324e-02 -8.133579839167900255e-03
-6.454552899831147647e-03 -1.214004234234733817e-02
1.454689430875687021e-03 -2.649959330568006644e-02
-6.516656226634060271e-04 -3.239843890535246129e-02
-1.649107832008028796e-03 -3.283183290019311973e-02
-2.646550041352634976e-03 -3.326522689503376429e-02
-3.643992250697241156e-03 -3.369862088987441578e-02
-4.641434460041863816e-03 -3.413201488471507422e-02
-5.525056810143061554e-03 -3.432244555485945703e-02
-6.191082370514222263e-03 -3.404838751602570074e-02
-6.857107930885394248e-03 -3.377432947719193751e-02
-7.523133491256555824e-03 -3.350027143835818122e-02
-8.189159051627717401e-03 -3.322621339952442493e-02
-8.855184611998887650e-03 -3.295215536069066170e-02
-9.431466210110258513e-03 -3.274266821960043067e-02
-9.836178468607327530e-03 -3.265662544184341071e-02
-1.024089072710438961e-02 -3.257058266408639768e-02
-1.064560298560145342e-02 -3.248453988632937772e-02
-1.105031524409852244e-02 -3.239849710857235776e-02
-1.145502750259558625e-02 -3.231245433081533780e-02
-1.177218595898365389e-02 -3.220452331127679479e-02
-1.192196214663393539e-02 -3.205474712362651329e-02
-1.207173833428421342e-02 -3.190497093597623873e-02
-1.222151452193449145e-02 -3.175519474832595723e-02
-1.237129070958477121e-02 -3.160541856067568267e-02
-1.252106689723505271e-02 -3.145564237302540117e-02
-1.255373923789008736e-02 -3.156962392425186059e-02
-1.165759747342104587e-02 -3.446715997792717395e-02
-1.297902805370529204e-02 -3.763148603544461818e-02
-1.386319714569877147e-02 -3.827713892167554366e-02
-1.436988431878929648e-02 -3.840620308831106666e-02
-1.487657149187982843e-02 -3.853526725494659660e-02
-1.533565148860066910e-02 -3.874641232826283449e-02
-1.556509686989126888e-02 -3.935347706909782250e-02
-1.579454225118186866e-02 -3.996054180993281052e-02
-1.602398763247246324e-02 -4.056760655076779160e-02
-1.625671574904054978e-02 -4.123623416344342901e-02
-1.656218816539233724e-02 -4.242288718202988362e-02
-1.689360481436578965e-02 -4.371032442959219694e-02
-1.727266141278782294e-02 -4.501385621816531013e-02
-1.854734906084297072e-02 -4.661996537774139304e-02
-1.982203670889812197e-02 -4.822607453731746902e-02
-2.104168105616633505e-02 -4.979194685320015995e-02
-2.146921779330246416e-02 -5.166424080136462760e-02
-2.350002229231730813e-02 -5.324891496752480469e-02
-2.467795187615634198e-02 -5.478723667875397968e-02
-2.636285817568619766e-02 -5.703706755645963217e-02
-2.732583089103008539e-02 -5.946533270849634761e-02
-2.842495626211902909e-02 -6.285774112367169264e-02
-2.968812315991493922e-02 -6.543731667076538305e-02
-3.054731550660730321e-02 -6.734587048817973487e-02
-3.089147689254040721e-02 -6.896470979707303162e-02
-3.234294270001639160e-02 -7.008528239162155338e-02
-3.362342311562607766e-02 -7.108353667095457240e-02
-3.432450521209440275e-02 -7.200131333356947494e-02
-3.532477948697454462e-02 -7.328691720426315503e-02
-3.627123302338555733e-02 -7.450106127357560004e-02
-3.655717247597539687e-02 -7.571519134464525791e-02
-3.681530080924645676e-02 -7.692932082631522006e-02
-3.750459601693481582e-02 -7.814346430622794160e-02
-3.821204561933548571e-02 -7.935760837554035885e-02
-4.044236405175607313e-02 -8.203956618609187235e-02
-4.273680327701961240e-02 -8.478332668048502163e-02
-4.357259061093143176e-02 -8.655467124496736553e-02
-4.434696102310215632e-02 -8.828507198082191643e-02
-4.693776441336486305e-02 -9.309788577275131261e-02
-4.960504919217884057e-02 -9.804048537756811232e-02
-4.934053185462154711e-02 -1.014320788887248526e-01
-4.910726378162517253e-02 -1.034320621747074342e-01
-4.887399570862879794e-02 -1.054320454606900159e-01
-4.864072763563243723e-02 -1.074320287466725421e-01
-4.785594512420583702e-02 -1.083289831557947280e-01
-4.669725451892825507e-02 -1.084781213772149089e-01
-4.553856391365070783e-02 -1.086272595986350759e-01
-4.437987330837313282e-02 -1.087763978200552567e-01
-4.322118270309555782e-02 -1.089255360414754237e-01
-4.244308251071350624e-02 -1.092478760235524454e-01
-4.091438369254827429e-02 -1.105405183187632145e-01
-3.901703505097300906e-02 -1.123337769112637552e-01
-3.416549165772093249e-02 -1.187796426489868412e-01
-3.577758366625327646e-02 -1.297006381480072801e-01
-2.722809869646770561e-02 -1.323383261474507244e-01
-2.696041545738752168e-02 -1.347729744981866762e-01
-2.701359276785603517e-02 -1.368074507117195970e-01
-2.788038075753733469e-02 -1.378272047202016848e-01
-2.874716874721863422e-02 -1.388469587286838003e-01
-2.991498870190204343e-02 -1.395079966169257835e-01
-3.869430644820700399e-02 -1.368580045059113459e-01
-5.259476883168582445e-02 -1.221266658141312439e-01
-5.427079228840895470e-02 -1.255401205136234544e-01
-5.314752142205572683e-02 -1.279118059472177105e-01
-5.222974475944081041e-02 -1.311495234653841935e-01
-4.991000643635954553e-02 -1.329027977719607345e-01
-4.782144990290843056e-02 -1.343288986653196626e-01
-4.620259600637266484e-02 -1.354761097684933635e-01
-4.259272658442214005e-02 -1.361918690961720080e-01
-3.652675267360554201e-02 -1.387767875515028837e-01
-3.065932836461839756e-02 -1.405930356791154912e-01
-2.882049503008473484e-02 -1.441515419383010976e-01
-3.977971973008655182e-02 -1.546899015127835009e-01
-3.840884912456783706e-02 -1.624355668619763271e-01
-3.750343173151186871e-02 -1.715723731563062182e-01
-3.518977446611103871e-02 -1.728473479893628817e-01
-3.154735684581620736e-02 -1.745394999266960123e-01
-2.825354726378012313e-02 -1.760811987508288656e-01
-2.621852553627104440e-02 -1.770933811834762561e-01
-2.417529138355029028e-02 -1.778884520988093521e-01
-2.255643262446704184e-02 -1.782326232098374041e-01
-2.154955955339082907e-02 -1.828856210288248019e-01
-2.056753454201559403e-02 -1.867590003225220174e-01
-1.959876920646710582e-02 -1.896907858030867922e-01
-1.778305050713074181e-02 -1.893589102573340344e-01
-1.633918024441042768e-02 -1.869595878720309301e-01
-1.001788995259382878e-02 -1.848123213822888966e-01
-7.168963496819750689e-03 -1.841431132845884333e-01
-4.271366919163271936e-03 -1.837497009233731160e-01
-1.020911957858434277e-03 -1.853558076516754471e-01
2.229543003446546497e-03 -1.869619143799778338e-01
5.479997964751384155e-03 -1.885680211082801649e-01
8.379913646021275656e-03 -1.900808438415199919e-01
8.738419547036781199e-03 -1.909173576105561709e-01
9.379384642791793042e-03 -1.924129428339845238e-01
1.312174618000527121e-02 -1.945631082861274397e-01
1.772343611700752039e-02 -1.957218440197750209e-01
1.971832539824421721e-02 -1.961361136153549622e-01
2.091093044509453186e-02 -1.964209883665120338e-01
2.172035496208865601e-02 -1.966440625949596732e-01
2.252977947908280792e-02 -1.968671368234073404e-01
2.333920728689189983e-02 -1.972886208677233355e-01
2.450838305734091491e-02 -1.980343108942581032e-01
2.631476905455325949e-02 -1.967710110377141886e-01
2.775536240231804910e-02 -1.943427435280787319e-01
2.988119109899558049e-02 -1.932664053806564530e-01
3.268994130873235926e-02 -1.919563717275788173e-01
3.449738910949558951e-02 -1.910936413127493350e-01
3.659106590544903420e-02 -1.905773992338496703e-01
3.807636905119424903e-02 -1.899131173388018679e-01
3.637900578910596705e-02 -1.862706851308647549e-01
2.595727927861227538e-02 -1.755250775938508034e-01
3.443646433650001532e-02 -1.608317772849008065e-01
3.736553062157098315e-02 -1.558547120908563011e-01
4.419863431665214948e-02 -1.477115771002963096e-01
5.270968320616312847e-02 -1.490457493231915898e-01
6.362922089871220210e-02 -1.512929769697934079e-01
6.778866147882783855e-02 -1.517419181497945413e-01
6.900280554814028355e-02 -1.524971641627045904e-01
6.994173016651950014e-02 -1.510360012076263914e-01
7.050413417689868623e-02 -1.453578471390170601e-01
7.364218184900472863e-02 -1.374634685845240734e-01
7.512371828864781997e-02 -1.332877267560128032e-01
8.279096857623968742e-02 -1.363278497945563106e-01
8.967427571651043205e-02 -1.341417456959971277e-01
9.044333784767610851e-02 -1.303962874527848093e-01
9.174351983219804219e-02 -1.289240296378438289e-01
9.316267214520011775e-02 -1.277237049284853376e-01
9.501560377309357930e-02 -1.267068587233995958e-01
9.405726860190155580e-02 -1.215522837284459950e-01
1.027380976100186749e-01 -1.123341681253113844e-01
1.164956357246539620e-01 -1.096030533487291764e-01
1.183568630059076837e-01 -1.059074123465563039e-01
1.165234492015715523e-01 -1.036448495513344198e-01
1.133593226558512329e-01 -1.020231012602454412e-01
9.305355775842359678e-02 -9.313081155527537514e-02
8.426728219783317930e-02 -7.449274071807816811e-02
8.571308760710281971e-02 -7.103120338084958907e-02
8.674944618379870631e-02 -6.821008270295950138e-02
7.578249592729198458e-02 -6.224376817635899478e-02
6.126844134870362141e-02 -4.582346457874798829e-02
7.812444997736030239e-02 -4.037863970388313323e-02
6.787711725893663672e-02 -3.632859796957191995e-02
5.162484974623372108e-02 -2.535352681671457220e-02
4.108955225051817012e-02 -1.435934585223873870e-02
3.420624186854885618e-02 -2.122356101023319206e-03
5.736094416248208386e-03 -1.548740824341443903e-03
