-2.938046154392644866e-04 -2.938046154392644866e-04
-5.876092308785289733e-04 -5.876092308785289733e-04
-8.814138463177929178e-04 -8.814138463177929178e-04
-1.175218461757057947e-03 -1.175218461757057947e-03
-1.469023077196321674e-03 -1.469023077196321674e-03
-1.762827692635586269e-03 -1.762827692635586269e-03
-2.056609019820614809e-03 -2.056632308074850864e-03
-2.350390347005643348e-03 -2.350436923514115026e-03
-2.644171674190671888e-03 -2.644241538953379621e-03
-2.937953001375700861e-03 -2.938046154392644216e-03
-3.231734328560728967e-03 -3.231850769831907944e-03
-3.525515655745757506e-03 -3.525655385271172539e-03
-4.174163400976404689e-03 -3.701155669192407460e-03
-4.822811146207050571e-03 -3.876655953113641948e-03
-5.471458891437697321e-03 -4.052156237034877304e-03
-6.120106636668341468e-03 -4.227656520956111358e-03
-6.768754381898988218e-03 -4.403156804877345412e-03
-7.417402127129634967e-03 -4.578657088798580334e-03
-8.592597300632456858e-03 -4.578657088798580334e-03
-9.767792474135280484e-03 -4.578657088798580334e-03
-1.094298764763809717e-02 -4.578657088798580334e-03
-1.211818282114092080e-02 -4.578657088798580334e-03
-1.329337799464374442e-02 -4.578657088798580334e-03
-1.446857316814656284e-02 -4.578657088798580334e-03
-1.564376834164938126e-02 -4.578657088798580334e-03
-1.681896351515220836e-02 -4.578657088798580334e-03
-1.799415868865502852e-02 -4.578657088798580334e-03
-1.916935386215785214e-02 -4.578657088798580334e-03
-2.034454903566067230e-02 -4.578657088798580334e-03
-2.151974420916349592e-02 -4.578657088798581201e-03
-2.198522983482931528e-02 -4.815219175326168437e-03
-2.245071546049513811e-02 -5.051781261853755672e-03
-2.291620108616096094e-02 -5.288343348381343775e-03
-2.338168671182678376e-02 -5.524905434908931011e-03
-2.384717233749260659e-02 -5.761467521436519981e-03
-2.431265796315842942e-02 -5.998029607964108084e-03
-2.580839055084923131e-02 -7.493762195654908240e-03
-2.788195977109559839e-02 -8.945729802294516766e-03
-2.891676981954145048e-02 -9.157314177597160668e-03
-2.962187295069059964e-02 -9.157314177597160668e-03
-3.032697608183975227e-02 -9.157314177597160668e-03
-3.103207921298890143e-02 -9.157314177597160668e-03
-3.173718262641991861e-02 -9.157314177597160668e-03
-3.244231370347415433e-02 -9.157314177597160668e-03
-3.314744478052839005e-02 -9.157314177597160668e-03
-3.385257585758262577e-02 -9.157314177597160668e-03
-3.455770693463686150e-02 -9.157314177597160668e-03
-3.526066387673201102e-02 -9.159487747992503884e-03
-3.630725072477446191e-02 -9.619197886607842168e-03
-3.753198001503688791e-02 -1.015715655945557266e-02
-3.846194352009433409e-02 -1.099000098730285035e-02
-3.934335736641212528e-02 -1.187141483362064674e-02
-4.087470263476222776e-02 -1.336618766295505356e-02
-4.263753032739783094e-02 -1.230635473818513480e-02
-4.529747379534355967e-02 -1.003107253961342364e-02
-4.578657088798580160e-02 -1.257853373960008368e-02
-4.721429048203320405e-02 -1.494891858189398813e-02
-4.865657864336678240e-02 -1.649805325366156261e-02
-5.009886680470036768e-02 -1.804718792542914924e-02
-5.185841061825380988e-02 -1.980776489062505835e-02
-5.362119173438091579e-02 -2.157049943024369129e-02
-5.538397285050802865e-02 -2.333323396986233811e-02
-5.723322913548506419e-02 -2.535556808985028887e-02
-5.929361085249189312e-02 -2.761066290052291775e-02
-5.952254215438154694e-02 -2.864458376107978030e-02
-5.952254215438154694e-02 -2.952585787787215255e-02
-6.001091237120979166e-02 -3.217008389132272606e-02
-6.316768180938535371e-02 -3.567536981688893688e-02
-6.669319746513113767e-02 -3.662925671038864267e-02
-7.021879074839101897e-02 -3.816811349928683067e-02
-7.309316681570286744e-02 -4.169376888455798152e-02
-7.362479108339846368e-02 -4.540250099912845200e-02
-7.693165261441928249e-02 -4.945971008162779875e-02
-8.045719508694267053e-02 -5.298513964140336846e-02
-8.241582759837444427e-02 -5.683130632978960345e-02
-8.325018646845171177e-02 -6.035696171506076124e-02
-8.711380946764940569e-02 -6.354429098843115964e-02
-9.360807225391741537e-02 -6.410119924318012641e-02
-9.605745461833745114e-02 -6.656636680974407916e-02
-9.615179886477018267e-02 -6.999744647744952919e-02
-9.753581981400570589e-02 -7.339516042817705033e-02
-9.908217259794913079e-02 -7.618888715395623346e-02
-1.043705159463305110e-01 -8.147723050233759978e-02
-1.096588592947118079e-01 -8.676557385071889672e-02
-1.134248007700743022e-01 -9.053151532608139096e-02
-1.160689724442649923e-01 -9.317568700027208106e-02
-1.187131441184556824e-01 -9.581985867446277116e-02
-1.204207722972102518e-01 -9.768357743579003660e-02
-1.213479475631014382e-01 -9.889691876973112639e-02
-1.222751228289926523e-01 -1.001102601036722439e-01
-1.232022980948838664e-01 -1.013236014376133753e-01
-1.236237413975616733e-01 -1.021155058202187355e-01
-1.236533245374879242e-01 -1.042077508089529064e-01
-1.260478948198929527e-01 -1.077333158640257915e-01
-1.268313864970817828e-01 -1.112587821204443911e-01
-1.237941464937379887e-01 -1.172263337549557249e-01
-1.236237413975616733e-01 -1.279924492287868032e-01
-1.236237413975616733e-01 -1.306366209029775627e-01
-1.236237413975616733e-01 -1.332807925771681834e-01
-1.235451131942147673e-01 -1.355318472285831910e-01
-1.234306397805185335e-01 -1.376036867666739771e-01
-1.233161663668222857e-01 -1.396755263047649021e-01
-1.232016929531260518e-01 -1.417473658428557992e-01
-1.228631639511315460e-01 -1.426988314636196131e-01
-1.217948682159132878e-01 -1.437672118833987212e-01
-1.200320715742833194e-01 -1.455300395760343313e-01
-1.191773615928226199e-01 -1.482009849798448242e-01
-1.190450843087630939e-01 -1.515943630810565046e-01
-1.189560766010737403e-01 -1.550309020801185766e-01
-1.175595576220649502e-01 -1.571597900783357482e-01
-1.153286981213004492e-01 -1.604895136179693704e-01
-1.189687919878864991e-01 -1.657779966958762008e-01
-1.182778435988028065e-01 -1.699186426533698391e-01
-1.152702036722974138e-01 -1.731851096488616348e-01
-1.124924964426138041e-01 -1.759628422839135120e-01
-1.109341551476716731e-01 -1.776234557115939916e-01
-1.103618230115718524e-01 -1.787910356259616862e-01
-1.098877701311659350e-01 -1.799094759124824361e-01
-1.098877701311659350e-01 -1.811470165653932818e-01
-1.094548965298863530e-01 -1.832343893690594472e-01
-1.056347082419525768e-01 -1.873992720478704910e-01
-1.032843178949469504e-01 -1.897496158183676618e-01
-1.009339275479413239e-01 -1.921000132224200130e-01
-9.858353720093561423e-02 -1.944504501459341783e-01
-9.623314685392998780e-02 -1.968008870694482881e-01
-9.437047324122463388e-02 -1.985010171360436226e-01
-9.259384196516926013e-02 -1.999439658369518980e-01
-9.057474750010385822e-02 -2.014609119071375243e-01
-8.969333365378605316e-02 -2.014609119071375243e-01
-8.881193180444771351e-02 -2.014609119071375243e-01
-8.762790403124748329e-02 -2.014609119071375243e-01
-8.468577184679342007e-02 -2.038195886384231159e-01
-8.179768958330674300e-02 -2.066577070110038050e-01
-8.003487459335527354e-02 -2.083289483510719353e-01
-7.827211676548238850e-02 -2.095880511045864480e-01
-7.650935893760954509e-02 -2.106182260847346832e-01
-7.419462643636232091e-02 -2.106182260847346832e-01
-7.066900633632486328e-02 -2.106182260847346832e-01
-6.805034518038786950e-02 -2.115252203140688403e-01
-6.614888039317232127e-02 -2.131493064678327831e-01
-6.306841880137620260e-02 -2.147922321135688206e-01
-4.636648934932906252e-02 -2.151968831735332766e-01
-3.019875951656739513e-02 -2.151968831735332766e-01
-2.667319728431307227e-02 -2.151968831735332766e-01
-2.314763505205874941e-02 -2.151968831735332766e-01
-1.973484325050551755e-02 -2.151866311665019127e-01
-1.780417710959223548e-02 -2.150416384956296001e-01
-1.587351096867908179e-02 -2.148966458247573152e-01
-1.394284482776579626e-02 -2.147516531538850304e-01
-1.201217868685251419e-02 -2.146066604830127178e-01
-1.008151254593935876e-02 -2.144616678121404330e-01
-8.266584088645466399e-03 -2.143061530845815910e-01
-7.972779473206213080e-03 -2.140123484691423272e-01
-7.678974857766941546e-03 -2.137185438537030635e-01
-6.666981182365010888e-03 -2.127065501783011181e-01
-3.141465526619218254e-03 -2.106330176546978017e-01
6.253376141499376178e-04 -2.097619974268159215e-01
5.682606435547294180e-03 -2.049355758954976292e-01
9.965697470040746700e-03 -2.016576849527461912e-01
1.270832553179848320e-02 -2.014035945735304090e-01
1.569074780748986112e-02 -1.995061353660434189e-01
2.009774646861136466e-02 -1.968822548183389587e-01
2.450474583543766141e-02 -1.952709334507149175e-01
2.891167604320588405e-02 -1.923035977295403653e-01
3.624009163378644205e-02 -1.879581129924861038e-01
4.149194017066619444e-02 -1.828622571804642549e-01
4.734842235797552534e-02 -1.770106293003712028e-01
5.267491186679512660e-02 -1.718214473385260566e-01
5.577900374435904030e-02 -1.694103122855474819e-01
5.695422220611608827e-02 -1.694103122855474819e-01
5.905196416378955676e-02 -1.690032957035163264e-01
6.545701035378452548e-02 -1.602529981079503230e-01
7.191539934866396366e-02 -1.524387980024664579e-01
7.544105473393515615e-02 -1.489131426171952932e-01
7.854069596735624437e-02 -1.466668677035359580e-01
8.214101772993559480e-02 -1.465170268415545707e-01
8.852572833405009112e-02 -1.404071261058789377e-01
9.110139231562101869e-02 -1.373564664224578569e-01
9.157314177597160321e-02 -1.351797005963504550e-01
9.391938681372330455e-02 -1.304810483076353778e-01
1.001505163210852506e-01 -1.237967434869375882e-01
1.007304559535687621e-01 -1.202711417352216872e-01
1.007304559535687621e-01 -1.163181341820389014e-01
1.042113922450697144e-01 -1.109854909284635621e-01
1.053091130423673416e-01 -1.032690732625831942e-01
1.084468736194491023e-01 -9.759269537648701531e-02
1.098877701311659350e-01 -7.138123172132412875e-02
1.098031377924542223e-01 -6.412579163965340112e-02
1.096657836689712839e-01 -5.729217946970745212e-02
1.090699685041456313e-01 -5.412608343856267074e-02
1.078680405318939856e-01 -5.292415546631101114e-02
1.036321442031666457e-01 -4.411029646218414535e-02
9.943440109192409893e-02 -3.534985647904598238e-02
9.615179886477018267e-02 -2.829854570850357312e-02
7.898183478177533967e-02 -1.373597126639574187e-02
6.554348740451361455e-02 -9.157314177597143320e-03
2.763221229844241983e-02 -4.578657088798521353e-03
1.691817147819694306e-02 -4.578657088798562119e-03
3.525515655745767481e-03 0.000000000000000000e+00
