-2.520776661537901895e-03 2.822058632489613753e-03
-5.265964803430460764e-03 5.825775888110847935e-03
-8.099113490791121084e-03 8.969076653491104417e-03
-1.075497173393755862e-02 1.218166952606670843e-02
-1.169997206874182939e-02 1.514379545313700517e-02
-1.141659601322205300e-02 1.834008736150320035e-02
-1.328164918313893064e-02 2.130219361880325915e-02
-1.639902136908114733e-02 2.449447901918648182e-02
-1.698298445565511045e-02 2.778491380594457980e-02
-1.694532645854654115e-02 3.133860980327921736e-02
-1.914269301980232874e-02 3.423082147133064274e-02
-2.173952705998610443e-02 3.717099064273256259e-02
-2.269700903584113277e-02 4.053024187696408626e-02
-2.284538030021398061e-02 4.445064425538944319e-02
-2.505505606790476084e-02 4.717486356148273274e-02
-2.744969281992098650e-02 4.989481987450720274e-02
-2.991693952839609080e-02 5.262759251695708906e-02
-3.243446254209330498e-02 5.540192102190430457e-02
-3.495993042223040359e-02 5.819707461909508217e-02
-3.750347917051280455e-02 6.104602986002344300e-02
-4.000698235667915492e-02 6.388451764373836994e-02
-4.261418373593687386e-02 6.680428144028127679e-02
-4.518093658449851002e-02 6.948069022481379031e-02
-5.164005899605775968e-02 7.083695420083016558e-02
-5.478621706382204998e-02 7.358108589316536552e-02
-5.756043439744772117e-02 7.681269252275504944e-02
-6.019559792773967327e-02 8.001072032115748300e-02
-6.339179487426467585e-02 8.251759345367636056e-02
-6.861247515553384191e-02 8.359801481100505305e-02
-7.550117607261311314e-02 8.384521873049782803e-02
-7.872984820242617809e-02 8.718571084959818307e-02
-8.182114072430544949e-02 9.082230803926451268e-02
-8.489854889248268921e-02 9.423226241004840908e-02
-8.658834499120832140e-02 1.051618452186260932e-01
-9.366061507465657521e-02 1.038833502080496185e-01
-9.620260364161675737e-02 1.067351510012800320e-01
-9.853564878632416202e-02 1.092015545421950728e-01
-1.016499121867872613e-01 1.097133216450246751e-01
-1.047861023120359586e-01 1.102642925755806108e-01
-1.075083768727809336e-01 1.126187088155052307e-01
-1.101948422351612666e-01 1.157727611251589961e-01
-1.129318053431718621e-01 1.163794113151031956e-01
-1.158074656243268108e-01 1.166221983968473014e-01
-1.187335946668692244e-01 1.168158035218901936e-01
-1.216976963030521747e-01 1.169545796397470916e-01
-1.247157230126907934e-01 1.170092131283958919e-01
-1.277242463872151901e-01 1.171522055006238988e-01
-1.309335284536236321e-01 1.189358034502734501e-01
-1.346793225528768179e-01 1.229603012568961234e-01
-1.374373398644699595e-01 1.216827962626384346e-01
-1.409866044670554375e-01 1.185297586897390704e-01
-1.438585225130072087e-01 1.181139457609359233e-01
-1.467227528505712641e-01 1.181454545013250618e-01
-1.496310419395661673e-01 1.184376306030247017e-01
-1.524787140731282686e-01 1.186862812798383932e-01
-1.552014355958900027e-01 1.173490157327716082e-01
-1.582036873037482583e-01 1.144630686680720155e-01
-1.610783553827153380e-01 1.128506349221402305e-01
-1.644378908184795929e-01 1.129058447156435913e-01
-1.679310745058195942e-01 1.132893798986362721e-01
-1.710129985291991839e-01 1.132058522153392838e-01
-1.735885700579225255e-01 1.122736263189445943e-01
-1.759446757680583617e-01 1.101761967312102353e-01
-1.783367308914665383e-01 1.079813403768760255e-01
-1.816310858432340636e-01 1.077265753681755506e-01
-1.850434282412301845e-01 1.076318820300505991e-01
-1.871542761500931684e-01 1.060653074038417493e-01
-1.891653549906596177e-01 1.041693820897253986e-01
-1.911611458852838508e-01 1.022413823555599760e-01
-1.932218613797326290e-01 1.003391152417257848e-01
-1.953523380274852228e-01 9.853513816662208546e-02
-1.976559196488720249e-01 9.690326825768973140e-02
-1.982013674064714293e-01 9.005891175197533460e-02
-2.005994892074673408e-01 8.794140035388957333e-02
-2.028006601793500840e-01 8.597851323322276695e-02
-2.046515699616173189e-01 8.351988125892358117e-02
-2.051900264623701675e-01 7.835290486171134217e-02
-2.075116926026357722e-01 7.586639941449804803e-02
-2.099186005909449426e-01 7.355630831728622587e-02
-2.167505770852801161e-01 7.262339623447489068e-02
-2.175577306744782558e-01 6.958407932086038694e-02
-2.185181418688262878e-01 6.639385211945909859e-02
-2.205625349688521142e-01 6.405885759885650288e-02
-2.228953605046986031e-01 6.186708784199648758e-02
-2.253929580546460421e-01 5.978421129221029445e-02
-2.279261810765695895e-01 5.774499594416544757e-02
-2.299217924678268188e-01 5.550525281505419573e-02
-2.249600392962785855e-01 4.627999972066031142e-02
-2.254770549885876663e-01 4.261287475231281124e-02
-2.292396883374784033e-01 3.907860696507839404e-02
-2.313445357180727302e-01 3.549936970727619878e-02
-2.317998439654496423e-01 3.178072678234347692e-02
-2.320973621689652877e-01 2.795050050488100471e-02
-2.323518258239090917e-01 2.404752009345471550e-02
-2.325470145921640641e-01 2.006889679846760727e-02
-2.326637669819453247e-01 1.610572105159529741e-02
-2.327499116316246452e-01 1.200521458530719697e-02
-2.329291726899802295e-01 8.183938656272496392e-03
-2.350815896615351674e-01 3.904150989868324356e-03
-2.396158083003303574e-01 -1.573135933290416332e-03
-2.400471874314885901e-01 -5.087286197979271757e-03
-2.401723004961995034e-01 -8.534149508893423483e-03
-2.402953131146965127e-01 -1.191511312639705576e-02
-2.405124493044823730e-01 -1.533450471749404562e-02
-2.407188262797486378e-01 -1.869377402030664853e-02
-2.406892898280464099e-01 -2.193100863631430170e-02
-2.400354246625981125e-01 -2.499831259507274972e-02
-2.376679966680022571e-01 -2.805496175176102822e-02
-2.351571180197752631e-01 -3.123755671383822430e-02
-2.353504063738068863e-01 -3.505547603994278033e-02
-2.344691572547604186e-01 -3.821611992503778227e-02
-2.316324352110589180e-01 -4.108534905000854609e-02
-2.297793238116241643e-01 -4.414281117474169042e-02
-2.301009654419984840e-01 -4.860654528693632292e-02
-2.282579765210522582e-01 -5.136589439149077257e-02
-2.258730390696171708e-01 -5.407776668094530642e-02
-2.234791265010825645e-01 -5.675222438449383650e-02
-2.209098185231749556e-01 -5.950345844616666130e-02
-2.184991239871053037e-01 -6.235261275731186076e-02
-2.184739777084975243e-01 -6.782238041957740216e-02
-2.168692224130244761e-01 -7.066781061925449248e-02
-2.144901783590111577e-01 -7.302819814582750535e-02
-2.129278964326149770e-01 -7.638981035699665689e-02
-2.121233878514845461e-01 -8.133426273242963522e-02
-2.065191748235347957e-01 -8.204434242257097054e-02
-2.040808926048705840e-01 -8.472194878427406761e-02
-2.018483520942629394e-01 -8.735015132777826374e-02
-2.009560227181427239e-01 -9.405413999463102526e-02
-1.958880460955068348e-01 -9.441142927761873860e-02
-1.928496773110597029e-01 -9.700544640852504230e-02
-1.901174405387410782e-01 -1.002331297380942982e-01
-1.873740997690483134e-01 -1.033473849576550530e-01
-1.845693325473310997e-01 -1.060711912585522859e-01
-1.808312328806880864e-01 -1.075071193809586101e-01
-1.766886830007656228e-01 -1.087759259655455557e-01
-1.734137108535687699e-01 -1.122326263559474263e-01
-1.702717186163439644e-01 -1.157361402036002213e-01
-1.672137555123124064e-01 -1.192518152859514402e-01
-1.637172662834582848e-01 -1.205970751916515538e-01
-1.600544122560092208e-01 -1.210936156001028580e-01
-1.563887829014909414e-01 -1.254960038293528313e-01
-1.523201613778869257e-01 -1.269253674563673717e-01
-1.484417905383612901e-01 -1.273954252907323614e-01
-1.445044045234111785e-01 -1.277047480603540619e-01
-1.404820154339117000e-01 -1.279314209650218026e-01
-1.364278151400934447e-01 -1.281216018523002043e-01
-1.323653730413270335e-01 -1.283171534963785387e-01
-1.282789833653978084e-01 -1.285497510626266160e-01
-1.241855855665033037e-01 -1.288302659247373971e-01
-1.201713682199670452e-01 -1.291148692839081125e-01
-1.160209914609981741e-01 -1.293587854174954033e-01
-1.120456837659956489e-01 -1.293958313930525517e-01
-1.068499278565308713e-01 -1.254563513349986614e-01
-1.027559952890326755e-01 -1.239473247101515047e-01
-9.810449671020786411e-02 -1.238467511834238088e-01
-9.340415250288913729e-02 -1.240713443353756440e-01
-8.875154972187010438e-02 -1.243830650156822620e-01
-8.414885731083553144e-02 -1.247121227976599467e-01
-7.968134776456156643e-02 -1.250138613568858581e-01
-7.531678024589319453e-02 -1.252671209278884978e-01
-7.111748415211974206e-02 -1.254373454565346491e-01
-6.711707206932779335e-02 -1.254658509136701294e-01
-6.339551431768954137e-02 -1.252523904892137163e-01
-6.013301343979070984e-02 -1.245284994778807913e-01
-5.760779974410630555e-02 -1.218591420869599706e-01
-5.470511192353400692e-02 -1.201058034371830091e-01
-5.019736060762206020e-02 -1.203669203565734397e-01
-4.761359593046474159e-02 -1.190060943580997649e-01
-4.541298334818224397e-02 -1.169709892757307274e-01
-4.319949584624373923e-02 -1.148860150770529276e-01
-4.092724322758670846e-02 -1.128688226065681921e-01
-3.867901534121255536e-02 -1.107906553249835835e-01
-3.664302398307789366e-02 -1.083602869973693678e-01
-3.578134836749759240e-02 -1.026779153060105448e-01
-3.347844835778341493e-02 -1.002452986511189331e-01
-3.088684075160006565e-02 -9.807648158032206132e-02
-2.949371249632501413e-02 -9.428232371708318571e-02
-2.838866656437468577e-02 -8.982494502057840335e-02
-2.556818088673016437e-02 -8.729960129171661365e-02
-2.228409678573733954e-02 -8.505699112625096647e-02
-1.658043905288000136e-02 -8.353687848341258271e-02
-1.634093473278425482e-02 -7.968690179968712650e-02
-1.453671577450970330e-02 -7.724896591224159059e-02
-1.192430060689546670e-02 -7.512097529101038895e-02
-1.014725363318222384e-02 -7.281296301957819461e-02
-9.788313581895509083e-03 -6.956900003119881326e-02
-8.982716422024559361e-03 -6.659845314793623461e-02
-6.429660821489982178e-03 -6.418211963200211312e-02
-3.691785545754275918e-03 -6.179073611452903791e-02
-8.163354059029711077e-03 -5.435221715455169911e-02
-3.646820129195995751e-03 -5.076530377727879462e-02
-2.738726148322542971e-03 -4.681874452636317768e-02
-2.326788074836589389e-03 -4.283324665252206953e-02
-2.033084867069222951e-03 -3.880219472364404565e-02
-1.793798647043313120e-03 -3.472295893226903796e-02
-1.581032268310522682e-03 -3.059190666042430062e-02
-1.379324645921663726e-03 -2.645855938314814471e-02
-1.171448959919531513e-03 -2.229525527348725361e-02
-9.403815114539749911e-04 -1.814237064744312483e-02
