-7.761847832790248758e-03 -5.174565221860165549e-03
-2.069826088744066220e-02 -1.552369566558049752e-02
-2.109680694619504512e-02 -1.512514960682611632e-02
-2.142021727256130520e-02 -1.480173928045985451e-02
-2.174362759892756528e-02 -1.447832895409359444e-02
-2.206703792529382188e-02 -1.415491862772733610e-02
-2.239044825166008196e-02 -1.383150830136107429e-02
-2.271385857802634550e-02 -1.350809797499481421e-02
-2.303726890439260558e-02 -1.318468764862855414e-02
-2.336067923075886565e-02 -1.286127732226229232e-02
-2.368408955712512573e-02 -1.253786699589603398e-02
-2.400749988349138581e-02 -1.221445666952977391e-02
-2.433091020985764588e-02 -1.189104634316351210e-02
-2.465432053622390943e-02 -1.159268126092662630e-02
-2.497773086259016950e-02 -1.137707437668245176e-02
-2.530114118895642611e-02 -1.116146749243827896e-02
-2.562455151532268618e-02 -1.094586060819410442e-02
-2.594796184168894626e-02 -1.073025372394993161e-02
-2.627137216805520981e-02 -1.051464683970575707e-02
-2.659478249442146988e-02 -1.034913044372033110e-02
-2.691819282078772649e-02 -1.034913044372033110e-02
-2.724160314715399003e-02 -1.034913044372033110e-02
-2.756501347352025011e-02 -1.034913044372033110e-02
-2.788842379988651018e-02 -1.034913044372033110e-02
-2.821183412625277026e-02 -1.034913044372033110e-02
-2.853524445261903034e-02 -1.034913044372033110e-02
-2.885865477898529041e-02 -1.034913044372033110e-02
-2.918206510535155049e-02 -1.034913044372033110e-02
-2.950547543171781056e-02 -1.034913044372033110e-02
-2.982888575808407411e-02 -1.034913044372033110e-02
-3.015229608445033072e-02 -1.034913044372033110e-02
-3.047570641081659426e-02 -1.039922093197907967e-02
-3.079911673718285087e-02 -1.061482781622325247e-02
-3.112252706354911094e-02 -1.083043470046742354e-02
-3.144593738991537796e-02 -1.104604158471159982e-02
-3.176934771628163456e-02 -1.126164846895577262e-02
-3.209275804264789811e-02 -1.147725535319994716e-02
-3.241616836901415472e-02 -1.171790748157349252e-02
-3.404628708473905058e-02 -1.334802619729839185e-02
-3.598674904293661103e-02 -1.528848815549595230e-02
-3.689491137354085348e-02 -1.552369566558049752e-02
-3.754173202627337363e-02 -1.552369566558049752e-02
-3.818855267900590073e-02 -1.552369566558049752e-02
-3.883537333173842088e-02 -1.552369566558049752e-02
-3.948219398447093409e-02 -1.552369566558049752e-02
-4.013772602646584892e-02 -1.554111844410527993e-02
-4.113256668023088092e-02 -1.603853877098779593e-02
-4.216747972460291316e-02 -1.655599529317381205e-02
-4.345850761328924616e-02 -1.758568150398841581e-02
-4.501087717984728065e-02 -1.913805107054645377e-02
-4.656324674640534289e-02 -2.069042063710451254e-02
-4.811561631296339819e-02 -2.224279020366257131e-02
-4.966798587952143268e-02 -2.379515977022060580e-02
-5.096424060176519416e-02 -2.483529964815007693e-02
-5.199915364613723334e-02 -2.535275617033609652e-02
-5.303406669050925171e-02 -2.587021269252210570e-02
-5.441460410386665669e-02 -2.587282610930082688e-02
-5.603165573569795360e-02 -2.587282610930082688e-02
-5.764870736752926439e-02 -2.660131603636826936e-02
-5.926575899936057518e-02 -2.821836766819958014e-02
-6.088281063119186515e-02 -2.980819620858589716e-02
-6.249986226302316206e-02 -3.088623062980676640e-02
-6.411691389485445203e-02 -3.104739133116099503e-02
-6.573396552668576975e-02 -3.104739133116099503e-02
-6.735101715851708748e-02 -3.153305128253929696e-02
-6.896806879034837745e-02 -3.274611223732721427e-02
-7.058512042217969518e-02 -3.436316386915852505e-02
-7.220217205401095739e-02 -3.598021550098980115e-02
-7.244391310604231249e-02 -3.908364792571657198e-02
-7.558001324050306335e-02 -4.453262190934206832e-02
-7.957854091194042911e-02 -4.853114958077942714e-02
-8.150593578624440450e-02 -5.046507799703020547e-02
-8.215275643897691771e-02 -5.175871930249521802e-02
-8.279304354976264879e-02 -5.304909383698687420e-02
-8.279304354976264879e-02 -5.462694421713743670e-02
-8.279304354976264879e-02 -5.656740617533499715e-02
-8.477270675964097835e-02 -5.889988065034015147e-02
-8.671316871783854574e-02 -6.084034260853771886e-02
-8.865363067603609926e-02 -6.278080456673526544e-02
-9.058102555034007464e-02 -6.472780006687964272e-02
-9.187466685580510106e-02 -6.699167235144341814e-02
-9.314217399348298509e-02 -6.926861171990084109e-02
-9.314217399348298509e-02 -7.217930465719719912e-02
-9.314217399348298509e-02 -7.508999759449351552e-02
-9.314217399348298509e-02 -7.883861728646608669e-02
-9.418754070496987429e-02 -8.268197333666714444e-02
-9.632727569254463662e-02 -8.597814524882430032e-02
-9.923796862984098077e-02 -8.888883818612064447e-02
-1.021486615671373110e-01 -9.179953112341698862e-02
-1.034913044372033075e-01 -9.549424909432852049e-02
-1.034913044372033075e-01 -9.986028850027302284e-02
-1.034913044372033075e-01 -1.042263279062175252e-01
-1.040009207090531879e-01 -1.083522596456174408e-01
-1.056669739054854201e-01 -1.108415391273455952e-01
-1.076074358636830014e-01 -1.127820010855431626e-01
-1.085286652781808220e-01 -1.238955559370381321e-01
-1.086658696590634826e-01 -1.340682807481951566e-01
-1.086658696590634826e-01 -1.379492046645901526e-01
-1.086658696590634826e-01 -1.418301285809853707e-01
-1.086658696590634826e-01 -1.457110524973803944e-01
-1.086658696590634826e-01 -1.495919764137756125e-01
-1.086658696590634826e-01 -1.534729003301708306e-01
-1.086658696590634826e-01 -1.573538242465658543e-01
-1.086658696590634826e-01 -1.612347481629610724e-01
-1.086658696590634826e-01 -1.651156720793560961e-01
-1.083248187694408754e-01 -1.659271379891479048e-01
-1.063137945582179611e-01 -1.679381622003708052e-01
-1.034913044372033075e-01 -1.739359537075269857e-01
-1.034913044372033075e-01 -1.816095987240355092e-01
-1.034521031855225315e-01 -1.844418891579703290e-01
-1.028052825327900321e-01 -1.860589407898015912e-01
-1.021388612542171170e-01 -1.876367911699521329e-01
-1.007472168195501783e-01 -1.890284356046190994e-01
-9.880675486135262475e-02 -1.909688975628166530e-01
-9.831673921534314631e-02 -1.943598058332023093e-01
-9.831673921534314631e-02 -1.982407297495973608e-01
-9.691856123872942541e-02 -2.020171169948438150e-01
-9.541584659096702392e-02 -2.047089362769225762e-01
-9.153492267457187526e-02 -2.085898601933177110e-01
-8.765399875817672659e-02 -2.124707841097128458e-01
-8.428269111363149990e-02 -2.158420917542580864e-01
-8.169540850270143317e-02 -2.184293743651881670e-01
-7.983988258981217223e-02 -2.204678394525876328e-01
-7.897745505283546019e-02 -2.217614807580527148e-01
-7.811502751585876203e-02 -2.230551220635177412e-01
-7.761847832790248758e-02 -2.240743546072174741e-01
-7.761847832790248758e-02 -2.258972128103727550e-01
-7.552121136298189930e-02 -2.276808697618472876e-01
-7.185589433083093558e-02 -2.286216998021854963e-01
-6.832778167956263249e-02 -2.317970011883269676e-01
-6.471342627459671093e-02 -2.354113565932929031e-01
-6.160868714148061420e-02 -2.373296045088713890e-01
-5.850394800836447584e-02 -2.380300002055676101e-01
-5.539920887524838605e-02 -2.380300002055676101e-01
-5.229446974213228239e-02 -2.380300002055676101e-01
-4.918973060901623423e-02 -2.405859218151530365e-01
-4.608499147590009587e-02 -2.436906609482691610e-01
-4.298025234278399914e-02 -2.464608827337094743e-01
-3.987551320966786078e-02 -2.483791306492879603e-01
-3.677077407655176405e-02 -2.483791306492879603e-01
-3.343866768368730646e-02 -2.483791306492879603e-01
-3.048550672373676051e-02 -2.493068936057325768e-01
-2.836210559102898821e-02 -2.510644163894199532e-01
-2.642164363283144163e-02 -2.530048783476174790e-01
-2.136468216601358772e-02 -2.535536958711481215e-01
-1.748375824961853273e-02 -2.535536958711481215e-01
-1.360283433322339447e-02 -2.535536958711481215e-01
-9.878715423551273633e-03 -2.535014275355737534e-01
-6.968022486254853154e-03 -2.531780172092075176e-01
-4.370939562404595018e-03 -2.527500702116925457e-01
-3.400708583305810453e-03 -2.517798392325937273e-01
-2.430477604207046706e-03 -2.508096082534949645e-01
-1.234839427943888171e-03 -2.496139700772318226e-01
2.508880107568569728e-03 -2.485751369076917572e-01
7.938253465353694097e-03 -2.483791306492879603e-01
1.375963933994647087e-02 -2.483791306492879603e-01
1.769936513386262400e-02 -2.462034611810058060e-01
2.352075100845529149e-02 -2.460270555484423971e-01
2.868878268836867057e-02 -2.483791306492879603e-01
3.150473926743647957e-02 -2.479217827130124896e-01
3.667930448929669629e-02 -2.427472174911522451e-01
4.185386971115682281e-02 -2.385875291183606473e-01
4.702843493301695627e-02 -2.380300002055676101e-01
5.278666323545735950e-02 -2.362790109638270575e-01
5.936049535758902707e-02 -2.304151570665802506e-01
6.227118829488544755e-02 -2.275044641292838232e-01
6.518188123218174312e-02 -2.245937711919875346e-01
6.726934788418215128e-02 -2.222318957782218329e-01
6.726934788418215128e-02 -2.208206507177145062e-01
7.007877092130326835e-02 -2.146921883716224333e-01
8.657596433695594063e-02 -1.980251228653531759e-01
9.041442023069683198e-02 -1.939841271712617055e-01
9.203147186252810807e-02 -1.917202548866979162e-01
9.314217399348298509e-02 -1.898614622028352017e-01
9.314217399348298509e-02 -1.885384199586095932e-01
9.964958177248921245e-02 -1.797769402079597290e-01
1.128996048405853936e-01 -1.669973321600326521e-01
1.158985005941634838e-01 -1.655860870995252976e-01
1.182309750691686312e-01 -1.655860870995252976e-01
1.190150001027838050e-01 -1.605487262585477137e-01
1.240980957373889332e-01 -1.547273403839549977e-01
1.253917370428538902e-01 -1.489059545093624204e-01
1.293641305465041413e-01 -1.430845686347697043e-01
1.318142087765515613e-01 -1.372631827601770438e-01
1.311673881238189787e-01 -1.311673881238189787e-01
1.320886175383168826e-01 -1.162905131109710499e-01
1.293641305465041413e-01 -1.006296130645082110e-01
1.293641305465041413e-01 -9.092730327352015196e-02
1.288283801068670908e-01 -8.336799524108044757e-02
1.271100585748604905e-01 -8.053897157811901186e-02
1.249343891065782808e-01 -7.836330210983678823e-02
1.186621888376571815e-01 -6.691653661905552775e-02
1.086658696590634826e-01 -5.243167412301502628e-02
1.034913044372033075e-01 -4.272936433202713380e-02
9.508263595168044147e-02 -3.622195655302115624e-02
7.761847832790234880e-02 -1.617051631831298297e-02
6.144796200958940052e-02 -1.034913044372033110e-02
4.786472830220672714e-02 -5.174565221860165549e-03
1.358323370738297522e-02 0.000000000000000000e+00
