-3.576949487769034205e-03 -3.576949487769034205e-03
-8.246859974873760324e-03 -4.967976976866685448e-03
-9.047087400961809425e-03 -4.898390252122857176e-03
-9.808842354641781128e-03 -4.832149042991712613e-03
-1.057059730832174936e-02 -4.765907833860568918e-03
-1.133235226200171933e-02 -4.699666624729424355e-03
-1.209410721568169103e-02 -4.633425415598279792e-03
-1.283244419816472956e-02 -4.555475220868670377e-03
-1.313052332214548201e-02 -4.257396096887917057e-03
-1.342860244612623620e-02 -3.959316972907163737e-03
-1.372668157010698865e-02 -3.661237848926410850e-03
-1.402476069408774111e-02 -3.363158724945658831e-03
-1.432283981806849356e-02 -3.065079600964905511e-03
-1.462091894204924601e-02 -2.779546001008753771e-03
-1.497439863048702878e-02 -2.720635216668595285e-03
-1.533209357926393172e-02 -2.661021918716203333e-03
-1.568978852804083293e-02 -2.601408620763811814e-03
-1.604748347681773935e-02 -2.541795322811419428e-03
-1.640517842559464229e-02 -2.488806030915608272e-03
-1.676287337437154523e-02 -2.647784932830354009e-03
-1.712056832314844818e-02 -2.806763834745100179e-03
-1.747826327192535112e-02 -2.965742736659846782e-03
-1.783595822070225406e-02 -3.124721638574592952e-03
-1.819425501771983547e-02 -3.289119931212282268e-03
-1.989897729551318509e-02 -4.814422978788534223e-03
-2.332236589381200820e-02 -4.967976976866685448e-03
-2.426177978646162220e-02 -4.660858643622288640e-03
-2.485795066864191979e-02 -4.362773202532139842e-03
-2.545412155082221739e-02 -4.064687761441991044e-03
-2.604953897413632424e-02 -3.765850010050990695e-03
-2.662084571373220590e-02 -3.442938329032804896e-03
-2.719215245332808756e-02 -3.120026648014619097e-03
-2.776345919292396922e-02 -2.797114966996432864e-03
-2.834455170925762046e-02 -2.483988488433342724e-03
-2.923878908119988476e-02 -2.483988488433342724e-03
-3.013302645314214212e-02 -2.483988488433342724e-03
-3.102726382508439948e-02 -2.483988488433342724e-03
-3.190945791510366863e-02 -2.496032344639004859e-03
-3.240626698358724939e-02 -2.893479599425871802e-03
-3.290307605207083708e-02 -3.290926854212737011e-03
-3.339988512055441783e-02 -3.688374108999602219e-03
-3.390196265827463695e-02 -4.080551745984485959e-03
-3.510103673840382632e-02 -4.480231811801659199e-03
-3.644237384498902332e-02 -4.927331546444600578e-03
-3.809985356273278001e-02 -5.058288669928983142e-03
-3.978894754159238711e-02 -5.157631532297509216e-03
-4.144192986030099252e-02 -6.666091022234190908e-03
-4.647915537322663826e-02 -7.371670027754690345e-03
-4.938167801046731281e-02 -7.849412720086894682e-03
-5.136888901596404350e-02 -8.246859974873758589e-03
-5.335610002146080194e-02 -8.644307229660631170e-03
-5.454841651738381175e-02 -9.836623725583644451e-03
-5.574073301330682156e-02 -1.102894022150664732e-02
-5.693304950922984525e-02 -1.222125671742965887e-02
-5.855890118307360837e-02 -1.231156841049195656e-02
-6.034733802430173460e-02 -1.241091127286048264e-02
-6.168418194325803877e-02 -1.287156982139888925e-02
-6.297586656998714616e-02 -1.336835993855427923e-02
-6.453852456141466465e-02 -1.461789298283916287e-02
-6.632699930529920018e-02 -1.490393093060005635e-02
-6.811547404918369408e-02 -1.602799354805269777e-02
-7.046598010179455640e-02 -1.717815922724170302e-02
-7.383316939777186116e-02 -1.738791941903339994e-02
-7.596488676927060091e-02 -1.883315153530371044e-02
-7.877104171124091336e-02 -2.025731130604795094e-02
-8.382332797867790564e-02 -2.886848242551083576e-02
-9.065806208478012496e-02 -3.690153236718711482e-02
-9.264524782183926332e-02 -3.968358734538239563e-02
-9.439959026651699447e-02 -4.234119297133702442e-02
-9.446581884142936369e-02 -4.409654079354659306e-02
-9.453204741634170516e-02 -4.585188861575612701e-02
-9.473477149683111331e-02 -4.753899021659760415e-02
-9.744458171483794118e-02 -5.024880043460442508e-02
-1.000701270534677945e-01 -5.192288113298693802e-02
-1.030991029066207487e-01 -5.341933313795389077e-02
-1.074347670956020268e-01 -5.578585095718158193e-02
-1.119781677042374773e-01 -5.971506658476875146e-02
-1.144621561926708192e-01 -6.209971221083356724e-02
-1.153563935646130800e-01 -6.209971221083356724e-02
-1.162506309365553409e-01 -6.209971221083356724e-02
-1.176777976513722623e-01 -6.313042020277040423e-02
-1.194662723952567979e-01 -6.434282357515366813e-02
-1.223025404234373142e-01 -6.523203980226355281e-02
-1.257650805514997083e-01 -6.729650790711347308e-02
-1.266834129101004902e-01 -7.055428639976481231e-02
-1.278074755275531160e-01 -7.300717327008118818e-02
-1.305313349968576786e-01 -7.451965465300028346e-02
-1.324683506339454087e-01 -7.738502962414899045e-02
-1.353407456364814632e-01 -8.155212730028518764e-02
-1.366193668638338576e-01 -8.385045249786093891e-02
-1.366193668638338576e-01 -8.742736408297360762e-02
-1.366795853791519522e-01 -9.082362624781384342e-02
-1.374247895062132019e-01 -9.216500125705538726e-02
-1.381499197738881579e-01 -9.401621982859612037e-02
-1.386467098910435514e-01 -1.016669089212896143e-01
-1.390993399678217557e-01 -1.099278047475318182e-01
-1.390667149692024485e-01 -1.199089141649414270e-01
-1.390501515083649720e-01 -1.249762466383952386e-01
-1.390335880475274954e-01 -1.300435791118493833e-01
-1.390170245866899912e-01 -1.351109115853031672e-01
-1.389407456821554754e-01 -1.391033553522671995e-01
-1.386426665581746986e-01 -1.391033553522671995e-01
-1.383445874341939497e-01 -1.391033553522671995e-01
-1.380465083102132007e-01 -1.391033553522671995e-01
-1.377484291862324517e-01 -1.391033553522671995e-01
-1.374503500622517027e-01 -1.391033553522671995e-01
-1.371522709382709260e-01 -1.391455088489870207e-01
-1.368541918142901770e-01 -1.393442324763804474e-01
-1.348649937907468455e-01 -1.405566358487637391e-01
-1.265167913012392176e-01 -1.422296675241313813e-01
-1.225464444000892300e-01 -1.471604914749343185e-01
-1.217084116904400548e-01 -1.494066063376310871e-01
-1.216090688280715287e-01 -1.517912519636959168e-01
-1.214535213034099032e-01 -1.540072862828672506e-01
-1.201799105009466739e-01 -1.540072862828672506e-01
-1.164604324766994881e-01 -1.569037628721327848e-01
-1.128132397952828769e-01 -1.600621940357725981e-01
-1.106895613602508210e-01 -1.614592517481672762e-01
-1.094972448643277974e-01 -1.614592517481672762e-01
-1.072755478627697712e-01 -1.635180127594372812e-01
-1.054783738849637137e-01 -1.655506931698042528e-01
-1.044185145388654007e-01 -1.672729393387764329e-01
-1.041077301126587390e-01 -1.685197968638997845e-01
-1.027106757183417624e-01 -1.689112172134673018e-01
-9.972487558506551442e-02 -1.712085201878861540e-01
-9.750484540705961489e-02 -1.733552807025608988e-01
-9.586540390805607659e-02 -1.760379928183876952e-01
-9.439156256046701832e-02 -1.787207049342144916e-01
-9.516837482296229556e-02 -1.845919604065626163e-01
-1.005337990546158883e-01 -1.874733961497828949e-01
-9.107354564403166708e-02 -1.883254585851188712e-01
-8.849320056312626193e-02 -1.878602689462951780e-01
-8.759896319118401498e-02 -1.870157219568653884e-01
-8.670472581924175415e-02 -1.862991366325006948e-01
-8.494334917753727787e-02 -1.862268734952667038e-01
-8.076125506654903419e-02 -1.838151481440673529e-01
-7.472741098112038738e-02 -1.861917457727611247e-01
-7.115046149335138570e-02 -1.883314900845995676e-01
-6.772208123006405456e-02 -1.889316376828586996e-01
-6.553216375541315308e-02 -1.903186505532211414e-01
-6.348174069045467438e-02 -1.900597658387769007e-01
-5.949826913310944654e-02 -1.887831251209340366e-01
-5.564286031457964937e-02 -1.902930727687024981e-01
-5.165793467350787010e-02 -1.896864028507052879e-01
-3.720564605348952031e-02 -1.887831251209340366e-01
-3.362870919993918295e-02 -1.887831251209340366e-01
-3.005177234638908498e-02 -1.887831251209340366e-01
-2.693851132253797728e-02 -1.887409727727795694e-01
-2.591179153233340304e-02 -1.885091348579299442e-01
-2.488507174212889472e-02 -1.882772969430803467e-01
-2.385835195192432048e-02 -1.880454590282307492e-01
-2.283163216171974624e-02 -1.878136211133811240e-01
-2.180491237151524139e-02 -1.875817831985315265e-01
-2.086852035428780547e-02 -1.873589776015534836e-01
-2.033860331545743125e-02 -1.871768174349975333e-01
-1.980868627662709172e-02 -1.869946572684415831e-01
-1.804229614719254221e-02 -1.863874567132551008e-01
-1.077599090990922007e-02 -1.846551851002432298e-01
-3.094178376357294234e-03 -1.832450722836659884e-01
8.761930275202705048e-04 -1.804549666281137499e-01
2.429794581203918637e-03 -1.775464484797731612e-01
5.627331587230199536e-03 -1.740327481884121619e-01
2.586057585504296374e-02 -1.721449340278551898e-01
2.768520284172078932e-02 -1.692544429954564444e-01
2.927496620957555085e-02 -1.669601243766585252e-01
3.251768203344001379e-02 -1.655871994259603408e-01
3.901414220560955187e-02 -1.598664944533137455e-01
4.269548250043755239e-02 -1.581663294530955277e-01
4.700909346908831166e-02 -1.546335468970957416e-01
4.911068856585409925e-02 -1.540072862828672506e-01
5.302488134158626215e-02 -1.506290477882728795e-01
5.514456213112648580e-02 -1.483768972146891629e-01
5.633686599283074109e-02 -1.466878032358295003e-01
5.718141298226053770e-02 -1.452636614592756892e-01
5.742076940585727485e-02 -1.438274620437320073e-01
6.029016129287185360e-02 -1.360111693539279021e-01
6.455059445176813959e-02 -1.293761424300095830e-01
6.849786897227175264e-02 -1.249561513391226342e-01
6.955167767613359975e-02 -1.221038294302626420e-01
7.452870841075835695e-02 -1.191370859103323548e-01
7.757273276705903275e-02 -1.112103923538750178e-01
8.472655593728413426e-02 -1.015725806952165605e-01
9.917887020859517122e-02 -8.960425491233886541e-02
1.014746708595431618e-01 -8.556815609089438168e-02
1.017230848694490458e-01 -8.194151622061295048e-02
1.020994502073319515e-01 -7.910826049647669278e-02
1.026263488164361332e-01 -7.689526221836687214e-02
1.040113693087804381e-01 -7.436612132909836692e-02
1.043275165142003996e-01 -7.074401101768169886e-02
1.090967740750799636e-01 -6.706768918770025789e-02
1.113519262327648252e-01 -6.214186455898793732e-02
1.024938572096511791e-01 -5.281408744098432112e-02
9.598135157961457109e-02 -4.222780430336686708e-02
7.700364314143362532e-02 -3.060275637077384397e-02
5.713173523396680026e-02 -3.477583883806688314e-02
3.646493281692631677e-02 -4.143290979379300049e-02
3.815402679578593081e-02 -3.070206133048596076e-02
2.493926564935842333e-02 -2.493926564935842333e-02
1.561251128379126385e-17 -5.365424231653572774e-03
