0.000000000000000000e+00 -1.393662377988678230e-02
-1.192268656286992606e-02 -1.997852762307363028e-02
-1.250179089781980855e-02 -2.014399502119513380e-02
-1.297171982536110546e-02 -2.027826774590028858e-02
-1.344164875290240410e-02 -2.041254047060544335e-02
-1.391157768044369927e-02 -2.054681319531059813e-02
-1.438150660798499791e-02 -2.068108592001575291e-02
-1.496684725981674811e-02 -2.091517303230318661e-02
-1.593354839191260877e-02 -2.147908159921032428e-02
-1.690024952400846769e-02 -2.204299016611746542e-02
-1.786695065610431968e-02 -2.260689873302459962e-02
-1.883365178820017860e-02 -2.317080729993173729e-02
-1.980035292029604099e-02 -2.373471586683887496e-02
-2.073274300539920678e-02 -2.411770579913679116e-02
-2.155175745696130338e-02 -2.390287763446510144e-02
-2.237077190852339303e-02 -2.368804946979341172e-02
-2.318978636008548963e-02 -2.347322130512172200e-02
-2.400880081164758623e-02 -2.325839314045003575e-02
-2.482781526320967935e-02 -2.304356497577834603e-02
-2.562187492796648078e-02 -2.285057403442588078e-02
-2.633347529719272731e-02 -2.272974087447608010e-02
-2.704507566641897731e-02 -2.260890771452627943e-02
-2.775667603564523078e-02 -2.248807455457647528e-02
-2.846827640487148078e-02 -2.236724139462667460e-02
-2.917987677409772732e-02 -2.224640823467687392e-02
-2.983221130952598901e-02 -2.208502295121360023e-02
-3.028871091588263356e-02 -2.178963934657537557e-02
-3.074521052223927464e-02 -2.149425574193715091e-02
-3.120171012859591225e-02 -2.119887213729892972e-02
-3.165820973495255680e-02 -2.090348853266070159e-02
-3.211470934130919441e-02 -2.060810492802248040e-02
-3.256185149756871816e-02 -2.044997027099393697e-02
-3.297807338394209697e-02 -2.074535387563215816e-02
-3.339429527031546885e-02 -2.104073748027037935e-02
-3.381051715668884766e-02 -2.133612108490860748e-02
-3.422673904306221954e-02 -2.163150468954682867e-02
-3.464296092943559835e-02 -2.192688829418505680e-02
-3.501239318550389973e-02 -2.220043467550405353e-02
-3.609518811884011164e-02 -2.321551458821367528e-02
-4.368479026503795798e-02 -3.150335669374690339e-02
-4.595020041710605463e-02 -3.293632172795288998e-02
-4.691690667098725315e-02 -3.317798804785249134e-02
-4.788361292486845167e-02 -3.341965436775209269e-02
-4.885031917874967100e-02 -3.366132068765170099e-02
-4.981702543263086952e-02 -3.390298700755130235e-02
-5.062803913812601725e-02 -3.398896512482212084e-02
-5.104426102449939606e-02 -3.368016244256993169e-02
-5.146048291087276794e-02 -3.337135976031775642e-02
-5.187670479724614675e-02 -3.306255707806556726e-02
-5.229292668361951862e-02 -3.275375439581339893e-02
-5.270914856999289744e-02 -3.244495171356120977e-02
-5.312536900778051796e-02 -3.217032406644634857e-02
-5.384849308363041237e-02 -3.184375075497151292e-02
-5.468092661280646999e-02 -3.146781171036674984e-02
-5.550793539527001941e-02 -3.109811110378728552e-02
-5.580331899990823713e-02 -3.133977742368689035e-02
-5.609870260454646873e-02 -3.158144374358649864e-02
-5.638432149954952788e-02 -3.182962000787008944e-02
-5.476365368976091053e-02 -3.396891338691662016e-02
-5.574418565997165537e-02 -4.053328279325768557e-02
-5.742094879426281467e-02 -4.306087231561166184e-02
-5.850043881023960640e-02 -4.393089565181992895e-02
-5.957992882621636344e-02 -4.480091898802816136e-02
-6.065941884219314822e-02 -4.567094232423642847e-02
-6.151513340011066644e-02 -4.639856761129763224e-02
-6.170847260217277030e-02 -4.670469467288358018e-02
-6.190181180423486723e-02 -4.701082173446952811e-02
-6.209515100629697110e-02 -4.731694879605547605e-02
-6.228849020835907496e-02 -4.762307585764142398e-02
-6.263643748542863099e-02 -4.807973995091057579e-02
-6.357222057225217493e-02 -4.912781243889959709e-02
-6.457920454611665306e-02 -5.025562957271387243e-02
-6.558618851998111732e-02 -5.138344670652814083e-02
-6.660904048328157578e-02 -5.237903362155213460e-02
-6.773686529977387960e-02 -5.249986678150193875e-02
-6.886469011626618342e-02 -5.262069994145174290e-02
-6.999251493275848723e-02 -5.274153310140154705e-02
-7.099075369094823285e-02 -5.289674740954755650e-02
-7.138805290854190189e-02 -5.397514955831624051e-02
-6.969468358034033861e-02 -5.544632497369199331e-02
-6.862300742217401772e-02 -5.909425419574444033e-02
-6.995995729535206542e-02 -6.394086495287526484e-02
-7.075293321102313349e-02 -6.887733293298857473e-02
-7.097447091450180545e-02 -7.191841347100294546e-02
-7.119600861798047742e-02 -7.495949400901731619e-02
-7.142914142266644506e-02 -7.753675280529916114e-02
-7.171109570612001216e-02 -7.816107795218120435e-02
-7.199304998957359314e-02 -7.878540309906324757e-02
-7.227500427302716024e-02 -7.940972824594529078e-02
-7.259174533455600709e-02 -8.003405339282733399e-02
-7.381293983234077372e-02 -8.168000150733450981e-02
-7.469746502262684940e-02 -8.702533757649956458e-02
-8.262964880148057634e-02 -8.911256878350322375e-02
-8.513997796929120843e-02 -8.859097485509201397e-02
-8.209745991685558908e-02 -9.464512131731878108e-02
-8.091838023033535998e-02 -9.797404463988167167e-02
-8.153925957971971950e-02 -1.009852164347486980e-01
-8.228544992629936716e-02 -1.032050438353866728e-01
-8.228219829102814686e-02 -1.051392584457758184e-01
-8.083213122752831714e-02 -1.074352114076704140e-01
-7.992136301795128850e-02 -1.102704632234878523e-01
-7.916480245289080064e-02 -1.132599006446242673e-01
-7.898212683896609076e-02 -1.163858187455680260e-01
-8.200307876055952516e-02 -1.201317696268602853e-01
-8.656237256977072914e-02 -1.224231806515896775e-01
-9.381591544414621953e-02 -1.268205406806886815e-01
-9.236667399692403968e-02 -1.306548780565402190e-01
-9.039827162453696607e-02 -1.324987543065353768e-01
-8.790096296631672024e-02 -1.339317056826471453e-01
-8.540363971876856197e-02 -1.347665939438558169e-01
-8.142777779098038515e-02 -1.385813220212796792e-01
-7.937352956237553325e-02 -1.408369562889081883e-01
-7.731928133377058421e-02 -1.430925905565368084e-01
-7.640669093265155254e-02 -1.448642819158815209e-01
-7.620529721094985998e-02 -1.463345006438364071e-01
-7.600390348924818129e-02 -1.478047193717912100e-01
-7.580250976754648873e-02 -1.492749380997460129e-01
-7.553906577154922974e-02 -1.506210373440245442e-01
-7.487078779088769676e-02 -1.534277300847369241e-01
-7.576995663110298873e-02 -1.577054861823697085e-01
-7.926245611961349469e-02 -1.609400097239624683e-01
-8.351009456733905767e-02 -1.670763841218806389e-01
-7.809801480603148494e-02 -1.699935382520057214e-01
-7.677245950840407007e-02 -1.768044139101953849e-01
-7.526843234097838065e-02 -1.804084273926107596e-01
-7.345979790605894344e-02 -1.806558052792024138e-01
-7.104303227135590204e-02 -1.793668362911722824e-01
-6.755811178351664448e-02 -1.798743499660426792e-01
-6.515328083991012154e-02 -1.809631235749371569e-01
-6.450881683303645586e-02 -1.826279906332892444e-01
-6.300261347592481243e-02 -1.845787439541866359e-01
-6.208635184114991851e-02 -1.892715012460180479e-01
-5.738547946844728409e-02 -1.897458940422993012e-01
-5.079023904413581397e-02 -1.903528845842709927e-01
-4.623580875812714763e-02 -1.915385213976827372e-01
-4.130627505455378157e-02 -2.013414621080983902e-01
-3.325488218732269158e-02 -1.996594994614855345e-01
-2.865936276636704347e-02 -1.997131999840175698e-01
-2.624260737523471249e-02 -2.020494101787540797e-01
-2.422457521322867596e-02 -2.043514453383532548e-01
-2.646149882294975345e-02 -2.089644517761346798e-01
-1.799550581283354198e-02 -2.162146872188195901e-01
-8.129096869608790077e-03 -2.220043571020816064e-01
-4.313164086188446544e-05 -2.232225039047754100e-01
4.031190867649894240e-03 -2.319977388290389020e-01
8.670231495565124125e-03 -2.275572204637120455e-01
1.416857826353130553e-02 -2.257987532437267242e-01
1.740312632761157469e-02 -2.270901434393763352e-01
2.240997788198863597e-02 -2.272610384813818496e-01
2.578775018575439268e-02 -2.267023370008304506e-01
2.844618418907122331e-02 -2.257839558160725790e-01
3.184022787719116565e-02 -2.268885047721704851e-01
3.518740164196700743e-02 -2.283095974458556332e-01
3.586409192225556430e-02 -2.266662173013989923e-01
3.759488523580855474e-02 -2.246507859509518923e-01
4.073668260963658055e-02 -2.221373333011476825e-01
4.409915306749414426e-02 -2.219410602783555286e-01
4.742614252807382524e-02 -2.223314893193290009e-01
5.005870127180828133e-02 -2.212346055340608242e-01
5.612337936635718172e-02 -2.198610234104229344e-01
6.237523822826492731e-02 -2.217887442178122781e-01
6.668797177407283228e-02 -2.189195660062555893e-01
7.594571426507748524e-02 -2.094477434416511241e-01
7.926123713470047127e-02 -2.089639967132667642e-01
8.083212967547212524e-02 -2.080375886665102314e-01
8.253118403020530403e-02 -2.076380602306448775e-01
8.477706129674424107e-02 -2.082931055356380123e-01
9.248873048754407966e-02 -2.092378421240737862e-01
9.762252409494152905e-02 -2.080795065994500703e-01
1.004127861482548290e-01 -2.072336409553882375e-01
1.042796009202088953e-01 -2.066697323884811033e-01
1.065498881501036887e-01 -2.055931684950358385e-01
1.058887316239556786e-01 -2.031011095115925758e-01
1.053569697099820957e-01 -1.957202126684902399e-01
1.071333391218177306e-01 -1.896726692740174081e-01
1.101164461714687487e-01 -1.846422528508671057e-01
1.143860576991631017e-01 -1.781885400826047350e-01
1.196785149043305130e-01 -1.726714981772929369e-01
1.226242011037834839e-01 -1.689047658847561972e-01
1.263657016192245020e-01 -1.632225429874206990e-01
1.321358301841189242e-01 -1.592621252601322812e-01
1.339113725052234194e-01 -1.549282194953370828e-01
1.363297705926021508e-01 -1.531714123546272233e-01
1.453523383938285507e-01 -1.464045095517415573e-01
1.400118795059603904e-01 -1.418956510492994372e-01
1.458210394897366813e-01 -1.338991721021113024e-01
1.449633782188109454e-01 -1.290403671500934268e-01
1.399727984212813803e-01 -1.056727349161964979e-01
1.270622541830958019e-01 -9.945018042676505299e-02
1.253265838744925254e-01 -9.698293882142106082e-02
1.230278095848987147e-01 -9.422683348898228117e-02
1.192089915290655416e-01 -8.503012219219455159e-02
1.056083984631679823e-01 -7.131892525812799644e-02
9.781375634971677113e-02 -4.724570221648104196e-02
8.055871790915763997e-02 -4.027935895457895876e-02
6.356082351341163506e-02 -2.730940045429041188e-02
3.923208701716036917e-02 -1.006983973864460091e-02
2.223419262141446834e-02 -1.006983973864465122e-02
2.013967947728951928e-03 -2.497300587528164615e-03
