-3.971768255612874270e-03 -9.317489320749076584e-03
-9.574759085279143517e-03 -1.361984979185330846e-02
-1.044419422192132373e-02 -1.740897859244252416e-02
-9.542629710438038648e-03 -1.862671318356503083e-02
-9.319066843521239818e-03 -2.022758669898209322e-02
-9.383267912814281450e-03 -2.261868896251054833e-02
-9.789340778633970341e-03 -2.719823209546668938e-02
-1.019473690833365420e-02 -2.935973094694640725e-02
-1.770456429442242990e-02 -3.524064759595695734e-02
-1.780529948523324607e-02 -3.577609521956948840e-02
-7.744772915830046810e-03 -3.667588522905080445e-02
-7.586572558609891610e-03 -3.728396346554688212e-02
-7.583271785363365422e-03 -3.763891410016581562e-02
-7.636505882025928886e-03 -3.816234249466683714e-02
-8.026039171791331597e-03 -3.986846230450696166e-02
-9.199547840170919574e-03 -4.304575393689846763e-02
-1.621293659831062745e-02 -5.083816371337977064e-02
-1.648494258214599356e-02 -5.277288064586011657e-02
-1.629541302507379538e-02 -5.499512918781847282e-02
-1.589882291040901202e-02 -5.601568822316196905e-02
-1.539152511367358582e-02 -5.671871398307581219e-02
-1.396790794463416245e-02 -5.869844471004743297e-02
-1.412265600444951620e-02 -6.210771167517480790e-02
-1.449361382062047676e-02 -6.488857276174536670e-02
-1.204279874118757351e-02 -7.395099292096127264e-02
-1.236958128837900399e-02 -7.609723856258185370e-02
-1.264431504689065601e-02 -7.807659147864252913e-02
-1.281752737900257802e-02 -8.007074426037533166e-02
-1.270465585626998767e-02 -8.234530164339305680e-02
-1.194145192740769454e-02 -8.440510161686889945e-02
-1.045765505994847300e-02 -8.622334916676335781e-02
-2.291664662162148144e-03 -9.048866696474372473e-02
-1.320089462417779833e-03 -9.602503259302229421e-02
-8.067189165469215804e-04 -9.809504006470863569e-02
8.814360066733985775e-04 -1.000429542690095819e-01
1.268806924711476589e-03 -1.021178352050964439e-01
1.088822357722869479e-03 -1.042724895014253000e-01
-3.078394476645460003e-03 -1.113227622283247120e-01
-3.484429669588887200e-03 -1.134782105794750195e-01
-4.147649341284813558e-03 -1.194238358878521866e-01
-4.601701073187640552e-03 -1.238308141569409021e-01
-4.977736578266655880e-03 -1.267310589489708816e-01
-5.792050334253991649e-03 -1.305181338778557132e-01
-1.047912680093378464e-02 -1.402778318876727048e-01
-1.371416495937907709e-02 -1.441516804631038928e-01
-1.382763516103648407e-02 -1.448041016986089669e-01
-1.389076325370484748e-02 -1.453435960477146571e-01
-1.794853684417082110e-02 -1.520781177109849502e-01
-1.878114329023667164e-02 -1.574902476234176230e-01
-1.881289353811768997e-02 -1.579058522532303388e-01
-1.885095727225139309e-02 -1.584109943741758841e-01
-2.284687405997416765e-02 -1.684935640156050296e-01
-2.384834484587300754e-02 -1.719269276722613093e-01
-2.417476086479237660e-02 -1.743750763757388467e-01
-2.454913405747525396e-02 -1.793381759988606217e-01
-2.443126016553866242e-02 -1.821103803495066342e-01
-2.223318819545766489e-02 -1.864352256905728034e-01
-2.270681194175427561e-02 -1.909825059117634949e-01
-2.248427744981650045e-02 -1.923904048588758187e-01
-2.006649187031811152e-02 -1.985911125850078618e-01
-2.052313153866271167e-02 -2.026803455868068371e-01
-1.908696321334957952e-02 -2.048732010384683999e-01
-1.436307420501417055e-02 -2.107161991161808079e-01
-1.293811742279660573e-02 -2.124147733167854046e-01
-1.060537434367744836e-02 -2.152491228197212225e-01
-8.692140737829119959e-03 -2.177051384826044489e-01
-7.048419207411713884e-03 -2.200770535631473568e-01
-6.252353816889885153e-03 -2.246754718805238360e-01
1.711491757846802337e-03 -2.252528320516361260e-01
4.773126830876738870e-03 -2.274422999684016511e-01
7.428195407852321644e-03 -2.306447160079957703e-01
9.720135313307591216e-03 -2.336999530814603265e-01
1.106468361175967641e-02 -2.352569357948065543e-01
1.497512731304020614e-02 -2.370419817179440225e-01
2.048780531621099271e-02 -2.392718677911036818e-01
2.634921172440081102e-02 -2.441016872666177673e-01
2.709749423166511392e-02 -2.434585702092737225e-01
3.050467648981696617e-02 -2.402646905509618902e-01
3.793293832704877633e-02 -2.399541613801957074e-01
4.121102486227320311e-02 -2.428144115727840779e-01
5.116741482714934341e-02 -2.446517552967859277e-01
5.266573051456194254e-02 -2.448791563411865102e-01
5.342356393713106055e-02 -2.450441948615151577e-01
5.481218618769791162e-02 -2.455426728686571081e-01
5.645135978055944304e-02 -2.471348370328340094e-01
6.102461442863539587e-02 -2.461500684790251248e-01
6.312391155819264965e-02 -2.459867370701538103e-01
6.536109124525198155e-02 -2.464054835017492062e-01
6.828282972786878235e-02 -2.465714827367904705e-01
7.403879461295963249e-02 -2.440240605492872417e-01
7.676030938883827981e-02 -2.443070914811302785e-01
7.933885849528199419e-02 -2.446649001903223319e-01
8.386745491841170186e-02 -2.450372163898675570e-01
9.300274229331480236e-02 -2.429382670508236086e-01
9.629849692347766665e-02 -2.434454596431954443e-01
9.773181304509179212e-02 -2.436463715366816163e-01
1.082555925545981568e-01 -2.379272327364704009e-01
1.094072743772978029e-01 -2.382286042624486844e-01
1.103071100107722025e-01 -2.385017521605985180e-01
1.123362618584842626e-01 -2.390808992201588490e-01
1.258669282981337845e-01 -2.312310094918715864e-01
1.274354903984190324e-01 -2.299794352319732837e-01
1.282444347373074833e-01 -2.293353313193366716e-01
1.346183564648516517e-01 -2.208756608787187659e-01
1.350347768547790761e-01 -2.209637355952538684e-01
1.411910473942608601e-01 -2.150521195916199335e-01
1.417672534236552595e-01 -2.151199123190823959e-01
1.422067266044547140e-01 -2.151986570037461854e-01
1.428631634244683368e-01 -2.153320484235487220e-01
1.490944512062974403e-01 -2.091676608276083205e-01
1.498206992344322530e-01 -2.093553686577244999e-01
1.506592929459277530e-01 -2.095861339375036103e-01
1.520819538982812746e-01 -2.098761080285869718e-01
1.535533231440307234e-01 -2.090979019774543701e-01
1.539016265827463370e-01 -2.039143306253764221e-01
1.572080985839750256e-01 -2.002342114190122369e-01
1.570417586207754068e-01 -1.992321820470926430e-01
1.555837688833754673e-01 -1.974751141430273749e-01
1.551321005949739262e-01 -1.962393954607784263e-01
1.550348948952026962e-01 -1.953797821098502141e-01
1.550034858051225206e-01 -1.945299239019415982e-01
1.549999290054515366e-01 -1.941413332600850083e-01
1.670222489430737423e-01 -1.796230685024321760e-01
1.670592295112696135e-01 -1.792556941195378728e-01
1.670761019217288090e-01 -1.790391474837984276e-01
1.670978799432175088e-01 -1.786922071518852184e-01
1.671130073960530871e-01 -1.783984436830667875e-01
1.671380857813111742e-01 -1.778556712473414736e-01
1.672094769424150584e-01 -1.767535224068452482e-01
1.716266038648948111e-01 -1.680610146449765807e-01
1.716735278607169624e-01 -1.675339082550633130e-01
1.717612030099031628e-01 -1.668244791934139493e-01
1.758947931586556657e-01 -1.602940318548323195e-01
1.759317593908128197e-01 -1.600553305340640942e-01
1.760900117258373532e-01 -1.582196243359126619e-01
1.809377071024052819e-01 -1.469822759933611944e-01
1.813245318746662949e-01 -1.433827624870175066e-01
1.818578125578965143e-01 -1.384508358404641648e-01
1.822602542736352638e-01 -1.350850089921340202e-01
1.831700938778233478e-01 -1.258614315728120436e-01
1.810415360902251913e-01 -1.231675598510036801e-01
1.810155368899573625e-01 -1.167917132181355427e-01
1.815189931246729838e-01 -1.129715614143710217e-01
1.811706443754849682e-01 -1.077730828223529974e-01
1.793341701833569002e-01 -1.048990024839749208e-01
1.793958928867627201e-01 -1.025805836263432719e-01
1.796497119840272660e-01 -1.009352441455303173e-01
1.797215587035038697e-01 -9.945848600739060075e-02
1.770545187300564816e-01 -9.283701970103244716e-02
1.769789658574757452e-01 -8.704249547641103313e-02
1.758400404904749970e-01 -8.556694272364705200e-02
1.748084933104542826e-01 -8.435958623645203880e-02
1.729286442060439244e-01 -8.222772253223814554e-02
1.712713685452950108e-01 -8.025459025975807681e-02
1.689439558122564355e-01 -7.637237371227330318e-02
1.716793021320302259e-01 -6.543584833794370559e-02
1.712652685518178952e-01 -5.996252493849523607e-02
1.683392494401978468e-01 -5.348763006826499911e-02
1.667823949711879639e-01 -5.163203154210430773e-02
1.651920720856570046e-01 -4.976370288283873955e-02
1.646265180628626035e-01 -4.906814704568270707e-02
1.618057677658243099e-01 -3.737213676065347101e-02
1.602225404767216588e-01 -3.527663156242975134e-02
1.568508002090367448e-01 -3.107361717721664543e-02
1.543843102516828658e-01 -2.806460570460048154e-02
1.516527967429683599e-01 -2.471366549629008813e-02
1.487856724186627511e-01 -2.112993449302744131e-02
1.435055032429557176e-01 -1.476251765938665222e-02
1.302253140038323598e-01 -5.211153273018818109e-03
1.250397649855445326e-01 1.387308688147109682e-03
1.135066982100036287e-01 3.035151763466963949e-03
1.096215660468243952e-01 5.755820573079829285e-03
1.074182456494335858e-01 8.585653967288621111e-03
1.049013575869620768e-01 1.206025188386746112e-02
1.028018338142873689e-01 1.435289776938666190e-02
9.649297933975675701e-02 1.198835353005764381e-02
9.100755784325931241e-02 1.396537522825888958e-02
8.898940889793598152e-02 1.609888365675903737e-02
8.523583381925708968e-02 1.675748112730924069e-02
8.088565613749278127e-02 1.947053641979304417e-02
8.013233197163484312e-02 2.023358435660919247e-02
7.824208995961057234e-02 2.094034154151231883e-02
7.529131431357857784e-02 2.122475017365589578e-02
7.361973220245765503e-02 2.155040799173704724e-02
7.170644225881123157e-02 2.369037170247245694e-02
7.016151241523141402e-02 2.523534882307463048e-02
6.858747160870122539e-02 2.553054058098068804e-02
6.444060367655302102e-02 2.595485774109941579e-02
5.747997598280864956e-02 2.661856331627998271e-02
4.257292143776873761e-02 1.829053106141747403e-02
4.191105354528451565e-02 1.847792406842808932e-02
3.318743667204515635e-02 1.619849117686466416e-02
3.109154931587090887e-02 1.639436337591772958e-02
2.990822638628142655e-02 1.661848060930349452e-02
2.823595983694699579e-02 1.737724921495030841e-02
2.768795433698156838e-02 1.845181410635830105e-02
2.749413387498368666e-02 1.947559910843668987e-02
2.026229774471171793e-02 1.633399382589374033e-02
1.401447815891183543e-02 1.104085750323108642e-02
