-1.433979497847719803e-02 -1.600317268578896335e-02
-2.747500866857071830e-02 -3.562008923672895649e-02
-2.801848978858221054e-02 -3.534834867672321385e-02
-2.842001688471010659e-02 -3.514758512865926582e-02
-2.882154398083799571e-02 -3.494682158059532473e-02
-2.922307107696589176e-02 -3.474605803253137670e-02
-2.962459817309378088e-02 -3.454529448446742868e-02
-2.994162637067728991e-02 -3.462843382708197248e-02
-3.010414229663677804e-02 -3.523070988408002341e-02
-3.026665822259626271e-02 -3.583298594107806739e-02
-3.042917414855575431e-02 -3.643526199807613219e-02
-3.059169007451523897e-02 -3.703753805507417618e-02
-3.075420600047472711e-02 -3.763981411207222710e-02
-3.108570940934556048e-02 -3.805281985625506153e-02
-3.172621850125428855e-02 -3.811973131414718441e-02
-3.236672759316301662e-02 -3.818664277203930729e-02
-3.300723668507174469e-02 -3.825355422993143711e-02
-3.364774577698047275e-02 -3.832046568782356000e-02
-3.428825486888920082e-02 -3.838737714571568288e-02
-3.491862512439034699e-02 -3.836303907593955481e-02
-3.553045579331762238e-02 -3.817184472699861747e-02
-3.614228646224489083e-02 -3.798065037805768013e-02
-3.675411713117217316e-02 -3.778945602911674279e-02
-3.736594780009944161e-02 -3.759826168017580544e-02
-3.797777846902672394e-02 -3.740706733123486116e-02
-3.847807678038186324e-02 -3.715165691365342193e-02
-3.877443020931938683e-02 -3.677882282770075784e-02
-3.907078363825691042e-02 -3.640598874174810762e-02
-3.936713706719443401e-02 -3.603315465579545046e-02
-3.966349049613195760e-02 -3.566032056984279330e-02
-3.995984392506948119e-02 -3.528748648389013615e-02
-4.036435181847285170e-02 -3.504984032143107497e-02
-4.096662787547090262e-02 -3.505939493336029944e-02
-4.156890393246895354e-02 -3.506894954528952391e-02
-4.217117998946701141e-02 -3.507850415721874143e-02
-4.277345604646506233e-02 -3.508805876914796590e-02
-4.337573210346312019e-02 -3.509761338107719036e-02
-4.363665014444347012e-02 -3.530995503533550933e-02
-4.057148054011578547e-02 -4.273953448506297159e-02
-4.255879561777647924e-02 -5.086024559887658558e-02
-4.485056045896157473e-02 -5.300903472323155452e-02
-4.637057522575363522e-02 -5.417055461556169460e-02
-4.789058999254571652e-02 -5.533207450789184162e-02
-4.931326839353559338e-02 -5.639625803441978419e-02
-5.043177065139355097e-02 -5.715626541781581443e-02
-5.155027290925152245e-02 -5.791627280121185856e-02
-5.266877516710948698e-02 -5.867628018460788880e-02
-5.374903775951415247e-02 -5.931114005419622220e-02
-5.495241847764571058e-02 -5.961647300599889898e-02
-5.623343666146315978e-02 -5.994150485791786831e-02
-5.745651627971101738e-02 -6.016920034403462625e-02
-5.825954129757922317e-02 -5.969120717808539672e-02
-5.906256631544744978e-02 -5.921321401213615332e-02
-5.986559133331565558e-02 -5.873522084618691685e-02
-6.139863909470043984e-02 -5.782268843846562895e-02
-6.381742148373287238e-02 -5.613522771625088087e-02
-6.626373211761861504e-02 -5.467371997354987523e-02
-6.729622098732289392e-02 -5.544803739404906978e-02
-6.545609445226106826e-02 -5.851271132847884332e-02
-6.543479007675608028e-02 -6.128668039323723060e-02
-6.824320856778258448e-02 -6.290244969937816566e-02
-7.499728351098396140e-02 -6.208507088282543690e-02
-7.747140271433082537e-02 -6.236371427974474885e-02
-7.902009590410437323e-02 -6.266963690780527618e-02
-8.047686030395356793e-02 -6.317911542644916167e-02
-8.149020348181494622e-02 -6.467045177025977643e-02
-8.250354665967633838e-02 -6.616178811407041893e-02
-8.341511189224604106e-02 -6.752836181023662288e-02
-8.438809893544675644e-02 -6.929739235195277181e-02
-8.104156859048476658e-02 -7.486997267213431340e-02
-8.175131601871243880e-02 -7.826109297424399536e-02
-8.318906166477375852e-02 -8.055658462242309970e-02
-8.499588983576789047e-02 -8.296570343760904798e-02
-8.679518571033488505e-02 -8.535773004000456188e-02
-8.807783206073137305e-02 -8.622439441664990489e-02
-8.946101747636553414e-02 -8.737041151093051516e-02
-9.079942168053348195e-02 -8.878525261053223094e-02
-9.308160671372736616e-02 -8.967577102734174133e-02
-9.473979462165026122e-02 -9.202151025367631687e-02
-9.538985832548821375e-02 -9.649551928510818888e-02
-9.467712015417113769e-02 -9.951467388133163061e-02
-9.616379721567595851e-02 -1.036306298534588055e-01
-1.017871772171960176e-01 -1.059865836517323162e-01
-1.085218525187716110e-01 -1.082194255127853916e-01
-1.103524005719507400e-01 -1.098583495578611818e-01
-1.115534656835779348e-01 -1.131719961686879355e-01
-1.097609913112682634e-01 -1.158194774659550980e-01
-1.059406671440224212e-01 -1.223187254056537637e-01
-1.059904802006176316e-01 -1.278086034096526657e-01
-1.069655757563745396e-01 -1.302941737074662099e-01
-1.077633865155188525e-01 -1.320443036663986325e-01
-1.082222704576096400e-01 -1.323884447421760646e-01
-1.086811543997004276e-01 -1.327325858179534968e-01
-1.092122688209807985e-01 -1.331686657031418419e-01
-1.105844711111125672e-01 -1.344232574909456357e-01
-1.163453013772712402e-01 -1.393712194776844104e-01
-1.213627930021685675e-01 -1.431389979206993956e-01
-1.219693797959482129e-01 -1.472781123890688770e-01
-1.228581412663062727e-01 -1.502549837939254340e-01
-1.238332408003887664e-01 -1.520539706852058470e-01
-1.256687328071706133e-01 -1.526275537320286868e-01
-1.274781548464414549e-01 -1.532246049214346095e-01
-1.349974156268325953e-01 -1.561160227769535225e-01
-1.416667654963131295e-01 -1.606561303617511094e-01
-1.438561123238246975e-01 -1.633360586614122367e-01
-1.434115821804184121e-01 -1.640530484103361331e-01
-1.429670520370121267e-01 -1.647700381592599739e-01
-1.417577285845397772e-01 -1.651973350803358220e-01
-1.403667667211642434e-01 -1.655558299547977563e-01
-1.389758048577886818e-01 -1.659143248292596906e-01
-1.375848429944131479e-01 -1.662728197037215971e-01
-1.368312088885926814e-01 -1.666081342011505317e-01
-1.357929543200357969e-01 -1.671766940962225723e-01
-1.346166153122739240e-01 -1.685546646637513246e-01
-1.339665516084359576e-01 -1.705431325717572111e-01
-1.321545999434792507e-01 -1.715512644378024976e-01
-1.300917718259911593e-01 -1.724900717704747066e-01
-1.277973812899247386e-01 -1.734078396546563094e-01
-1.271955967771536411e-01 -1.760838246969429477e-01
-1.268705649252346579e-01 -1.778428360467096958e-01
-1.262332424721137047e-01 -1.785798093670466768e-01
-1.252772561402152318e-01 -1.782738867389861703e-01
-1.243212698083167311e-01 -1.779679641109256083e-01
-1.235166997266704536e-01 -1.775768752570413833e-01
-1.206958868359791215e-01 -1.756697308070418739e-01
-1.077327436837744040e-01 -1.658306243953933112e-01
-9.471971321289696100e-02 -1.639643653447016847e-01
-8.988476705713457915e-02 -1.640231760476451583e-01
-8.856548666401888037e-02 -1.658873756517960374e-01
-8.729545705748333051e-02 -1.675151804979000958e-01
-8.516447447637821855e-02 -1.685050502287442353e-01
-8.152246151374405170e-02 -1.719645438023778283e-01
-7.755656776139137343e-02 -1.761204715587111613e-01
-8.010006336368931390e-02 -1.849022097575827306e-01
-7.552928023647020872e-02 -1.902667784625338421e-01
-7.112538698316528407e-02 -1.919301853442331729e-01
-6.826786799785818094e-02 -1.917100354156288655e-01
-6.166113432075428363e-02 -1.894521606039320516e-01
-5.662395882497066324e-02 -1.919342538451906666e-01
-5.481973778333842223e-02 -1.940061445883448643e-01
-5.026401659675675676e-02 -1.941978981130475790e-01
-4.218159465644798212e-02 -1.917737301762733049e-01
-3.798799922947206087e-02 -2.014865769110971705e-01
-3.255566019034031311e-02 -2.010323378851364418e-01
-2.909964455733399236e-02 -1.983086356271070994e-01
-1.714983662633946457e-02 -1.957599072005657970e-01
-1.354890827398287818e-02 -2.052659154841686429e-01
-9.286945763989612468e-03 -2.038713275980470474e-01
-2.887097393941473120e-03 -2.001835612390517882e-01
4.741684037387983684e-03 -2.076402137837173867e-01
9.391283098736333615e-03 -2.055075527912545441e-01
1.067405439802501452e-02 -2.053823906902530472e-01
1.119026601169113497e-02 -2.052102763907829586e-01
1.179774041411079354e-02 -2.029002497090874324e-01
1.307963117733830678e-02 -1.948821453583941821e-01
1.741285522322497462e-02 -1.848651618216579917e-01
2.629827831144830250e-02 -1.815852949522938908e-01
2.977980385213152906e-02 -1.806240970138885127e-01
3.287720481887231039e-02 -1.796776652939192642e-01
3.605803392519549289e-02 -1.788563757833236401e-01
3.932750542982513253e-02 -1.781680498701874171e-01
4.219373385389419556e-02 -1.786477815644141320e-01
4.463151650486792826e-02 -1.803685744664639823e-01
4.695805456381953874e-02 -1.814914303386125083e-01
4.954560525949309319e-02 -1.820626984419852490e-01
5.139672633932516888e-02 -1.842255345919190934e-01
5.317080051380152633e-02 -1.841942287059116501e-01
5.795477238393626634e-02 -1.791677792179217354e-01
6.791908112187831914e-02 -1.707449527336254991e-01
7.407446359535481417e-02 -1.727913388735368705e-01
8.135635610669569862e-02 -1.668823816956518102e-01
8.260203998149469318e-02 -1.650800876370532022e-01
8.375212528204203921e-02 -1.634622352354360708e-01
8.642887534160274832e-02 -1.623533167638949171e-01
8.907821621138678481e-02 -1.613540768975520179e-01
9.144269688748189739e-02 -1.604063905315718797e-01
9.289579857558251386e-02 -1.594376355427135350e-01
8.566505127052376212e-02 -1.555302806410565619e-01
7.972229748012875372e-02 -1.533633830627440242e-01
7.662720968869338178e-02 -1.428266958265568265e-01
7.631091512381545094e-02 -1.336538413675582015e-01
7.876687165010051728e-02 -1.321144141400914795e-01
8.328381035080564820e-02 -1.300326571495045158e-01
8.272062885722400449e-02 -1.286004334193450449e-01
8.199175452369089623e-02 -1.250887893018212682e-01
7.303967238023147124e-02 -1.234879420318682475e-01
6.744049032302031066e-02 -1.212214121518590954e-01
7.239136886444338947e-02 -1.139825119315829027e-01
8.241239349589428442e-02 -1.098619523737080217e-01
8.376354690743040288e-02 -1.090525478897577671e-01
8.032894969526223339e-02 -1.075224122626957518e-01
6.835128552857261397e-02 -9.598798130527393113e-02
4.685205605712620958e-02 -8.547042627882650567e-02
1.566426708647185306e-02 -5.834474642258634380e-02
7.178008853055441868e-03 -3.785877614212804221e-02
5.863986480245016349e-03 -2.462681134212856698e-02
3.154772399897525382e-03 -1.892854687622243237e-02
5.735917991390844517e-03 -7.227225160813984840e-03
1.433979497847724140e-03 -9.750955557569314022e-04
