-5.950587686419026023e-03 2.730727380381228753e-03
-1.058576358123831246e-02 5.388312769478144533e-03
-1.216163327945930968e-02 7.349932299135876652e-03
-1.344768713897060569e-02 9.288429232142769373e-03
-1.464798880331950881e-02 1.126409523458320183e-02
-1.581163109373990780e-02 1.327126741426289461e-02
-1.698541847438877692e-02 1.533224842205095639e-02
-1.818383187786887581e-02 1.741363168463612790e-02
-1.950015401042177673e-02 1.959923135906797495e-02
-2.330522784885991072e-02 2.261875340477212740e-02
-2.895604461319792322e-02 2.473863857084411186e-02
-3.495584558567226691e-02 2.732452410309500410e-02
-3.816258818134141834e-02 2.988794197808150588e-02
-3.994426653185471215e-02 3.332316155501280353e-02
-4.157235567659689490e-02 3.647595988187193189e-02
-4.479635372825562650e-02 3.906669118479581815e-02
-4.917898928465498642e-02 4.182369144549770434e-02
-5.344065237823971554e-02 4.476596120985821409e-02
-5.632451224004567797e-02 4.789519486480128124e-02
-5.852322257656182580e-02 5.169557749988222539e-02
-6.029220588629299882e-02 5.569216409037169857e-02
-6.162115185790224825e-02 6.019347487328205459e-02
-6.093999886386741727e-02 6.759525163127981517e-02
-6.242991913013588162e-02 7.111947093476514437e-02
-6.404342488439374037e-02 7.389155463557565973e-02
-6.684292424921425835e-02 7.635511136278573530e-02
-7.236563920860009103e-02 7.660452251804741874e-02
-7.398776965512129933e-02 7.960751383672848291e-02
-7.576642399837774100e-02 8.296179038333549582e-02
-7.769923222344277125e-02 8.547876197963509559e-02
-7.991856401916355712e-02 8.739764158859475440e-02
-8.153978089677932362e-02 9.159878403363178045e-02
-8.158617197970952084e-02 1.001748225046399238e-01
-8.106256493440683331e-02 1.102068065601881502e-01
-8.209300942098039788e-02 1.120135407688071377e-01
-8.307335932840467785e-02 1.134877057353096269e-01
-8.403769250811508884e-02 1.147469085745636691e-01
-8.506929089679250711e-02 1.152820813040534575e-01
-8.686721177430099805e-02 1.148648272873448450e-01
-8.904255894836084206e-02 1.140844687143064140e-01
-9.436629180625111246e-02 1.091094472484673422e-01
-9.984074714253153571e-02 1.042698560682933789e-01
-1.019870684715467879e-01 1.043272062138785733e-01
-1.040029350152072568e-01 1.045501659569289393e-01
-1.062885184482879886e-01 1.042822397180940691e-01
-1.086464788981079538e-01 1.048798988313790481e-01
-1.140273595374537985e-01 9.939548758970187525e-02
-1.177183310865354271e-01 9.770283397132897840e-02
-1.214060215062329334e-01 9.693181676299399141e-02
-1.248216707000174008e-01 9.669171560431961965e-02
-1.283613804897979771e-01 9.610256733033971377e-02
-1.319752539472131003e-01 9.610165474474069436e-02
-1.355952490200593719e-01 9.639744176429035361e-02
-1.388982361483025729e-01 9.630126041244393975e-02
-1.441747217566323458e-01 9.934279576656303290e-02
-1.478362888083933346e-01 1.003958649736468450e-01
-1.505072926014545398e-01 9.908658304929156280e-02
-1.532955046215527806e-01 9.765597631844313842e-02
-1.558497454574370722e-01 9.654290353473390929e-02
-1.593361420818727725e-01 9.697775958149304487e-02
-1.627890298597872987e-01 9.672551796989882489e-02
-1.659789605586806382e-01 8.608324979596339299e-02
-1.695411282093605421e-01 8.275026764389664669e-02
-1.733209004586203084e-01 8.050125810307773300e-02
-1.768092630281763167e-01 7.710407967907421944e-02
-1.806593058802509477e-01 7.253802575043458156e-02
-1.853483993829048715e-01 6.997320701836338974e-02
-1.893550570458420457e-01 6.613895634469654783e-02
-1.941948423450298444e-01 6.384721220148566190e-02
-1.988293820041733273e-01 6.123183475961083144e-02
-2.026605023453447174e-01 5.765762850794563243e-02
-2.072248516947204355e-01 5.512153025394662259e-02
-2.112193831407184197e-01 5.202674597287441915e-02
-2.153955552023899822e-01 4.887128086155678730e-02
-2.209019064964933554e-01 4.656562581280750124e-02
-2.281411605398478981e-01 4.524657573446162762e-02
-2.313020206901107156e-01 4.249882032185648556e-02
-2.334429595341072361e-01 3.856897892507717140e-02
-2.379722907754228678e-01 3.557968915218973766e-02
-2.432641705716517000e-01 3.302621530436244957e-02
-2.459274577918755256e-01 2.973887536479820695e-02
-2.503709550514356952e-01 2.718265474242047980e-02
-2.559781604102800423e-01 2.473314050116800708e-02
-2.631635784561553448e-01 2.292449440003227132e-02
-2.682201175037775553e-01 2.089886592468070958e-02
-2.728861270509268522e-01 1.896272776312231401e-02
-2.773863863395263363e-01 1.715494871968535270e-02
-2.825419144091586565e-01 1.528840150454780639e-02
-2.851423006676960248e-01 1.367608887667792067e-02
-2.852148011976579078e-01 1.176084559585378365e-02
-2.848205277117109580e-01 9.526939621966374130e-03
-2.862863151603486367e-01 7.658932874987181040e-03
-2.895603543359757115e-01 5.573827084706698201e-03
-2.898646843161051256e-01 4.063278164632229753e-03
-2.924044577337970297e-01 2.189461640107437726e-03
-2.965737674543783009e-01 5.342876877122257513e-05
-3.211969060405818199e-01 -2.383903525479270490e-03
-3.212974860215389028e-01 -3.265259710660513900e-03
-3.210917421449447362e-01 -3.982990681581126229e-03
-3.207226456343431620e-01 -4.787930008973173036e-03
-3.203219366909709209e-01 -5.624034586239749431e-03
-3.200647557038239777e-01 -6.438263051625158634e-03
-3.201206911725607562e-01 -7.261968814385851012e-03
-3.205183757903531383e-01 -8.196566220137041156e-03
-3.208742034993480874e-01 -9.083729767656752857e-03
-3.208687380297847169e-01 -9.791446829850641853e-03
-3.190232069945014293e-01 -1.088929157725653830e-02
-3.171728706448083690e-01 -1.200140859607145248e-02
-3.166212958797181010e-01 -1.292761283308435476e-02
-3.161243111837296338e-01 -1.394186278038882405e-02
-3.156676990608623945e-01 -1.494156799850162795e-02
-3.151837685772370112e-01 -1.596570371671197572e-02
-3.134520559132232265e-01 -1.719590378955533280e-02
-3.063566796093242783e-01 -1.757296704182428546e-02
-2.931294122309944239e-01 -1.713656430994960761e-02
-2.920009645228123785e-01 -1.899594971318082845e-02
-2.913477887205747074e-01 -2.062099667763631766e-02
-2.905553485222164278e-01 -2.220501013859480302e-02
-2.895399307979164560e-01 -2.361464206138645314e-02
-2.882156198446774731e-01 -2.489545728441868930e-02
-2.865073371549166636e-01 -2.605965610003705898e-02
-2.844090113460217006e-01 -2.711599103034846928e-02
-2.819571058782903705e-01 -2.809561281454982587e-02
-2.791487013493341718e-01 -2.900566812740090761e-02
-2.749840206588168301e-01 -2.998124852985370806e-02
-2.697816235910787674e-01 -2.998394400988176750e-02
-2.652307278724923556e-01 -3.028435072692025470e-02
-2.620265976246345385e-01 -3.132825335783815529e-02
-2.573788344900397873e-01 -3.174856168355671970e-02
-2.503130724109151606e-01 -3.124217866364946417e-02
-2.459330550080808531e-01 -3.183096134669496924e-02
-2.400814384949712665e-01 -3.236849763526197798e-02
-2.361767072450989546e-01 -3.454893520076664920e-02
-2.329523949454206655e-01 -3.677348667222920392e-02
-2.298333263800180770e-01 -3.931709537855996445e-02
-2.271327125652103096e-01 -4.232338409913113247e-02
-2.200408121908077330e-01 -3.993203446663531192e-02
-2.124956069775950085e-01 -3.721496200944791888e-02
-2.066781972820559143e-01 -3.666591706006164242e-02
-2.021333528648362465e-01 -3.801433211277643887e-02
-1.980319013986144572e-01 -4.291964383808870992e-02
-1.923388564578300264e-01 -4.149045902646243678e-02
-1.871702210978483105e-01 -4.106067872640718763e-02
-1.826660734462530744e-01 -4.181474636942436596e-02
-1.776325263281480771e-01 -4.138153889438050265e-02
-1.728079148488703143e-01 -4.122455374896635133e-02
-1.681925765529679873e-01 -4.166407603184693609e-02
-1.634731361697852603e-01 -4.228983525530618376e-02
-1.586972176847408211e-01 -4.225647436299443532e-02
-1.539367724435492524e-01 -4.336799021182686370e-02
-1.492152187609213088e-01 -4.491047985936278547e-02
-1.447760701306800013e-01 -4.493668872050211871e-02
-1.403021029148462939e-01 -4.358064114829008490e-02
-1.353467823429611860e-01 -4.478020496067761785e-02
-1.307651467426450553e-01 -4.527960985208417249e-02
-1.264014973786787843e-01 -4.536591425111225623e-02
-1.224553313091583107e-01 -4.442949277263180674e-02
-1.176908917333256560e-01 -4.564927228598284620e-02
-1.134937504586884804e-01 -4.466647533533359832e-02
-1.098757572589719317e-01 -4.295214728348665384e-02
-1.059107852965968793e-01 -4.215141670773018406e-02
-1.017334390642658792e-01 -4.140028663244520180e-02
-9.827374504491144525e-02 -3.961401816450268315e-02
-9.402674886961034928e-02 -3.895061423560984559e-02
-9.058130696855330732e-02 -3.593874475788378514e-02
-8.665707424285654104e-02 -3.434075096408923528e-02
-8.191361536242314223e-02 -3.382138898217148387e-02
-7.791966766253964616e-02 -3.270463604068349350e-02
-7.375743692192604506e-02 -3.184255778698200090e-02
-7.007353037532348949e-02 -3.068325924117829007e-02
-6.665750157771203888e-02 -2.939951766016275780e-02
-6.335908665414044516e-02 -2.804473010188721430e-02
-6.017971992107518098e-02 -2.672142343239298015e-02
-5.693955705973736958e-02 -2.543562557138056082e-02
-5.381853024402168811e-02 -2.436152832912921729e-02
-4.453453341616837174e-02 -2.603069608246004127e-02
-4.268798127715506957e-02 -2.509520700280970518e-02
-3.807131615470565889e-02 -2.518647422132056640e-02
-3.455216898197318448e-02 -2.500875619811780345e-02
-2.275270868521529419e-02 -2.798279859979513687e-02
-2.328616982383083928e-02 -2.593662241490072434e-02
-2.340724105078219666e-02 -2.448350713291686312e-02
-2.322280186262083365e-02 -2.347751916029392968e-02
-2.302519302736009271e-02 -2.229057789622963803e-02
-2.351661053450126299e-02 -2.034114593241697494e-02
-2.325434516281578781e-02 -1.899266057696229540e-02
-2.230340383691179623e-02 -1.794387713340718504e-02
-2.048181922064084420e-02 -1.689590800736442966e-02
5.008286330823353769e-03 -2.018103756018325284e-02
4.580703669465641982e-03 -1.885017835082477416e-02
4.223700260658132602e-03 -1.779356766396779366e-02
3.956439405955927691e-03 -1.678409334466823832e-02
3.912785973372049850e-03 -1.582235142141564035e-02
4.146097439080835556e-03 -1.489360829535024341e-02
4.365870889016147151e-03 -1.392910818427043652e-02
3.988038250592162645e-03 -1.267697099076079033e-02
3.702043717147174891e-03 -1.144653308904887770e-02
3.821571569208391528e-03 -1.020258561085748104e-02
4.287087243424441384e-03 -8.970513138608806128e-03
