-2.014052738703406287e-03 2.929205542066876458e-03
-4.209827336275217061e-03 6.011914815751112640e-03
-5.568657285924483169e-03 8.951240982032796292e-03
-5.377457645977120303e-03 1.191330249162362437e-02
-4.640773328421259752e-03 1.501227462405123683e-02
-6.065582533640872728e-03 1.773427343528729064e-02
-7.974046364676919130e-03 2.056094241724238172e-02
-9.990285509691486723e-03 2.346587126652477720e-02
-1.205025137352806232e-02 2.643936580352200874e-02
-1.416089143180576833e-02 2.945872280976746804e-02
-1.656706581813512796e-02 3.242141547826235537e-02
-2.461887828154004851e-02 3.579807657319037523e-02
-2.718768996237765426e-02 3.918326787444461473e-02
-2.957718211901326499e-02 4.268746679079983564e-02
-3.208606116901925598e-02 4.617329928116933879e-02
-3.460143324733093440e-02 4.970697956118388938e-02
-3.423090853232661074e-02 5.590158507861805320e-02
-3.772916548403536241e-02 5.892893316525800451e-02
-4.766643438447697168e-02 6.071631164785543794e-02
-5.074397609103526580e-02 6.412447903486796774e-02
-5.334776650645975393e-02 6.791456639106295545e-02
-5.588572956136077935e-02 7.156879659289323847e-02
-5.857861591650886934e-02 7.513877909102317787e-02
-6.226663468929186096e-02 7.796254251638783106e-02
-6.883972664244533690e-02 7.954061113950219863e-02
-7.704505830818514367e-02 8.055506626579511664e-02
-8.462878529576110809e-02 8.208499203330694993e-02
-9.026897438668834983e-02 8.489891598052609623e-02
-9.380836594687262664e-02 9.029861614588279017e-02
-1.001635473487494099e-01 9.229207502551385611e-02
-1.045555672079267889e-01 9.624944731297124800e-02
-1.084151406077906998e-01 1.010673078211849485e-01
-1.145820829210468517e-01 1.023336321874820237e-01
-1.209169391021084339e-01 1.036655560525117092e-01
-1.253941390907462594e-01 1.087821049887216923e-01
-1.299670252294729822e-01 1.122592680216262656e-01
-1.355688959419716622e-01 1.136489951389576258e-01
-1.415078230294143369e-01 1.146511093185497016e-01
-1.475973299333596944e-01 1.155864735878550376e-01
-1.527233194273335259e-01 1.209255666975782989e-01
-1.577034610506644341e-01 1.251483614963857793e-01
-1.628758047401137332e-01 1.263640284501205968e-01
-1.684097033247667630e-01 1.335938172197332352e-01
-1.731427575611570180e-01 1.354062995066502018e-01
-1.779799010736646536e-01 1.361351894666851248e-01
-1.828264266116728654e-01 1.368045886821334101e-01
-1.875570383372104633e-01 1.378813569305793463e-01
-1.933793708196194228e-01 1.428541533421915088e-01
-1.986888361300863659e-01 1.474876806860336287e-01
-2.026461791615127017e-01 1.479138038663470045e-01
-2.065600425992675515e-01 1.486129453777186582e-01
-2.111831690198099909e-01 1.507006901217754768e-01
-2.178598450438061496e-01 1.581417531824701739e-01
-2.212059497764753691e-01 1.587500951091512236e-01
-2.245558132930458861e-01 1.593641630563017997e-01
-2.278029122290745334e-01 1.599098536171696949e-01
-2.307610086852106002e-01 1.599962119033911112e-01
-2.334363750891531031e-01 1.587256163811424647e-01
-2.362358196744404615e-01 1.563482070566861448e-01
-2.391479350768325740e-01 1.549698166672361654e-01
-2.429337301667903459e-01 1.552080924564390174e-01
-2.467000604431306421e-01 1.556313210560583971e-01
-2.492261457167531391e-01 1.538657083823269933e-01
-2.517776897238120926e-01 1.519249271420197167e-01
-2.543901907256742034e-01 1.505764247836114678e-01
-2.585257920206369131e-01 1.505590697220346441e-01
-2.625745048977013441e-01 1.506888186294577381e-01
-2.648570401965937848e-01 1.492529335874041296e-01
-2.670862495791769264e-01 1.477266781024078324e-01
-2.692953858698379221e-01 1.461768512625984118e-01
-2.715099558568978000e-01 1.446294589387952523e-01
-2.737273500191554909e-01 1.430998514994853699e-01
-2.759339845150242110e-01 1.415840385188900097e-01
-2.781176199679339933e-01 1.400742425257508472e-01
-2.802709552623583455e-01 1.385576723168891744e-01
-2.823537511042037984e-01 1.370366156524235324e-01
-2.843851997390572928e-01 1.354218598291671849e-01
-2.839472559521156181e-01 1.290253099326032771e-01
-2.843928602198746436e-01 1.230320548757016796e-01
-2.869180212147670606e-01 1.213819220252264353e-01
-2.892455591020804961e-01 1.199835463815320108e-01
-2.903342866136709444e-01 1.178742623755044266e-01
-2.908941173556247040e-01 1.151250434725797078e-01
-2.913088500287345228e-01 1.121826477959811663e-01
-2.917710255030380728e-01 1.092177946950827344e-01
-2.923394381294329158e-01 1.062835277820629171e-01
-2.929056993663858854e-01 1.032797321411755148e-01
-2.932312385547384825e-01 9.997680677760083234e-02
-2.922148522872859422e-01 9.491459458858150788e-02
-2.887763846987682070e-01 8.863929624313607314e-02
-2.910756641905078990e-01 8.711931682227236351e-02
-2.936748561259973078e-01 8.532683173619082240e-02
-2.840700418514953141e-01 7.475603287414600562e-02
-2.848881257539458423e-01 7.219113010165736921e-02
-2.891710613286296305e-01 6.972663847081085609e-02
-2.912416632681092965e-01 6.779706860329597073e-02
-2.921757934413294344e-01 6.620871469065341131e-02
-2.924400262784955240e-01 6.476512202972535548e-02
-2.927542160331633725e-01 6.311981818504337760e-02
-2.863249867964517970e-01 5.898089428691275643e-02
-2.831804925024650199e-01 5.514785934954016117e-02
-2.808980560961510387e-01 5.191268392577135654e-02
-2.804350866649403251e-01 4.918562918980430576e-02
-2.809027246548322920e-01 4.630051435333946974e-02
-2.812793460045340810e-01 4.352974267724783741e-02
-2.796856430408394822e-01 4.092860460522713961e-02
-2.777351951890184578e-01 3.818708273969052130e-02
-2.750124832444690304e-01 3.527134069547824269e-02
-2.669712791305804411e-01 3.182381197142480911e-02
-2.645450805718543852e-01 2.837348252323756634e-02
-2.622971946561445389e-01 2.503009565780171808e-02
-2.599764312458793247e-01 2.160926120084560864e-02
-2.575718183580722465e-01 1.813934802092245432e-02
-2.550875047634914017e-01 1.464108239574457050e-02
-2.524859296638498618e-01 1.113547206726182327e-02
-2.491033611756331700e-01 7.638395513926151716e-03
-2.420256465484429131e-01 4.837038936678643604e-03
-2.392484262329364897e-01 8.682076437692387268e-04
-2.383017233586656181e-01 -4.844000580388563813e-03
-2.367947819228374828e-01 -9.215568346248512871e-03
-2.305943650872885886e-01 -1.158589129114609428e-02
-2.277948357402982127e-01 -1.556723486501455402e-02
-2.250895951902747438e-01 -1.960065033459461661e-02
-2.223810685351500782e-01 -2.357370697401902498e-02
-2.196627407492343365e-01 -2.745256797064600865e-02
-2.169175497679956544e-01 -3.123123200023161100e-02
-2.140699210474564240e-01 -3.474271058079101554e-02
-2.085526781817266806e-01 -3.618223759072469736e-02
-2.050459808003886608e-01 -3.940836917344763685e-02
-2.022033802742662645e-01 -4.364927377609031239e-02
-1.983720100579174639e-01 -4.589538897342005513e-02
-1.926677774684696087e-01 -4.657798659263728824e-02
-1.876367887303092563e-01 -4.799692011890288601e-02
-1.839221470401768699e-01 -5.157235836939231405e-02
-1.805589419229852166e-01 -5.632099417991352774e-02
-1.758203187431324199e-01 -5.711599949227539469e-02
-1.720529516155718808e-01 -5.983094330733668142e-02
-1.686056838375017408e-01 -6.469688561260550363e-02
-1.653086363510100631e-01 -6.979578385603588120e-02
-1.621398150599198951e-01 -7.372958314732486196e-02
-1.590313763778746503e-01 -7.509533312966885921e-02
-1.557548712130445434e-01 -7.562193497838638756e-02
-1.523665741941772067e-01 -7.908087704099778237e-02
-1.491808346880677261e-01 -8.321961248541139000e-02
-1.463040277685612178e-01 -8.272908008868863627e-02
-1.410370557508843770e-01 -7.878406394335570051e-02
-1.376267707417465347e-01 -7.893360776576185955e-02
-1.342766100261805484e-01 -7.962126131460989242e-02
-1.294092553660527167e-01 -8.527962360433372080e-02
-1.255827717747918237e-01 -8.851417929795420136e-02
-1.230111364375018751e-01 -8.898918499172678298e-02
-1.205194407841829046e-01 -8.935339794822244608e-02
-1.180304527024322037e-01 -8.831671685802554295e-02
-1.150979873936792131e-01 -8.590513113370475129e-02
-1.121645770186964486e-01 -8.453643999509038998e-02
-1.034064527960086716e-01 -9.258117983762326197e-02
-9.992300941845096152e-02 -9.313752229874536215e-02
-9.699303453347576931e-02 -9.243418453750569530e-02
-9.410715526259763597e-02 -9.037405734252873524e-02
-9.112955371967577933e-02 -8.822504833980485128e-02
-8.755649788467544103e-02 -8.798639564396204538e-02
-8.334730315965464820e-02 -8.861492276545375468e-02
-8.042641701089081607e-02 -8.731967450231840899e-02
-7.770434469608501760e-02 -8.541571853324923802e-02
-7.499839816368165935e-02 -8.338901209538469861e-02
-7.222728325702623686e-02 -8.135578344181720878e-02
-6.939745818053032200e-02 -7.945177982795782745e-02
-6.643439292510375238e-02 -7.791945568628866337e-02
-6.133188334493261396e-02 -7.795976433204696021e-02
-5.715146373043093059e-02 -7.747559326923060541e-02
-5.481391638253246129e-02 -7.562794103358584652e-02
-5.233452014536258551e-02 -7.396045537512450918e-02
-4.918634495771725956e-02 -7.269360606143997205e-02
-4.299771789608961003e-02 -7.298841884835169380e-02
-4.218078704597569284e-02 -6.907890636147726027e-02
-4.094249375552470177e-02 -6.599666212223270767e-02
-3.812824132576146663e-02 -6.409161932669012185e-02
-3.530390535246471367e-02 -6.227357454412058013e-02
-3.335348788298520689e-02 -5.999263898933192285e-02
-3.254061253756060368e-02 -5.597951177988057941e-02
-3.101076018100193746e-02 -5.274480085777048105e-02
-2.765992824752123644e-02 -5.043612936546153919e-02
-2.411286014473704858e-02 -4.821646709996461888e-02
-2.084066975552975598e-02 -4.602879499560255661e-02
-1.814236482001849171e-02 -4.380998397482511325e-02
-1.608542795240790538e-02 -4.152605004342248274e-02
-1.464283812627086880e-02 -3.912259396182331955e-02
-1.376635799915692203e-02 -3.650682463478738260e-02
-1.327056328186616146e-02 -3.364273839820413475e-02
-1.294096138924170566e-02 -3.065763170401475390e-02
-1.259057154251129115e-02 -2.763397212901746308e-02
-1.211076883420309121e-02 -2.464195252580978629e-02
-1.130449472817187523e-02 -2.173314162699890861e-02
-9.063675615199329183e-03 -1.885874458862514189e-02
-4.703109353842109715e-03 -1.582417280203309712e-02
-3.061668775204457946e-03 -1.354435791064404621e-02
-6.008076062731520714e-03 -9.686793112470453923e-03
-7.613062091777499096e-03 -6.331524239735422319e-03
-3.266118856948358774e-03 -2.264548460638281767e-03
