-1.756636492529115370e-03 1.145546193306807518e-03
-2.355425261402866333e-03 1.806287924218926604e-03
-1.061087560404844893e-02 4.792627792233342988e-03
-1.058832994297220428e-02 5.573132603480866580e-03
-1.059065129703300710e-02 6.182216218331816962e-03
-1.060452488552347285e-02 6.780001874379569526e-03
-1.061810891300107862e-02 7.369408879251082567e-03
-1.062534076950562810e-02 7.956686381980849002e-03
-1.067280699751613562e-02 8.669246359424875523e-03
-1.868327610638914962e-02 1.008535671322336250e-02
-2.240752893710704768e-02 1.159390422150090652e-02
-2.333856930253656523e-02 1.316836713518594777e-02
-3.927901873006391098e-02 1.501802947851356082e-02
-3.950167618570925299e-02 1.713393943235806682e-02
-4.061416770594847292e-02 1.855022887621838104e-02
-4.301028154197310271e-02 1.988425456156800095e-02
-4.480478940581353320e-02 2.140829679904998270e-02
-4.632488671008174602e-02 2.305081019073072779e-02
-4.809185683092828678e-02 2.463018290385486295e-02
-4.986080536516201284e-02 2.625845317684769378e-02
-4.983992158088732666e-02 3.009757787180783808e-02
-4.968089569888920615e-02 3.400101025251785897e-02
-5.136727804879361037e-02 3.486795268062230918e-02
-5.251866434267622730e-02 3.615221943050444392e-02
-6.065025639076011138e-02 3.525948606499004073e-02
-6.203809009988062867e-02 3.667113498321628029e-02
-6.356866630339906565e-02 3.967731221292469801e-02
-6.092074601743422552e-02 5.021877737537749908e-02
-7.003073390406004683e-02 4.781075694328876247e-02
-7.197000473275776133e-02 4.960477606095127501e-02
-7.416601321483283493e-02 5.086909379564294453e-02
-7.604241017239275757e-02 5.264747195039031630e-02
-7.782989464699159587e-02 5.456978533122940761e-02
-7.948608317050367966e-02 5.682799553482729277e-02
-8.109743199035256145e-02 5.901703881118472439e-02
-8.271282297119920968e-02 6.093564176055833725e-02
-8.436098656123375283e-02 6.234580501930574170e-02
-8.594243926012333501e-02 6.373730962690304924e-02
-8.752847570500518759e-02 6.666932235711968413e-02
-8.904285804072881172e-02 6.934778640942552974e-02
-8.953663084940714778e-02 8.494814236045432343e-02
-9.065340619178145765e-02 8.748848358185880303e-02
-9.145287525914860827e-02 8.780552570353311603e-02
-9.238416807908909900e-02 8.773878912366550598e-02
-9.345651303981336588e-02 8.743778872406472724e-02
-9.463208145468646193e-02 8.699646337156866083e-02
-9.587423839331875308e-02 8.648700497499668682e-02
-9.714145790438809269e-02 8.598415949437450412e-02
-9.837599999559729080e-02 8.558379923901147934e-02
-9.966746617274829800e-02 8.544140492784610408e-02
-1.022362116135323851e-01 8.984629512039186972e-02
-1.040505053497811916e-01 9.184021380935336598e-02
-1.049536935117634795e-01 9.238392992499175338e-02
-1.060075838205370713e-01 9.285649531149578473e-02
-1.119189135078168251e-01 1.082077210221791402e-01
-1.119811933077315413e-01 1.082622584561444140e-01
-1.122517241409878436e-01 1.085550853695444878e-01
-1.124972057196909625e-01 1.088780631825011502e-01
-1.127730505888238088e-01 1.092879887749173551e-01
-1.130411807957454745e-01 1.097241368901895608e-01
-1.132770817560952020e-01 1.101334084280000958e-01
-1.134622293996056797e-01 1.104692444332481399e-01
-1.135906718939922871e-01 1.107090818365157603e-01
-1.136715599902718699e-01 1.108627450240474294e-01
-1.137211988174666871e-01 1.109579570966654077e-01
-1.137499972824221744e-01 1.110134959440712554e-01
-1.137665274151576367e-01 1.110454713266239152e-01
-1.137764760752900395e-01 1.110647489744002736e-01
-1.137836936104828500e-01 1.110787499512287113e-01
-1.137887753214837649e-01 1.110886154798793324e-01
-1.137922968965813242e-01 1.110954559259687696e-01
-1.137942054798797287e-01 1.110991645057215343e-01
-1.137951435065956002e-01 1.111009875182331907e-01
-1.137956656166836250e-01 1.111020023088725717e-01
-1.137959917675359367e-01 1.111026362604183165e-01
-1.137962254064125434e-01 1.111030904089841537e-01
-1.137964066265643726e-01 1.111034426749258480e-01
-1.137965583289439891e-01 1.111037375687303902e-01
-1.137966855495541330e-01 1.111039848768315408e-01
-1.137968068097735680e-01 1.111042206020246836e-01
-1.137969321144243345e-01 1.111044641932101978e-01
-1.137970491744944440e-01 1.111046917604654044e-01
-1.137971719348866845e-01 1.111049304128626652e-01
-1.137973194639219504e-01 1.111052172216207279e-01
-1.137975159400709396e-01 1.111055991959045280e-01
-1.137977829403416519e-01 1.111061182930332403e-01
-1.137980899574384530e-01 1.111067152116608364e-01
-1.137985604396050954e-01 1.111076299922102717e-01
-1.137997877810939390e-01 1.111100166238612186e-01
-1.138006540898918728e-01 1.111117014288946353e-01
-1.235480173613059396e-01 1.257816071948656966e-01
-1.581440422289097092e-01 1.157355263406269485e-01
-1.597965052801302022e-01 1.132136220798807130e-01
-1.598721436318746858e-01 1.108487996395929737e-01
-1.595054175566470167e-01 1.077252202990334057e-01
-1.593442354329155097e-01 1.049544908366513846e-01
-1.598271073682144827e-01 1.023956928206696815e-01
-1.614826398574808475e-01 9.902307709292987314e-02
-1.757411333287685340e-01 8.996565065656102200e-02
-1.736830827998435689e-01 8.636183532712964073e-02
-1.774786655278896008e-01 8.116829804144336247e-02
-1.775626224592111446e-01 7.722059388702043337e-02
-1.772386522547661492e-01 7.345312039838117202e-02
-1.768979285530051515e-01 6.965476082630005228e-02
-1.765508315923847993e-01 6.607256878238794429e-02
-1.761843603835510086e-01 6.222438970784067297e-02
-1.759900850775751868e-01 5.952340363922382221e-02
-1.833782756764973376e-01 4.847255787553945289e-02
-1.804457982183449161e-01 4.676378217422738626e-02
-1.796368768067913846e-01 4.127234802463844443e-02
-1.809653004125942877e-01 3.601717093270725978e-02
-1.777203241431026814e-01 3.253131351949910960e-02
-1.753521213666871248e-01 2.881000517319179735e-02
-1.750372400632791148e-01 2.369790343199348198e-02
-1.740674645405388132e-01 1.877959429792459833e-02
-1.788221853324720445e-01 5.429642497478356401e-03
-1.758026527769995517e-01 2.742981904540202961e-03
-1.729903475913554534e-01 3.799587991476999563e-04
-1.737114196896339946e-01 -7.801876831598273873e-03
-1.725142026481918944e-01 -1.284010045023546188e-02
-1.720515073779874116e-01 -1.851188849803226191e-02
-1.821728670698157804e-01 -4.484542871311274909e-02
-1.801793288511413238e-01 -4.625968572575171744e-02
-1.785190584458963003e-01 -4.928869844157589275e-02
-1.774869241892728378e-01 -5.358490468591642353e-02
-1.758248658230931460e-01 -5.641058819526191537e-02
-1.741851671912185984e-01 -5.996794219492201233e-02
-1.727198428359007221e-01 -6.226547763787227546e-02
-1.710355555396665395e-01 -6.481636564715684279e-02
-1.693639309132155824e-01 -6.733512164532504118e-02
-1.677291703204691065e-01 -6.982823603084141462e-02
-1.661775776398872473e-01 -7.226378129060691269e-02
-1.645760373045739300e-01 -7.493430904088889399e-02
-1.700778248057617514e-01 -1.000646882507899571e-01
-1.542904234582385126e-01 -8.411106326397162214e-02
-1.505219117724293232e-01 -8.298241525919192174e-02
-1.475014030936235565e-01 -8.322951951922812064e-02
-1.447195623682516474e-01 -8.395867384772084940e-02
-1.419479834602720425e-01 -8.467768016984286716e-02
-1.392006369764102469e-01 -8.545148645652569930e-02
-1.365533430337931842e-01 -8.655618796745803700e-02
-1.339892160276296429e-01 -8.860663388304595989e-02
-1.315110383540409600e-01 -9.068407897766612991e-02
-1.290788902201819022e-01 -9.151370783228976458e-02
-1.265544591221920145e-01 -9.175937287388946650e-02
-1.239636861556794867e-01 -9.379442113809118020e-02
-1.213801963854095750e-01 -9.324939578175260591e-02
-1.187263264868868573e-01 -9.255845513169123906e-02
-1.151570988391144440e-01 -9.595177717119385274e-02
-1.127861488219714658e-01 -9.549611684324489647e-02
-1.103502330408026172e-01 -9.482532928614353929e-02
-1.078731804000422345e-01 -9.519836979793440401e-02
-1.052911154027803831e-01 -9.598530904830084032e-02
-1.028714379173851917e-01 -9.656185009630444127e-02
-1.004802235234096147e-01 -9.697639242563325934e-02
-9.426078400462185869e-02 -1.040701425434695376e-01
-9.038398082991376536e-02 -1.075568966410526961e-01
-8.911138436513636740e-02 -1.054168742601839653e-01
-8.769876287846284368e-02 -1.026991963097899779e-01
-8.639149092983945677e-02 -1.017079344833048266e-01
-8.494164116865654535e-02 -1.010277678140954066e-01
-8.325113213650245370e-02 -9.442801363571892703e-02
-8.143853533596576155e-02 -9.256326778051011950e-02
-7.950146377464287206e-02 -9.122759731133875394e-02
-7.745785044000834396e-02 -9.025716140895445605e-02
-7.498491051281711006e-02 -8.983926036623272882e-02
-7.230059077840213233e-02 -8.972529375185271661e-02
-7.100829945242305430e-02 -8.449868147604593094e-02
-6.961717809718900862e-02 -7.927169468800621122e-02
-6.714964706225727553e-02 -7.800106380204499534e-02
-6.464962372969119964e-02 -7.686186510044018538e-02
-6.217970142480524348e-02 -7.572567976667583800e-02
-5.980781114382812541e-02 -7.453612419951495538e-02
-5.929136854524807293e-02 -6.905399526975618263e-02
-5.760236527606635987e-02 -6.598749594350283854e-02
-5.559936030267158963e-02 -6.378656699462681434e-02
-5.361476344042265946e-02 -6.128637259357373746e-02
-4.818534061029074861e-02 -6.041769190127787431e-02
-4.639516840386170848e-02 -5.871363064838453633e-02
-4.552956849882612567e-02 -5.623669546899377758e-02
-3.839657630453912479e-02 -5.601337233338643529e-02
-4.240400142294807606e-02 -4.678357353757466724e-02
-4.275306922562367717e-02 -4.204597902124503073e-02
-4.056657543523405768e-02 -3.982554980104658499e-02
-3.896195840822338358e-02 -3.748865005805938899e-02
-3.764035262444873076e-02 -3.472901994286433508e-02
-1.861352199172392960e-02 -3.356694268826565519e-02
-1.623565884378479554e-02 -3.147132930210625595e-02
-1.514432888114314313e-02 -2.979781077459788333e-02
-1.391005613723972530e-02 -2.790708336136085710e-02
-1.290955862705221030e-02 -2.610367544859037992e-02
-1.232254035334616124e-02 -2.421392351053142794e-02
-1.368536429397999854e-02 -2.110086640500749913e-02
-1.474527568125600339e-02 -1.807071402299767482e-02
-1.505192066348275647e-02 -1.543242118971285826e-02
-1.575860960911662154e-02 -1.252579518042552451e-02
-1.647599188353464708e-02 -9.556685728247475003e-03
-1.359536782879270170e-02 -6.282922643448533850e-03
-7.921308169337074045e-03 -2.447155988537487881e-03
