-3.112683077591617579e-04 -3.112683077591617579e-04
-6.225366155183235158e-04 -6.225366155183235158e-04
-9.338049232774847316e-04 -9.338049232774847316e-04
-1.245073231036647032e-03 -1.245073231036647032e-03
-1.556341538795808031e-03 -1.556341538795808031e-03
-1.867609846554969897e-03 -1.867609846554969897e-03
-2.178837300093399224e-03 -2.178837300093399224e-03
-2.490064753631828550e-03 -2.490064753631828550e-03
-2.801292207170258310e-03 -2.801292207170258310e-03
-3.112519660708687637e-03 -3.112519660708687637e-03
-3.423747114247116963e-03 -3.423747114247116963e-03
-3.734974567785546290e-03 -3.734974567785546290e-03
-4.310610537903224876e-03 -3.781834358965459331e-03
-4.886246508020902594e-03 -3.828694150145372805e-03
-5.461882478138581180e-03 -3.875553941325285846e-03
-6.037518448256257164e-03 -3.922413732505199320e-03
-6.613154418373935750e-03 -3.969273523685112361e-03
-7.188790388491614336e-03 -4.016133314865025401e-03
-7.811286149789205095e-03 -4.016133314865025401e-03
-8.433781911086797589e-03 -4.016133314865025401e-03
-9.056277672384385746e-03 -4.016133314865025401e-03
-9.678773433681979108e-03 -4.016133314865025401e-03
-1.030126919497957073e-02 -4.016133314865025401e-03
-1.092376495627716063e-02 -4.016133314865025401e-03
-1.139993253617463745e-02 -4.271917876849697961e-03
-1.188591800431742368e-02 -4.532976347328901076e-03
-1.237190347246020991e-02 -4.794034817808104192e-03
-1.285788894060299441e-02 -5.055093288287306440e-03
-1.334387440874578064e-02 -5.316151758766508688e-03
-1.371962033327263700e-02 -5.687353703542586195e-03
-1.409309327751875202e-02 -6.060826647788701213e-03
-1.446656622176486703e-02 -6.434299592034815364e-03
-1.484003916601098379e-02 -6.807772536280931250e-03
-1.521351211025709707e-02 -7.181245480527044533e-03
-1.578772189666921566e-02 -7.354077651926216666e-03
-1.636607058704351095e-02 -7.522772900173903786e-03
-1.694441927741781317e-02 -7.691468148421590906e-03
-1.752276796779211540e-02 -7.860163396669278893e-03
-1.810111665816642110e-02 -8.028858644916968615e-03
-1.884470457731579618e-02 -8.032266629730050803e-03
-1.959169949087290544e-02 -8.032266629730050803e-03
-2.033869440443001469e-02 -8.032266629730050803e-03
-2.108568931798712048e-02 -8.032266629730050803e-03
-2.183268423154422974e-02 -8.032266629730050803e-03
-2.272492815607077971e-02 -8.381239669205033799e-03
-2.365867179801716541e-02 -8.752727098323559440e-03
-2.459241543996354418e-02 -9.124214527442083347e-03
-2.552615908190992988e-02 -9.495701956560610724e-03
-2.645990272385632253e-02 -1.039536946439621919e-02
-2.739364636580270129e-02 -1.132911310634259969e-02
-2.832739000774908700e-02 -1.226285674828898539e-02
-2.926113364969547964e-02 -1.319660039023537630e-02
-3.028754890133956643e-02 -1.408618123857352002e-02
-3.137860172021555982e-02 -1.502329535373032356e-02
-3.246965453909155669e-02 -1.596040946888712883e-02
-3.314424851053850846e-02 -1.606453325946010161e-02
-3.376678512605683219e-02 -1.606453325946010161e-02
-3.438932174157515592e-02 -1.606453325946010161e-02
-3.545640014825254122e-02 -1.636390556094604112e-02
-3.666119111764717248e-02 -1.672534285176443050e-02
-3.996168971399182562e-02 -1.988102313966670295e-02
-4.369666428177738926e-02 -2.361599770745226659e-02
-4.572139285856632179e-02 -2.564072628424119565e-02
-4.696642523538224756e-02 -2.688575866105712142e-02
-4.821145761219815251e-02 -2.813079103787302637e-02
-4.945648998901408522e-02 -2.937582341468895214e-02
-5.070152236582999017e-02 -3.062085579150485709e-02
-5.181565328006185883e-02 -3.176771093654327111e-02
-5.188257249362131923e-02 -3.212914822736166742e-02
-5.194949170718077269e-02 -3.249058551818005680e-02
-5.201641092074023309e-02 -3.285202280899844618e-02
-5.208333013429968655e-02 -3.321346009981683556e-02
-5.215024934785914695e-02 -3.357489739063522494e-02
-5.220973309324532935e-02 -3.393076035000258672e-02
-5.223975227943673111e-02 -3.580150936885160423e-02
-5.466721722484650658e-02 -3.860268396538640151e-02
-5.622586640811035735e-02 -4.140385360989448649e-02
-5.670634175608239153e-02 -4.420514086503800344e-02
-5.848889559108614439e-02 -4.644049564649106732e-02
-5.989556583521925270e-02 -4.922963310399014469e-02
-6.024199972297537842e-02 -5.413928041444378975e-02
-6.050130022395640988e-02 -5.922343962377209919e-02
-6.194278074016679875e-02 -6.194278074016679875e-02
-6.375265985880698705e-02 -6.381032125834716628e-02
-6.425813303784040642e-02 -6.675297649729122762e-02
-6.647181775021171468e-02 -7.048795106507674268e-02
-6.814283461058966151e-02 -7.518194256235835593e-02
-6.827426635270543442e-02 -8.052159664010617723e-02
-6.907756432486371334e-02 -8.451776338309327508e-02
-7.073688449804532707e-02 -8.680141775750542521e-02
-7.162588719725976327e-02 -9.038483802245450560e-02
-7.197396515789870886e-02 -9.320279875168355210e-02
-7.229039966757046243e-02 -9.627390708864998203e-02
-7.229039966757046243e-02 -1.018764915029904683e-01
-7.229039966757046243e-02 -1.074790759173310378e-01
-7.227396884279595202e-02 -1.129502137334754686e-01
-7.209322977027639301e-02 -1.171068855676594689e-01
-7.191249069775683400e-02 -1.212635574018435386e-01
-7.169159564027750842e-02 -1.250989367881087111e-01
-7.106914073320065584e-02 -1.257213916951855914e-01
-7.044668582612380325e-02 -1.263438466022624440e-01
-6.983213435374860389e-02 -1.269663089373794240e-01
-6.827426635270543442e-02 -1.290980252268816020e-01
-6.795701723463236366e-02 -1.328329997946671726e-01
-6.450766071401960178e-02 -1.365679743624526599e-01
-6.381675394110246369e-02 -1.405236384786072157e-01
-5.765623457628153009e-02 -1.473389742453517226e-01
-5.560517442255832887e-02 -1.522857964206584813e-01
-4.803690774778498346e-02 -1.608020246251963548e-01
-4.336825081938412707e-02 -1.654706815535972042e-01
-3.978157459684351915e-02 -1.692737539173098105e-01
-3.621720725483591058e-02 -1.730589791765960728e-01
-3.616790487645886454e-02 -1.752671299990682663e-01
-3.843743854657791226e-02 -1.790021045668538091e-01
-4.010164141814034217e-02 -1.859602716413050472e-01
-4.016133314865025228e-02 -1.912646400524069257e-01
-4.016133314865025228e-02 -1.968672244667475923e-01
-4.015392986865087832e-02 -2.024327900050778839e-01
-3.912487394873943869e-02 -2.051534211244424311e-01
-3.737495149404056194e-02 -2.076091807127259936e-01
-3.614519983378523121e-02 -2.102122705250236145e-01
-3.505302042882237762e-02 -2.139472450928092129e-01
-3.212906651892020321e-02 -2.183992062824193225e-01
-2.898549765045497009e-02 -2.209458058495044619e-01
-2.220123461359409939e-02 -2.267990309080374633e-01
-2.050007352834923302e-02 -2.285833489025728138e-01
-2.027921561107058276e-02 -2.296274602218274508e-01
-2.008066657432512614e-02 -2.306604294808823619e-01
-1.900474467320035013e-02 -2.328292438788227836e-01
-1.227416779640170749e-02 -2.373589816006536901e-01
-6.916260548033531345e-03 -2.409923381034044243e-01
-1.718942575316949025e-03 -2.432651896314496076e-01
0.000000000000000000e+00 -2.470001641992351504e-01
1.734873245389130080e-03 -2.490002655216315697e-01
5.512630848328188213e-03 -2.506955737239204285e-01
7.803884107796468447e-03 -2.527880163145629910e-01
1.029386715298685750e-02 -2.552713735479546497e-01
1.278385019817724483e-02 -2.564494458569904212e-01
1.527383324336763389e-02 -2.570325321513616257e-01
1.776145004510671505e-02 -2.570348983948129162e-01
2.007899031326838835e-02 -2.575720356582583137e-01
2.221716156964626335e-02 -2.591690271466827733e-01
2.593330853170769737e-02 -2.605083349708617879e-01
3.001423540264751971e-02 -2.610486654662266259e-01
3.841798946149613259e-02 -2.610486654662266259e-01
4.667974415313270314e-02 -2.610309310204087518e-01
5.328556041065916904e-02 -2.609717689091603510e-01
5.642213503653492612e-02 -2.609436775469848313e-01
5.955870966241085668e-02 -2.609155861848093116e-01
6.065788182435498388e-02 -2.606327833648470205e-01
6.103140379366597118e-02 -2.602592613955360679e-01
6.140492576297697236e-02 -2.598857394262250597e-01
6.177844773228798048e-02 -2.595122174569140516e-01
6.215196970159894002e-02 -2.591386954876030990e-01
6.252549167090994120e-02 -2.587651735182920909e-01
6.289901364022094932e-02 -2.583916515489810828e-01
6.438174800572275813e-02 -2.571531263829231473e-01
6.827426635270543442e-02 -2.553226765451409030e-01
7.335776446646184723e-02 -2.479329007227401849e-01
7.644113897370148625e-02 -2.455009455270698859e-01
7.874630619034593548e-02 -2.449841322067665417e-01
8.277244878929031213e-02 -2.425343497147767480e-01
8.810731549517224204e-02 -2.374672824257948178e-01
9.119299393285987265e-02 -2.369116650238359267e-01
9.619826611796750138e-02 -2.331246657009645729e-01
9.899947537868968028e-02 -2.303234564402424078e-01
1.018007675858598887e-01 -2.275221642330721994e-01
1.040763130164599759e-01 -2.255095119988641816e-01
1.054290705453067578e-01 -2.250933114821642156e-01
1.074230635427003561e-01 -2.249034656324414294e-01
1.118493781857441138e-01 -2.213156479677335364e-01
1.150623175210126470e-01 -2.182767476127844553e-01
1.187972920887982869e-01 -2.145417730449988014e-01
1.218227514051264671e-01 -2.113389247022511019e-01
1.236238988625902313e-01 -2.089411050650126223e-01
1.245001327608157848e-01 -2.064165147808419698e-01
1.267784612304524439e-01 -2.028402254344207623e-01
1.330655246869815456e-01 -1.962574071319505287e-01
1.391389577092815855e-01 -1.905237227612868178e-01
1.413968157383179713e-01 -1.887582657986562051e-01
1.423306206615954916e-01 -1.887582657986562051e-01
1.433034227955719553e-01 -1.886801847167900170e-01
1.446006520104033688e-01 -1.884057854862316861e-01
1.517379239885449094e-01 -1.816011411452522206e-01
1.526130659648709531e-01 -1.708335680648679356e-01
1.556293355575478210e-01 -1.656613296316542250e-01
1.565902565413314074e-01 -1.614734154606703997e-01
1.502782274419148523e-01 -1.502684818532601940e-01
1.486237033066457880e-01 -1.379127145599824411e-01
1.406863670298172109e-01 -1.238105952232964602e-01
1.131162155743701270e-01 -9.275254809901246900e-02
1.051679452224664607e-01 -8.107114533327630657e-02
1.012267088362638762e-01 -6.909764231734367990e-02
9.237106624189558857e-02 -4.584407354406748458e-02
8.032266629730050456e-02 -3.463914984071075204e-02
7.431856660160295058e-02 -2.210883350835762470e-02
4.855515963186082112e-02 -4.377693168345598955e-03
3.716933343910185789e-02 -2.991999709548396995e-03
1.307253354991164650e-02 0.000000000000000000e+00
