-4.441444644697311716e-04 -3.042103177555684559e-04
-8.882889289394623432e-04 -6.084206355111369119e-04
-1.332433393409192864e-03 -9.126309532667049342e-04
-1.776577857878924686e-03 -1.216841271022273824e-03
-2.220722322348654774e-03 -1.521051588777841846e-03
-2.664866786818386162e-03 -1.825261906533410302e-03
-3.273287422329523508e-03 -1.965196053247572801e-03
-3.881708057840659552e-03 -2.105130199961735733e-03
-4.490128693351797332e-03 -2.245064346675898232e-03
-5.098549328862934243e-03 -2.384998493390061165e-03
-5.706969964374070288e-03 -2.524932640104223663e-03
-6.315390599885207200e-03 -2.664866786818386162e-03
-6.899478494831240774e-03 -2.829142957859792119e-03
-7.483566389777271746e-03 -2.993419128901197643e-03
-8.067654284723306188e-03 -3.157695299942604034e-03
-8.651742179669335425e-03 -3.321971470984009123e-03
-9.235830074615368132e-03 -3.486247642025414647e-03
-9.819917969561400839e-03 -3.650523813066820170e-03
-1.028840445835837482e-02 -3.370646235876356353e-03
-1.075689094715535053e-02 -3.090768658685892102e-03
-1.122537743595232278e-02 -2.810891081495429152e-03
-1.169386392474929676e-02 -2.531013504304964468e-03
-1.216235041354627247e-02 -2.251135927114500217e-03
-1.263083690234324472e-02 -1.971258349924037267e-03
-1.301712389212633832e-02 -2.049947855401624414e-03
-1.341137556211114724e-02 -2.130259824909677257e-03
-1.380562723209595617e-02 -2.210571794417730100e-03
-1.419987890208076337e-02 -2.290883763925782943e-03
-1.459413057206556882e-02 -2.371195733433835353e-03
-1.473801448131526609e-02 -3.116793688425792581e-03
-1.487673616869413656e-02 -3.876108880231847551e-03
-1.501545785607300530e-02 -4.635424072037902521e-03
-1.515417954345187578e-02 -5.394739263843959659e-03
-1.529290123083074451e-02 -6.154054455650012460e-03
-1.604854177829684661e-02 -6.359908208622368567e-03
-1.679385148654070556e-02 -6.548517120228879163e-03
-1.753916119478456104e-02 -6.737126031835388024e-03
-1.828447090302841999e-02 -6.925734943441898619e-03
-1.902978061127228934e-02 -7.114343855048410950e-03
-1.977631952713343466e-02 -7.295885291732362443e-03
-2.064332078948923413e-02 -6.784814186005919991e-03
-2.151032205184503360e-02 -6.273743080279477538e-03
-2.237732331420082613e-02 -5.762671974553039422e-03
-2.324432457655663253e-02 -5.251600868826592633e-03
-2.411132583891242159e-02 -4.740529763100154517e-03
-2.497076796205382337e-02 -4.230564831698825287e-03
-2.665878548095811443e-02 -2.771073025683243058e-03
-3.043761257473624054e-02 -8.762362425441875408e-03
-3.281874283390193853e-02 -8.560483923152020780e-03
-3.371312191080427095e-02 -7.958153435603770864e-03
-3.460750098770661726e-02 -7.355822948055507939e-03
-3.549045541065605491e-02 -7.885143679537312544e-03
-3.637267275915691267e-02 -8.487474167085565929e-03
-3.725489010765777737e-02 -9.089804654633827988e-03
-3.792385730175789477e-02 -9.303862552605842579e-03
-3.849333812535514487e-02 -9.468140580399674391e-03
-3.906281894895241580e-02 -9.632418608193509674e-03
-3.963229977254965897e-02 -9.796696635987339752e-03
-4.017582117165947181e-02 -9.983983089743525205e-03
-4.042405411722452269e-02 -1.043299038882142087e-02
-4.067228706278957356e-02 -1.088199768789931653e-02
-4.092052000835461750e-02 -1.133100498697721392e-02
-4.116875295391966838e-02 -1.178001228605510958e-02
-4.140636662596362816e-02 -1.225586484932414746e-02
-4.164177548889753250e-02 -1.383013636414169405e-02
-4.193382407825161501e-02 -1.578317997274990975e-02
-4.121588880864079235e-02 -1.732304412086007467e-02
-4.030325785537409305e-02 -1.878325921634407814e-02
-4.078334876551811122e-02 -2.110556737104924210e-02
-4.145868675852382168e-02 -2.335062243396300585e-02
-4.213402475152952520e-02 -2.559567749687674879e-02
-4.325039208481829683e-02 -2.750152302142491040e-02
-4.440031599834599191e-02 -2.938155912457567770e-02
-4.555023991187370086e-02 -3.126159522772645194e-02
-4.635382345746980742e-02 -3.281297294760022326e-02
-4.717871993273563963e-02 -3.454200770305886764e-02
-4.743061810759298391e-02 -3.588906302183626079e-02
-4.804118514891055070e-02 -3.723611834061365394e-02
-4.907063553791888438e-02 -3.858317365939103322e-02
-4.973457937272368623e-02 -3.993020242098219846e-02
-5.029844728999720294e-02 -4.138231943141581354e-02
-5.082413475083455423e-02 -4.355074260813324161e-02
-5.160240896035381275e-02 -4.546657903616877633e-02
-5.267567499315118501e-02 -4.708742364092616955e-02
-5.140694120527933980e-02 -4.927266871331250492e-02
-4.432251919692956760e-02 -5.301223871557252110e-02
-4.544071374340288155e-02 -6.003064051544169250e-02
-4.358503288690718236e-02 -6.540633574481743984e-02
-4.245420623475076177e-02 -7.086413375328498576e-02
-4.299265515502375540e-02 -7.373891568581783518e-02
-4.404440159597966531e-02 -7.441620073693747117e-02
-4.516694769496082396e-02 -7.479038276993119072e-02
-4.848007089664847086e-02 -7.690879212566453793e-02
-4.963218071417058869e-02 -8.063896049013948020e-02
-4.771567461742611677e-02 -8.429224748841007697e-02
-4.747838165716512793e-02 -8.718529986483153360e-02
-4.662714506689893956e-02 -8.851857892457373755e-02
-4.571451411363223333e-02 -8.969588065264798293e-02
-4.462600481858609164e-02 -9.277971434101633941e-02
-4.551983868545736445e-02 -1.011626713512936149e-01
-4.968306191986444215e-02 -1.139147626269503277e-01
-5.127216967429258643e-02 -1.181287427209040120e-01
-4.769649042628213570e-02 -1.212101269026984868e-01
-4.616475688452247039e-02 -1.234551780270464749e-01
-4.584146280904970866e-02 -1.279052225300713885e-01
-4.597835188178243243e-02 -1.317656614888526867e-01
-4.671758072582554711e-02 -1.336548142464235311e-01
-4.745680956986866872e-02 -1.355439670039943478e-01
-4.573112360807642107e-02 -1.378537400167542670e-01
-4.181840272082280180e-02 -1.410562531004098119e-01
-4.047396204705499406e-02 -1.450205568207141027e-01
-4.035531584825062523e-02 -1.480551710968114054e-01
-4.023669721940654337e-02 -1.488674260138362626e-01
-4.009576942881743628e-02 -1.496767309451100536e-01
-3.514734556688774852e-02 -1.508228777740780180e-01
-3.082812080676593930e-02 -1.545425211655489794e-01
-2.375661391818145729e-02 -1.675175678968110482e-01
-1.645999042669598483e-02 -1.683317352688364910e-01
-1.443690055142637929e-02 -1.751650433270361129e-01
-1.246414273325388046e-02 -1.803972838945641366e-01
-7.779489402530516406e-03 -1.843938557214530038e-01
-5.537735420372309238e-03 -1.873448835044729255e-01
-5.975808304403429534e-03 -1.891519028184040496e-01
-6.510671441881930345e-03 -1.907704932694490041e-01
-1.261384086580279174e-02 -1.934368336425123236e-01
-1.495591574428473645e-03 -2.071521180533029138e-01
1.596532457264670038e-02 -2.133071066242198388e-01
1.952874390943792199e-02 -2.155422314375589066e-01
2.161867659077888401e-02 -2.161810842453601444e-01
2.346431269796676183e-02 -2.167277464818644916e-01
2.535785358044168741e-02 -2.171895742625991055e-01
3.156294633429407304e-02 -2.211910580436376728e-01
3.574359828482264606e-02 -2.226482137175078424e-01
3.931698331828038795e-02 -2.246363777982861853e-01
4.544791709884403452e-02 -2.294335826786331189e-01
4.849581868917050148e-02 -2.320969817870552065e-01
5.011116544998946848e-02 -2.330826109620172393e-01
5.170512889334213241e-02 -2.340254735020466381e-01
5.371485577765475888e-02 -2.351195403947002605e-01
5.612956512314942747e-02 -2.369153080702457170e-01
5.903230552735160008e-02 -2.378316446512362681e-01
6.352243928457371180e-02 -2.404201837216651538e-01
6.769508300561632996e-02 -2.426676486241691744e-01
7.226497440734899746e-02 -2.451643954810947268e-01
7.625556299020261330e-02 -2.478661356831705909e-01
7.962317624912086667e-02 -2.491264097693904056e-01
8.505903391439384453e-02 -2.533832189526764589e-01
8.803449627803630606e-02 -2.556993642835030389e-01
9.087279302536464820e-02 -2.578440525939370565e-01
9.306983922232495154e-02 -2.595248608495516196e-01
9.446448310582447605e-02 -2.606473858490734319e-01
9.555909830309651520e-02 -2.631328909140275285e-01
9.839730568249241416e-02 -2.657212608136795828e-01
1.007706231400539304e-01 -2.674744837268299702e-01
1.030527262279736928e-01 -2.690453007818883191e-01
1.049388524790873939e-01 -2.698240970201659095e-01
1.074196162610745048e-01 -2.715891386313954992e-01
1.102708293472480922e-01 -2.738324894206415339e-01
1.126855790161540444e-01 -2.742599760963488342e-01
1.142837913279788203e-01 -2.746911241378030000e-01
1.154063374269599512e-01 -2.752660860945668198e-01
1.165288725542221876e-01 -2.759129457252234019e-01
1.178554850287705374e-01 -2.768081392412587993e-01
1.210209609653636192e-01 -2.769425765568085951e-01
1.132908696171939233e-01 -2.653908655979245190e-01
1.217947546624790212e-01 -2.529245122039768257e-01
1.086786948988121837e-01 -2.312123571308991876e-01
1.094001191750303137e-01 -2.287711412378684583e-01
1.112870618345599277e-01 -2.267938646188065455e-01
1.141513362363087425e-01 -2.256488317006321576e-01
1.169369728121890939e-01 -2.240960237374919062e-01
1.186722608566307402e-01 -2.215596993585914887e-01
1.197948069556119127e-01 -2.198758802101197229e-01
1.222086658522294478e-01 -2.190941023369019913e-01
1.243939945347402459e-01 -2.176356496089305592e-01
1.251178272439180394e-01 -2.142304409112539276e-01
1.242660296893577793e-01 -2.092900497541831106e-01
1.201122004969303186e-01 -2.051520603479207450e-01
1.133305050923506946e-01 -1.991178146994209974e-01
9.918472531671675141e-02 -1.904478206433871945e-01
9.726157879810815032e-02 -1.810543615714216015e-01
1.000807771587607364e-01 -1.790913775854982570e-01
1.032672315845256511e-01 -1.776062839767658663e-01
1.065665436427385149e-01 -1.758188978504748590e-01
1.084740245160537159e-01 -1.695310639885519166e-01
1.161806960269352595e-01 -1.672957684102547304e-01
1.183090468852884131e-01 -1.640401558644064839e-01
1.150237654049281605e-01 -1.573049349730923085e-01
1.115235035019654097e-01 -1.399643932112099864e-01
1.101020295458855075e-01 -1.356639722893105415e-01
1.021667316073622406e-01 -1.275762231607751040e-01
9.046034248085757512e-02 -1.123044856442375339e-01
9.016940569235100400e-02 -9.655266847060066382e-02
6.159832669205038413e-02 -7.111146752428797180e-02
4.538820056485541599e-02 -4.563894372717225423e-02
4.040466241993041080e-02 -3.770106659073128169e-02
3.467997622413478143e-02 -3.097469678197472057e-02
2.119126399761796925e-02 -1.206495446495107517e-02
3.650523813066825374e-03 -4.198302914289126289e-04
