-4.717511912815599770e-03 -1.898799264743469828e-02
-1.533191371665069448e-02 -2.547457152755615295e-02
-1.496856999609292964e-02 -2.447537629602229356e-02
-1.467372550154195411e-02 -2.366455393600710999e-02
-1.437888100699098032e-02 -2.285373157599193336e-02
-1.402923796780676351e-02 -2.191276110464993737e-02
-1.349852147679097072e-02 -2.054173600457589316e-02
-1.296780498577517100e-02 -1.917071090450183160e-02
-1.243708849475937302e-02 -1.779968580442777004e-02
-1.206734351251515479e-02 -1.647660890830019223e-02
-1.217818074209056634e-02 -1.568057595009002270e-02
-1.228628799064195032e-02 -1.490414971498849050e-02
-1.239439523919333604e-02 -1.412772347988694270e-02
-1.250250248774472002e-02 -1.335129724478540877e-02
-1.261060973629610574e-02 -1.257487100968386097e-02
-1.281422014944121057e-02 -1.214372148011717487e-02
-1.317786289244607043e-02 -1.229114372739266436e-02
-1.354150563545092334e-02 -1.243856597466815039e-02
-1.390514837845577625e-02 -1.258598822194363642e-02
-1.426879112146063611e-02 -1.273341046921912592e-02
-1.463243386446549422e-02 -1.288083271649461369e-02
-1.510994326466218868e-02 -1.322660579323241443e-02
-2.423680073672735899e-02 -2.266192858071851279e-02
-3.594362660891869260e-02 -3.150964396312438270e-02
-3.781515229983927612e-02 -3.105337388194602186e-02
-3.887659727912406299e-02 -3.038505489539586671e-02
-3.981652971539973579e-02 -2.969529354540587085e-02
-4.020965570813436751e-02 -2.890904155993660740e-02
-4.060278170086899924e-02 -2.812278957446734048e-02
-4.102449823862967804e-02 -2.723646959074755777e-02
-4.157487222900752011e-02 -2.589984361490044185e-02
-4.212524621938536912e-02 -2.456321763905332592e-02
-4.295438184107493867e-02 -2.343387584129344794e-02
-4.503794480366719866e-02 -2.323731284492613208e-02
-4.712150776625947945e-02 -2.304074984855881622e-02
-4.902995227724304961e-02 -2.301215930353277261e-02
-5.711048512635854418e-02 -3.784551734767898495e-02
-3.451646936045275893e-02 -4.894776563955186011e-02
-4.159630695783170240e-02 -5.139228886840024185e-02
-4.371739732842183646e-02 -5.198197785750218597e-02
-4.814006474668643121e-02 -5.257166684660413702e-02
-5.241977671317242515e-02 -5.298266220264489373e-02
-5.452835940197579834e-02 -5.262527493652249810e-02
-5.626794012023857844e-02 -5.233043044197151911e-02
-5.800752083850132385e-02 -5.203558594742054705e-02
-5.939775735825041092e-02 -5.174074145286957499e-02
-6.045919933822190701e-02 -5.144589695831859599e-02
-6.152064131819337534e-02 -5.115105246376762393e-02
-6.258208329816486448e-02 -5.085620796921665188e-02
-6.389414217144420705e-02 -5.056136347466567288e-02
-6.544207576783683811e-02 -5.026651898011470082e-02
-6.699000936422946917e-02 -4.997167448556372182e-02
-6.853794296062205860e-02 -4.967682999101275670e-02
-7.008587655701467578e-02 -4.938198549646177771e-02
-7.163381015340730684e-02 -4.908714100191079871e-02
-7.318174374979992403e-02 -4.879229650735982665e-02
-7.472967734619255509e-02 -4.849745201280884765e-02
-7.697630397491486698e-02 -4.822539002941270136e-02
-7.919602773281970987e-02 -4.803383900675248924e-02
-8.113217444676308621e-02 -4.786675926011495219e-02
-8.306832116070646255e-02 -4.769967951347741514e-02
-8.500446787464989440e-02 -4.753259976683987115e-02
-8.694061458859327074e-02 -4.736552002020233409e-02
-8.815404207410015847e-02 -4.719844027356479704e-02
-8.930393380326100139e-02 -4.703136052692725305e-02
-9.045382553242181656e-02 -4.686428078028971600e-02
-9.160371726158263173e-02 -4.669720103365217895e-02
-9.275360899074344689e-02 -4.653012128701464190e-02
-9.390350071990426206e-02 -4.636304154037710484e-02
-9.433067873451769780e-02 -4.619596730762865616e-02
-9.481186256617057939e-02 -4.597488992389701240e-02
-9.535732668067786744e-02 -4.572427930188060347e-02
-9.590279079518515548e-02 -4.547366867986419453e-02
-9.644825268292953058e-02 -4.533979832984496444e-02
-9.699371229846687203e-02 -4.532505070635348132e-02
-9.753917191400419962e-02 -4.531030308286199126e-02
-9.808463152954152720e-02 -4.529555545937050814e-02
-9.815581068742518234e-02 -4.574050076974959383e-02
-9.782642019318389670e-02 -4.646987005139588400e-02
-9.755123319799496873e-02 -4.707921653985989996e-02
-9.727604620280604075e-02 -4.768856302832389510e-02
-9.700085920761712666e-02 -4.829790951678789024e-02
-9.672567221242819868e-02 -4.890725600525188538e-02
-9.578574377523695060e-02 -5.016287779995386165e-02
-9.480292879340034007e-02 -5.146019477570350914e-02
-9.382011381156377117e-02 -5.275751175145310806e-02
-9.283729882972718839e-02 -5.405482872720270698e-02
-9.185448384789059173e-02 -5.535214570295234754e-02
-9.087166886605400895e-02 -5.664946267870195340e-02
-9.063668730208589153e-02 -5.706969173884284680e-02
-9.024624296810546120e-02 -5.783003565603481166e-02
-8.968663590984542189e-02 -5.892096370327282173e-02
-8.918540566787271084e-02 -6.001187393640759760e-02
-8.869191865306706724e-02 -6.112065371462504365e-02
-8.886435099239577140e-02 -6.297916911156052622e-02
-8.895280074158511130e-02 -6.393250084366733366e-02
-8.904125049077445120e-02 -6.488583257577415497e-02
-8.912970023996377722e-02 -6.583916430788096241e-02
-8.921814998915311712e-02 -6.679249603998775597e-02
-8.947993726436558048e-02 -6.726434770523521955e-02
-8.974529850918677720e-02 -6.772627194642373560e-02
-9.001065975400798780e-02 -6.818819618761225165e-02
-9.027602099882918452e-02 -6.865012042880076770e-02
-9.054138224365038123e-02 -6.911204466998928375e-02
-9.080674348847157795e-02 -6.957396891117779980e-02
-9.107210473329276079e-02 -7.003589315236630197e-02
-9.146076514237432009e-02 -7.071244885915757561e-02
-9.199148763201671353e-02 -7.163629734153459383e-02
-9.240863879079089238e-02 -7.258635315700477653e-02
-9.242829029152635489e-02 -7.362813463830090999e-02
-9.244794179226180353e-02 -7.466991611959704345e-02
-9.207446996631887814e-02 -7.530546794161196988e-02
-8.692850948130260991e-02 -7.298205456009217162e-02
-7.635817104358544327e-02 -7.092588459852507132e-02
-6.374536896074824155e-02 -7.008424202215499110e-02
-5.498848387340848215e-02 -7.011373726913795734e-02
-5.382013955083710804e-02 -7.061019360410968060e-02
-5.272922931770233218e-02 -7.111141484814251235e-02
-4.960118949092887086e-02 -7.166389671955157581e-02
-3.679958408967060057e-02 -6.990495070775284980e-02
-3.161685505321735340e-02 -7.468560380058704429e-02
-2.862791428842644328e-02 -7.631409422600184123e-02
-2.399736573783974036e-02 -7.916127944611028866e-02
-1.857221983974992330e-02 -8.103160613881743579e-02
-9.317669603290517147e-03 -8.257850942564769203e-02
-4.763383228634984583e-03 -8.467873657292949996e-02
3.512526342993992339e-03 -8.824904714061357347e-02
7.202536414241988635e-03 -9.009255633689587650e-02
1.076865957700741394e-02 -9.412865407952104857e-02
1.417872974125864056e-02 -9.705207566328849511e-02
1.864846347447145572e-02 -1.003591054189214432e-01
2.275604884980869658e-02 -1.014265061255353734e-01
2.890191191955985422e-02 -1.055126338682013803e-01
3.232210085799921973e-02 -1.082645158173437955e-01
3.465583599753662564e-02 -1.094915454310307207e-01
3.583521397574047918e-02 -1.090984194382961098e-01
3.701459195394437435e-02 -1.087052934455614711e-01
3.827021138555106866e-02 -1.083121674528268324e-01
4.082195188489553400e-02 -1.075616541939698051e-01
4.523450816358766391e-02 -1.087660511712785355e-01
4.909668572571116579e-02 -1.110557247624635452e-01
5.313574024591954242e-02 -1.135222753117333672e-01
5.675368099945210520e-02 -1.179264680507351865e-01
6.027753529433525076e-02 -1.198778183746798121e-01
6.536493161201938074e-02 -1.211650069420833337e-01
7.132496377371687346e-02 -1.223098353759539125e-01
7.587330641829663491e-02 -1.234892133541578146e-01
7.884796572559329975e-02 -1.246685913323617168e-01
8.142622724378748011e-02 -1.259968806714499290e-01
8.642873990490658465e-02 -1.289453256169597051e-01
9.033051658252318206e-02 -1.306161050874553031e-01
9.478267924777071529e-02 -1.321296485575608748e-01
9.830891190721177675e-02 -1.337498157976824698e-01
1.026725888315104529e-01 -1.357547367655733417e-01
1.099424534671366999e-01 -1.411679701183456426e-01
1.136256298302535384e-01 -1.441581102449029927e-01
1.161318080339367870e-01 -1.453374882231068532e-01
1.183913865154789941e-01 -1.463798677492971489e-01
1.198361137412508742e-01 -1.469695567383990931e-01
1.212534437851366664e-01 -1.475592457275010649e-01
1.225802440106160962e-01 -1.481489347166030368e-01
1.239001959858391649e-01 -1.483961275756709719e-01
1.251188933254046842e-01 -1.475652021819364168e-01
1.259837753083221101e-01 -1.469755131928344727e-01
1.264912663895859379e-01 -1.460582173920213500e-01
1.268843923823205488e-01 -1.450360874114607068e-01
1.272775183750552153e-01 -1.440139574308999804e-01
1.276557568672326559e-01 -1.432151944916658370e-01
1.281424054477164343e-01 -1.422675194644410501e-01
1.278856867696106514e-01 -1.392756099248137758e-01
1.233879579913938207e-01 -1.368257191975959242e-01
1.067587213003672458e-01 -1.292669741564699548e-01
9.130886258754424001e-02 -1.224372934668046531e-01
7.703839603149698068e-02 -1.162938163962269761e-01
6.022689488859377105e-02 -1.055007198686712111e-01
5.095269860469571477e-02 -9.133745531388880179e-02
4.559905306367755679e-02 -8.105543195655891264e-02
4.875121136845954328e-02 -8.116264813639562092e-02
5.408876859294169809e-02 -8.096012868559290809e-02
7.577264764621462201e-02 -9.308210423540916323e-02
9.755719237907894970e-02 -1.012716383102156836e-01
1.014878513531058679e-01 -9.978728361180691508e-02
9.723792293123283137e-02 -9.673996057743201871e-02
9.674591121501716073e-02 -8.472578616443400545e-02
9.189498839244676642e-02 -5.365096919194186492e-02
9.306364409827136419e-02 -5.115821264260701773e-02
9.424302207647523855e-02 -4.896563718417677041e-02
9.542240005467914066e-02 -4.624769982696404214e-02
9.969913433927715674e-02 -4.005416512630781412e-02
9.879851290264118902e-02 -3.741725212743881451e-02
9.691150093916299502e-02 -3.499954166882458806e-02
9.606568549999940088e-02 -3.529796061772183524e-02
9.524489124125953832e-02 -3.679183459121205396e-02
6.861358309715254178e-02 -4.711555458380226047e-02
4.445182772403950822e-02 -4.094943251604009349e-02
2.646988764722314411e-02 -2.826933275028131048e-02
8.845334836529245015e-03 -1.120409079293704230e-02
5.366155404123924486e-03 -5.366155404123938363e-03
3.361234436233035208e-03 -1.002478479825239226e-03
