1.161761118335662320e-04 -4.103010312929108766e-04
2.323522236671324639e-04 -8.206020625858217532e-04
3.485283355006985333e-04 -1.230903093878732034e-03
4.647044473342649279e-04 -1.641204125171643506e-03
5.808805591678309430e-04 -2.051505156464553462e-03
6.970566710013971750e-04 -2.461806187757464501e-03
8.750054786271756419e-04 -2.872116195030583775e-03
1.052954286252953892e-03 -3.282426202303702183e-03
1.230903093878732467e-03 -3.692736209576821457e-03
1.408851901504510826e-03 -4.103046216849940732e-03
1.586800709130289184e-03 -4.513356224123060007e-03
1.764749516756067543e-03 -4.923666231396178414e-03
2.167699220258537032e-03 -5.094254735251307203e-03
2.570648923761005653e-03 -5.264843239106435126e-03
2.973598627263475142e-03 -5.435431742961563048e-03
3.376548330765942896e-03 -5.606020246816690970e-03
3.779498034268411518e-03 -5.776608750671819760e-03
4.182447737770881441e-03 -5.947197254526948550e-03
4.661872792646445940e-03 -7.108994276783442076e-03
5.141297847522011306e-03 -8.270791299039938205e-03
5.620722902397574938e-03 -9.432588321296429129e-03
6.100147957273141172e-03 -1.059438534355292699e-02
6.579573012148706539e-03 -1.175618236580942312e-02
7.058998067024270170e-03 -1.291797938806591405e-02
6.772224475355368215e-03 -1.369888069019126360e-02
6.485450883686464524e-03 -1.447978199231662010e-02
6.198677292017562568e-03 -1.526068329444196965e-02
5.911903700348659745e-03 -1.604158459656732094e-02
5.625130108679757789e-03 -1.682248589869267050e-02
5.338356517010857567e-03 -1.760338720081802352e-02
5.842779676766007152e-03 -1.790486344806781205e-02
6.347202836521156737e-03 -1.820633969531759710e-02
6.851625996276308923e-03 -1.850781594256738563e-02
7.356049156031458508e-03 -1.880929218981717069e-02
7.860472315786610695e-03 -1.911076843706695921e-02
8.364895475541762881e-03 -1.941224468431674427e-02
1.511909373464464384e-02 -2.903174555347406288e-02
1.461639477908763599e-02 -4.829746470487723820e-02
1.304516395029269200e-02 -5.397372426348403390e-02
1.285251248708602946e-02 -5.563700032398741918e-02
1.265986102387936865e-02 -5.730027638449079752e-02
1.246720956067270784e-02 -5.896355244499416892e-02
1.227455809746604357e-02 -6.062682850549756808e-02
1.207130074297853295e-02 -6.210171551472907364e-02
1.181688555995986413e-02 -6.266790239429623210e-02
1.156247037694119878e-02 -6.323408927386338363e-02
1.130805519392253343e-02 -6.380027615343053515e-02
1.105364001090386981e-02 -6.436646303299768668e-02
1.079922482788520099e-02 -6.493264991256485208e-02
1.049506013856339043e-02 -6.554252578913180582e-02
9.950927242367554881e-03 -6.636313682769784394e-02
9.406794346171729743e-03 -6.718374786626386819e-02
8.862661449975904604e-03 -6.800435890482989243e-02
8.318528553780070792e-03 -6.882496994339593055e-02
7.774395657584236112e-03 -6.964558098196196867e-02
7.299961701036716301e-03 -7.039952333553135821e-02
7.161722629851615014e-03 -7.083188732617580474e-02
7.023483558666515462e-03 -7.126425131682025127e-02
6.885244487481413309e-03 -7.169661530746469780e-02
6.747005416296314624e-03 -7.212897929810914432e-02
6.608766345111215072e-03 -7.256134328875357697e-02
6.459921382645263978e-03 -7.302603050945917496e-02
6.191230764437034330e-03 -7.385976488442178023e-02
5.891226577941376455e-03 -7.479066379180486501e-02
5.591222391445719447e-03 -7.572156269918793592e-02
5.289792112094576435e-03 -7.665152579263445620e-02
4.848604732905556838e-03 -7.748977912029952897e-02
4.407417353716543314e-03 -7.832803244796460174e-02
3.966229974527524585e-03 -7.916628577562967450e-02
3.522747464399230994e-03 -8.001472221684115260e-02
2.940762206867245099e-03 -8.162237970398257547e-02
2.406037933125557485e-03 -8.309948495898955567e-02
1.871313659383869654e-03 -8.457659021399653587e-02
1.336589385642181823e-03 -8.605369546900351607e-02
7.708495642892606008e-04 -8.743454013626353327e-02
-7.092863080352101307e-05 -8.795866557257546459e-02
-9.127068258963144448e-04 -8.848279100888742366e-02
-1.754485020989118935e-03 -8.900691644519938273e-02
-2.596263216081900766e-03 -8.953104188151131404e-02
-3.451233382086625959e-03 -9.016818306862539600e-02
-4.327029018971510592e-03 -9.164797268571339695e-02
-5.137344608238832849e-03 -9.301712382675741964e-02
-5.947660197506168117e-03 -9.438627496780148396e-02
-6.757975786773490375e-03 -9.575542610884550665e-02
-7.568291376040826510e-03 -9.712457724988957097e-02
-8.591921588286212039e-03 -9.863514631910937080e-02
-1.045814456129495057e-02 -1.007043162046234730e-01
-1.232436753430371859e-02 -1.027734860901376029e-01
-1.419059050731245712e-02 -1.048426559756517051e-01
-1.605681348032119565e-02 -1.069118258611658073e-01
-1.792303645332993245e-02 -1.089809957466799095e-01
-1.923398715737169307e-02 -1.108439810201610892e-01
-1.693446505978042985e-02 -1.135765816508212539e-01
-1.446025116604843577e-02 -1.179181642697022803e-01
-1.615441357444792961e-02 -1.228418125491380491e-01
-1.794768313498441847e-02 -1.263200893809276193e-01
-1.964992138691015397e-02 -1.293227197735098699e-01
-2.082642106474753146e-02 -1.328698835360715702e-01
-2.057243990210518708e-02 -1.362496447237532271e-01
-1.998566661193074481e-02 -1.385041057687033117e-01
-1.939889332175628867e-02 -1.407585668136534518e-01
-1.879420479108464756e-02 -1.429738558649772118e-01
-1.761622856450302879e-02 -1.439356411202563912e-01
-1.643825233792141349e-02 -1.448974263755355707e-01
-1.526027611133982075e-02 -1.458592116308147224e-01
-1.409974715028725935e-02 -1.468295534432268457e-01
-1.321771293515833223e-02 -1.486517957452122563e-01
-1.201328000691330965e-02 -1.511400990265440725e-01
-1.007013097952524742e-02 -1.523290823888551193e-01
-7.877415702426698862e-03 -1.530791063190645729e-01
-6.908282111350503435e-03 -1.544779772025770548e-01
-5.159473935444032489e-03 -1.559710733023245144e-01
-3.749365396710383457e-03 -1.578577460062419446e-01
-1.548357673896545977e-03 -1.597319197937192847e-01
1.819566099886400692e-03 -1.615440907739117971e-01
6.202304948018587741e-03 -1.644603943595098483e-01
1.344559185668901986e-02 -1.669964471355548374e-01
1.734766152468903561e-02 -1.708666090979107932e-01
2.381875791202692216e-02 -1.759366191666212331e-01
2.752474266839092729e-02 -1.796381877407228489e-01
2.865667742049317346e-02 -1.809225738046724152e-01
2.917727529658334026e-02 -1.816328790224609746e-01
3.137428218021898196e-02 -1.832499337715483012e-01
3.476818407272059402e-02 -1.854810552732950868e-01
4.253863428833779686e-02 -1.946937221061814660e-01
4.544817034752480361e-02 -1.973303564524456488e-01
5.200227551182969726e-02 -1.988686519618624582e-01
5.664846228039693149e-02 -2.018932142100852978e-01
5.821213497119079316e-02 -2.062863802458924367e-01
6.349515212222407723e-02 -2.094452953285362018e-01
6.761842312647863007e-02 -2.129082932286821828e-01
6.995021360091867313e-02 -2.156654069892912917e-01
7.270644173148058109e-02 -2.180160976140567697e-01
7.627381668147691085e-02 -2.217569282135862518e-01
7.996436710387336277e-02 -2.261357241584125433e-01
8.288786833760075634e-02 -2.281942232354556011e-01
8.465342895656835509e-02 -2.308300540954915103e-01
9.104420936100166006e-02 -2.328699288296009196e-01
9.712257832629710153e-02 -2.351717202181884125e-01
9.993983292229666193e-02 -2.362969397130977589e-01
1.008591793351527460e-01 -2.380636170256030526e-01
1.041813332258575836e-01 -2.389239647285504031e-01
1.071374099237566158e-01 -2.406153152071501544e-01
1.101342644997411468e-01 -2.428669675862933641e-01
1.133541338319817571e-01 -2.453472430773263047e-01
1.164645129336464580e-01 -2.459296136492086782e-01
1.194382343686391651e-01 -2.469551261879702475e-01
1.243619006000353522e-01 -2.498100982608033593e-01
1.281717733513280111e-01 -2.539317666445917165e-01
1.332836718716750579e-01 -2.589887561020124407e-01
1.409246926233487796e-01 -2.608478094428300365e-01
1.430415769156533623e-01 -2.612274928616342695e-01
1.453092865073906670e-01 -2.621098676200123156e-01
1.475712025119027548e-01 -2.628077451852036672e-01
1.498836803035935861e-01 -2.598318407283577436e-01
1.523906995009904064e-01 -2.566548108483235890e-01
1.542025190579578153e-01 -2.544665386814281005e-01
1.574978226185338448e-01 -2.546945151600770174e-01
1.600139255079012779e-01 -2.557023287885309970e-01
1.605139235094138195e-01 -2.573435329137026550e-01
1.616974026918615304e-01 -2.572302576754726955e-01
1.631969158014595078e-01 -2.554675421702317095e-01
1.643881981027014438e-01 -2.503635898403636095e-01
1.734849427805276456e-01 -2.458951107972869032e-01
1.789977325129161190e-01 -2.430565517122634245e-01
1.814483366773738948e-01 -2.359389829263865701e-01
1.835925204614835271e-01 -2.296797300079374271e-01
1.865909613379702348e-01 -2.231517900979385627e-01
1.897576251395281521e-01 -2.170936138241185143e-01
1.920517959209190328e-01 -2.143082415018190412e-01
1.965872151043937255e-01 -2.129758469997272419e-01
1.991078678183953732e-01 -2.110552206106771911e-01
2.010515586685887313e-01 -2.087742374482078611e-01
2.042728780296320379e-01 -2.060937747505844908e-01
2.060292885887753944e-01 -2.010462688242527496e-01
2.082272580782884852e-01 -1.968451461516596834e-01
2.108035555229278990e-01 -1.886917552337539217e-01
2.123106565091281150e-01 -1.847478743619470065e-01
2.134871561869654821e-01 -1.817831080992083348e-01
2.159337407442864509e-01 -1.770740767758789136e-01
2.188393384334908764e-01 -1.711615113916559183e-01
2.222217750072732201e-01 -1.639201573107239851e-01
2.205824647232591806e-01 -1.611134314035087833e-01
2.185274189506015707e-01 -1.526653775513297784e-01
2.205238118605876430e-01 -1.389861224338643231e-01
2.117186706677806063e-01 -1.129239374045577782e-01
2.027921796625482276e-01 -9.114528107414034130e-02
1.862603738109105678e-01 -8.109434074030001660e-02
1.696062433009968007e-01 -6.586409880273524919e-02
1.724457239199883307e-01 -5.421229022278316323e-02
1.700424590751478948e-01 -4.474524338546727320e-02
1.535067108642037825e-01 -4.585699034208334801e-02
1.405005155426524155e-01 -4.126868468322260342e-02
1.063173260200282882e-01 -3.572734534978559001e-02
8.139907146037304864e-02 -2.647124275134096760e-02
4.413640264795107293e-02 -1.941224468431682754e-02
2.117699420107288510e-02 -1.387973771540449569e-02
1.546805536519004279e-02 -1.723280488194603444e-02
2.461806187757471440e-03 -1.764749516756071663e-03
