-1.082589035888044567e-02 -1.174984501263983197e-02
-1.514661056552706227e-02 -1.281801274106163582e-02
-1.577499826571850811e-02 -1.300503200664390388e-02
-1.637317501878536932e-02 -1.318305996138087292e-02
-1.697135177185222707e-02 -1.336108791611783850e-02
-1.756952852491908482e-02 -1.353911587085480581e-02
-1.816770527798594603e-02 -1.371714382559177485e-02
-1.878224600825255039e-02 -1.389517178032874216e-02
-1.970442950987435354e-02 -1.407319973506570773e-02
-2.062661301149616017e-02 -1.425122768980267504e-02
-2.154879651311796679e-02 -1.442925564453964235e-02
-2.247098001473976994e-02 -1.460728359927660966e-02
-2.339316351636157656e-02 -1.478531155401357697e-02
-2.430927799292001423e-02 -1.496333950875054254e-02
-2.526035650756753778e-02 -1.517445548739822063e-02
-2.622277667400813028e-02 -1.538808903308258071e-02
-2.718519684044871931e-02 -1.560172257876694078e-02
-2.814761700688931528e-02 -1.581535612445130259e-02
-2.909935533799529878e-02 -1.602898967013566267e-02
-2.970927493839396055e-02 -1.624262321582002275e-02
-3.031919453879261886e-02 -1.645625676150438282e-02
-3.092911413919128064e-02 -1.666989030718874290e-02
-3.153903373958993894e-02 -1.688352385287310298e-02
-3.216196582582705327e-02 -1.709715739855746305e-02
-3.381019881968195390e-02 -1.743594999120842010e-02
-3.554241820812819447e-02 -1.779200590068235471e-02
-3.727463759657442810e-02 -1.814806181015628933e-02
-3.974916696437786473e-02 -1.850411771963022395e-02
-4.224689351903621048e-02 -1.886017362910415857e-02
-4.474462007369457706e-02 -1.921622953857809665e-02
-4.731674753045354842e-02 -1.949675843695149527e-02
-4.978822191600517505e-02 -1.976380036905694623e-02
-5.225969630155680168e-02 -2.003084230116239720e-02
-5.472221532175021441e-02 -2.029788423326784469e-02
-5.630710853683822820e-02 -2.056492616537329912e-02
-5.789200175192623504e-02 -2.083196809747875008e-02
-5.947689496701424189e-02 -2.109901002958420105e-02
-6.106954318770631968e-02 -2.136605196168964854e-02
-6.405588937036281461e-02 -2.170502438055751590e-02
-6.719274106355105358e-02 -2.206108029003144705e-02
-7.032959275673927868e-02 -2.241713619950538167e-02
-7.328535986658055168e-02 -2.277319210897931628e-02
-7.623350236238615740e-02 -2.312924801845324743e-02
-7.918164485819179088e-02 -2.348530392792718552e-02
-8.162671198769548553e-02 -2.324296483211726536e-02
-8.391043996613224698e-02 -2.342789651551841282e-02
-8.551981963117141761e-02 -2.443554082426950894e-02
-8.847774753125452196e-02 -2.394925556754473259e-02
-9.126670650764606707e-02 -2.323714374859686335e-02
-9.341727637737451406e-02 -2.252503192964900106e-02
-9.643030206884445343e-02 -1.786850953145939849e-02
-1.017024217202278369e-01 -2.837648351462609964e-02
-1.081528650165500816e-01 -2.946227399279028117e-02
-1.115944983081275099e-01 -2.904354754915246944e-02
-1.142415475088631588e-01 -2.950085053586761277e-02
-1.161407528593947497e-01 -3.078265180997376629e-02
-1.180639109434804684e-01 -3.205797934027131840e-02
-1.215439967085821943e-01 -3.291251352300875871e-02
-1.250240824736840173e-01 -3.376704770574621289e-02
-1.279318946598171636e-01 -3.440147459899067089e-02
-1.303010964186857301e-01 -3.482874169035939799e-02
-1.326545992302806121e-01 -3.525600878172811814e-02
-1.353611378060368409e-01 -3.612349045208278903e-02
-1.411845941676160010e-01 -3.544374735217801359e-02
-1.477135696714191038e-01 -3.682588447719604280e-02
-1.568526603715164058e-01 -3.610461462619712902e-02
-1.663125294763998230e-01 -3.539853802709115593e-02
-1.712697508558977955e-01 -2.866789549915890398e-02
-1.760726961255870415e-01 -3.319285631705268941e-02
-1.770766968790344620e-01 -3.823647133022880368e-02
-1.776348053897250645e-01 -3.932866370513030119e-02
-1.782327281097236815e-01 -4.041751199728236404e-02
-1.807584720587368243e-01 -4.206930053213224496e-02
-1.859141750885439370e-01 -4.347023215294150422e-02
-1.913856050571905443e-01 -4.269418148938538410e-02
-1.969227932059992026e-01 -4.147030745979765620e-02
-1.968485665983519817e-01 -4.672970800637153005e-02
-1.979538977896435348e-01 -5.244897777304524666e-02
-2.011557790946175150e-01 -5.490553747050914285e-02
-2.064456179503815769e-01 -5.662575128578409278e-02
-2.109532359213762698e-01 -6.007662632123848129e-02
-2.124664735366405266e-01 -6.146435661892526298e-02
-2.139797111519047834e-01 -6.285208691661205160e-02
-2.154929487671689570e-01 -6.423981721429873615e-02
-2.168973915212050185e-01 -6.555336859384708337e-02
-2.174314753854159066e-01 -6.627348862828816300e-02
-2.179655592496268224e-01 -6.699360866272928428e-02
-2.184996431138377382e-01 -6.771372869717040555e-02
-2.190337269780486262e-01 -6.843384873161147131e-02
-2.195678108422595420e-01 -6.915396876605259258e-02
-2.200623329387511040e-01 -6.983452763643901995e-02
-2.202403608934880574e-01 -7.019859719438821533e-02
-2.206090046381454228e-01 -7.095247860226279457e-02
-2.211430885023563109e-01 -7.204468628829542587e-02
-2.216771723665672267e-01 -7.313687866319693032e-02
-2.222112562307781147e-01 -7.422907202591334797e-02
-2.227453400949890028e-01 -7.532128069976089246e-02
-2.232962553374889247e-01 -7.639665700750450372e-02
-2.241080569434689418e-01 -7.721113164063692080e-02
-2.249833019500000753e-01 -7.809163873720535720e-02
-2.265352790319478116e-01 -7.968151937490648706e-02
-2.277743575086641770e-01 -8.095085956145821326e-02
-2.287578655478504919e-01 -8.215661080939498651e-02
-2.292527830447000092e-01 -8.324079496880329443e-02
-2.297477005415494711e-01 -8.432497912821151909e-02
-2.299448620869855853e-01 -8.520679074412880472e-02
-2.295727843135431656e-01 -8.570171367396031692e-02
-2.292007065401007460e-01 -8.619663660379181525e-02
-2.283639574489986224e-01 -8.664386782966214395e-02
-2.266388661329588605e-01 -8.699992373913607857e-02
-2.249137748169190987e-01 -8.735597964861001319e-02
-2.232620533437260357e-01 -8.734519007559565784e-02
-2.204376161167049542e-01 -8.601447607049102217e-02
-2.170138229600049318e-01 -8.466577944369584052e-02
-2.138272779205717400e-01 -8.535631211661499906e-02
-2.120736960468342647e-01 -8.606842393556284054e-02
-2.106347411251527912e-01 -8.689447427774393828e-02
-2.097463833695695778e-01 -8.791991703558310611e-02
-2.088580256139863367e-01 -8.894535979342230170e-02
-2.079139946099513303e-01 -8.973321330857828015e-02
-2.060519918178085608e-01 -9.039843355364382549e-02
-2.028356674514887881e-01 -9.151467395331129573e-02
-2.003606441762292301e-01 -9.263092357258460863e-02
-1.980773607145029647e-01 -9.523330747083270931e-02
-1.944924137866678449e-01 -9.698159992498706083e-02
-1.918062394763069833e-01 -9.964807127910911555e-02
-1.910833380843447171e-01 -1.054928384303325112e-01
-2.032723274114401346e-01 -1.126323526969211924e-01
-2.096952765699424959e-01 -1.154341201204932416e-01
-2.079333061719705333e-01 -1.161782741307771094e-01
-2.057649161212259381e-01 -1.169224405436259662e-01
-2.035965462658083924e-01 -1.176665867611477595e-01
-2.008167594801482936e-01 -1.184107407714316273e-01
-1.972241457915079599e-01 -1.191549071842804980e-01
-1.921189567187205349e-01 -1.200536013912021360e-01
-1.900488471394728707e-01 -1.204146426049749613e-01
-1.879787375602250954e-01 -1.207756838187478143e-01
-1.862182456577593237e-01 -1.212673219347246145e-01
-1.850496699020827696e-01 -1.220086305990324693e-01
-1.838810941464061599e-01 -1.227499392633403519e-01
-1.827125183907296058e-01 -1.234912479276481928e-01
-1.815439426350529684e-01 -1.242325565919560892e-01
-1.806317937524353212e-01 -1.249375456726980055e-01
-1.802098727153714219e-01 -1.255731002554462405e-01
-1.793276741833287613e-01 -1.269019871102834984e-01
-1.770052699583628819e-01 -1.275192081116785225e-01
-1.740230411528962684e-01 -1.265659358796254186e-01
-1.708665489553230776e-01 -1.250919700535251811e-01
-1.666828920190043251e-01 -1.227063911136641872e-01
-1.640324818768114368e-01 -1.208777863437029837e-01
-1.622220344620231014e-01 -1.192111999024394325e-01
-1.614173446295035230e-01 -1.176943982509720127e-01
-1.598259450617390276e-01 -1.102477434620323243e-01
-1.552458842573141429e-01 -1.003701159062707765e-01
-1.471958963763445871e-01 -9.099666875242629072e-02
-1.380921799867964872e-01 -8.462563859692347201e-02
-1.323305940951566839e-01 -8.182460281492981435e-02
-1.246218366681870748e-01 -8.147994036265324147e-02
-1.197060030871521241e-01 -7.975895012485725855e-02
-1.167323904423785974e-01 -7.547738821841691592e-02
-1.117935154199732467e-01 -7.207434773593578148e-02
-1.054001063176346342e-01 -7.029406818856615002e-02
-9.961700878065168907e-02 -6.844905120311030322e-02
-9.400101198984681106e-02 -6.614233446676506811e-02
-8.614150544621236583e-02 -6.210773155672182078e-02
-7.879338640209436473e-02 -6.027847910944982707e-02
-6.946383708440501126e-02 -5.860413184544997767e-02
-6.237388247977650180e-02 -5.632093201871961330e-02
-5.847246599580237236e-02 -5.410268892498590332e-02
-4.997762126673976901e-02 -5.085157668090307254e-02
-4.235479385898271304e-02 -5.183817855639442918e-02
-3.895705036933249515e-02 -5.560978430712605614e-02
-3.345086303542788020e-02 -4.959206426491289538e-02
-2.793733524891069825e-02 -4.847582188961560568e-02
-2.402502612989968617e-02 -4.712345948168119442e-02
-1.627861945463791871e-02 -4.689148432041576053e-02
-1.371557034619383386e-02 -4.305616895301404845e-02
-8.033808460522574857e-03 -4.041331707662186579e-02
-5.458532179095094972e-03 -3.733632565002660553e-02
-5.680686484503027003e-04 -3.511628144043631161e-02
4.131946965930555216e-03 -3.291944676538736264e-02
9.712135630803692479e-03 -3.124508353171310052e-02
1.208781090299076988e-02 -2.866980115876034685e-02
1.035379385604014678e-02 -2.493470323618976123e-02
3.647262902299563264e-03 -2.687682637877490330e-02
-3.026609737992329990e-02 -3.345846591753551258e-02
-4.986643282022151791e-02 -4.183117457667998723e-02
-8.215568939759576583e-02 -4.896308233917321534e-02
-1.002178547742471476e-01 -4.213328262108228389e-02
-7.102661987367701879e-02 -3.192634654949607492e-02
-4.101085290244623621e-02 -2.638019189497203820e-02
-1.369455129122064754e-02 -2.089982538432930137e-02
1.463384572275121254e-03 -1.776363453931733768e-02
3.695851212929644400e-03 -1.446300017024101069e-02
5.100494383635690611e-03 -1.199018927111315282e-02
6.216744002909005244e-03 -8.737604194996223539e-03
7.332961024290195542e-03 -5.485051716771408188e-03
6.505137554341734220e-03 -3.300634369076334371e-03
5.388920532960524840e-03 -1.116249619273315501e-03
