-1.324533775273766976e-03 -7.432488080657283051e-03
-2.361241136567979616e-03 -8.771475547565122516e-03
-4.179946244633849992e-03 -1.221399567002758729e-02
-1.880886314555575180e-03 -1.494234299751715130e-02
-2.601998492352063097e-03 -1.638405955399482514e-02
-6.648356481153317073e-04 -1.951438982531992355e-02
9.558586548115929372e-04 -2.388162810172717032e-02
3.399609911037565751e-03 -2.665659911567185361e-02
5.674827616807744113e-03 -2.890620663367340568e-02
5.455676227359913463e-03 -3.077259005959570234e-02
5.770263589520322617e-03 -3.175799527189199917e-02
6.346935555382383909e-03 -3.436535379871166751e-02
5.528994856122447857e-03 -3.657986665893846884e-02
-7.300346173028300981e-03 -3.724260482772363129e-02
-7.203023552317510542e-03 -3.733004488219221484e-02
-6.737758602506158621e-03 -3.768558386700624624e-02
-6.474815938234540491e-03 -3.788032076282160654e-02
-6.290010805774221177e-03 -3.803082599429792598e-02
-6.148083599627907590e-03 -3.816354302393257930e-02
-6.093839932292057122e-03 -3.822079949175528901e-02
-6.040178289083443161e-03 -3.828266400979309786e-02
-5.814726026193856208e-03 -3.868483252569980546e-02
-5.831833427117313548e-03 -3.937071366488788249e-02
-6.070126816680113634e-03 -3.991207891853423839e-02
-6.625702079347425139e-03 -4.070773360235702826e-02
-7.047860754963004848e-03 -4.117862519756021467e-02
-7.384904811287736938e-03 -4.150856746708930789e-02
-7.718469268566119368e-03 -4.180387420234838586e-02
-7.758864118522131210e-03 -4.183774989251739379e-02
-8.644963559003371670e-03 -4.248903468715881093e-02
-8.982333505871921073e-03 -4.269304772542453080e-02
-9.437995738551984565e-03 -4.292990070954176562e-02
-9.644798118963317929e-03 -4.302209016920664764e-02
-9.661275062912783040e-03 -4.302900692196576921e-02
-9.663030766512254247e-03 -4.302974014780071299e-02
-9.664199770006248053e-03 -4.303022794756219960e-02
-9.664271610396750825e-03 -4.303025791442397635e-02
-9.683240855135241340e-03 -4.303812767020222252e-02
-1.055124486348851809e-02 -4.329851988711815730e-02
-1.069254553360321491e-02 -4.332009745510246451e-02
-1.069259767489048885e-02 -4.332010418794091794e-02
-2.923160862228058043e-02 -6.895358196365215797e-02
-2.888129822816619049e-02 -7.364448938779741272e-02
-2.967272867373256864e-02 -8.816566095073143094e-02
-2.820073694541434459e-02 -9.161502475233479492e-02
-2.665963451601991926e-02 -9.319779450205882554e-02
-2.553637405111379780e-02 -9.517041804290310436e-02
-2.342998028380701564e-02 -9.833030317273364074e-02
-1.805011931042558443e-02 -9.954614986787883868e-02
-7.213112669537499050e-03 -9.788769570960166588e-02
-5.995807731714944411e-03 -1.004095540798712327e-01
-6.660144666762523452e-03 -1.056092451654954134e-01
-6.131057108146819278e-03 -1.080346876439952225e-01
7.766247013439126975e-04 -1.105762422529294464e-01
4.579050865726160338e-04 -1.160728383671473102e-01
-3.825179385073908581e-04 -1.198524797627803645e-01
-4.262095090011114263e-04 -1.207541294572067742e-01
-4.695165668812319604e-04 -1.227372612560919535e-01
-2.004693977636512209e-04 -1.229668344337138536e-01
1.241090424544785860e-04 -1.231631735175407055e-01
-4.667133516434164055e-03 -1.353749374564406915e-01
-4.537829534206308697e-03 -1.356028977809822789e-01
-4.486298836007122579e-03 -1.356976781974562618e-01
-4.470959881104509710e-03 -1.357264092758749541e-01
-4.277664729970691998e-03 -1.361155907232627083e-01
-1.080920421645886233e-02 -1.449703299437776205e-01
-1.178793172220956448e-02 -1.469418147532575436e-01
-1.186360554115580175e-02 -1.488628087171436631e-01
8.922034351783071984e-03 -1.410742141561809604e-01
9.482815822546054180e-03 -1.426854134484566716e-01
1.074142958216769451e-02 -1.451738844264919559e-01
1.061893726861487183e-02 -1.466855281480660689e-01
1.086000242252196067e-02 -1.474020709739931878e-01
1.158995600775521682e-02 -1.480403377033183976e-01
1.278726833820160308e-02 -1.483896727642054769e-01
1.420392867838835178e-02 -1.483022382048372334e-01
1.518792608159240561e-02 -1.479416568610645855e-01
1.786657076386366852e-02 -1.450259023804914560e-01
2.018230745381987060e-02 -1.436144507427484784e-01
2.038369043845183332e-02 -1.438254145388241367e-01
3.692004419214726246e-02 -1.302556796932131389e-01
3.734293400232463478e-02 -1.302366946438374973e-01
3.757191043585862006e-02 -1.302154806248015662e-01
4.081841475491235910e-02 -1.279861753963222604e-01
4.206266072223952684e-02 -1.283614072158550667e-01
4.313444020778215565e-02 -1.290452888652325047e-01
4.434251905520017467e-02 -1.300521808251905720e-01
4.597759413087762481e-02 -1.317567842673838807e-01
4.779913566448831808e-02 -1.341475673056163886e-01
4.871496876792613673e-02 -1.355316246958817861e-01
4.963201611013014214e-02 -1.370016037673038867e-01
5.061941081632914674e-02 -1.386381338193775348e-01
5.158686123231237541e-02 -1.402361218106824015e-01
6.138634658280719969e-02 -1.347301242912907204e-01
6.176276818993790829e-02 -1.350025371777955618e-01
6.196444952050194493e-02 -1.351704670918020545e-01
6.212932992840741742e-02 -1.353216141950055740e-01
6.238039535810936675e-02 -1.355807704407971936e-01
6.276630888732305513e-02 -1.360573464217730288e-01
6.305443697818505222e-02 -1.364800161976827964e-01
7.646672690655056948e-02 -1.261521593905139127e-01
7.646672701066106748e-02 -1.261521592343927411e-01
7.646672721178633669e-02 -1.261521589327909421e-01
7.649620515198590764e-02 -1.261080916705883403e-01
8.579086259665703873e-02 -1.159822086035191269e-01
8.765753148601736211e-02 -1.169724987498551166e-01
8.837246520700954566e-02 -1.173604679877655738e-01
8.919991939424233574e-02 -1.177605709451158555e-01
9.004990603200306587e-02 -1.180988335039278997e-01
9.060452377907332600e-02 -1.182646262491358069e-01
9.096099817692400447e-02 -1.183433195707721125e-01
9.144832910615444121e-02 -1.184100979702485956e-01
9.280434035285997640e-02 -1.182771894147482405e-01
9.426709343053869816e-02 -1.172988129616252401e-01
9.482015194858711693e-02 -1.165856165500525898e-01
9.534354595157325252e-02 -1.156940774403440592e-01
9.546937276112918425e-02 -1.154405354243674131e-01
9.595770561292368828e-02 -1.142257088452571095e-01
9.607431189675934291e-02 -1.138345694021986876e-01
9.612255254842146102e-02 -1.136449651044523917e-01
9.433443877118159737e-02 -1.126633462108028172e-01
8.919263168785782070e-02 -1.131966289345616716e-01
8.886627856674203518e-02 -1.131471550906266860e-01
8.865572433941093511e-02 -1.131119431122433461e-01
8.733029558536582748e-02 -1.128367410122546460e-01
8.644926618826376252e-02 -1.126078213964010616e-01
8.543916110989481505e-02 -1.123026355086615691e-01
8.377952487766116008e-02 -1.115650815188808098e-01
8.964985603501150757e-02 -8.440733048145153405e-02
8.767893527898035222e-02 -8.296475065190327125e-02
8.604746182835321111e-02 -8.158267958923644259e-02
8.559995736737689709e-02 -8.119196070798556653e-02
8.486793546109601405e-02 -8.054426330394036382e-02
8.358045813398165547e-02 -7.937605381586013142e-02
6.384922043963958682e-02 -8.825842938688766015e-02
6.375142000738923120e-02 -8.816175249929739111e-02
6.367873770257655164e-02 -8.809023163652973665e-02
6.361845893545496622e-02 -8.803118289598965696e-02
6.359237090282116034e-02 -8.800571224011231874e-02
6.350109786532516509e-02 -8.791705307050488860e-02
6.338827890608819682e-02 -8.780856764157277117e-02
6.326687168369454772e-02 -8.769338536355179847e-02
6.313088591377188918e-02 -8.756653644015550964e-02
6.290934434791320418e-02 -8.736536391814961333e-02
6.286625154524720649e-02 -8.732708155544048612e-02
6.284559044089541024e-02 -8.730882898558296745e-02
6.282825934056376904e-02 -8.729356981077886213e-02
6.280283169196064497e-02 -8.727126784755580291e-02
6.269378340034634234e-02 -8.717680134919880697e-02
6.175932099798067676e-02 -8.645143115889471208e-02
5.963858714565717367e-02 -8.535580076724785803e-02
5.739872333130563442e-02 -8.460603615511086417e-02
5.395363819554587631e-02 -8.326344972004010025e-02
5.074671428572061216e-02 -8.082596709353587205e-02
4.622498507099959825e-02 -7.600747060369558716e-02
4.449275533086183287e-02 -7.508763510583858769e-02
4.336288215644101135e-02 -7.469307922899419416e-02
3.851508124771683278e-02 -7.035498218830664452e-02
3.826913013721239265e-02 -6.918733460811880842e-02
3.635374408235230587e-02 -5.142964902883980643e-02
3.594070867948665621e-02 -5.137323566150744231e-02
3.562912098439992986e-02 -5.132047025247826050e-02
3.529264096400688139e-02 -5.124113190947798130e-02
3.473438770517361246e-02 -5.024176288943761615e-02
3.482176266446355278e-02 -4.858562402425763843e-02
3.445163202433958877e-02 -4.755015320589311978e-02
3.402097927854281362e-02 -4.687803802012296267e-02
3.256317423719581189e-02 -4.512626770970892126e-02
3.177637993673881889e-02 -3.125586810314840563e-02
3.782526683229216896e-02 -5.587086734799014826e-03
3.692034603467597709e-02 -3.491123064143633603e-03
3.074932831930853039e-02 -7.808341279054935302e-03
3.074932832647904804e-02 -7.808341368970394929e-03
3.074932833035548541e-02 -7.808341417579383291e-03
3.074932833789191175e-02 -7.808341512083177838e-03
3.074932834645015961e-02 -7.808341619400181212e-03
3.074932836028009681e-02 -7.808341792822071775e-03
2.272151815107397929e-02 -2.828154310617336450e-02
2.270921204763179033e-02 -2.828077491748379538e-02
2.269292973190926294e-02 -2.827971955777868612e-02
2.268447234981370297e-02 -2.827915361848445941e-02
2.267093334789831161e-02 -2.827822197230005566e-02
2.258143567383146325e-02 -2.827123147950959606e-02
2.424067721645736806e-02 -2.407020882641949452e-02
2.360875025598059215e-02 -2.224724879647402981e-02
2.364888414332454863e-02 -1.841913292273062233e-02
2.393688175913316965e-02 -1.726219148348313859e-02
2.404382471235046517e-02 -1.686171738319192787e-02
2.404678221282530517e-02 -1.685059395967774057e-02
2.405115205149640362e-02 -1.683414842814456511e-02
2.452569363056895588e-02 -1.481017431703974575e-02
2.494608629715422757e-02 -1.140059165223859805e-02
2.035936224401347239e-03 -1.332363053531541129e-02
2.418622081190532208e-03 -1.111301198092850932e-02
2.816120220842929962e-03 -7.302986399150950166e-03
2.919226252906532548e-03 -4.647851937180987048e-03
2.713542080324580965e-03 -2.715615581103748670e-03
2.640808967950877568e-03 -2.589086706263890678e-03
2.451832640122455619e-03 -2.525830367178439739e-03
