-7.779605909284678135e-03 -9.430465397669640995e-03
-1.136607179284247933e-02 -1.320677514738162125e-02
-1.192752790013194494e-02 -1.296759706849631537e-02
-1.246199092534018733e-02 -1.273991793571126359e-02
-1.299645395054842625e-02 -1.251223880292621354e-02
-1.353091697575666864e-02 -1.228455967014116176e-02
-1.406538000096491103e-02 -1.205688053735611172e-02
-1.460679103498385353e-02 -1.184525128796086978e-02
-1.527882463464398655e-02 -1.193535984629402920e-02
-1.595085823430411956e-02 -1.202546840462718862e-02
-1.662289183396425604e-02 -1.211557696296034631e-02
-1.729492543362438906e-02 -1.220568552129350573e-02
-1.796695903328452207e-02 -1.229579407962666515e-02
-1.861814839447614722e-02 -1.241209666086126595e-02
-2.372217937248726968e-02 -2.303238814825808375e-02
-2.815611497558611134e-02 -3.404813780857925132e-02
-2.980008328091603154e-02 -3.410933113244255660e-02
-3.064614147413101744e-02 -3.375371237301422189e-02
-3.149219966734600334e-02 -3.339809361358589412e-02
-3.233825786056098578e-02 -3.304247485415756636e-02
-3.318431605377596821e-02 -3.268685609472923859e-02
-3.400255430775768473e-02 -3.240949869894766550e-02
-3.472342277442296010e-02 -3.240605607592976500e-02
-3.544429124108822854e-02 -3.240261345291187145e-02
-3.616515970775349698e-02 -3.239917082989397096e-02
-3.688602817441877929e-02 -3.239572820687607047e-02
-3.760689664108405467e-02 -3.239228558385816997e-02
-3.826738765755245686e-02 -3.244341366695490531e-02
-3.871655759833184801e-02 -3.268553922145287643e-02
-3.916572753911123916e-02 -3.292766477595084756e-02
-3.961489747989063032e-02 -3.316979033044881869e-02
-4.006406742067001453e-02 -3.341191588494678982e-02
-4.051323736144940568e-02 -3.365404143944476095e-02
-4.098136132099076262e-02 -3.388485578487253347e-02
-4.151582434619899981e-02 -3.407608089855462125e-02
-4.205028737140724393e-02 -3.426730601223671596e-02
-4.258475039661548112e-02 -3.445853112591880374e-02
-4.311921342182371830e-02 -3.464975623960089846e-02
-4.365367644703196243e-02 -3.484098135328298623e-02
-4.417438204161094201e-02 -3.503893124385207974e-02
-4.464693662898754078e-02 -3.526041785352566210e-02
-4.511949121636412569e-02 -3.548190446319925140e-02
-4.559204580374071059e-02 -3.570339107287283376e-02
-4.606460039111730242e-02 -3.592487768254641611e-02
-4.653715497849388733e-02 -3.614636429221999847e-02
-4.711793107937464753e-02 -3.637365951189614616e-02
-4.807748247751998660e-02 -3.662128486658124821e-02
-4.903703387566533956e-02 -3.686891022126635720e-02
-4.999658527381067169e-02 -3.711653557595145925e-02
-5.095613667195601076e-02 -3.736416093063656130e-02
-5.191568807010135678e-02 -3.761178628532167029e-02
-5.291269035528859549e-02 -3.799530195319709286e-02
-5.404077074512240314e-02 -3.885443371723858869e-02
-5.516885113495621079e-02 -3.971356548128007757e-02
-5.629693152479003926e-02 -4.057269724532158728e-02
-5.742501191462384691e-02 -4.143182900936307617e-02
-5.855309230445767538e-02 -4.229096077340458587e-02
-5.946105940198438689e-02 -4.307580278523216039e-02
-5.959862997643627230e-02 -4.360063066431103113e-02
-5.973620055088816466e-02 -4.412545854338990881e-02
-5.987377112534005702e-02 -4.465028642246877955e-02
-6.001134169979194938e-02 -4.517511430154765029e-02
-6.014891227424384174e-02 -4.569994218062652103e-02
-6.037254096046189289e-02 -4.619848017514675137e-02
-6.125256242357642045e-02 -4.688012546971022376e-02
-6.230222657837567596e-02 -4.769317226684014616e-02
-6.335189073317494535e-02 -4.850621906397007549e-02
-6.452434041857965652e-02 -4.885685687628621432e-02
-6.570332124922935446e-02 -4.918289846600587545e-02
-6.688230207987905240e-02 -4.950894005572554352e-02
-6.816221749623774251e-02 -5.008043854625746777e-02
-6.960051180655038583e-02 -5.073458310118678094e-02
-6.909881858315111702e-02 -5.219414724943339384e-02
-6.825069901444613674e-02 -5.379753632505812622e-02
-6.851031214395196522e-02 -5.559425985248898916e-02
-6.891476996870618543e-02 -5.721346820071303296e-02
-6.931922779346040564e-02 -5.883267654893709758e-02
-6.900818192695588882e-02 -5.992382817016456142e-02
-6.866700958924047693e-02 -6.099274582393954258e-02
-6.832583725152506504e-02 -6.206166347771451680e-02
-6.911796521578036923e-02 -7.270105335945917235e-02
-7.856080459137279592e-02 -7.401796887346975828e-02
-8.274961856561774409e-02 -7.208606018110608193e-02
-8.298280169691067687e-02 -7.364817556540277643e-02
-8.206772730882830325e-02 -7.451326894491429320e-02
-8.100912073082401632e-02 -7.529123457382766449e-02
-7.827348805784005437e-02 -7.787294052359132468e-02
-7.974982907748341676e-02 -8.167673718816402528e-02
-8.318799907650421821e-02 -8.093786504988921549e-02
-8.336959324237770697e-02 -8.240711777743844890e-02
-8.447304411989996209e-02 -8.480959601479333421e-02
-8.565753734569905853e-02 -8.729411605520809303e-02
-8.671072758104392264e-02 -8.869550127389248806e-02
-8.173605640708737907e-02 -8.998615972657937612e-02
-7.042037413214723152e-02 -1.004885489029054002e-01
-8.002643633088292463e-02 -1.013980517376823348e-01
-8.698821571847077661e-02 -1.026505769701866744e-01
-8.361580872462065495e-02 -1.063715746073018720e-01
-8.245596214367438559e-02 -1.093906767101607419e-01
-8.241469265066711514e-02 -1.109782381165446141e-01
-8.276995853911572887e-02 -1.120354729886590961e-01
-8.408237879659581637e-02 -1.118126093297783508e-01
-8.539479905407595939e-02 -1.115897456708976054e-01
-8.665281738641716913e-02 -1.115671641333754599e-01
-1.050821669997554914e-01 -1.121372664066097036e-01
-9.585403814414099333e-02 -1.170178951956868524e-01
-8.798952675296954629e-02 -1.244936720246204581e-01
-8.752041059029010139e-02 -1.263068511882994571e-01
-8.705129442761067038e-02 -1.281200303519783312e-01
-8.658217826493122549e-02 -1.299332095156573441e-01
-8.635724339207144495e-02 -1.311973016731323438e-01
-8.641364783139521277e-02 -1.318287501060680655e-01
-8.647005227071898059e-02 -1.324601985390037595e-01
-8.652645671004274841e-02 -1.330916469719394812e-01
-8.658286114936651623e-02 -1.337230954048751475e-01
-8.663926558869028405e-02 -1.343545438378108414e-01
-8.653746347724740329e-02 -1.346769314890346736e-01
-8.625337990513858022e-02 -1.346432273700252924e-01
-8.422895667739153935e-02 -1.342546201144432516e-01
-7.233210645830041863e-02 -1.251497081562892577e-01
-6.925584532097146806e-02 -1.249594215581284057e-01
-6.825389813486033852e-02 -1.270325519645593426e-01
-6.882962645475509955e-02 -1.290403904682967950e-01
-6.940435481097946557e-02 -1.310502304260370843e-01
-7.018392139954017506e-02 -1.338311563644160040e-01
-7.023915806958526409e-02 -1.372505412952797210e-01
-6.639239299154033047e-02 -1.285888821900796064e-01
-6.273551414452255282e-02 -1.382831055624278160e-01
-7.762119445347577529e-02 -1.603797717266941536e-01
-6.278796999956674785e-02 -1.593900115023993980e-01
-5.316153882075321663e-02 -1.561446110902106332e-01
-5.138938183082260303e-02 -1.561531997518830761e-01
-4.977275591634208046e-02 -1.556813797434164759e-01
-4.784676787401554582e-02 -1.567186672486343413e-01
-4.646561567766818029e-02 -1.592195874141672240e-01
-4.535715925681112898e-02 -1.626096259981492098e-01
-4.323197056358925316e-02 -1.643062261487366615e-01
-4.194918561619913333e-02 -1.660467666028471734e-01
-4.151996189731980980e-02 -1.684755791251832113e-01
-4.029416355639790087e-02 -1.707307600422313942e-01
-3.781388979937078815e-02 -1.724662072547513136e-01
-3.598144874007455640e-02 -1.737483660162399690e-01
-3.417769518815289009e-02 -1.742274423344452317e-01
-3.237827811990397903e-02 -1.745851224693635573e-01
-3.057886105165518939e-02 -1.749428026042818274e-01
-2.920487687308886277e-02 -1.753016789637639739e-01
-2.789520231738162187e-02 -1.756607361478894347e-01
-2.658552776167429771e-02 -1.760197933320149233e-01
-2.631316225408324508e-02 -1.752770109880491256e-01
-2.619759927702139737e-02 -1.743676715061161231e-01
-2.608203629995954273e-02 -1.734583320241830651e-01
-2.723443489025990580e-02 -1.725107498264696892e-01
-3.206469918173043138e-02 -1.669236423787205104e-01
-4.802264155221509789e-02 -1.427564791729107607e-01
-3.646253736854649513e-02 -1.388160447244246309e-01
-2.580490472294528700e-02 -1.371601183717778005e-01
-1.756018059733559580e-02 -1.448409708714100408e-01
-1.536496544060684914e-02 -1.461052893141328857e-01
-1.298361073606869170e-02 -1.492584129261522174e-01
-1.090792024453103928e-02 -1.516365463736757402e-01
-8.417817836954232663e-03 -1.539581588466692741e-01
6.689688255100420880e-04 -1.557330191734995761e-01
4.353534580122597579e-03 -1.578822956684339529e-01
4.542082310160488676e-03 -1.575718355736927534e-01
1.740889423620274297e-03 -1.531501885826612730e-01
-7.580019267324047787e-03 -1.435505144470066996e-01
-2.019907149241765426e-02 -1.229714183388456727e-01
-1.675125375230520838e-02 -1.260533391942159076e-01
-1.239694706282955944e-02 -1.293016682531850370e-01
1.664600592211339450e-03 -1.190581574578257612e-01
7.095199858363853904e-03 -1.244779810340442272e-01
8.299973072562891879e-03 -1.238685443968193106e-01
9.142935004222203788e-03 -1.240336265671691390e-01
9.985896935881439368e-03 -1.241987087375189536e-01
1.082885886754067495e-02 -1.243637909078687681e-01
1.157552181691566713e-02 -1.246605995901815395e-01
1.212958680172216037e-02 -1.252208612964202661e-01
1.268365178652865535e-02 -1.257811230026589788e-01
1.362806264059650448e-02 -1.266960911605041484e-01
1.673350503326499761e-02 -1.219057842807872161e-01
1.455329925489561027e-02 -1.077991461519663130e-01
1.521063873191830576e-02 -1.048983904704215847e-01
1.678720053792797165e-02 -1.028657902708797339e-01
1.693235684187230708e-02 -1.011817776612788516e-01
1.655404827913511609e-02 -9.943095662223221110e-02
1.483194663773778829e-02 -9.598570341999093647e-02
1.331488012567942983e-02 -9.121530099100309819e-02
1.164208288469512943e-02 -8.455341359185963857e-02
9.538668209563189865e-03 -7.571624025256813717e-02
8.748932694435473598e-03 -7.014388273543743779e-02
5.683164517702259631e-03 -6.833405476467985240e-02
-1.389800652285110016e-02 -5.732428529421775693e-02
-8.445832849677021789e-03 -4.315964494697160925e-02
-1.798835791657255045e-02 -2.949513604780426568e-02
-7.791842614840941393e-03 -1.855302976793004807e-02
-2.782842408191986069e-03 -1.897965345404461004e-02
-4.725554270407395126e-03 -1.650846893422702050e-02
-4.952540680268131823e-03 -9.620309263823866031e-03
3.301693786845396206e-03 -3.111849920691234488e-03
