-3.315815723323545759e-03 -3.527454373802543786e-03
-1.192281300735090720e-02 -7.054908747605087571e-03
-1.242579469513919663e-02 -6.728292601882629974e-03
-1.287847821414865764e-02 -6.434338070732417703e-03
-1.333116173315811864e-02 -6.140383539582205431e-03
-1.378384525216757792e-02 -5.846429008431994027e-03
-1.423652877117703892e-02 -5.552474477281781756e-03
-1.473755283533801329e-02 -5.301633516587744843e-03
-1.562530126071108930e-02 -5.395701119543100388e-03
-1.651304968608416704e-02 -5.489768722498457668e-03
-1.740079811145724131e-02 -5.583836325453814080e-03
-1.828854653683031906e-02 -5.677903928409170492e-03
-1.917629496220339680e-02 -5.771971531364526904e-03
-1.998761433233444892e-02 -5.895434388084231161e-03
-2.111626880567711931e-02 -7.920397132937472690e-03
-2.245101653740729647e-02 -1.007214645394430633e-02
-2.359102385045646483e-02 -1.024103344605598216e-02
-2.452579710652685180e-02 -1.031157966288231455e-02
-2.546057036259723183e-02 -1.038212587970864693e-02
-2.639534361866761880e-02 -1.045267209653497932e-02
-2.733011687473800577e-02 -1.052321831336131171e-02
-2.812616815790792632e-02 -1.063937306495387966e-02
-2.820259920665670050e-02 -1.099212209064627868e-02
-2.827903025540547469e-02 -1.134487111633868117e-02
-2.835546130415424540e-02 -1.169762014203108540e-02
-2.843189235290301958e-02 -1.205036916772348789e-02
-2.850832340165179377e-02 -1.240311819341589038e-02
-2.875008067700311754e-02 -1.273686293804414740e-02
-3.079338594929384096e-02 -1.317392805658835001e-02
-3.299216010099800117e-02 -1.364424812980439584e-02
-3.520043584955055704e-02 -1.411741873644332956e-02
-3.833986808924753908e-02 -1.486994161852544377e-02
-4.147930032894450725e-02 -1.562246450060755451e-02
-4.463215358098590602e-02 -1.637166185097690616e-02
-4.817505083604588928e-02 -1.670730504832762184e-02
-5.152613518239241436e-02 -1.702477648021667039e-02
-5.487721952873891862e-02 -1.734224791210571895e-02
-5.809860745868319215e-02 -1.769962586046882475e-02
-5.961541391591193562e-02 -1.858148945391946416e-02
-6.113222037314065826e-02 -1.946335304737009317e-02
-6.264902683036940867e-02 -2.034521664082073605e-02
-6.418266818024986886e-02 -2.117407896095511652e-02
-6.824198218060373300e-02 -2.148004645438750596e-02
-7.236588253751659316e-02 -2.201806927889455451e-02
-7.563465548858208654e-02 -2.284115631936374166e-02
-7.877730035501868955e-02 -2.215064218961442302e-02
-8.257199155761256459e-02 -2.150287573121892684e-02
-8.739285304510033270e-02 -2.119715153622383358e-02
-9.017881370352241743e-02 -2.266122203776179886e-02
-9.363786669253242045e-02 -2.352704261380967471e-02
-9.693656779796180900e-02 -2.453184015039398119e-02
-9.982267498632786673e-02 -2.343512962919400144e-02
-1.049113329705652214e-01 -2.316504596402866462e-02
-1.085163917711889220e-01 -2.312976926730334754e-02
-1.121214505718125809e-01 -2.309449257057803392e-02
-1.157265093724362398e-01 -2.305921587385272031e-02
-1.185462635585625701e-01 -2.313140271048773344e-02
-1.194704548821089868e-01 -2.346298428282008255e-02
-1.203946462056554312e-01 -2.379456585515244207e-02
-1.213188375292018756e-01 -2.412614742748479812e-02
-1.222430288527483061e-01 -2.445772899981715071e-02
-1.233945462750636601e-01 -2.474384535239572067e-02
-1.258733409256731772e-01 -2.500098133620994728e-02
-1.287070669119358135e-01 -2.529493586736016042e-02
-1.314766572553925927e-01 -2.558889039851037703e-02
-1.330404975140989932e-01 -2.588284492966058670e-02
-1.346043377728053936e-01 -2.617679946081079637e-02
-1.360583158745857224e-01 -2.645590780351907839e-02
-1.325154292213571450e-01 -3.816136043356618129e-02
-1.446256293259042813e-01 -4.161433884505686548e-02
-1.506068862636447958e-01 -4.391004110067299460e-02
-1.542636813488159064e-01 -4.387475005069908784e-02
-1.573157003110849939e-01 -4.378981651443882017e-02
-1.578212934927141764e-01 -4.349586198328861397e-02
-1.583268866743433867e-01 -4.320190745213839389e-02
-1.589317717152049780e-01 -4.323290684453791333e-02
-1.597971511825777291e-01 -4.441659587746667193e-02
-1.605643682029052055e-01 -4.546601570666020109e-02
-1.613315852232326819e-01 -4.651543553585375107e-02
-1.628299485715470618e-01 -4.737530005741990430e-02
-1.655019941832087949e-01 -4.793087842726836967e-02
-1.681740397948706112e-01 -4.848645679711684892e-02
-1.708460854065323997e-01 -4.904203516696533510e-02
-1.728716131293210612e-01 -4.955360778147360756e-02
-1.740488673943065279e-01 -5.007916285231792802e-02
-1.753657958941207684e-01 -5.066707191461834736e-02
-1.766784445161732608e-01 -5.117374158989191485e-02
-1.779718336882977481e-01 -5.131483402354457962e-02
-1.792652228604222353e-01 -5.145592645719724439e-02
-1.804046897519145931e-01 -5.170177477085287354e-02
-1.807905768402922053e-01 -5.232121775720331713e-02
-1.811256893117780264e-01 -5.285915508745503422e-02
-1.814608017832638476e-01 -5.339709241770674436e-02
-1.815457852478067902e-01 -5.381691474493421889e-02
-1.812459548555145072e-01 -5.405502168289364612e-02
-1.809461244632222243e-01 -5.429312862085307334e-02
-1.806462940709299414e-01 -5.453123555881250056e-02
-1.802526639758051386e-01 -5.483187209804981505e-02
-1.794430411252243007e-01 -5.542913020862538787e-02
-1.783671664647208943e-01 -5.622280206026273458e-02
-1.780281419174684354e-01 -5.738489896852556893e-02
-1.777283115251761525e-01 -5.856659295426849127e-02
-1.759547809063818913e-01 -6.009997469520193120e-02
-1.741028619776673336e-01 -6.165206323162421287e-02
-1.729877931622037790e-01 -6.219935151304387122e-02
-1.719119185017003448e-01 -6.269319297238894195e-02
-1.714290586367367697e-01 -6.390630580247411152e-02
-1.699235344309528162e-01 -6.611280714879240461e-02
-1.663960800571502308e-01 -6.989894294533202657e-02
-1.649333100469241031e-01 -7.152299743784149011e-02
-1.628641047724972424e-01 -7.248265600111282458e-02
-1.586781951195679052e-01 -7.300001884658692541e-02
-1.540257414576605421e-01 -7.377724399570489977e-02
-1.495619137667799081e-01 -7.515830052675380457e-02
-1.441884277427617489e-01 -7.620905781774789389e-02
-1.397224568508983189e-01 -7.865476330095590163e-02
-1.336107239903097377e-01 -8.181198921943685920e-02
-1.320507781376510092e-01 -8.412158730445944144e-02
-1.301155352481478955e-01 -8.528246482088960856e-02
-1.284865205483916029e-01 -9.536788784855311507e-02
-1.270380278522724171e-01 -1.022761988217767426e-01
-1.250360461626053576e-01 -1.055668477909919994e-01
-1.223955565847957144e-01 -1.073460061699520185e-01
-1.225580096244895806e-01 -1.115248069778151246e-01
-1.215571395680422467e-01 -1.150527137870357153e-01
-1.199334487092864887e-01 -1.170858065960941885e-01
-1.199334487092864887e-01 -1.178265956974528933e-01
-1.199665851409207201e-01 -1.184252158715146108e-01
-1.214577376128689601e-01 -1.113970204767991551e-01
-1.023549631795610676e-01 -1.095060843621554064e-01
-8.961587929377101691e-02 -1.112929643176650135e-01
-8.374355916336920225e-02 -1.097964712411367560e-01
-7.690312274547253524e-02 -1.099151378112328270e-01
-7.064206281853570302e-02 -1.123921986184089755e-01
-6.298109358599882079e-02 -1.155020550107529603e-01
-5.887285893002951187e-02 -1.219893553001920455e-01
-4.901591932241671640e-02 -1.278584633475378096e-01
-4.534739045652225881e-02 -1.296848903087021443e-01
-4.234905934941648326e-02 -1.306754373529066260e-01
-3.763119275056085039e-02 -1.342028917267092392e-01
-2.561965763798764589e-02 -1.377132439873417213e-01
-2.211570997085526499e-02 -1.415973651712817416e-01
-1.251353943837095299e-02 -1.443904741824492410e-01
-9.830184934765170274e-03 -1.456208112732997606e-01
-9.230524150180614840e-03 -1.469965163260954222e-01
-7.686463918505552148e-03 -1.480021959894160799e-01
-4.070817802889628058e-03 -1.481962070564688538e-01
-8.086294046153271907e-04 -1.485779906924319937e-01
1.678232387877288002e-03 -1.493716625440693058e-01
4.662141198567011646e-03 -1.500659283629059149e-01
8.736346694334479537e-03 -1.505421422388247832e-01
1.501966503026090638e-02 -1.509962602671678922e-01
2.614877927363364746e-02 -1.514019099846996841e-01
3.512401186868936015e-02 -1.514099187168350680e-01
3.937460084808321742e-02 -1.505456827068106518e-01
4.301768042559478422e-02 -1.498360923485263230e-01
4.532815873446082583e-02 -1.494657247101880970e-01
4.647332968305906836e-02 -1.484215685543368024e-01
4.427561381159672571e-02 -1.434886302145390868e-01
5.195477633040692517e-02 -1.374852100124490939e-01
5.767920635037039612e-02 -1.340689210053026548e-01
6.114468241812488769e-02 -1.305713964169150088e-01
7.371845276326462193e-02 -1.276297193217868498e-01
7.696852734593805090e-02 -1.266965420490967498e-01
7.938482498004359456e-02 -1.259557798600791645e-01
8.162047800984703616e-02 -1.254304044766840764e-01
8.389461840585428487e-02 -1.252050380856631617e-01
8.835880166584779427e-02 -1.238293270523471989e-01
9.556835579335121178e-02 -1.241022584237804066e-01
9.873451769644753240e-02 -1.241899094721950481e-01
1.003699757724717950e-01 -1.239248147570192471e-01
1.040150191353586828e-01 -1.235955871174558574e-01
1.064372048634886214e-01 -1.241557047021713683e-01
1.079999702596016603e-01 -1.252652499635037442e-01
1.100644235576231506e-01 -1.259059006901734057e-01
1.217987387220630102e-01 -1.288397514590337023e-01
1.320158685723776537e-01 -1.290145597098728558e-01
1.331113915072390241e-01 -1.286755959645762282e-01
1.340050247645345194e-01 -1.281347117329731389e-01
1.348986580218300702e-01 -1.275938275013699941e-01
1.354946509352246975e-01 -1.269565046623756244e-01
1.342835417606499937e-01 -1.257336617070775320e-01
1.314450471250165620e-01 -1.231338159260903231e-01
1.089591288151348092e-01 -1.109288001098732157e-01
9.023228444767798784e-02 -9.743791698495064824e-02
9.139313604852045136e-02 -9.400986701289795744e-02
9.137282457071278785e-02 -9.037765675909259500e-02
8.830607848672301918e-02 -8.626014359780276308e-02
8.293935969320542778e-02 -8.258516827476633515e-02
8.987136168185985707e-02 -7.584882009333969444e-02
9.175229347349864173e-02 -6.916271371881915764e-02
8.732482353993042956e-02 -6.533273200993518215e-02
8.034474578006663148e-02 -5.924415572374078232e-02
6.258559199579968868e-02 -4.314611155420217115e-02
4.411455785767796900e-02 -3.461609987625543366e-02
3.978432139700997794e-02 -2.916240855152939238e-02
3.301697509177899115e-02 -2.419833915727255189e-02
1.682597243394940226e-02 -1.506224524704792393e-02
3.880221341055769234e-04 -5.679203694809387831e-03
