5.497859848527901494e-03 -1.612273883930967272e-03
2.873073242029644189e-02 -1.905708911671064043e-02
3.708229933041224530e-02 -3.048810504945789063e-02
3.727576432405289159e-02 -4.291872291781127086e-02
3.641797714375347161e-02 -4.240496892739106100e-02
3.591548642866683461e-02 -4.210401244779579666e-02
3.541299571358019066e-02 -4.180305596820052538e-02
3.491050499849355365e-02 -4.150209948860525411e-02
3.440801428340691664e-02 -4.120114300900998977e-02
3.395302321978287824e-02 -4.101798473731443212e-02
3.351771058319336777e-02 -4.088362858032018599e-02
3.308239794660385036e-02 -4.074927242332593291e-02
3.264708531001433989e-02 -4.061491626633168678e-02
3.221177267342482942e-02 -4.048056010933744064e-02
3.177646003683530507e-02 -4.034620395234319451e-02
3.131739467536583804e-02 -3.980999970028172019e-02
3.084848889930324328e-02 -3.910731552312098763e-02
3.037958312324064852e-02 -3.840463134596025507e-02
2.991067734717805723e-02 -3.770194716879951558e-02
2.944177157111545207e-02 -3.699926299163876220e-02
2.897286579505285731e-02 -3.629657881447802270e-02
2.741717066074243758e-02 -3.581239477353449774e-02
2.541123422087222458e-02 -3.541873221759524182e-02
2.340529778100201158e-02 -3.502506966165598590e-02
2.139936134113179858e-02 -3.463140710571672998e-02
1.939342490126151619e-02 -3.423774454977746018e-02
1.738748846139130666e-02 -3.384408199383820426e-02
1.580524810080597212e-02 -3.355396833018960134e-02
1.439853897306723335e-02 -3.330675349334713542e-02
1.299182984532849285e-02 -3.305953865650466256e-02
1.158512071758970724e-02 -3.281232381966218276e-02
1.017841158985096674e-02 -3.256510898281970989e-02
8.771702462112226234e-03 -3.231789414597723703e-02
7.972988293265190207e-03 -3.234047698154456779e-02
7.426157750244705841e-03 -3.247483313853882086e-02
6.879327207224238822e-03 -3.260918929553306700e-02
6.332496664203771802e-03 -3.274354545252731313e-02
5.785666121183304783e-03 -3.287790160952155927e-02
5.238835578162837764e-03 -3.301225776651580540e-02
4.842105557287455092e-03 -3.316466402299773908e-02
4.374079755672602952e-03 -3.338834034062899969e-02
3.872261477406856341e-03 -3.362816657289067340e-02
3.370443199141120137e-03 -3.386799280515234017e-02
2.513597662322847402e-03 -3.424298977234576519e-02
1.133086919139595543e-03 -3.481736357356353395e-02
-2.474238240436563152e-04 -3.539173737478129578e-02
-1.627934567226907957e-03 -3.596611117599905760e-02
-2.800802485882853722e-03 -3.630515693974945696e-02
-3.448560179654413128e-03 -3.629912998245619915e-02
-4.026290014639864918e-03 -3.629375458811356231e-02
-4.604019849625336225e-03 -3.628837919377093241e-02
-5.181749684610789317e-03 -3.628300379942829557e-02
-5.759479519596240674e-03 -3.627762840508565872e-02
-6.241451965701205057e-03 -3.637387595716985028e-02
-6.687515390975987475e-03 -3.650823211416409642e-02
-7.133578816250769894e-03 -3.664258827115834255e-02
-7.579642241525566190e-03 -3.677694442815259562e-02
-8.025705666800334731e-03 -3.691130058514683482e-02
-8.471769092075131027e-03 -3.704565674214108789e-02
-9.256898720098287806e-03 -3.742918130658662301e-02
-1.016917817415208605e-02 -3.790614402382638803e-02
-1.108145762820588430e-02 -3.838310674106615306e-02
-1.199373708225968081e-02 -3.886006945830591808e-02
-1.290601653631351028e-02 -3.933703217554570392e-02
-1.381829599036730680e-02 -3.981399489278546894e-02
-1.447651807835404966e-02 -3.975744534173345640e-02
-1.503946865406566302e-02 -3.950082869007201514e-02
-1.560241922977725730e-02 -3.924421203841058081e-02
-1.616536980548885158e-02 -3.898759538674914649e-02
-1.672832038120044759e-02 -3.873097873508771216e-02
-1.729127095691204014e-02 -3.847436208342627784e-02
-1.788353739242946189e-02 -3.825682728087630852e-02
-1.867874360176548232e-02 -3.798939572792806030e-02
-1.958363342618235983e-02 -3.768507706422832143e-02
-2.048852325059923735e-02 -3.738075840052858256e-02
-2.120140515206997422e-02 -3.729629526645579507e-02
-2.157827318838495545e-02 -3.759657930923016728e-02
-2.195514122469993668e-02 -3.789686335200454642e-02
-2.233200926101491096e-02 -3.819714739477891169e-02
-2.271034331396879283e-02 -3.864400179063792046e-02
-2.301557597569648186e-02 -3.920763107775640521e-02
-2.326950903041112573e-02 -3.967653275359449283e-02
-2.352344208512575918e-02 -4.014543442943256657e-02
-2.377737513984039611e-02 -4.061433610527064031e-02
-2.403130819455502956e-02 -4.108323778110871405e-02
-2.378511106242934409e-02 -4.141154416639460795e-02
-2.336995102934405141e-02 -4.169235214271016510e-02
-2.295479099625877262e-02 -4.197316011902571531e-02
-2.253963096317349382e-02 -4.225396809534126552e-02
-2.212447093008820115e-02 -4.253477607165682961e-02
-2.170931089700292235e-02 -4.281558404797237982e-02
-2.112241859262767307e-02 -4.318576813849386159e-02
-2.047750862903283814e-02 -4.358614686219302453e-02
-1.983259866543800320e-02 -4.398652558589218747e-02
-1.918768870184315092e-02 -4.438690430959136429e-02
-1.854277873824831599e-02 -4.478728303329052723e-02
-1.789786877465348106e-02 -4.518766175698969018e-02
-1.793586839228254043e-02 -4.573064935422688909e-02
-1.820458070627103270e-02 -4.632181562495666510e-02
-1.847329302025952497e-02 -4.691298189568644805e-02
-1.874200533424802417e-02 -4.750414816641624488e-02
-1.901071764823651644e-02 -4.809531443714602783e-02
-1.927942996222500871e-02 -4.868648070787580384e-02
-1.842937472853922384e-02 -4.927965749677716556e-02
-1.690985844296542806e-02 -5.001447933724822298e-02
-1.506783257841263872e-02 -5.090526336426826753e-02
-1.322580671385984938e-02 -5.179604739128831209e-02
-1.161829579982764232e-02 -5.226861646945898249e-02
-1.050180056344792237e-02 -5.186554799847623715e-02
-9.385305327068200684e-03 -5.146247952749349180e-02
-8.268810090688505018e-03 -5.105941105651076034e-02
-7.163387945490986945e-03 -5.097879815750925442e-02
-5.611087175835031277e-03 -5.183155614323112226e-02
-3.446611454765466202e-03 -5.302061305289963722e-02
-1.948044624410192943e-03 -5.301951307448585227e-02
-5.413272962224331686e-04 -5.285425352530210424e-02
9.795809120341537890e-04 -4.895303601385315312e-02
1.745701899193488962e-02 -4.409862141689818021e-02
1.287376267926697293e-02 -5.622439281083202456e-02
1.367989962123246014e-02 -5.860652895042086502e-02
1.438441063478963777e-02 -6.159839680460765798e-02
1.508574583808407546e-02 -6.460931877487570418e-02
1.370880272510352146e-02 -6.830219331739867394e-02
3.487348104792589026e-02 -6.489044843244201610e-02
4.127420785025501249e-02 -6.656981839037980075e-02
4.097521202347453873e-02 -6.970983592958587827e-02
3.615402042754291279e-02 -7.909841075083458295e-02
3.682824270984044746e-02 -8.771845663488916922e-02
5.011250868538374287e-02 -7.861599456932076568e-02
5.712921495048191994e-02 -7.841351090406326052e-02
6.433608117976107044e-02 -8.079967756435292581e-02
6.754254902832076968e-02 -8.316586296082353891e-02
6.992784478435636053e-02 -8.575201720221685420e-02
7.162610857687139176e-02 -8.863262173664049337e-02
7.493816441321560218e-02 -9.396626320309728331e-02
7.755745766315431944e-02 -9.847325981270914352e-02
7.883921244871779088e-02 -1.027981766339229192e-01
7.996059490422410820e-02 -1.070574646402610852e-01
8.012226588721030329e-02 -1.142485881196294156e-01
8.364321714596380242e-02 -1.190666660299122270e-01
8.996316728880909830e-02 -1.291204187836680339e-01
8.639630842536540067e-02 -1.136502513017136062e-01
8.879767176020982034e-02 -1.009921092413930271e-01
9.140135872730620337e-02 -1.002281511019585264e-01
9.278025478964953277e-02 -9.998812346169862197e-02
9.573071074895569965e-02 -1.010629727176525633e-01
9.699875860820594831e-02 -9.932062811542732850e-02
9.666446912560429372e-02 -9.508571644084347352e-02
8.958990720157117282e-02 -8.480340648704043360e-02
8.392105457174099670e-02 -7.114548854219454599e-02
1.012002378804011393e-01 -5.973841568414445247e-02
1.041572884917224689e-01 -6.091903433175562682e-02
1.078316517630406313e-01 -6.215397250527816830e-02
1.176412696940620090e-01 -6.669178640236471389e-02
1.253696069504677268e-01 -7.049708102496174411e-02
1.300307831843736939e-01 -7.294317905178590578e-02
1.343207693231769362e-01 -7.409786203983376174e-02
1.366823045680475579e-01 -7.505761389335283140e-02
1.390080175180490873e-01 -7.657718990138888404e-02
1.412781915602176197e-01 -7.705594851696737080e-02
1.434789419675947530e-01 -7.623368539197400429e-02
1.453285764821107551e-01 -7.528602646729895542e-02
1.467393161305503291e-01 -7.418162279302178974e-02
1.467652896861281753e-01 -7.312199903744330542e-02
1.425450366869425167e-01 -7.211537925695218898e-02
1.226196964512974996e-01 -6.504466856198401481e-02
1.296339947663612546e-01 -5.110875663733448204e-02
1.333784205619998886e-01 -5.035505908196515751e-02
1.364860750290883273e-01 -4.954892213999965295e-02
1.392268938395117006e-01 -4.893483623546237421e-02
1.419918932891557906e-01 -4.842416743620143321e-02
1.444577879454463920e-01 -4.727251948404124354e-02
1.520637326716721138e-01 -4.502043985691837197e-02
1.550981991665307813e-01 -4.426967516315499784e-02
1.575461644107503389e-01 -4.400096284916651251e-02
1.599941296549700631e-01 -4.373225053517801331e-02
1.620498856450516556e-01 -4.359450104893951294e-02
1.629447022428848202e-01 -4.384440153284105413e-02
1.640202898705832302e-01 -4.414478696298531485e-02
1.662298307865786307e-01 -4.190007059360074948e-02
1.686399382850791717e-01 -3.864108019429520618e-02
1.692154726362092299e-01 -3.740622526775536083e-02
1.689467603222207515e-01 -3.608147552789990609e-02
1.686780480082322453e-01 -3.475672578804436114e-02
1.681806863012694775e-01 -3.387241843839761818e-02
1.670735928797087710e-01 -3.416262412930760883e-02
1.645587740959756906e-01 -3.490817242632322792e-02
1.420190991485752174e-01 -4.526255289621777117e-02
1.066462972318622110e-01 -5.160897110656769565e-02
8.684415209357608523e-02 -4.737194968009566381e-02
6.912134785096119005e-02 -3.937563690762223290e-02
5.611446653700936926e-02 -3.842831059813023309e-02
5.406003189604895870e-02 -2.551814090712804795e-02
5.311759007220026585e-02 -2.032540485729594781e-02
5.162012396575418882e-02 -2.061707171912527045e-02
3.832447154247611842e-02 -1.836973244854159248e-02
2.212846889749136084e-02 -8.061369419654833973e-03
1.645325793767721256e-02 -5.167340750160426266e-03
8.045255537300500387e-03 -8.061369419654858042e-04
