-1.137114447852598589e-02 -2.079001501779033714e-02
-2.635571124553745190e-02 -4.176840849160638747e-02
-3.321514351824757932e-02 -5.123658230916662559e-02
-4.213685970150413823e-02 -5.589243554546550335e-02
-4.257782028684977543e-02 -5.529067356267815952e-02
-4.295742983423427724e-02 -5.477263498619167059e-02
-4.335650016588078054e-02 -5.402395394734266221e-02
-4.381317441894279352e-02 -5.259257121990058848e-02
-4.426984867200481344e-02 -5.116118849245851474e-02
-4.476472193155294627e-02 -4.982242348108538443e-02
-4.508404516968272241e-02 -4.926323093831697780e-02
-4.538801632905625077e-02 -4.873092265241244642e-02
-4.569198748842978608e-02 -4.819861436650790115e-02
-4.599595864780331445e-02 -4.766630608060336283e-02
-4.629992980717684281e-02 -4.713399779469883144e-02
-4.653571838496762397e-02 -4.694974247342383056e-02
-4.671696089749220043e-02 -4.704392952385245963e-02
-4.689820341001677689e-02 -4.713811657428108870e-02
-4.707944592254136029e-02 -4.723230362470972471e-02
-4.726068843506593675e-02 -4.732649067513835378e-02
-4.744193094759051321e-02 -4.742067772556698979e-02
-4.732506701896364854e-02 -4.782407205761199376e-02
-4.528907149905259805e-02 -6.688778032517490868e-02
-6.013996362918383465e-02 -7.180413980980480948e-02
-6.339793112430536226e-02 -7.027039551273304985e-02
-6.503566087495110670e-02 -6.940297799879116547e-02
-6.740107915864254617e-02 -6.751064206528747946e-02
-6.968908894229874917e-02 -6.569095825997521565e-02
-7.133094943824207224e-02 -6.442144262649646125e-02
-7.291674640505563243e-02 -6.319527630733159929e-02
-7.404918997434078998e-02 -6.207705323406104148e-02
-7.505957685967598603e-02 -6.098789180391585990e-02
-7.618877662031660336e-02 -5.996824187121735372e-02
-7.761188191460746677e-02 -5.912054143220270980e-02
-7.903498720889831630e-02 -5.827284099318806587e-02
-8.099240024692792861e-02 -5.670733752764198915e-02
-8.309366536981029061e-02 -5.494857940110666611e-02
-8.478672760156820420e-02 -5.342892445668931400e-02
-8.629826379933561165e-02 -5.137565748689643802e-02
-9.221930257587805657e-02 -4.563871168062740707e-02
-9.377217651043920355e-02 -4.348472525526840549e-02
-9.487818024800433181e-02 -4.195059103864581113e-02
-9.607413537073335175e-02 -4.075665442651318221e-02
-9.740276878657912196e-02 -4.006450928100323966e-02
-9.873140220242490606e-02 -3.937236413549329711e-02
-9.990031443457872418e-02 -3.885493075145460967e-02
-1.005470416179512910e-01 -3.867495377609513757e-02
-1.011070357096762323e-01 -3.851911365457395819e-02
-1.016670298014011597e-01 -3.836327353305278576e-02
-1.022270238931261011e-01 -3.820743341153161332e-02
-1.015714042388343313e-01 -3.899061031432497076e-02
-1.006637671006122836e-01 -3.996846147825670187e-02
-9.975612996239023589e-02 -4.094631264218843297e-02
-9.884849282416818816e-02 -4.192416380612016408e-02
-9.794085568594614044e-02 -4.290201497005189518e-02
-9.744811633576076770e-02 -4.347773389896057022e-02
-7.946724464557655687e-02 -5.995149411054519206e-02
-6.575461432582667409e-02 -7.046871991973208127e-02
-6.477669028540959661e-02 -7.529509322184216313e-02
-6.593978157098380477e-02 -7.618560322462779311e-02
-6.720740811715478213e-02 -7.649267519794850090e-02
-6.858170329658774822e-02 -7.620440224324379064e-02
-6.995599847602072818e-02 -7.591612928853906650e-02
-7.133029581104212424e-02 -7.567659203250085009e-02
-7.316963609725112005e-02 -7.542255747649950770e-02
-7.524440495598837264e-02 -7.521776584231819329e-02
-7.736579226364846684e-02 -7.529268998270377544e-02
-7.898912105593612620e-02 -7.484481825093550200e-02
-8.007216282773611804e-02 -7.123450542074664937e-02
-8.443511310335885534e-02 -6.848876558561689532e-02
-8.678141100979279432e-02 -6.756743559543476607e-02
-8.735439221382802766e-02 -6.788353807651865968e-02
-8.792737341786321936e-02 -6.819964055760252553e-02
-8.850035462189843882e-02 -6.851574303868641913e-02
-8.909123974745467023e-02 -6.900425132952760221e-02
-8.970275330432865568e-02 -6.969140109682833706e-02
-9.031426686120264113e-02 -7.037855086412907191e-02
-9.092578041807658495e-02 -7.106570063142976512e-02
-9.153729397495057041e-02 -7.175285039873049997e-02
-9.214880753182451423e-02 -7.244000016603119319e-02
-9.248646140999998433e-02 -7.316030481891550030e-02
-9.250858131054454092e-02 -7.391880966605915426e-02
-9.253070121108911139e-02 -7.467731451320273883e-02
-9.255282111163366798e-02 -7.543581936034639279e-02
-9.257494101217823845e-02 -7.619432420749004675e-02
-9.259706091272279505e-02 -7.695282905463364520e-02
-9.250048626216975101e-02 -7.759993296007693109e-02
-9.226715484622163843e-02 -7.811868360660455257e-02
-9.203382343027352586e-02 -7.863743425313221569e-02
-9.180049201432541328e-02 -7.915618489965987881e-02
-9.156716059837730071e-02 -7.967493554618750029e-02
-9.133382918242918813e-02 -8.019368619271516341e-02
-9.088764396764634212e-02 -8.067165697753134190e-02
-9.019621415855388902e-02 -8.110264226950612831e-02
-8.768890808315804586e-02 -8.266550812626313749e-02
-8.463737161320138147e-02 -7.858191966878989854e-02
-7.340180392436876367e-02 -7.865301818961875635e-02
-5.960133658774867393e-02 -8.478280850425967685e-02
-5.290438957897181799e-02 -9.206318536006377617e-02
-5.080105503841300663e-02 -9.594927115163909281e-02
-5.132664591690333511e-02 -1.002021071738880970e-01
-5.182613147580372726e-02 -1.025083038770312760e-01
-5.216030346279285079e-02 -1.038665880935118191e-01
-5.239149322465692926e-02 -1.046343694494484972e-01
-5.262268298652100079e-02 -1.054021508053851475e-01
-5.261293849508206361e-02 -1.072110529072981405e-01
-5.247167046804315088e-02 -1.093830584461839839e-01
-5.235179445652727442e-02 -1.112261602891815027e-01
-5.223191844501139103e-02 -1.130692621321790076e-01
-5.235393719940340668e-02 -1.146790336480204425e-01
-5.247595595379542927e-02 -1.162888051638618775e-01
-5.259797470818744491e-02 -1.178985766797033125e-01
-5.271999346257947444e-02 -1.195083481955448168e-01
-5.227687684889435055e-02 -1.199953453089221966e-01
-5.001342651998730987e-02 -1.177277110488725020e-01
-4.715078855276145370e-02 -9.889229919361461341e-02
-3.957395973590819432e-02 -1.007112491530433029e-01
-3.968639804353948225e-02 -1.020285079906901454e-01
-4.225518091788431352e-02 -1.015618473363781443e-01
-4.360037604952462370e-02 -1.016975954293637546e-01
-4.184290226216452746e-02 -1.033608799887110047e-01
-4.031064928034899797e-02 -1.051888453447882704e-01
-3.934949191259315415e-02 -1.074343941497165333e-01
-3.848096818586561885e-02 -1.090835852519931454e-01
-3.761052521558818501e-02 -1.092717850141377151e-01
-3.551346924423297302e-02 -1.095386933600864948e-01
-3.251136584978932265e-02 -1.114126962120106923e-01
-3.045780811311395164e-02 -1.125958083389125980e-01
-2.865922595676574300e-02 -1.134109002856182741e-01
-2.583642352755531266e-02 -1.150920214373421097e-01
-2.300721451358398589e-02 -1.162995240912472888e-01
-2.019356955189571118e-02 -1.171498232196820921e-01
-1.728323694722855991e-02 -1.183952039613479501e-01
-1.008055999182067702e-03 -1.199193438582324689e-01
5.830745444668079293e-03 -1.202844249596007054e-01
8.552489753375169465e-03 -1.196040874676006088e-01
9.112606779627717077e-03 -1.158244305110730094e-01
-3.160338555068850641e-02 -1.101289977745206622e-01
-2.445498771951585756e-02 -1.034930178450158833e-01
-2.235905076250195578e-02 -1.036335859216995781e-01
-2.356638184916528406e-02 -1.028950582322243901e-01
-2.438506344448266444e-02 -1.019789453819094222e-01
-2.244657499909243764e-02 -9.985560016208261391e-02
-3.311364209438634465e-02 -9.794241689505717163e-02
-2.950145805947522459e-02 -8.771270980458477362e-02
-2.688893352292935635e-02 -8.824789454727403892e-02
-2.544399315611041781e-02 -8.878520038897201594e-02
-2.383579995991301145e-02 -8.926736715862934601e-02
-2.162110864522071019e-02 -8.980361139502456014e-02
-1.709901055043088272e-02 -9.080284382293217493e-02
-1.412402032314420512e-02 -9.204805299735616120e-02
-9.866266105949126480e-03 -9.360430493693906728e-02
-5.608511888753957633e-03 -9.543028116880908351e-02
-6.571805466633265022e-03 -9.826878833544097636e-02
-4.221840772316173829e-03 -9.930105616774524691e-02
-3.931642833157082337e-04 -9.915335135571161362e-02
3.684775916605555722e-03 -9.868026900552387404e-02
6.592493242619960198e-03 -9.870191564443046850e-02
8.696795840343154657e-03 -9.914745522748678874e-02
1.100209859017299736e-02 -9.876651999322183517e-02
1.319473286831780376e-02 -9.803507842676023598e-02
1.544098938811874766e-02 -9.737290119533716093e-02
2.043016900486231344e-02 -9.616214184324846370e-02
2.597294948002069892e-02 -9.476169343737254891e-02
2.929960979330307677e-02 -9.356931210428326429e-02
3.100222867236590227e-02 -9.299733217107075678e-02
3.237652820696727829e-02 -9.265054752827465989e-02
3.375082774156865778e-02 -9.230376288547854913e-02
3.501268896853886731e-02 -9.193561468972488715e-02
3.595885802408285703e-02 -9.150748421066740024e-02
3.703882876424921533e-02 -9.101881002750078498e-02
4.153598766879440518e-02 -9.007038019961663422e-02
4.644686188475228433e-02 -8.913587516500691421e-02
4.862462031521183614e-02 -8.841090511490859449e-02
5.040162485547460686e-02 -8.759376619504101458e-02
5.195086807526498596e-02 -8.677498432087037139e-02
5.334578207385095444e-02 -8.606698152313570216e-02
5.854411773145931641e-02 -8.389791772456968444e-02
5.656162050687015691e-02 -8.232365709746911064e-02
3.753402523008589342e-02 -9.003000572050365302e-02
1.562351709325496274e-02 -9.593258227812345718e-02
-1.038527925035659383e-02 -9.209683589901002110e-02
-3.025321417718502062e-02 -8.613535700788663152e-02
-3.389111633961455067e-02 -7.748794358672853044e-02
-3.665821462467606234e-02 -5.933759788060594814e-02
-3.302094189406638847e-02 -5.447698376025452566e-02
-3.061874078149147069e-02 -5.035707113032440035e-02
-2.796591740938955684e-02 -4.636145879116192886e-02
-2.518352869979977385e-02 -4.246535356064458366e-02
-2.184906621222278827e-02 -3.810073065838427697e-02
-1.755334964135625564e-02 -3.225534872432914146e-02
-1.284391437172416502e-02 -2.572207996570321717e-02
-1.047206785940424725e-02 -2.245972780576609498e-02
-7.706348623034474724e-03 -2.045607376674572764e-02
-5.565696227747113888e-03 -1.718943612105636523e-02
-4.503927936102650707e-03 -1.477906596623460717e-02
-2.140652395287325274e-03 -1.151242832054523435e-02
4.281304790574517842e-04 -7.817660195798475237e-03
1.823840021746529457e-03 -5.677007800511102258e-03
