4.802847556738555060e-04 -2.125235504784261757e-03
4.102055580594026916e-04 -2.281996157038374169e-03
2.221842473141004155e-03 -6.860214812722526326e-03
4.963597002620154242e-03 -1.172694766364303434e-02
6.194257198886973619e-03 -1.585655030302485224e-02
1.046203473852425243e-02 -2.239835685703864612e-02
1.607281952475045350e-02 -3.174167843255550070e-02
1.432817901502570108e-02 -3.641573268450029599e-02
1.397216772659923972e-02 -4.146049905381676143e-02
1.563076953905726332e-02 -4.319155319924777858e-02
1.715686520733633244e-02 -4.496771479410280326e-02
1.847322845377179917e-02 -4.895401487445496386e-02
1.439542558362704935e-02 -5.415339568771242867e-02
-1.193699241313185729e-02 -5.562182394068497515e-02
-1.206967250737016328e-02 -5.589703830542694374e-02
-1.225812137960628420e-02 -5.623016270191464466e-02
-1.230696695599538086e-02 -5.630865699117471035e-02
-1.232735737269211561e-02 -5.634064442050584764e-02
-1.311963217728849204e-02 -5.739856617246009984e-02
-1.311986930962897452e-02 -5.739885253654038871e-02
-1.311987114975498615e-02 -5.739885475865865588e-02
-1.311987543620290846e-02 -5.739885993492899185e-02
-1.543763517060724871e-02 -6.004085919987230818e-02
-1.995451873216183211e-02 -6.341144616696590963e-02
-2.114194473323795231e-02 -6.816959474046456469e-02
-2.120407068787479032e-02 -6.971674133795596751e-02
-2.019693856599117168e-02 -7.317114876069716334e-02
-1.634542414148074455e-02 -7.743139056271877707e-02
-7.523501409423589796e-03 -9.059603270981231304e-02
-1.723241170629181279e-02 -1.052578887023035564e-01
-2.267949360535630871e-02 -1.117561854639824853e-01
-2.484626628892712755e-02 -1.192822640534790396e-01
-2.528139356996043224e-02 -1.239844045641895209e-01
-2.535158276236655628e-02 -1.265375695635521103e-01
-2.533144022185875380e-02 -1.286692485790598139e-01
-2.521632565835526738e-02 -1.310493255424944603e-01
-2.500198828564597839e-02 -1.330759628381781301e-01
-2.466489370796215094e-02 -1.350002141489852481e-01
-2.594318877398046549e-02 -1.378784611217751255e-01
-2.702148366133845861e-02 -1.457381559091326106e-01
-2.497040374990943182e-02 -1.507853471542789647e-01
-2.464543255938913408e-02 -1.529668804320683251e-01
-2.417890488720462680e-02 -1.559827541967676034e-01
-2.296374946304709577e-02 -1.627587941341310795e-01
-2.253082725733539932e-02 -1.649312276689733625e-01
-2.195411022949870367e-02 -1.661578562783411206e-01
-2.120722335326809260e-02 -1.674652807836161383e-01
-1.966584963478322165e-02 -1.715145007581495296e-01
-1.934479476273364557e-02 -1.766130381802329952e-01
-1.924733416160774244e-02 -1.780525373549738388e-01
-1.919332408206934903e-02 -1.785388888450168132e-01
-1.969394280018376200e-02 -1.896273234629888282e-01
-1.902616661123512909e-02 -1.918826870319086941e-01
-1.528147450500914883e-02 -1.938429213277408636e-01
-1.360748460487006331e-02 -1.984348214177605041e-01
-1.824638505628440113e-02 -2.062342829990904125e-01
-1.808644974409782599e-02 -2.062877497671213312e-01
-1.781266652490758745e-02 -2.063736981032565088e-01
-9.090820011283242894e-03 -2.039415477433968171e-01
-8.603725419500348956e-03 -2.038366405154857230e-01
-8.376110084168730124e-03 -2.037580550988783157e-01
-4.262609078403755379e-03 -2.033545624674613361e-01
-2.900631780787865655e-03 -2.038880272458096776e-01
-2.011515626443052991e-03 -2.044310212522602310e-01
-1.142766516118511131e-03 -2.052701199659743292e-01
-7.327404072520995104e-04 -2.059380990323388672e-01
-3.620123675139247724e-04 -2.070857042149169547e-01
1.129150496081512620e-02 -2.083777598513115170e-01
2.144981365619310493e-02 -2.124441355354660388e-01
2.470168704744638705e-02 -2.154354502796675952e-01
2.528819756077733960e-02 -2.202300871761743439e-01
2.492480322751391628e-02 -2.233027464168427789e-01
2.506072148573679562e-02 -2.248439559181228120e-01
2.546230210599108312e-02 -2.262151590783461896e-01
2.547467446333499808e-02 -2.262409885908278628e-01
2.587522414982788843e-02 -2.269697234122416696e-01
2.587522421977042283e-02 -2.269697235370879418e-01
2.587522428945731451e-02 -2.269697236614779123e-01
2.587522452842569085e-02 -2.269697240880326483e-01
3.005815893487706961e-02 -2.344340383093441449e-01
3.157706078654375775e-02 -2.343452743863154164e-01
3.186726952757161502e-02 -2.343098127702662459e-01
3.232513995554801844e-02 -2.342330496972192255e-01
3.292531305943858372e-02 -2.340874814889604139e-01
3.375318697150343078e-02 -2.338057655991046535e-01
3.501727093659531831e-02 -2.332549761725346282e-01
3.615547267278733379e-02 -2.329121150005833418e-01
3.676681273775364578e-02 -2.330378694739448919e-01
3.706541255552738695e-02 -2.331938817941630604e-01
3.771710820949877169e-02 -2.335995841668142559e-01
4.824642167969638018e-02 -2.208467824761219944e-01
5.639321800840508409e-02 -2.098941948303205129e-01
6.122076869878766148e-02 -2.087463631322599156e-01
6.471552518713950819e-02 -2.102066022734749573e-01
6.682528909988233456e-02 -2.108457586403600648e-01
6.893239490794400570e-02 -2.103475233600900218e-01
7.453671193168852349e-02 -2.082881106134485127e-01
7.628046091009950402e-02 -2.101022633871083289e-01
7.640136319846543844e-02 -2.110686753198321164e-01
7.531253462622969352e-02 -2.139699587715339635e-01
7.920862310043925991e-02 -2.096100865150577752e-01
7.926999565608430776e-02 -2.095921060292816329e-01
7.930098690460413158e-02 -2.095836619005551626e-01
9.097199471927340519e-02 -1.835085144800127632e-01
9.201076885521236592e-02 -1.835590481237631966e-01
9.300830491794999377e-02 -1.838231528275609261e-01
9.363254210386089127e-02 -1.841462218732530243e-01
9.433994050017713295e-02 -1.845741938446223973e-01
9.545017051377967243e-02 -1.849450618903713539e-01
9.609888266140435842e-02 -1.851435278403996409e-01
9.653940049408221702e-02 -1.853640737453201293e-01
9.694248298111315942e-02 -1.856671664143775546e-01
9.777861574077947870e-02 -1.859244843175014983e-01
1.006332769002750566e-01 -1.826191226214454733e-01
1.018330398996364350e-01 -1.806771807466054924e-01
1.048561561428775629e-01 -1.754616708796463698e-01
1.055115850245990916e-01 -1.742610295541303089e-01
1.069884180293826370e-01 -1.695181225365719468e-01
1.066653806122388193e-01 -1.688252904969727852e-01
1.064212706664489499e-01 -1.685214026386958608e-01
1.061919878250361937e-01 -1.682877495516930388e-01
1.058359834498440316e-01 -1.679672170390476282e-01
1.054807740877169303e-01 -1.676573743570078101e-01
1.051784769266304320e-01 -1.673726910956826741e-01
9.552260839362777811e-02 -1.728603920548443529e-01
9.511820617082501761e-02 -1.723417632807923427e-01
9.476038391009490580e-02 -1.718949735449097627e-01
9.420327129686310863e-02 -1.712134600577430443e-01
9.343835061592137281e-02 -1.702923431958308087e-01
9.250455440022324616e-02 -1.691693972619970621e-01
9.222721474473047354e-02 -1.688320245678814058e-01
9.195244263210237967e-02 -1.684940594604444064e-01
9.182317315668656055e-02 -1.683333170611545360e-01
9.151367181582387156e-02 -1.679421232104832407e-01
9.017882447764435927e-02 -1.628050437783771232e-01
8.711965211145678012e-02 -1.606399792452867792e-01
8.563562962395269984e-02 -1.594159719785011864e-01
8.519369576105516317e-02 -1.585023602879656879e-01
9.421503000194998700e-02 -1.532001753530764787e-01
9.505965058800158740e-02 -1.491305696912592349e-01
9.492072003178775308e-02 -1.481383878073213034e-01
9.471726186873413722e-02 -1.452860106876947555e-01
9.469678841812917414e-02 -1.441590585464586072e-01
9.487937877726965175e-02 -1.403584592324315927e-01
9.503427645894702014e-02 -1.391998255364647885e-01
9.614261245032064418e-02 -1.356167311586476687e-01
1.052069759263620508e-01 -1.317862599717964101e-01
1.170446205850757121e-01 -1.297485608514014621e-01
1.112203626490732566e-01 -1.182792011345471794e-01
1.222182063719507716e-01 -1.016325169091726183e-01
1.195328986028027507e-01 -1.012783674560860381e-01
1.177499580270781748e-01 -1.007067987071465914e-01
1.150562953452242410e-01 -1.003875180543388895e-01
1.101560266214266226e-01 -1.006827927028817043e-01
1.060369346343810332e-01 -9.891089875269173937e-02
1.052222355499349282e-01 -9.835635974668392734e-02
1.042406911569597472e-01 -9.773674079844053841e-02
1.004695835595015019e-01 -9.665434269944787882e-02
9.826097562670070562e-02 -9.649920267413447661e-02
9.653027085969749510e-02 -9.630126542605417506e-02
9.315888245765074904e-02 -9.683942748362832365e-02
9.136766014572349215e-02 -9.695618495054049435e-02
8.962687083394835219e-02 -9.650328860168957967e-02
8.832491154106605902e-02 -9.574188567385576165e-02
8.775040624474873818e-02 -9.537099934661374956e-02
8.662327633449753983e-02 -9.465834553913934912e-02
8.602121068611739974e-02 -9.430277996773805960e-02
8.178333901100036385e-02 -9.232020360020674887e-02
7.851949735814245379e-02 -8.679737359944127151e-02
7.761112060806965585e-02 -8.189899228973529510e-02
7.463137334986953697e-02 -8.069841306404551551e-02
7.375424885539359765e-02 -7.931251414983882253e-02
7.921806493607592980e-02 -5.751933984606392297e-02
7.760943927647154239e-02 -5.737783089595749342e-02
7.472997904034273109e-02 -5.701508938034526713e-02
7.407385045050933481e-02 -5.676130186443182485e-02
7.333059919470440169e-02 -5.641145890068594015e-02
6.339113917419084143e-02 -5.438114047383637434e-02
6.262018950354160396e-02 -5.297896504752784563e-02
5.911177431664245419e-02 -4.517535851097606581e-02
5.883694889709686904e-02 -4.397869071648000117e-02
5.819186959772877643e-02 -4.288535183291097147e-02
5.786984215947648530e-02 -4.243987093630651602e-02
5.661693664791335456e-02 -4.021237507677184048e-02
5.560148950354735359e-02 -3.779048375154046152e-02
4.709629586436894083e-02 -3.383875341396654080e-02
4.640565171564660363e-02 -3.319387536674709566e-02
4.330279120159508804e-02 -3.185042089273743687e-02
3.837518898041760579e-02 -3.301900486677943752e-02
3.513994861968638278e-02 -2.998285865811217699e-02
3.221584629624420909e-02 -2.588274644299336583e-02
2.865800474233733824e-02 -1.677935218730910311e-02
2.282217151227016599e-02 -1.267924523381906352e-02
2.000627570301598615e-02 -1.017338308826039837e-02
1.623676468475547530e-02 -7.418032772272657900e-03
1.176872742177017053e-02 -5.159943990989244609e-04
9.301323803777183929e-03 1.629501362154065196e-03
7.334077570809701199e-03 2.959254389549814852e-03
2.902032326364150684e-03 1.831981262482287745e-03
