5.536351546013002075e-04 -1.691669490747583170e-04
1.107270309202600415e-03 -3.383338981495166340e-04
1.660905463803899647e-03 -5.075008472242747070e-04
2.214540618405200830e-03 -6.766677962990332680e-04
2.768175773006499845e-03 -8.458347453737912868e-04
3.321810927607800161e-03 -1.015001694448549631e-03
4.121502565825692702e-03 -1.622462163162795637e-03
4.921194204043584375e-03 -2.229922631877041209e-03
5.720885842261476915e-03 -2.837383100591287649e-03
6.520577480479369456e-03 -3.444843569305533655e-03
7.320269118697261129e-03 -4.052304038019779661e-03
8.119960756915152802e-03 -4.659764506734024800e-03
8.619770597403507428e-03 -4.967340244459108982e-03
9.119580437891862054e-03 -5.274915982184191429e-03
9.619390278380216680e-03 -5.582491719909275611e-03
1.011920011886856957e-02 -5.890067457634358059e-03
1.061900995935692246e-02 -6.197643195359441373e-03
1.111881979984527709e-02 -6.505218933084524688e-03
1.148021791842368175e-02 -6.674380015640033262e-03
1.184161603700208641e-02 -6.843541098195542703e-03
1.220301415558049107e-02 -7.012702180751051277e-03
1.256441227415889574e-02 -7.181863263306560718e-03
1.292581039273730213e-02 -7.351024345862069292e-03
1.328720851131570506e-02 -7.520185428417577866e-03
1.372550203095519207e-02 -7.766244845293794434e-03
1.416379555059468082e-02 -8.012304262170012736e-03
1.460208907023416783e-02 -8.258363679046228437e-03
1.504038258987365484e-02 -8.504423095922445872e-03
1.547867610951314185e-02 -8.750482512798661572e-03
1.591696962915262886e-02 -8.996541929674880742e-03
1.620147821318920073e-02 -9.473284616474722183e-03
1.648598679722576912e-02 -9.950027303274561891e-03
1.677049538126234099e-02 -1.042676999007440333e-02
1.705500396529891285e-02 -1.090351267687424477e-02
1.733951254933548125e-02 -1.138025536367408622e-02
1.762402113337205312e-02 -1.185699805047392939e-02
1.785470440329567712e-02 -1.247214952592409429e-02
1.808538767321930460e-02 -1.308730100137426092e-02
1.831607094314292861e-02 -1.370245247682442928e-02
1.854675421306655608e-02 -1.431760395227459765e-02
1.877743748299018009e-02 -1.493275542772476427e-02
1.900812075291380410e-02 -1.554790690317492743e-02
1.950023958666623897e-02 -1.623225983969063188e-02
1.999235842041867037e-02 -1.691661277620633633e-02
2.048447725417110524e-02 -1.760096571272204424e-02
2.097659608792354011e-02 -1.828531864923774869e-02
2.146871492167596804e-02 -1.896967158575344967e-02
2.196083375542840291e-02 -1.965402452226915411e-02
2.214537685145575446e-02 -2.001542557410718182e-02
2.232991994748310255e-02 -2.037682662594520952e-02
2.251446304351045410e-02 -2.073822767778324416e-02
2.269900613953780566e-02 -2.109962872962127187e-02
2.288354923556515375e-02 -2.146102978145929957e-02
2.306809233159250530e-02 -2.182243083329732727e-02
2.364479463988232097e-02 -2.256829422414265152e-02
2.422149694817212970e-02 -2.331415761498796882e-02
2.479819925646194190e-02 -2.406002100583328959e-02
2.537490156475175063e-02 -2.480588439667860690e-02
2.595160387304156976e-02 -2.555174778752393808e-02
2.652830618133138196e-02 -2.629761117836925885e-02
2.691277438685792112e-02 -2.685124633297055613e-02
2.729724259238446374e-02 -2.740488148757185688e-02
2.768171079791100289e-02 -2.795851664217315069e-02
2.806617900343754898e-02 -2.851215179677445838e-02
2.845064720896409161e-02 -2.906578695137575913e-02
2.883511541449062729e-02 -2.961942210597705294e-02
2.960405182554371947e-02 -3.088047735078257999e-02
3.037298823659679778e-02 -3.214153259558808623e-02
3.114192464764988302e-02 -3.340258784039360634e-02
3.191086105870296480e-02 -3.466364308519912646e-02
3.267979746975605004e-02 -3.592469833000463270e-02
3.344873388080913529e-02 -3.718575357481015975e-02
3.541022272471278098e-02 -3.895431713331898305e-02
3.722771945360053847e-02 -4.149182136944035842e-02
3.816093066999434041e-02 -4.303668654917185143e-02
3.872609646818027385e-02 -4.389020350150268229e-02
3.929126226636620728e-02 -4.474372045383352703e-02
3.985642806455214071e-02 -4.559723740616436483e-02
4.055790243749712171e-02 -4.658706293325425712e-02
4.127300766791801301e-02 -4.759051931782005973e-02
4.198811289833889737e-02 -4.859397570238584846e-02
4.270321812875978867e-02 -4.959743208695164413e-02
4.316481826273715211e-02 -5.049906987451865947e-02
4.369539213016918749e-02 -5.158327303003273911e-02
4.469151625453982729e-02 -5.309854659780387232e-02
4.584492087111944475e-02 -5.475945206160776069e-02
4.656725507544204334e-02 -5.629965833618869736e-02
4.714395738373185901e-02 -5.779908785765376644e-02
4.815173010427870048e-02 -6.031583723753742438e-02
4.930513472085832488e-02 -6.317627575877873825e-02
5.069994696009603313e-02 -6.544954290146974552e-02
5.195958997372225607e-02 -6.892233812394547854e-02
5.510198176543377319e-02 -7.271947115182823829e-02
5.699449883138914957e-02 -7.600772985588909181e-02
5.859808591330038785e-02 -7.926033932243135849e-02
5.950915350835418033e-02 -8.299062140796110987e-02
6.048080411437624371e-02 -8.711769672264044195e-02
6.188773053809060176e-02 -8.968220970229268119e-02
6.379842101404067933e-02 -9.303198010509630689e-02
6.686251610657034661e-02 -9.878690144764948333e-02
6.918485940863979000e-02 -1.042141954674566523e-01
7.052560734717737423e-02 -1.083200005610709116e-01
7.123303917042010658e-02 -1.119801453868282393e-01
7.237137429900790397e-02 -1.161619145567582972e-01
7.355366553785584738e-02 -1.202374261301240865e-01
7.438410653671931327e-02 -1.233746763621468151e-01
7.541557051379037258e-02 -1.268605232270236804e-01
7.676890610638843759e-02 -1.337517543860949898e-01
7.812224169898651649e-02 -1.386390906557552205e-01
7.947554908488596581e-02 -1.424545479639155732e-01
8.084395369141368637e-02 -1.468188665021946671e-01
8.208403571509832741e-02 -1.512145258825525751e-01
8.338859576298621179e-02 -1.567754208118252168e-01
8.440359745743476749e-02 -1.654331844100741244e-01
8.507410256414899008e-02 -1.747600494169768426e-01
8.527709586321559343e-02 -1.784232565657822289e-01
8.548008916228221066e-02 -1.820864637145876985e-01
8.568308246134882789e-02 -1.857496708633932792e-01
8.582121225256551800e-02 -1.877911253423185378e-01
8.591349025375036308e-02 -1.886861684511560167e-01
8.600576825493520816e-02 -1.895812115599934955e-01
8.609804625612005324e-02 -1.904762546688309743e-01
8.619032425730489833e-02 -1.913712977776684532e-01
8.614204472383436839e-02 -1.922501239784582538e-01
8.577369245111508833e-02 -1.944141496706763006e-01
8.682643328612149602e-02 -1.953681011658963407e-01
9.292107160318059667e-02 -1.868552765033155705e-01
1.144825187724045623e-01 -1.690234021041120971e-01
1.287362665515164595e-01 -1.655426888583827749e-01
1.317718524937739333e-01 -1.662347316283305509e-01
1.344569818202863698e-01 -1.669267743982783270e-01
1.371721179305487592e-01 -1.679939649324065365e-01
1.399126013860905182e-01 -1.693780504723020608e-01
1.423622804158013178e-01 -1.701563073247012725e-01
1.448168105947207351e-01 -1.711199484608788568e-01
1.474465857922037937e-01 -1.731130350174434618e-01
1.497612267930062968e-01 -1.743858328293972082e-01
1.518096674786003353e-01 -1.750501879750956946e-01
1.540035167769490398e-01 -1.763259738008537136e-01
1.571216801997073198e-01 -1.782907326070323484e-01
1.599471750656996927e-01 -1.799628228564451038e-01
1.615330285487866502e-01 -1.816181245499527142e-01
1.655255870659043671e-01 -1.854068794772541495e-01
1.681707301972131252e-01 -1.877136887104133844e-01
1.700801805265485245e-01 -1.893192893713558367e-01
1.707568483228475431e-01 -1.897498918842593918e-01
1.714335161191465895e-01 -1.901804943971629469e-01
1.720009780077831618e-01 -1.905766126803099536e-01
1.725796220746867449e-01 -1.910858222845956134e-01
1.751776950999115734e-01 -1.942678265920119718e-01
1.786360494408216759e-01 -1.976339080516085478e-01
1.801893042763996755e-01 -1.988488289890370242e-01
1.813305907974898656e-01 -1.996336074908897640e-01
1.818380799116756374e-01 -1.997566283995490244e-01
1.823455690258614093e-01 -1.998796493082082570e-01
1.825198597572939008e-01 -1.993665574903659976e-01
1.809615038943419296e-01 -1.924955500601382152e-01
1.768553745422092316e-01 -1.767169716200780727e-01
1.650999678944431448e-01 -1.707598135816681684e-01
1.646218270205555279e-01 -1.632843509405414728e-01
1.693351773807531824e-01 -1.528491788504887927e-01
1.752867376931592502e-01 -1.502963043339341775e-01
1.782646361961314485e-01 -1.573187817357141749e-01
1.801757817717566101e-01 -1.505437765153096186e-01
1.897067056509497418e-01 -1.348998791353500648e-01
1.933207044362916238e-01 -1.312551163230644968e-01
1.948540728382539278e-01 -1.300473413986596438e-01
1.956845255701558373e-01 -1.296628731931331047e-01
1.965149783020578023e-01 -1.292784049876065655e-01
1.974258971601084434e-01 -1.295146792281481607e-01
1.990273059263873434e-01 -1.302760063489304398e-01
2.027140196845050035e-01 -1.264089419227689415e-01
2.086592782885975106e-01 -1.207230138687345189e-01
2.109667840375877013e-01 -1.186608688875099293e-01
2.120509871931018087e-01 -1.180841665792201067e-01
2.129953837284244145e-01 -1.174459490167212988e-01
2.136156625416985311e-01 -1.164309512332855900e-01
2.184352712095534443e-01 -1.148427468759394415e-01
2.277508246784769319e-01 -1.150259118732631369e-01
2.282496852094867412e-01 -1.100292038334416550e-01
2.339875813798583948e-01 -1.034492068683117716e-01
2.348704607054655502e-01 -1.016021284827691024e-01
2.333710311840005158e-01 -1.026171301772176303e-01
2.316628239754889296e-01 -1.038148117256253028e-01
2.277547589796133920e-01 -1.066976281734300092e-01
2.094918333676704103e-01 -1.106918915365961292e-01
1.890465017964909067e-01 -1.014674502670415840e-01
1.734566674135609998e-01 -9.310421828985385173e-02
1.552412648740967849e-01 -7.324887615974315369e-02
1.506989448828154610e-01 -6.447321187972650247e-02
1.555712203161185581e-01 -4.959639851292377277e-02
1.699195765622979470e-01 -4.267597081344619986e-02
1.632759547070827266e-01 -3.856985319435193849e-02
1.243370035876373986e-01 -3.575554311396838408e-02
9.919279702584760106e-02 -3.229532926422946232e-02
6.772792049351998578e-02 -2.339104421627021674e-02
4.535187797169842189e-02 -1.730106924869434168e-02
2.459059487326555049e-02 -8.442930241150680554e-03
5.628620160767056763e-03 -1.015001694448552667e-03
