-4.352974242544140927e-03 -1.064604226315015367e-03
-4.110446840176085193e-03 -2.951297820665247859e-03
5.952579905089292953e-03 -3.503387814912484188e-02
-7.232343500893734060e-04 -5.492117443270270322e-02
-2.251654719225230656e-03 -5.396238770014822467e-02
-3.138886677952648901e-03 -5.283656490202225109e-02
-1.905752625899824731e-03 -5.077516979051158175e-02
-7.209475247876744649e-04 -4.878477421853763540e-02
1.134726820045396352e-04 -4.730912530820501755e-02
9.603487883124386297e-04 -4.559980360131849625e-02
1.897530166109060020e-03 -4.219635411941621839e-02
2.725348381239027160e-03 -3.910156219243157011e-02
2.749344335119647230e-03 -3.851289879383988646e-02
2.772634525650837043e-03 -3.794154902461854828e-02
2.611079593108008978e-03 -3.778755450276402583e-02
1.762957060575995501e-03 -3.918373661398617813e-02
9.148345280439750850e-04 -4.057991872520834431e-02
1.129241632361934746e-04 -4.188309643193110360e-02
-3.155494543973560648e-03 -4.704301920127584857e-02
-1.657929058786321297e-02 -5.248684560462772708e-02
-1.840638937293799168e-02 -5.194037912514627015e-02
-1.952412503537682628e-02 -5.140807073994463350e-02
-2.170061215664890325e-02 -5.087576235474299685e-02
-2.370271491078990156e-02 -5.034345574345282931e-02
-2.464605543592089318e-02 -4.981115990233944690e-02
-2.528132075592851719e-02 -4.964274119948449554e-02
-2.404612947340149104e-02 -5.168357655034132303e-02
-2.266503929414054666e-02 -5.355206398443550231e-02
-1.718490827204440657e-02 -6.533941579968302604e-02
-3.529179410679368634e-02 -7.281718856869515144e-02
-4.371536284919452786e-02 -7.359443669847388902e-02
-4.787677882877797164e-02 -7.392327244568798472e-02
-4.991247422046514448e-02 -7.323809929216434922e-02
-5.142676644908342892e-02 -7.230420697430881005e-02
-5.304867631148114937e-02 -7.088752386958567520e-02
-5.491810673157158235e-02 -6.836042195506707164e-02
-5.678753715166201532e-02 -6.583332004054846809e-02
-5.802056978666190329e-02 -6.394261591112040954e-02
-5.909750485173392853e-02 -6.220800935162019291e-02
-6.016696820169117194e-02 -6.057105509808870247e-02
-6.247879197067650325e-02 -5.746815626897479323e-02
-6.412297070674694011e-02 -5.475936076250108309e-02
-6.559276684959776393e-02 -5.075144397800637058e-02
-6.765409734004773634e-02 -4.614300063525139661e-02
-6.931680610192560155e-02 -4.134588571567208992e-02
-7.061664632092411187e-02 -3.545543363873047971e-02
-7.186454501827177488e-02 -2.978909392582520035e-02
-7.409174953557193244e-02 -1.142214259618247116e-02
-7.533101321200393052e-02 -8.202398119110457242e-03
-7.577974033714669766e-02 -7.616660280657899622e-03
-7.622846746228943704e-02 -7.030922442205381900e-03
-7.667719458743220418e-02 -6.445184603752824280e-03
-7.717570222993054563e-02 -6.122971577623611758e-03
-7.777377090714010510e-02 -6.327808176141018308e-03
-7.837183958434962294e-02 -6.532644774658410980e-03
-7.896990826155916854e-02 -6.737481373175817530e-03
-7.956797693876868638e-02 -6.942317971693211069e-03
-8.016604561597824585e-02 -7.147154570210617619e-03
-8.062070609486673978e-02 -7.437397593628323686e-03
-8.078855017711315811e-02 -7.898453466846715523e-03
-8.095639425935956257e-02 -8.359509340065107361e-03
-8.112423834160596703e-02 -8.820565213283469708e-03
-8.129208242385237149e-02 -9.281621086501861545e-03
-8.145992650609877594e-02 -9.742676959720222157e-03
-8.158346904998289850e-02 -1.042889364200811145e-02
-8.161840851714244338e-02 -1.156543194243506330e-02
-8.165334798430197438e-02 -1.270197024286194055e-02
-8.168828745146151926e-02 -1.383850854328889241e-02
-8.172322691862105026e-02 -1.497504684371576966e-02
-8.175816638578059514e-02 -1.611158514414272325e-02
-8.179675897019819675e-02 -1.747648160235723558e-02
-8.184265778913192568e-02 -1.929809437614676826e-02
-8.188855660806565462e-02 -2.111970714993641890e-02
-8.193445542699938355e-02 -2.294131992372606954e-02
-8.198035424593311249e-02 -2.476293269751560222e-02
-8.202625306486684142e-02 -2.658454547130525286e-02
-8.201962978626695100e-02 -2.812664738607506543e-02
-8.190796231259980797e-02 -2.910972758280543776e-02
-8.179629483893266495e-02 -3.009280777953581010e-02
-8.168462736526553580e-02 -3.107588797626611651e-02
-8.157295989159839278e-02 -3.205896817299648538e-02
-8.146129241793124975e-02 -3.304204836972679526e-02
-8.134117580392898061e-02 -3.418292483400941356e-02
-8.120416090925644537e-02 -3.563939383339655154e-02
-8.105136854186403839e-02 -3.726357744483423801e-02
-8.088695066825700442e-02 -3.901134024409880219e-02
-8.072253279464995657e-02 -4.075910304336327616e-02
-8.055811492104290872e-02 -4.248660432717541596e-02
-8.039369704743587475e-02 -4.373289461899253910e-02
-8.022927917382882690e-02 -4.497918491080973163e-02
-8.006486130022177905e-02 -4.622547520262685478e-02
-7.990044342661473120e-02 -4.747176549444404731e-02
-7.973602555300768335e-02 -4.869952114828397793e-02
-7.957160767940064938e-02 -4.948707915016428011e-02
-7.927764845083047629e-02 -5.089513739595030728e-02
-7.885095039187117738e-02 -5.283758654832144269e-02
-7.832069923714375659e-02 -5.460508621605008467e-02
-7.791648221166906640e-02 -5.648944179508193913e-02
-7.834602942586628427e-02 -5.914684417196514055e-02
-7.869137324391026200e-02 -6.177941825036412093e-02
-7.847967921047883932e-02 -6.424774358494399207e-02
-7.778760462903665240e-02 -6.662080125740370284e-02
-7.204127563673873302e-02 -6.920863298043992973e-02
-6.801481843638375324e-02 -7.218276889762721693e-02
-6.506546710343383277e-02 -7.568369278751914397e-02
-6.325321633749295125e-02 -7.856883549416625312e-02
-6.291615668601732714e-02 -8.326090153048383569e-02
-6.318071733593161321e-02 -8.749463319054892607e-02
-7.045547201909971302e-02 -9.285946909002035232e-02
-6.194019696993038893e-02 -9.205690972703009511e-02
-6.119371627026485433e-02 -1.006924957602154946e-01
-6.302062359960879101e-02 -1.028942090429732087e-01
-6.141248846388046301e-02 -1.035507942446998730e-01
-5.532320460545783747e-02 -1.047458122609809528e-01
-5.028861831132601379e-02 -1.109685284731529442e-01
-4.596657728359273415e-02 -1.138977927928560424e-01
-4.237017755039865219e-02 -1.176258517285765637e-01
-4.008845199075328214e-02 -1.201193275799885690e-01
-3.754202716268300460e-02 -1.222547077240412478e-01
-3.538173521959898232e-02 -1.242107241314644728e-01
-3.405243742671738155e-02 -1.261559731496761927e-01
-3.303304551559689550e-02 -1.282070775473292401e-01
-3.086571899986766815e-02 -1.318862928443666482e-01
-3.108992519115003419e-02 -1.356880935333416860e-01
-3.020914380807003530e-02 -1.383366149491546127e-01
-3.017151167000589260e-02 -1.433873363619003471e-01
-2.631101174363215806e-02 -1.474117292361352971e-01
-2.754414579568498916e-02 -1.562745016318739522e-01
-2.579523697358561754e-02 -1.627667792771043120e-01
-2.448082825321771377e-02 -1.654716393609801939e-01
-2.394851986801608754e-02 -1.688812605343050222e-01
-2.333960891718942637e-02 -1.717446892974707207e-01
-2.255451206542518142e-02 -1.733518755172702153e-01
-2.167350615583616552e-02 -1.746812938094238765e-01
-2.057190941325015218e-02 -1.753718458679922876e-01
-1.966836101681489549e-02 -1.761390004921856989e-01
-1.908002933966823980e-02 -1.773777304746809169e-01
-1.525432494020904396e-02 -1.809252184003081743e-01
-1.078100018076438849e-02 -1.806022390444236014e-01
-8.520463613513103857e-03 -1.801546990461786735e-01
-7.324322077731345963e-03 -1.805287512139252537e-01
-6.534263468875465587e-03 -1.801337546001516021e-01
-7.436051131468018709e-03 -1.733237208813622476e-01
2.395221429207503093e-04 -1.617178034642625384e-01
9.942797107760848602e-03 -1.778379756070032347e-01
1.197235988476086713e-02 -1.815392555751614290e-01
1.684670655946952922e-02 -1.807787266792551528e-01
1.860783404154337656e-02 -1.812194980648675624e-01
2.045551108663449733e-02 -1.815363063206333616e-01
2.193800488779293345e-02 -1.806073413206453204e-01
2.304987789952892691e-02 -1.783865624597600064e-01
2.415666223503116355e-02 -1.760276496194800866e-01
2.615704509752932172e-02 -1.765335585697022092e-01
2.821394866519614034e-02 -1.761762427498501371e-01
3.080558238734593460e-02 -1.749431086977973338e-01
3.304579436392124370e-02 -1.740919555642255201e-01
3.475133776608304442e-02 -1.737099746457445026e-01
3.592704954358020425e-02 -1.734317095160551048e-01
3.662445903706265660e-02 -1.731110909829221278e-01
3.732186853054506037e-02 -1.727904724497891786e-01
3.796496972435080275e-02 -1.724169171039623139e-01
3.806498792138959114e-02 -1.715139936311966262e-01
3.825593175210000030e-02 -1.697902306377348236e-01
4.114967729584043110e-02 -1.677062310791842814e-01
4.251380938827297590e-02 -1.634743815391896116e-01
4.602152241748743572e-02 -1.640221550113011573e-01
4.767461429845051141e-02 -1.635515352844502390e-01
4.911705419226330971e-02 -1.614789908859300405e-01
5.199772575504842814e-02 -1.572198664434091286e-01
5.344576512712661404e-02 -1.555974434644476490e-01
5.460491414663742882e-02 -1.548986624839824022e-01
5.569036347993712444e-02 -1.540514494612030549e-01
5.683663668974555522e-02 -1.529284215873071839e-01
4.980291096058449274e-02 -1.512188448172927246e-01
5.028795132061304046e-02 -1.461890265437782443e-01
5.118129110995010833e-02 -1.437680410777862072e-01
5.159233579396770714e-02 -1.420067256455684601e-01
5.069264565498126512e-02 -1.407525433736674936e-01
4.685826252035946854e-02 -1.386748498169796395e-01
2.832836114015614692e-02 -1.300100208531988766e-01
1.457464062355812162e-02 -1.273035316850533449e-01
-3.794559328935422169e-03 -1.302986767960364889e-01
-8.295629077446291244e-03 -9.857373767347568649e-02
-7.473539709411070216e-03 -9.338374431712666290e-02
-4.607448178419864052e-03 -8.821839895383176700e-02
-3.203541189574467089e-03 -8.328027492448761282e-02
3.923600744960740409e-04 -8.052265022403858052e-02
1.040326093802688111e-03 -7.448316512891813013e-02
4.177958362929494462e-03 -6.089082950277750761e-02
5.680720623136646663e-03 -5.824960836620644150e-02
1.074636025122754218e-02 -5.133076241097011411e-02
1.334189100346260676e-02 -5.175011052116638283e-02
1.779407352575118270e-02 -4.716676422448358441e-02
1.730228191208107308e-02 -4.486395192576959207e-02
1.806105429774341672e-02 -4.235104515493891275e-02
2.254118834307647368e-02 -3.585530724196901720e-02
2.075364208194077284e-02 -3.452775345747913227e-02
1.625269777431266605e-02 -2.200733589464764009e-02
2.708795506473712748e-03 -8.220893680352195105e-04
