-3.125976410839922774e-05 -1.248553216775451929e-04
-5.566801642288569843e-05 -2.242930309100793485e-04
2.884865617286791039e-03 -4.859029992756168023e-03
3.334532693935852651e-03 -6.130382880222893030e-03
6.340430744465727544e-04 -1.327030132845034502e-02
-5.156164060017376892e-03 -2.208107576799385810e-02
-1.683228490418932832e-03 -3.235853077635688496e-02
3.640566846439372722e-04 -3.740532375769071299e-02
1.912126044786951595e-03 -4.339969107483648836e-02
5.122521844646236305e-03 -4.651025405518728617e-02
6.668547285134467616e-03 -5.018337842100337870e-02
1.132596073573875414e-02 -5.792233122197158746e-02
1.121122739422995146e-02 -6.049579633478740365e-02
1.120541026049312605e-02 -6.060435072920215827e-02
1.140019560160632911e-02 -6.253299545611998300e-02
1.124419386412970137e-02 -7.075824680959194590e-02
1.399736225182021676e-02 -7.753617051893722800e-02
1.504591463453950825e-02 -8.025499267221629374e-02
1.586704480438505538e-02 -8.265174039205955281e-02
1.648380073520880687e-02 -8.485642500051261694e-02
1.656142815576462299e-02 -8.521452156387950005e-02
1.728039168564607722e-02 -9.149154575072106221e-02
1.798079720138392665e-02 -9.573266336459891612e-02
1.834858168692243136e-02 -9.946295331132143369e-02
1.808071635937737176e-02 -1.097242549672180628e-01
1.789815443729580319e-02 -1.123551827005327963e-01
1.765081863977936011e-02 -1.152737476341890721e-01
1.771546687451931723e-02 -1.184356650523813725e-01
1.915492752160085146e-02 -1.235321867779581861e-01
1.789883857475396342e-02 -1.290636290674792297e-01
1.409188133732384302e-02 -1.322579603766707856e-01
1.714568586912050552e-02 -1.351842295213626366e-01
1.907102035792813954e-02 -1.379817124164590403e-01
2.071510318910371740e-02 -1.396898182700783420e-01
2.319851915869619932e-02 -1.417249824912215628e-01
2.283003087551346150e-02 -1.451519844498996570e-01
2.232902286055783725e-02 -1.480025714900013167e-01
2.179794602301292350e-02 -1.510600144566192626e-01
2.274485709576795980e-02 -1.531696694558507266e-01
1.994884691090226259e-02 -1.633302789941298572e-01
3.599952649722848452e-02 -1.743670908770509065e-01
3.142831975740114497e-02 -1.805342485014026499e-01
3.194733255504433184e-02 -1.833984996009365154e-01
3.251373934175754571e-02 -1.879422254176149887e-01
3.272341217059129143e-02 -1.896556786725354937e-01
3.285287532275948941e-02 -1.904687692867287341e-01
3.316408658488416428e-02 -1.918691643216734466e-01
3.412985422169091676e-02 -1.939009873121663730e-01
3.770655972516179233e-02 -1.956278392758926676e-01
4.280070331245899862e-02 -1.983910635537716460e-01
4.690547494397354772e-02 -2.022575175014076632e-01
5.140959083839260341e-02 -2.068526750324677643e-01
5.240873122703642445e-02 -2.078150223733534474e-01
5.956783826857746378e-02 -2.155183960876384808e-01
6.206964062365994544e-02 -2.174227342130341523e-01
6.337176413207802617e-02 -2.189243730351680683e-01
6.429361747888313883e-02 -2.225020391489592742e-01
6.595806851445061569e-02 -2.250667954276432403e-01
6.858384571190578871e-02 -2.265477907870061258e-01
8.288294497464381017e-02 -2.324840818661851605e-01
8.367274815338815452e-02 -2.327961220628598227e-01
8.682929436115269239e-02 -2.339623925368540525e-01
9.271577839278541400e-02 -2.360432947256678460e-01
9.538406634542782869e-02 -2.372387038866492215e-01
9.795579535201252852e-02 -2.392533981279110211e-01
9.952731442216498914e-02 -2.405107304360253606e-01
1.020383311510086322e-01 -2.423857773548091510e-01
1.055371101339795809e-01 -2.446389001776491101e-01
1.126624742731101997e-01 -2.478803733916598029e-01
1.162523021622456076e-01 -2.505602871876179694e-01
1.201760601190159095e-01 -2.536831163609127304e-01
1.233404833347244711e-01 -2.564640627961508046e-01
1.250330337498724298e-01 -2.580618603667164668e-01
1.285105894591758724e-01 -2.600648426517841449e-01
1.363912993578728083e-01 -2.616139724422359425e-01
1.369710735577938376e-01 -2.676894915062845715e-01
1.374711146744844736e-01 -2.676117470466443660e-01
1.375864975670546275e-01 -2.675960945427676152e-01
1.377458172819626958e-01 -2.675756056355166335e-01
1.379593703363093671e-01 -2.675499852210428409e-01
1.386982697338880743e-01 -2.674751329331165883e-01
1.388227376521341538e-01 -2.674644166914909582e-01
1.389537396304747208e-01 -2.674536971841804944e-01
1.391007398797653449e-01 -2.674423483883132113e-01
1.392917388104944199e-01 -2.674286811564361432e-01
1.394618586901933133e-01 -2.674175503783746133e-01
1.397095133694062075e-01 -2.674031647926635724e-01
1.399925318810854857e-01 -2.673895379984468912e-01
1.402352554358029801e-01 -2.673804920499510129e-01
1.404105735261560461e-01 -2.673756580015803075e-01
1.405836523437234697e-01 -2.673723398429018738e-01
1.408204331021872258e-01 -2.673700680044608924e-01
1.412571459690598052e-01 -2.673720977140101041e-01
1.417016808691902718e-01 -2.673804408935585575e-01
1.419464659259152550e-01 -2.673864655065253948e-01
1.422157352898654192e-01 -2.673931473595464459e-01
1.423677308631645100e-01 -2.673965571478502112e-01
1.425787432310056113e-01 -2.674004260491570362e-01
1.428527058059618771e-01 -2.674032600795020476e-01
1.433047997762584569e-01 -2.674005068016829800e-01
1.435461371886361526e-01 -2.673945112058880857e-01
1.437206047740606507e-01 -2.673880509372416614e-01
1.440126310966468592e-01 -2.673731591872445246e-01
1.445413672866024124e-01 -2.673333850842069537e-01
1.458152167114125930e-01 -2.671850351087006747e-01
1.479620338082516529e-01 -2.669800875619181002e-01
1.488848591193487059e-01 -2.669985007291163503e-01
1.497079425534929287e-01 -2.671393280773961543e-01
1.506581624619802717e-01 -2.676490239410941330e-01
1.510174868411549021e-01 -2.681439983048754527e-01
1.513149222383880221e-01 -2.692209228152004363e-01
1.511650259318765288e-01 -2.723152017984111217e-01
1.645475213993135288e-01 -2.632363827163675118e-01
1.699392042011194370e-01 -2.753819096343842476e-01
1.691375444374273174e-01 -2.669999601237489917e-01
1.693727970139461969e-01 -2.625414852778651387e-01
1.699603251966176620e-01 -2.571941981094250096e-01
1.716164663742400232e-01 -2.389160031538829498e-01
1.801854243020682977e-01 -2.305581950445530215e-01
1.795570404708176915e-01 -2.267359063700162269e-01
1.794843672042295279e-01 -2.265407775201694618e-01
1.789886320767616890e-01 -2.251001947958797544e-01
1.785351099588775026e-01 -2.205889583969484480e-01
1.782914459933720719e-01 -2.194847330742991376e-01
1.780031230443392398e-01 -2.191034006355176977e-01
1.776355830978272321e-01 -2.189033218762551636e-01
1.770317507195866558e-01 -2.187250330366363460e-01
1.763608042997663328e-01 -2.184210291050793784e-01
1.756948013806632625e-01 -2.164619348983983782e-01
1.804099587896103030e-01 -1.988103174923616379e-01
1.798697736064821251e-01 -1.976635704302288632e-01
1.797043373830214397e-01 -1.973312695818478790e-01
1.794398498409413012e-01 -1.968250150727156589e-01
1.789571224929779047e-01 -1.960192164930715242e-01
1.781487812508697754e-01 -1.894265203829596789e-01
1.798253055092178532e-01 -1.750593081721074085e-01
1.773623677855317993e-01 -1.726359806224155580e-01
1.763087695862083637e-01 -1.705420358612967646e-01
1.762187615331231305e-01 -1.700975728330642589e-01
1.759570949113787308e-01 -1.688779080550215361e-01
1.739037834606109167e-01 -1.658215300002200132e-01
1.715882605045045417e-01 -1.632795220162971406e-01
1.781146669551320616e-01 -1.532393983869574927e-01
1.769940632078126352e-01 -1.481630363671012363e-01
1.741463361377851016e-01 -1.454830865583677246e-01
1.740072890339217360e-01 -1.443358539100536297e-01
1.739998737888785452e-01 -1.438743538482593620e-01
1.739986681938180402e-01 -1.433530107204048776e-01
1.739239286112372329e-01 -1.418665170817007548e-01
1.725347984749008856e-01 -1.393173757185713346e-01
1.691113098016228944e-01 -1.371608273006000855e-01
1.663497538006263321e-01 -1.346645257858988809e-01
1.612967486105764126e-01 -1.303815607820849320e-01
1.573982816928317097e-01 -1.250819613741647185e-01
1.512593497969151601e-01 -1.182340483281244248e-01
1.489348088177162299e-01 -1.137824197350077726e-01
1.479646963176859398e-01 -1.127807861515209703e-01
1.424433486674752947e-01 -1.073555356628548146e-01
1.408673232813388299e-01 -1.056460290573459776e-01
1.394109117101798578e-01 -1.038021407871125845e-01
1.379220109776057024e-01 -1.018813175033423390e-01
1.366018727591418180e-01 -1.004318520885108118e-01
1.356203785039006848e-01 -9.947997974053851555e-02
1.346270778342210650e-01 -9.698624887875666178e-02
1.331659790877639249e-01 -9.513531833333366272e-02
1.314149404777428254e-01 -9.236683817534796503e-02
1.299191073341511293e-01 -9.091883504781608782e-02
1.193775927631344075e-01 -8.478943957608499338e-02
1.118503648983248944e-01 -7.765331599546521080e-02
1.095570847155117461e-01 -7.208418903432735336e-02
1.020364918757424993e-01 -7.204367268176330164e-02
9.861598257592783801e-02 -6.973938236583700212e-02
9.821167299772481929e-02 -6.937858857045574312e-02
9.795186793436029549e-02 -6.915124191114647989e-02
9.714532774618293842e-02 -6.847237157257805851e-02
9.601021396818457121e-02 -6.759489136906432494e-02
9.543475498145521929e-02 -6.718471545742031592e-02
8.699980272221881361e-02 -6.165546595759048565e-02
8.631552041663595465e-02 -6.074635141359033957e-02
8.368677518476656807e-02 -4.811374417631206213e-02
8.317492914257700043e-02 -4.733479981486438115e-02
7.288570961961220174e-02 -5.003492715856050488e-02
7.008780522848413741e-02 -4.881808089766934144e-02
6.717940611484571334e-02 -4.698083155097351749e-02
6.529201458483051279e-02 -4.511954103546809286e-02
5.956384100190137421e-02 -4.130123039529956519e-02
5.883382743663417153e-02 -4.090198589058625239e-02
5.444713140967123721e-02 -4.022573229935248046e-02
4.611851089878447191e-02 -3.642434902819838977e-02
4.061033517544941629e-02 -3.401443543441039913e-02
3.858301026364022862e-02 -3.241639248298491816e-02
3.362479802311298810e-02 -2.837903744952409782e-02
2.923015900566560896e-02 -2.597253034304771932e-02
2.825396457638183062e-02 -2.408676214515568723e-02
2.713362717407987248e-02 -2.027702015798763316e-02
1.723601797854022732e-02 -1.256190311434816735e-02
1.466551718950885597e-02 -9.751043014838567044e-03
1.315199888518562253e-02 -8.487853442869930029e-03
9.985261144454462764e-03 -5.372159690581683467e-03
