-1.486458119989632560e-03 -2.779669426284324049e-03
-4.072880732579014888e-03 -7.045796972558280441e-03
-4.480180902664065296e-03 -7.192841848907771500e-03
-4.867899333802718290e-03 -7.332817260048153304e-03
-5.255617764941371284e-03 -7.472792671188534241e-03
-5.643336196080025145e-03 -7.612768082328915178e-03
-6.031054627218679007e-03 -7.752743493469296983e-03
-6.444923664646946826e-03 -7.894345561290611740e-03
-7.350424100319951498e-03 -8.066528774713482494e-03
-8.255924535992959640e-03 -8.238711988136354983e-03
-9.161424971665966047e-03 -8.410895201559225737e-03
-1.006692540733896898e-02 -8.583078414982098225e-03
-1.097242584301197713e-02 -8.755261628404968979e-03
-1.187023135252672154e-02 -8.889344800286313325e-03
-1.262337225026622170e-02 -8.307147191186980278e-03
-1.337651314800572012e-02 -7.724949582087646364e-03
-1.412965404574521855e-02 -7.142751972988314185e-03
-1.488279494348471697e-02 -6.560554363888981139e-03
-1.563593584122421193e-02 -5.978356754789648959e-03
-1.635867162358044594e-02 -5.397285586349647585e-03
-1.650979123673124507e-02 -4.837391502305091531e-03
-1.666091084988204768e-02 -4.277497418260533743e-03
-1.681203046303284682e-02 -3.717603334215978557e-03
-1.696315007618364942e-02 -3.157709250171420769e-03
-1.711426968933445203e-02 -2.597815166126865583e-03
-1.727514924257085582e-02 -2.078335100029105389e-03
-1.911524863450416584e-02 -3.362380921430886769e-03
-2.124824642494761023e-02 -1.564174460932118982e-02
-2.288830591687491395e-02 -1.743060126105073701e-02
-2.418152478368657682e-02 -1.781707976740668636e-02
-2.547474365049823622e-02 -1.820355827376263225e-02
-2.676796251730988868e-02 -1.859003678011857813e-02
-2.806118138412154808e-02 -1.897651528647452401e-02
-2.932487146819847193e-02 -1.924888191744150365e-02
-3.032575538593624415e-02 -1.850565285744668401e-02
-3.132663930367400595e-02 -1.776242379745187477e-02
-3.232752322141177470e-02 -1.701919473745705513e-02
-3.332840713914955039e-02 -1.627596567746223896e-02
-3.432929105688731913e-02 -1.553273661746742106e-02
-3.528125155664669360e-02 -1.484493683848615506e-02
-3.620998378084662461e-02 -1.449526720538513516e-02
-3.724306794034991375e-02 -1.410630884946377679e-02
-3.827615209985320982e-02 -1.371735049354241842e-02
-3.994436214573023752e-02 -1.370006073677011368e-02
-4.164635548343565558e-02 -1.370254058633552617e-02
-4.334834882114106669e-02 -1.370502043590093866e-02
-4.105026767728945508e-02 -2.104629035391900049e-02
-3.624556189358184993e-02 -2.937301760393747421e-02
-3.909084561003040026e-02 -3.564661865582531564e-02
-4.280699091000445683e-02 -4.059650423562596866e-02
-4.424135042399583023e-02 -4.378384086072813902e-02
-4.547511338537334191e-02 -4.681622812717551457e-02
-4.872081743057286862e-02 -4.747459496633915643e-02
-5.214339541720733329e-02 -4.792425671299434253e-02
-5.435674890215605459e-02 -4.846271306573021742e-02
-5.646379693640709435e-02 -4.900897553768197162e-02
-5.927318148544032800e-02 -4.783692495239362519e-02
-6.265691834713266184e-02 -4.687342091786399906e-02
-6.564755185675279214e-02 -4.642583831337493416e-02
-6.819682208896279962e-02 -4.610997503549749132e-02
-6.807317372876749151e-02 -4.707876180942838912e-02
-6.774615112784569682e-02 -4.814529369599688385e-02
-5.218369572192448069e-02 -5.506290279068685317e-02
-6.087047403489780073e-02 -6.082090178709970152e-02
-6.755490808025378657e-02 -6.077575816939197184e-02
-7.006375474840970119e-02 -6.111317487739835463e-02
-7.152419712951341157e-02 -6.178579626943162678e-02
-7.304079444852182301e-02 -6.251817598757775096e-02
-7.526727352550849348e-02 -6.419891831583292297e-02
-7.716745825500576084e-02 -6.563334495805071833e-02
-7.891454434875924684e-02 -6.679265355207612831e-02
-8.015573929831602829e-02 -6.704287642163982153e-02
-8.139693424787279585e-02 -6.729309929120350087e-02
-8.261107934783394613e-02 -6.755425802853226580e-02
-8.514463638198158102e-02 -6.822392173105401580e-02
-8.736154949578261997e-02 -6.994069381747214376e-02
-7.234072402687063974e-02 -7.011240690420364463e-02
-7.019069766115017261e-02 -8.227366477815566126e-02
-6.869500837904971013e-02 -9.166491739936070970e-02
-7.025702630561471429e-02 -9.369806138025224551e-02
-7.132355819218320903e-02 -9.415885976840089600e-02
-7.230750907208560729e-02 -9.468696187859619584e-02
-7.355146383944212440e-02 -9.884990119822896493e-02
-6.595745561440709281e-02 -9.574427405838241423e-02
-6.534912519296208477e-02 -1.005913849489093598e-01
-6.736942248088606533e-02 -1.042906398248709815e-01
-7.042410571187125712e-02 -1.058588649358665201e-01
-7.315747155385977918e-02 -1.072817448358219933e-01
-7.719582959132476052e-02 -1.103028522691666957e-01
-8.123703725636678696e-02 -1.159426790107342398e-01
-8.490002066672902581e-02 -1.199917019592551398e-01
-8.734020753102220147e-02 -1.219908389639324797e-01
-8.894558502239711950e-02 -1.225185252456945650e-01
-9.059018762133340397e-02 -1.230069864198952145e-01
-9.804236833767765447e-02 -1.262888812851797882e-01
-9.962196927743101338e-02 -1.305225810868594627e-01
-9.149148922081043467e-02 -1.365741059283214487e-01
-9.198201556167616422e-02 -1.389276646183051078e-01
-9.309355268558115737e-02 -1.400458146743845389e-01
-9.451559520100580314e-02 -1.405462604135119253e-01
-9.593763771643044891e-02 -1.410467061526392840e-01
-9.657846713461450128e-02 -1.423250585229201004e-01
-9.682869000417818062e-02 -1.439923642087775901e-01
-9.707891287374185996e-02 -1.456596698946351076e-01
-9.737207947968219701e-02 -1.472179730871966685e-01
-9.768671795381086986e-02 -1.487217750331102928e-01
-9.800135642793952884e-02 -1.502255769790238615e-01
-9.835893863844484553e-02 -1.513329860606645039e-01
-9.908258733413272124e-02 -1.530687556642633673e-01
-9.655687383994150663e-02 -1.544308336576578344e-01
-8.993342154980785152e-02 -1.469830027587425147e-01
-7.338914778798190375e-02 -1.358082191445073306e-01
-6.452834550481031939e-02 -1.351916074368103848e-01
-6.463263722326896554e-02 -1.370967481997332760e-01
-6.485647297218898044e-02 -1.386965668782843275e-01
-6.387205379844775044e-02 -1.402963647081370280e-01
-6.302476178290923603e-02 -1.418961625379897562e-01
-6.290848927978237581e-02 -1.452591833540840260e-01
-6.397792577950595083e-02 -1.484340822414545735e-01
-6.654303139995156047e-02 -1.503241587888725916e-01
-7.156019595828876090e-02 -1.562709745942499340e-01
-7.367727267463765328e-02 -1.632621159023289470e-01
-7.288434375448253622e-02 -1.683636704928467009e-01
-7.168774451425978522e-02 -1.690660273981140771e-01
-7.040526284162847148e-02 -1.691259016521537151e-01
-6.901542812848633635e-02 -1.683826725921589162e-01
-6.762559341534418733e-02 -1.676394435321641174e-01
-6.623575870220192729e-02 -1.668962144721692631e-01
-6.473856464811815481e-02 -1.667062791649062403e-01
-6.310717141785733564e-02 -1.672079610485578405e-01
-6.147577818759653034e-02 -1.677096429322094129e-01
-5.984438495733572505e-02 -1.682113248158609853e-01
-5.881253568227045453e-02 -1.692580393273710460e-01
-5.853011635119973605e-02 -1.709860446237038423e-01
-5.824769702012901756e-02 -1.727140499200366663e-01
-5.796527768905829908e-02 -1.744420552163694904e-01
-5.766138144945461008e-02 -1.752220321690859117e-01
-5.733063907418470967e-02 -1.748169736922818018e-01
-5.669922181230577923e-02 -1.740436802365648572e-01
-5.404282317858151441e-02 -1.702051718642799694e-01
-4.508248538362270852e-02 -1.698524019915565730e-01
-4.227158799805483258e-02 -1.699638863505557873e-01
-3.950885797876847738e-02 -1.700766318954278489e-01
-3.908224522414106838e-02 -1.702505449551329486e-01
-3.865563246951365939e-02 -1.704244580148380483e-01
-3.822901971488625039e-02 -1.705983710745431481e-01
-3.780240696025888997e-02 -1.707722841342482201e-01
-3.737408250458999076e-02 -1.709486896902016329e-01
-3.686274054840873310e-02 -1.712459813141995746e-01
-3.635139859222746850e-02 -1.715432729381975163e-01
-3.534420989065831242e-02 -1.721288473491025262e-01
-3.227745847084669689e-02 -1.715751027146315832e-01
-2.523264390728073917e-02 -1.670893646028896729e-01
-1.949151861010114256e-02 -1.698318940205495731e-01
-1.323082084050490256e-02 -1.570186199125802873e-01
-1.002108446558646997e-02 -1.566466672212784850e-01
-7.557278317179625185e-03 -1.562787724656292121e-01
-5.561371944313267188e-03 -1.564159339898181234e-01
-3.251739857912112897e-03 -1.576010463991478205e-01
1.945901113641975485e-03 -1.594492024001521457e-01
9.519172673487162964e-03 -1.572267293279942801e-01
1.256280930186270961e-02 -1.558799125817590392e-01
1.560261343545548199e-02 -1.554711456713822326e-01
1.733073660712100214e-02 -1.540335656062691849e-01
1.772263165111788788e-02 -1.510683079408716434e-01
2.029991291137360140e-02 -1.471642205608350296e-01
2.396846452792924381e-02 -1.426628867063348127e-01
2.622989946419404875e-02 -1.365597867673978560e-01
2.918547783502031812e-02 -1.319458241207359661e-01
3.096037013554164830e-02 -1.290563058814684361e-01
3.293090662095644189e-02 -1.232607068304293341e-01
3.927447040579767901e-02 -1.204468006340364689e-01
4.577413549715186880e-02 -1.110246740690273015e-01
5.145261984929507676e-02 -1.075042535994609194e-01
6.045836445959493211e-02 -1.000881800793019943e-01
6.332847531001954688e-02 -9.784197064957067536e-02
6.439502987813891521e-02 -9.736629316402957424e-02
6.552350508022392050e-02 -9.691333503197646637e-02
6.682050787122466307e-02 -9.643463494339427067e-02
7.126959946990434058e-02 -9.286872169770027385e-02
7.707683415655669501e-02 -8.776184015021223916e-02
7.954833255821174010e-02 -8.660886108352831847e-02
8.148073265050839731e-02 -8.672778045491359722e-02
8.326598583766102457e-02 -8.704008593679128658e-02
8.571503798086529957e-02 -8.764472384757045209e-02
8.035792646150977103e-02 -8.230744837545939108e-02
8.948117066975089240e-02 -7.186349319875280639e-02
9.276355811417134889e-02 -7.042927275245224050e-02
9.275363321735190236e-02 -6.530820607138673739e-02
8.845326615169027407e-02 -5.945381185827525172e-02
8.617928625581684765e-02 -5.632564658824119885e-02
6.285121950928486412e-02 -5.938325115716166364e-02
4.242172712670813639e-02 -5.578000224582856797e-02
4.904651144246752886e-02 -4.313627112711417022e-02
4.492303710497989183e-02 -3.530065718900596977e-02
2.817243546046546351e-02 -3.067328676737480012e-02
6.213384054412235749e-03 -2.256442337429810999e-02
4.459374359968945600e-03 -1.150517133252723471e-02
1.486458119989636246e-03 -3.426275079431680311e-03
