-2.864642155169086490e-03 -1.095248300555568335e-02
-1.185007321209375145e-02 -1.488658690281772362e-02
-1.246637179549548585e-02 -1.445676334186245943e-02
-1.299235075891593330e-02 -1.408993116484029418e-02
-1.351832972233638075e-02 -1.372309898781812892e-02
-1.404430868575682820e-02 -1.335626681079596367e-02
-1.457028764917727565e-02 -1.298943463377380016e-02
-1.506729874910596803e-02 -1.265157032024338997e-02
-1.542458250748619288e-02 -1.245343334826144732e-02
-1.578186626586642119e-02 -1.225529637627950467e-02
-1.613915002424664777e-02 -1.205715940429756029e-02
-1.649643378262687435e-02 -1.185902243231561591e-02
-1.685371754100710093e-02 -1.166088546033367153e-02
-1.717246922047196978e-02 -1.152860880331527810e-02
-7.973927706762824058e-03 -2.240458799526443001e-02
-1.903457873324880534e-02 -2.972451952187208160e-02
-1.968089664728963489e-02 -2.726117939683602928e-02
-1.969641404177640415e-02 -2.648653357966826438e-02
-1.971193143626317687e-02 -2.571188776250049601e-02
-1.980711818203895538e-02 -2.500475876380473320e-02
-2.010432364001187369e-02 -2.446883312623439333e-02
-2.040152909798478853e-02 -2.393290748866404999e-02
-2.069873455595770337e-02 -2.339698185109371359e-02
-2.133352410629061474e-02 -2.287084541043989117e-02
-2.238762961050476744e-02 -2.251638108323700954e-02
-2.338150051447813321e-02 -2.218217186044571521e-02
-2.437537141845148164e-02 -2.184796263765442781e-02
-2.536924232242485089e-02 -2.151375341486313347e-02
-2.636311322639819932e-02 -2.117954419207184608e-02
-2.691098741225709037e-02 -2.111463222364983600e-02
-2.698499008511935637e-02 -2.133584858799520562e-02
-2.705899275798161890e-02 -2.155706495234057177e-02
-2.713299543084388143e-02 -2.177828131668593792e-02
-2.720699810370614397e-02 -2.199949768103130407e-02
-2.728100077656840650e-02 -2.222071404537667022e-02
-2.722305695496075179e-02 -2.250790247955712295e-02
-2.621435964305267319e-02 -2.432680161312918837e-02
-2.736819150543836135e-02 -2.902611652800506092e-02
-3.026991861695893862e-02 -2.991947417822330563e-02
-3.209851363850736022e-02 -3.027596142558762124e-02
-3.392710866005577836e-02 -3.063244867295193685e-02
-3.575570368160422424e-02 -3.098893592031625593e-02
-3.758429870315267707e-02 -3.134542316768057502e-02
-3.881649516153175966e-02 -3.134066411738299640e-02
-3.953106267829220588e-02 -3.102237054458643548e-02
-4.024563019505265210e-02 -3.070407697178987108e-02
-4.096019771181309832e-02 -3.038578339899330669e-02
-4.167476522857357230e-02 -3.006748982619673535e-02
-4.238933274533401852e-02 -2.974919625340017096e-02
-4.310390286218586386e-02 -2.943090268060360656e-02
-4.488672484464172052e-02 -2.863677629190914883e-02
-4.702561918818070480e-02 -2.768671820341030848e-02
-4.869188137926720034e-02 -2.720927784421546189e-02
-5.035332094046286733e-02 -2.673082477395252732e-02
-5.240674046827575178e-02 -2.573298146997354471e-02
-5.536503889655718103e-02 -1.961721064648818541e-02
-5.698308715143379777e-02 -1.249914903816837924e-02
-5.803687093113193973e-02 -7.803299211126733803e-03
-5.989554135698853254e-02 -7.513657369955276458e-03
-6.066263003305412405e-02 -7.991097729150121315e-03
-6.142971870911972249e-02 -8.468538088344966172e-03
-6.219680738518534174e-02 -8.945978447539826642e-03
-6.296389606125092631e-02 -9.423418806734671499e-03
-6.347868153311145289e-02 -9.666157844574474467e-03
-6.390360558977564720e-02 -9.825304630972761868e-03
-6.432852964643984151e-02 -9.984451417371042331e-03
-6.475345370310402193e-02 -1.014359820376932453e-02
-6.517837775976821624e-02 -1.030274499016760499e-02
-6.560330181643239666e-02 -1.046189177656588719e-02
-6.609570035423140144e-02 -1.061341048351949895e-02
-6.677905794378678761e-02 -1.081030991011542285e-02
-6.755370376095454210e-02 -1.103351269522607689e-02
-6.832834957812231047e-02 -1.125671548033673093e-02
-6.886924296011819047e-02 -1.142995603759708323e-02
-6.901844307236658371e-02 -1.151947610494611675e-02
-6.916764318461496308e-02 -1.160899617229515027e-02
-6.931684329686335633e-02 -1.169851623964418379e-02
-6.912076765771379971e-02 -1.186565609944860780e-02
-6.693767490024100930e-02 -1.270323511737228052e-02
-6.109597509892093076e-02 -1.511122243640212331e-02
-5.901163131054787403e-02 -1.837667476290617136e-02
-5.824772382177142299e-02 -2.109331157235074319e-02
-6.037233924831789111e-02 -2.343754548443627295e-02
-6.249695467486433148e-02 -2.578177939652177494e-02
-6.371442176268181379e-02 -2.651465209632468401e-02
-6.493188885049928916e-02 -2.724752479612758613e-02
-6.296483690186827076e-02 -2.794697317390922725e-02
-6.099778495323724542e-02 -2.864642155169086837e-02
-5.536346353552348137e-02 -3.068189897714796235e-02
-4.247310484460645880e-02 -3.612844130393626924e-02
-3.578391379015929269e-02 -4.080128208825706954e-02
-3.545018759566705147e-02 -4.306227618393058953e-02
-3.781828769758288633e-02 -4.546380060786768540e-02
-4.023473478189461272e-02 -4.771992277003048177e-02
-4.740673646354474913e-02 -4.715693224151749907e-02
-5.203251569178397873e-02 -4.952474814853834867e-02
-5.363888413989375409e-02 -5.205194396713290483e-02
-5.271809709535466015e-02 -5.495762204016968466e-02
-5.175646398867784354e-02 -5.729422978608531697e-02
-5.080158327028815035e-02 -5.943795559001420481e-02
-4.984670255189845717e-02 -6.230173647717421326e-02
-4.874704462389341242e-02 -6.466963892308599804e-02
-4.756883116488178076e-02 -6.682394984624741296e-02
-4.534371053014603359e-02 -7.000395119937284638e-02
-4.383213851975332337e-02 -7.384967607694034597e-02
-4.297904740564231080e-02 -7.650662445251145416e-02
-4.246579319137846337e-02 -7.805593065717045254e-02
-4.195688005045631469e-02 -7.954736353703933949e-02
-4.126242134617288948e-02 -8.110641993724398979e-02
-4.030754062778320324e-02 -8.325012248752532151e-02
-3.935265990939351699e-02 -8.607468300742593392e-02
-3.828493424341727208e-02 -8.847316576595924686e-02
-3.711535495204409951e-02 -9.063611085675910006e-02
-3.592651016085486593e-02 -9.229833397757201963e-02
-2.569410313737799378e-02 -9.184303256258993797e-02
7.161472930431178607e-04 -7.743214552760080416e-02
2.045370056952685103e-02 -8.412206038862160562e-02
2.258148408478887273e-02 -8.741509360156389519e-02
2.371769380323498003e-02 -9.046965212278280932e-02
2.467257452162466974e-02 -9.440433000248424356e-02
2.787301053264268011e-02 -9.782183851898507143e-02
3.025745839030771767e-02 -1.015949582973428578e-01
3.182879124466628240e-02 -1.054124781193631344e-01
3.400953111566249604e-02 -1.099514840069884397e-01
4.013392595171236948e-02 -1.175439343012002619e-01
4.257899930637686070e-02 -1.217722404037022144e-01
4.571853136532480488e-02 -1.265869578730446088e-01
4.816321330811817319e-02 -1.306446523314462871e-01
5.168906446866847887e-02 -1.361381364874662547e-01
5.526074923081745333e-02 -1.409034221476023752e-01
5.719647763315537786e-02 -1.440327514479273763e-01
5.938345316106825172e-02 -1.477688272091084720e-01
6.057705405905536994e-02 -1.513423732196984561e-01
6.177065495704248815e-02 -1.555080450338379994e-01
6.501550837837126451e-02 -1.601968616627222342e-01
6.728479475419422984e-02 -1.629609491589071868e-01
6.979135663996714756e-02 -1.659449514038749407e-01
7.270887847270358917e-02 -1.689637484643194132e-01
7.561323403132995391e-02 -1.714774710017863690e-01
7.703314119332511922e-02 -1.727064020201035943e-01
7.843713367668034286e-02 -1.739309926715189025e-01
7.933185644356116617e-02 -1.750166915820776659e-01
8.022657921044197560e-02 -1.761023904926364292e-01
8.112130197732279890e-02 -1.771880894031951925e-01
8.201602474420360833e-02 -1.782737883137539558e-01
8.292290057373126466e-02 -1.793566805384889107e-01
8.421867440796164395e-02 -1.803497588168659627e-01
8.551444824219200935e-02 -1.813428370952430424e-01
8.675568614063826345e-02 -1.822941191497826630e-01
8.783549766916358414e-02 -1.831216843817635720e-01
8.891530919768889096e-02 -1.839492496137444533e-01
8.963988603608420702e-02 -1.841577164054191418e-01
9.011334869697401606e-02 -1.839285446444636485e-01
9.058681135786381122e-02 -1.836993728835081552e-01
9.106027401875362026e-02 -1.834702011225526619e-01
9.153373667964341542e-02 -1.832410293615971686e-01
9.200719934053315507e-02 -1.830118576006417030e-01
9.208719959024559698e-02 -1.826143928148201978e-01
9.188906261826365607e-02 -1.820979622700416856e-01
9.169092564628170128e-02 -1.815815317252631733e-01
9.107449951122674470e-02 -1.799748589192855242e-01
8.407050734636438427e-02 -1.748946027503271994e-01
7.223335050525699075e-02 -1.615074587259078542e-01
5.719330100829075197e-02 -1.368907321069368910e-01
3.884464276977669245e-02 -1.107693449620186510e-01
2.710086227496109890e-02 -9.169516703310021111e-02
2.626935187034687424e-02 -7.823655895712589015e-02
2.992083211274661897e-02 -7.899467761223845363e-02
3.424883013447371782e-02 -8.185931976740748461e-02
3.671169915238456372e-02 -8.336875671030066770e-02
3.947467680201195706e-02 -8.476881673694125485e-02
5.933827515043771372e-02 -9.923313594438908092e-02
7.492311581168828449e-02 -1.030210197284882473e-01
7.587587250070228218e-02 -1.001733439055279978e-01
6.283848511725756425e-02 -9.624966500111525880e-02
4.124844619834774212e-02 -8.222391635641554397e-02
2.769572825595911086e-02 -6.382268397560215967e-02
3.706403503496213253e-02 -6.540180827363814564e-02
4.927400495011020204e-02 -6.982759141549178816e-02
5.604552775131556308e-02 -7.062664355468289967e-02
6.357306431100552546e-02 -6.977380926091975022e-02
6.717807022551161578e-02 -6.913722211532663531e-02
7.008929797286245211e-02 -6.850063496973350652e-02
7.222505484008265308e-02 -6.786404782414037773e-02
7.372913461354135833e-02 -6.715917501795642952e-02
7.454136097429162056e-02 -6.625560774094939320e-02
7.324822710606311571e-02 -6.517302034504202091e-02
3.277662345870027694e-02 -5.979299699033130411e-02
1.364718838751563176e-02 -4.978797678959835660e-02
6.513920659801090800e-03 -4.092627897996060915e-02
-1.466872838768581340e-17 -2.932915776846180961e-02
-7.161605387922734657e-04 -2.658268822172935031e-02
-4.774403591948374304e-04 -2.207207305089417884e-02
2.434919605311467307e-04 -1.743374170975513920e-02
9.739678421246042699e-04 -1.430412365211048212e-02
1.865606071528554902e-03 -8.399361651160570930e-03
2.757229730609016792e-03 -4.881816016508543424e-03
3.648846104527748296e-03 -2.796598744602706715e-03
4.540462478446505822e-03 -1.188821831891668894e-03
