-2.065407695923227038e-03 -8.030402584715328417e-05
-3.823028063926110949e-03 -4.885453033625088929e-04
-2.767871641651061584e-03 -8.945178538773232435e-03
-4.698230524075282591e-04 -1.225845648470483967e-02
1.537816798232909685e-03 -1.560007719460629327e-02
3.204780660784352538e-03 -2.139224239120156995e-02
4.674676014894419904e-03 -2.940511413791196613e-02
6.286515020175892539e-03 -3.323822263146053446e-02
8.207694493285837278e-03 -3.753768506031861241e-02
9.264094810576734701e-03 -3.988769398619865236e-02
1.088790997977186030e-02 -4.198773047977531064e-02
1.248371809387843930e-02 -4.446851099079801584e-02
1.344701978449668218e-02 -4.830275607592624670e-02
1.345195817288024828e-02 -4.832101006348248073e-02
1.370476409978073178e-02 -4.925453775683113350e-02
1.463491695693980472e-02 -5.287322874850371862e-02
1.477962959708459256e-02 -5.747393535837912182e-02
1.452938978071948578e-02 -5.998780735216653615e-02
1.555387637479082978e-02 -6.052339857562517855e-02
1.657092551278810041e-02 -6.083018661184502046e-02
1.676980613702052508e-02 -6.094075490564742487e-02
1.687370326446875624e-02 -6.100996844596222324e-02
1.693174957468407404e-02 -6.105262011495252161e-02
1.698030265273230491e-02 -6.109069939242870589e-02
1.703573068883077260e-02 -6.113704816657758445e-02
1.719157855416899791e-02 -6.128595298260845065e-02
-2.063860904881497510e-02 -5.353996898457766968e-02
-2.069481969376215508e-02 -5.356895019237649380e-02
-2.071882818621913550e-02 -5.358124237342083707e-02
-2.148341318594632759e-02 -5.394668337272839204e-02
-2.113994860840541501e-02 -5.407568948989122104e-02
-1.978464477104477717e-02 -5.466407290057288815e-02
-1.874976701616266547e-02 -5.528665722646464858e-02
-1.807313910915705341e-02 -5.574252904905804828e-02
-1.742687357932575648e-02 -5.619888773395731452e-02
-1.675937153262358620e-02 -5.668444957915656085e-02
-1.613184519095946581e-02 -5.715008050124874978e-02
-1.555472509923466057e-02 -5.758383705873253849e-02
-1.500726931484120188e-02 -5.799873670742684839e-02
-1.423678968599380312e-02 -5.858619296552110972e-02
-1.287818714027982522e-02 -5.962451073021358960e-02
-9.722332513039628338e-03 -6.195492454770425844e-02
-2.157332148613677614e-02 -7.962289720223945932e-02
-2.059589340439310634e-02 -7.986471988685632517e-02
-1.958525741201415371e-02 -8.009881839109377066e-02
-1.870051854280518899e-02 -8.029431569533015955e-02
-1.613940645832339857e-02 -8.081733680600196312e-02
-1.443625790299619092e-02 -8.112231704127213783e-02
-1.314170366179748077e-02 -8.131866298729091558e-02
-8.301588568930918371e-03 -8.183499441032064670e-02
-5.312321518944502878e-03 -8.302931555964587762e-02
-4.195425876370424169e-03 -8.356757854681948205e-02
-2.921288464057273694e-03 -8.414546967335288785e-02
1.701079623074543655e-03 -8.556341343217399587e-02
2.887838047264560098e-03 -8.612805684952153096e-02
-6.537794517462499483e-03 -9.636412957475751218e-02
-6.371148536893025786e-03 -9.663909240754396668e-02
-6.231898599865538790e-03 -9.688248484005292094e-02
-6.088519170721625774e-03 -9.716121596410669248e-02
-5.271842705434963590e-03 -9.892962199937388457e-02
-5.088275947752229737e-03 -9.899712285421356783e-02
-2.459666474630121339e-03 -9.935450220891499373e-02
1.823697235645141196e-03 -9.962727032655356585e-02
4.506242576222940603e-03 -9.993426120443556215e-02
6.088516006827834719e-03 -1.018107980885332581e-01
5.526747434778452213e-03 -1.058293248215648602e-01
6.530296327549350160e-03 -1.080684636342277710e-01
1.002786250170982149e-02 -1.101695199696089006e-01
1.759105494103613623e-02 -1.135853202164722464e-01
2.401042742903867003e-02 -1.140398739566768210e-01
2.324225471217250885e-02 -1.221583731862148775e-01
2.047367987885245419e-02 -1.310189412205763071e-01
1.661725769941372818e-02 -1.368314488835718212e-01
1.661723568530720438e-02 -1.368314843227838584e-01
1.661723555620038539e-02 -1.368314845306256022e-01
1.661723521180536942e-02 -1.368314850850477216e-01
1.661723327110868273e-02 -1.368314882092662721e-01
1.661723267807591400e-02 -1.368314891639565711e-01
1.661723240882367544e-02 -1.368314895974107326e-01
1.661138933829256828e-02 -1.368408998408852661e-01
1.661138930789695864e-02 -1.368408998898571205e-01
1.661138920510048939e-02 -1.368409000554775268e-01
1.660152548037684486e-02 -1.368568028781667612e-01
1.660152194329967551e-02 -1.368568085847443050e-01
1.660151928083228312e-02 -1.368568128802635786e-01
1.660151682370212753e-02 -1.368568168445013222e-01
1.660150765557805858e-02 -1.368568316360062598e-01
1.659817573526120929e-02 -1.368622084809920370e-01
1.659043501122593398e-02 -1.368747096232684757e-01
1.659043448850240632e-02 -1.368747104679145232e-01
1.659043433841289605e-02 -1.368747107104375804e-01
1.659043421219226142e-02 -1.368747109143919893e-01
1.659043405150283090e-02 -1.368747111740430122e-01
1.658821409707952541e-02 -1.368782988577815496e-01
1.658657940927378560e-02 -1.368809413998152147e-01
1.658646131374514818e-02 -1.368811323296310611e-01
1.658645797478957087e-02 -1.368811377279013919e-01
1.658639879804998593e-02 -1.368812334025595046e-01
1.658239201005174898e-02 -1.368877132649866657e-01
1.658238175046654675e-02 -1.368877298616702209e-01
1.658237881436012626e-02 -1.368877346113432092e-01
1.658233658907718941e-02 -1.368878029184442680e-01
1.655692268534596570e-02 -1.369289881038103229e-01
1.655692259783483541e-02 -1.369289882458826768e-01
1.655692248530277882e-02 -1.369289884285759540e-01
1.655692227717526707e-02 -1.369289887664663641e-01
1.655553163665242009e-02 -1.369312466621594726e-01
1.655465843993396066e-02 -1.369326646434795569e-01
1.655459791801892552e-02 -1.369327629313024930e-01
1.655459545734239146e-02 -1.369327669274684189e-01
1.655459081521424083e-02 -1.369327744663396962e-01
1.655154292551735268e-02 -1.369377253431755259e-01
1.655153885613121559e-02 -1.369377319547585847e-01
1.655153630254065436e-02 -1.369377361036113461e-01
1.655153453993270934e-02 -1.369377389673449297e-01
1.655153348468763400e-02 -1.369377406818166054e-01
1.655150873714227033e-02 -1.369377808895784754e-01
1.655150833133009480e-02 -1.369377815489096761e-01
1.655150805519015403e-02 -1.369377819975597654e-01
1.655150789244617254e-02 -1.369377822619732288e-01
1.655150779700521879e-02 -1.369377824170380786e-01
5.822713940784447761e-02 -1.288664410944730110e-01
5.791376708130485662e-02 -1.284805585592820876e-01
5.776913900680781533e-02 -1.283003796426201992e-01
5.763570932020344734e-02 -1.281327950545129990e-01
5.745020699994368707e-02 -1.278973214650487578e-01
5.723870809598972931e-02 -1.276245941641319104e-01
5.691734321619785347e-02 -1.271984141365071486e-01
5.647714458014897743e-02 -1.265795054682508358e-01
5.598907935248577383e-02 -1.258034863030852435e-01
5.585112282624363905e-02 -1.255523280718332524e-01
5.563940436130378198e-02 -1.251222032146507290e-01
6.967125189865956691e-02 -1.091105786197530542e-01
6.967095038213115543e-02 -1.091096772006342891e-01
6.967080375610325282e-02 -1.091092386108642454e-01
6.967057421918851357e-02 -1.091085517087184015e-01
6.966814377598547214e-02 -1.091012551739968250e-01
6.965084004872788837e-02 -1.090479863170346758e-01
9.196339477312254207e-02 -1.048261069610936791e-01
9.036855858407524811e-02 -1.044728025580668185e-01
8.633955024747055895e-02 -1.033688219983625728e-01
8.506243799027204955e-02 -1.029163626911757667e-01
8.301245921076380596e-02 -1.020549593760689544e-01
8.166997264699447923e-02 -1.014592159075763528e-01
7.841228644149157712e-02 -1.004822422739229670e-01
7.841219147570720194e-02 -1.004822127790169495e-01
7.841213953220482757e-02 -1.004821966455586579e-01
7.841209736009475961e-02 -1.004821835467418628e-01
7.841203827124287873e-02 -1.004821651930438431e-01
7.783296141028439585e-02 -1.002749216259937320e-01
7.699603536882741739e-02 -9.990131152519329816e-02
7.598190704305814169e-02 -9.940173505433710921e-02
7.426921370667791122e-02 -9.856078951567094626e-02
7.214389926965571187e-02 -9.763671481003111108e-02
6.665901294827139556e-02 -9.591109847583409453e-02
6.879843558448227314e-02 -8.790658144817865838e-02
6.551517341314505583e-02 -8.891114822392395811e-02
6.202531474991093696e-02 -8.985855998360735286e-02
5.946309141101082524e-02 -9.023648298890832309e-02
5.799547560491029319e-02 -9.037343469613465241e-02
5.581460850001623147e-02 -9.044149341733306868e-02
5.429072073775346313e-02 -9.034757872427155723e-02
5.251306232409713726e-02 -8.997276282916386037e-02
5.153628245195718272e-02 -8.955592359888377152e-02
5.631069259814509842e-02 -8.159686198395663115e-02
5.625035172223488006e-02 -8.120049197614850889e-02
5.628991274754801405e-02 -8.002185615780604833e-02
4.668233383086721477e-02 -7.824573854290117758e-02
4.688929052617788612e-02 -7.560582459665161903e-02
4.658503225091214367e-02 -7.402798061168272548e-02
4.122928100339850327e-02 -7.401723253286687787e-02
3.937693843270938937e-02 -7.346892471508981171e-02
3.942081542951528933e-02 -7.167669885509217464e-02
3.880364298877419377e-02 -7.031186558627761096e-02
3.286244709765809291e-02 -7.104313253154444230e-02
2.818618578790787338e-02 -7.132259187147138579e-02
2.605836570491829388e-02 -6.523906895359569968e-02
2.729765346229566861e-02 -5.353461774943207158e-02
2.585332201527586540e-02 -5.204112274136319521e-02
2.200439840554294091e-02 -4.888889034872558048e-02
2.130742470886151652e-02 -4.832942808008192093e-02
2.076196526369953124e-02 -4.787967474631742160e-02
2.009195991572257714e-02 -4.730103508641540083e-02
1.858566896705070651e-02 -4.564853852691839325e-02
1.915279599089215329e-02 -4.021790636959977211e-02
1.780390263416691682e-02 -3.639576886565731861e-02
1.752594872235004389e-02 -3.557273105291267057e-02
1.733183978189299299e-02 -3.487101872659047891e-02
1.664837322287267274e-02 -3.166102432398470307e-02
1.021873258390116647e-02 -3.563748686862310000e-02
8.396711002378331318e-03 -3.276813930143364362e-02
8.439039759801151425e-03 -2.503421091393280909e-02
5.568405972274486845e-03 -2.298177667923343923e-02
5.263727981279551701e-03 -2.075449250003003759e-02
4.589655479511174467e-03 -1.570543807806851558e-02
3.213059858398239522e-03 -8.231602210575726317e-03
2.983067499669938508e-03 -7.081527159953510293e-03
2.861361181464251377e-03 -6.473535234184876232e-03
2.383950942679373929e-03 -4.005988926768179817e-03
