-4.711048927678128774e-04 -5.653244336233384862e-04
-9.422097855356257549e-04 -1.130648867246676972e-03
-1.413314678303438090e-03 -1.695973300870014591e-03
-1.884419571071251510e-03 -2.261297734493353945e-03
-2.355524463839063845e-03 -2.826622168116691564e-03
-2.826629356606876614e-03 -3.391946601740030050e-03
-3.015068438317928048e-03 -3.721722183224554677e-03
-3.203507520028979049e-03 -4.051497764709079304e-03
-3.391946601740030050e-03 -4.381273346193603931e-03
-3.580385683451081484e-03 -4.711048927678128558e-03
-3.768824765162132485e-03 -5.040824509162652317e-03
-3.957263846873183485e-03 -5.370600090647176944e-03
-3.957263846873183485e-03 -5.700372077886609046e-03
-3.957263846873183485e-03 -6.030144065126041147e-03
-3.957263846873183485e-03 -6.359916052365473249e-03
-3.957263846873183485e-03 -6.689688039604903616e-03
-3.957263846873183485e-03 -7.019460026844335718e-03
-3.957263846873183485e-03 -7.349232014083768687e-03
-3.768824765162132051e-03 -7.820336906851580588e-03
-3.580385683451080617e-03 -8.291441799619395092e-03
-3.391946601740030050e-03 -8.762546692387206126e-03
-3.203507520028978615e-03 -9.233651585155018895e-03
-3.015068438317927181e-03 -9.704756477922833399e-03
-2.826629356606876614e-03 -1.017586137069064443e-02
-2.912314416948542798e-04 -3.101581874128457941e-02
2.632479999692459958e-03 -5.939348162529316244e-02
2.661027164270593059e-03 -6.822550405876477708e-02
2.519694258742211958e-03 -6.855527604600419878e-02
2.378361353213830857e-03 -6.888504803324363435e-02
2.237028447685449756e-03 -6.921482002048306992e-02
2.095695542157068655e-03 -6.954459200772250549e-02
2.002901210244495498e-03 -7.006851705503795713e-02
2.144234115772876599e-03 -7.152894509801425993e-02
2.285567021301256399e-03 -7.298937314099053497e-02
2.426899926829638801e-03 -7.444980118396685165e-02
2.568232832358018601e-03 -7.591022922694312669e-02
2.709565737886399702e-03 -7.737065726991942949e-02
2.786180956722770965e-03 -7.870973887885619746e-02
2.550628510338864147e-03 -7.946350239419058825e-02
2.315076063954957328e-03 -8.021726590952499292e-02
2.079523617571052679e-03 -8.097102942485936983e-02
1.843971171187147812e-03 -8.172479294019376062e-02
1.608418724803239042e-03 -8.247855645552815140e-02
1.389045391495535202e-03 -8.325659049205764994e-02
1.247712485967153017e-03 -8.415169410141061512e-02
1.106379580438773217e-03 -8.504679771076356642e-02
9.650466749103932002e-04 -8.594190132011651773e-02
8.237137693820132918e-04 -8.683700492946946903e-02
6.823808638536311066e-04 -8.773210853882242033e-02
5.491381320569530596e-04 -8.853013500094376875e-02
1.027849536605756091e-04 -9.009238815261338962e-02
-1.156348373157358930e-03 -9.207102007604998917e-02
-1.921529171402936494e-03 -9.332015639135085583e-02
-2.486846416536092098e-03 -9.430947235306916254e-02
-3.306290295359200562e-03 -9.479057382168795676e-02
-4.154287728529479362e-03 -9.521457253827310396e-02
-5.233547081475166743e-03 -9.678092738435353781e-02
-6.081535888457217411e-03 -9.808117861363031820e-02
-6.929524695439290630e-03 -9.938142984290714022e-02
-7.777513502421352573e-03 -1.006816810721839484e-01
-8.625502309403414516e-03 -1.018557329975694203e-01
-9.473491116385476460e-03 -1.024210588688907880e-01
-1.032147992336753840e-02 -1.029863847402121696e-01
-1.116946873034960035e-02 -1.035517106115335373e-01
-1.201745753733166229e-02 -1.041170364828549189e-01
-1.282661647293084108e-02 -1.046338242743153624e-01
-1.386305298781217998e-02 -1.051049291670831803e-01
-1.510677680566978147e-02 -1.056702550384045480e-01
-1.644528395984646424e-02 -1.058090197360061491e-01
-1.791511742338088020e-02 -1.053567659398996353e-01
-1.938495088691529963e-02 -1.049045121437931077e-01
-2.064694619129223835e-02 -1.053876093551203152e-01
-2.189067000914984157e-02 -1.059529352264416829e-01
-2.275522432144720317e-02 -1.075609718140111415e-01
-2.309442329471532093e-02 -1.106137280686712993e-01
-2.343362226798343176e-02 -1.136664843233314154e-01
-2.283574124944518294e-02 -1.153721629137167970e-01
-2.302988494270067840e-02 -1.183929359635791795e-01
-2.341818975585450990e-02 -1.230411662003613182e-01
-2.363018911414708351e-02 -1.263624535378273517e-01
-2.384218847243965364e-02 -1.296837408752933851e-01
-2.407274622514316703e-02 -1.327544863484249327e-01
-2.442607489471902010e-02 -1.341678010267283450e-01
-2.477940356429488011e-02 -1.355811157050317850e-01
-2.513273223387074012e-02 -1.369944303833352250e-01
-2.546750250903566035e-02 -1.383984665723905216e-01
-2.587936658221684852e-02 -1.410069250703534505e-01
-2.639235002136053332e-02 -1.444826431418256008e-01
-2.676922818478263619e-02 -1.476861506618545594e-01
-2.758580872095970499e-02 -1.511827856423229866e-01
-2.847567032352548572e-02 -1.550772444491704261e-01
-2.922942665036969839e-02 -1.597882933768486058e-01
-2.994230094436631587e-02 -1.627439150344444641e-01
-3.174961459138228581e-02 -1.679331815391789107e-01
-3.305156888290045752e-02 -1.715064416861923624e-01
-3.457624394798915202e-02 -1.744744096119865140e-01
-3.615088468352294082e-02 -1.774423805874432158e-01
-3.740287330459604598e-02 -1.804103284725981082e-01
-4.034086304798815970e-02 -1.844689805277055783e-01
-4.179415117754640974e-02 -1.877595820521523740e-01
-4.442661897858884990e-02 -1.912514578164521972e-01
-4.705051809933074453e-02 -1.930216553281454694e-01
-5.486802295888254521e-02 -1.989204719947486599e-01
-6.495822083470209618e-02 -2.030747605946102152e-01
-6.797330626399680775e-02 -2.061069711858560527e-01
-7.145661726899063537e-02 -2.074603234000304275e-01
-7.952250014841465153e-02 -2.095474505523309827e-01
-7.697853660286431421e-02 -2.114318701234021991e-01
-6.732518501825499047e-02 -2.116545800053210025e-01
-6.285396895611640444e-02 -2.145668582619855158e-01
-6.090101562661909274e-02 -2.175476689700778787e-01
-6.047701691003395941e-02 -2.188196543370979907e-01
-6.005301819344880526e-02 -2.200916397041181860e-01
-5.918575560658256851e-02 -2.206248469438433224e-01
-5.812576959785496072e-02 -2.208368463021359029e-01
-5.706578358912740151e-02 -2.210488456604284557e-01
-5.600579758039984229e-02 -2.212608450187210363e-01
-5.460104994864917877e-02 -2.214235894957647111e-01
-5.199950764957636529e-02 -2.216600900604374369e-01
-4.851333272104842859e-02 -2.222568194102370054e-01
-4.606358152786371035e-02 -2.231990291957726136e-01
-4.311133889632092625e-02 -2.239737247958047683e-01
-4.038940111332690874e-02 -2.245809285745251072e-01
-3.812807462487283888e-02 -2.249578354919079259e-01
-3.532142898053634850e-02 -2.260218532996861873e-01
-3.170679035918656796e-02 -2.277720742149881572e-01
-2.873884247403166517e-02 -2.288756043940952112e-01
-2.577085145793565554e-02 -2.307129177889837846e-01
-2.245314540449651342e-02 -2.318978144884954740e-01
-1.838167082556311019e-02 -2.343732420972891306e-01
-1.269411822183994301e-02 -2.359207663230136198e-01
-9.083762415809121943e-03 -2.376681321007139414e-01
-6.115814530654220885e-03 -2.387730899575382926e-01
-2.402636521513699074e-03 -2.406104033524268937e-01
1.553217945617156809e-03 -2.417767413307780888e-01
5.530469280533317593e-03 -2.442807185729242714e-01
9.987428170471546185e-03 -2.467818718275928969e-01
1.224016375965538209e-02 -2.484007616412103603e-01
1.580341992449457375e-02 -2.492573081497080068e-01
1.889986860669845559e-02 -2.507348722462872659e-01
2.340961628322709917e-02 -2.538826938003481137e-01
2.824059340665900641e-02 -2.569663051460797099e-01
3.431641923774590708e-02 -2.621770107782085968e-01
3.728152810494376329e-02 -2.646467424887792297e-01
3.940150012239893029e-02 -2.660600571670826975e-01
4.169992096287216538e-02 -2.679373398743983836e-01
4.452655031947905240e-02 -2.711879679475903693e-01
4.735317967608593942e-02 -2.744029040778484529e-01
5.017980903269283338e-02 -2.775121920570218781e-01
5.250678386317930713e-02 -2.802288958930509999e-01
5.457965645727603371e-02 -2.837993070017879038e-01
5.892523557328866596e-02 -2.913655344837592365e-01
6.164049299795936604e-02 -2.974670347699576722e-01
6.233717968339136384e-02 -2.994456998040156970e-01
6.369434513747035398e-02 -3.000804937341763901e-01
6.435388911194918349e-02 -3.001747060865417316e-01
6.460894908758701982e-02 -2.992172699170179695e-01
6.479738816929807299e-02 -2.980866210497712387e-01
6.498582725100911228e-02 -2.969559721825246190e-01
6.525516807003720055e-02 -2.962298073141189647e-01
6.564633186917637198e-02 -2.953171050464057923e-01
6.522661596791026750e-02 -2.874225312944151955e-01
6.625161842673663037e-02 -2.826229663482605625e-01
6.691116240121547376e-02 -2.813980907516682173e-01
6.815031826031002493e-02 -2.817464275593930534e-01
6.946942058624816507e-02 -2.823117591815065830e-01
7.078852291218620807e-02 -2.828770908036201126e-01
7.127961006500423136e-02 -2.836908130799219996e-01
7.197626363981478315e-02 -2.843589148430496483e-01
6.830163685003760865e-02 -2.682214222536874471e-01
6.486685207478751214e-02 -2.471416178584066592e-01
6.387325373341626311e-02 -2.434926879605438244e-01
6.466985346176337690e-02 -2.408802102615408280e-01
6.544074584221054591e-02 -2.237748305997021570e-01
6.622021474494758919e-02 -2.135732638416088236e-01
6.920959805433531120e-02 -2.087851229311896428e-01
7.248163170863407279e-02 -2.000183012654726811e-01
7.320684515494982336e-02 -1.949632046625468240e-01
7.250018781579807559e-02 -1.905819205336178324e-01
7.219325409754266676e-02 -1.872856104766320307e-01
7.250160895852438003e-02 -1.854354577847737995e-01
7.327822250582669006e-02 -1.771839863867469833e-01
7.454878030404597788e-02 -1.708825951004734334e-01
7.553953461730042451e-02 -1.647382366001254872e-01
7.617623574830154065e-02 -1.584482767559105831e-01
7.737540966065287185e-02 -1.545537989249780864e-01
7.864595133922748504e-02 -1.507992592146450428e-01
8.034194620556810162e-02 -1.444179014208886724e-01
7.871735308740446246e-02 -1.407889916860241286e-01
8.549840836209279815e-02 -1.258421099923717479e-01
9.582271793659620507e-02 -1.184357527894514400e-01
7.688430987351893564e-02 -1.045852861944544798e-01
6.472979501392106538e-02 -9.016945922338302777e-02
5.709790437727068485e-02 -7.264436583860850449e-02
4.239944034910309023e-02 -6.359916052365464922e-02
2.543966420946183055e-02 -4.607406713888020922e-02
1.837309081794465115e-02 -3.278891778901614484e-02
1.243715191669384282e-02 -2.091706155198509720e-02
1.978631923436594345e-03 -1.413314678303444812e-03
