3.568006065193409892e-04 -9.329734174801098193e-03
1.369586944828475714e-04 -1.009259399847131991e-02
-1.449482390966943049e-03 -1.463076140975283317e-02
-1.709887489845870459e-03 -1.534283104381686108e-02
-1.112677188810690457e-02 -2.598602585251283403e-02
-1.223722573452272651e-02 -3.199477411582792724e-02
-1.582752639390578100e-02 -4.481564403999303836e-02
-1.799760746609232326e-02 -4.942394285748252097e-02
-1.994573409637682981e-02 -5.527988581982907351e-02
-1.973019305443091120e-02 -5.667732740128725993e-02
-1.943916051816391849e-02 -5.798891933674306387e-02
-2.111146230704886301e-02 -6.430478445339440907e-02
-2.299679377733798019e-02 -7.224954281686139790e-02
-2.389915688209768435e-02 -7.334740096298204837e-02
-2.421465219663369861e-02 -7.369098647813278335e-02
-2.401155252707878190e-02 -7.450661857114435072e-02
-2.356614525438104069e-02 -7.549092882979120678e-02
-2.335564667229984501e-02 -7.596032748044952154e-02
-2.320836098958530339e-02 -7.630320110554097979e-02
-3.817771016642960286e-02 -9.263730794260288670e-02
-3.819342679853621192e-02 -9.267300422617771871e-02
-3.829965003469174012e-02 -9.291631664554883541e-02
-3.988444590295192604e-02 -9.521125003018891808e-02
-5.189238448671459891e-02 -1.011281065375564253e-01
-5.165590939149340005e-02 -1.050407153769619961e-01
-5.184484970475335130e-02 -1.059079285108872059e-01
-5.181369387570619600e-02 -1.070937917767506159e-01
-5.136394771543265070e-02 -1.086396574183832869e-01
-4.916292088064080912e-02 -1.125317033310312131e-01
-4.795821674808689594e-02 -1.143260215041513317e-01
-4.644365079924893391e-02 -1.165252537381747527e-01
-4.363256683721809109e-02 -1.217907213152721740e-01
-3.844119362781021204e-02 -1.269336696654103092e-01
-3.651937582881067262e-02 -1.297502007760273079e-01
-3.427011045224246516e-02 -1.332964372765538530e-01
-3.254438260574573499e-02 -1.361176235465546835e-01
-3.038892446202403480e-02 -1.396905718396310725e-01
-2.878806006127541256e-02 -1.423156115004330091e-01
-2.665172661884625607e-02 -1.459715233865961914e-01
-2.521376355783038620e-02 -1.518250122689297765e-01
-2.054129209367856757e-02 -1.612373463711756494e-01
-1.231290706427027454e-02 -1.600432820743625528e-01
-8.977335765047531752e-03 -1.619285870224195234e-01
-7.605460272983922444e-03 -1.636113654916432070e-01
-6.541076841456894449e-03 -1.646862719174136958e-01
-5.987418191593646757e-03 -1.651088209845943677e-01
7.047350408194959573e-03 -1.652815822365796272e-01
1.066950856018373389e-02 -1.716078495952041982e-01
1.105905611926500526e-02 -1.799833731524350111e-01
1.177142755907241434e-02 -1.816171153522880555e-01
1.219337478673619170e-02 -1.823609923290775703e-01
1.304269758357494251e-02 -1.871361675632050303e-01
1.332916436499295178e-02 -1.892109086848020594e-01
1.377440933905772942e-02 -1.903682404660907435e-01
1.419760569142719357e-02 -1.934549839165218554e-01
1.403867454844710469e-02 -1.948208432246998634e-01
1.429102534623627463e-02 -1.960280051554163239e-01
1.477424735216442860e-02 -1.969363399785049040e-01
1.539017615050139107e-02 -1.977751399920902320e-01
2.291484622437758509e-02 -1.928171809215435684e-01
2.291857464351073140e-02 -1.928166873518309954e-01
5.056204952722193058e-02 -1.714923970976543199e-01
5.131975918865375186e-02 -1.724361570506288688e-01
5.163795727181074574e-02 -1.728348183603049260e-01
5.190598187535250263e-02 -1.731713514770669149e-01
5.221878369744436393e-02 -1.735647208308520040e-01
5.261851759842874759e-02 -1.740679748043753861e-01
5.308805020558333976e-02 -1.746591407131839191e-01
5.345917986444584380e-02 -1.751256592141304802e-01
5.388207475949746694e-02 -1.756551259643320262e-01
5.445764318851850638e-02 -1.763667825104806020e-01
5.476734106629319032e-02 -1.767372332510023514e-01
5.533911115762591565e-02 -1.771781494823659597e-01
6.278535177765362518e-02 -1.772114105617878799e-01
7.140717152377328014e-02 -1.773474723356676663e-01
8.737854298169929479e-02 -1.844969331020959447e-01
8.881826881954582587e-02 -1.835655457456584205e-01
9.546955047508892678e-02 -1.818683262346213469e-01
1.050378885372857257e-01 -1.736969501327241261e-01
1.061241720625264173e-01 -1.736538892048396510e-01
1.092724303937907954e-01 -1.749839190529806354e-01
1.112359218685772533e-01 -1.785993819896004309e-01
1.114591310086315429e-01 -1.805673279083259142e-01
1.116484850558252806e-01 -1.810258067865194997e-01
1.121418671617272073e-01 -1.819760865371913283e-01
1.123649437788391131e-01 -1.824817219998342566e-01
1.128152106375234914e-01 -1.840798096370310499e-01
1.115273091620944956e-01 -1.917747182427770036e-01
1.126454565025060972e-01 -1.938717412173209531e-01
1.130608672742631909e-01 -1.947799106346348175e-01
1.133061763303369884e-01 -1.955069993597210176e-01
1.094321955777018268e-01 -2.148292734058895037e-01
1.098354837044772936e-01 -2.155819121872338540e-01
1.115668296252948222e-01 -2.206532123123691735e-01
1.134040090406807089e-01 -2.205854810805713828e-01
1.141594628142692247e-01 -2.206997069148943780e-01
1.148838515907329438e-01 -2.208380442082423234e-01
1.165563581749677891e-01 -2.212304123577722159e-01
1.169131090551391861e-01 -2.213260880507465500e-01
1.183281179668363714e-01 -2.218152749212063679e-01
1.184067462050117092e-01 -2.218587485633645162e-01
1.191270760348836083e-01 -2.225904329690651384e-01
1.193367067702938433e-01 -2.229145096228261347e-01
1.194975581630151468e-01 -2.231550086692132007e-01
1.199172044318073671e-01 -2.236496407431832756e-01
1.338586295849669705e-01 -2.098549451802945165e-01
1.345187432673635441e-01 -2.105271833154025163e-01
1.351925591126033332e-01 -2.112683005664667268e-01
1.355941639641927987e-01 -2.116744101391230259e-01
1.358533579014368220e-01 -2.118997404889686464e-01
1.360742071966999089e-01 -2.120591359959078659e-01
1.364025819161966691e-01 -2.122255709479576313e-01
1.371381258061774300e-01 -2.121994136443318135e-01
1.379837873160353334e-01 -2.113352219550462818e-01
1.382885832847035035e-01 -2.108221283253153833e-01
1.386746053723249550e-01 -2.100588821761720792e-01
1.405851309255630732e-01 -2.052867037493046887e-01
1.308262109663499151e-01 -2.019477130432048850e-01
1.190956837869571738e-01 -1.941006323390669919e-01
1.192428985433459793e-01 -1.923250540563078148e-01
1.191549218811002592e-01 -1.921596066311076489e-01
1.189828197799012999e-01 -1.918545389838895721e-01
1.305397926948448084e-01 -1.726565241863861899e-01
1.301145897178911659e-01 -1.725369738590762647e-01
1.298274622552898216e-01 -1.724490862511517120e-01
1.294907169733701402e-01 -1.723346459623210092e-01
1.290956678716355943e-01 -1.721775303563554960e-01
1.287155993663718634e-01 -1.719864130076451947e-01
1.280614539488227899e-01 -1.712583903512925054e-01
1.275883194333815585e-01 -1.705115876273439468e-01
1.272214449877704656e-01 -1.703306197128063026e-01
1.269439816044699021e-01 -1.702384659642403320e-01
1.264709761766673324e-01 -1.701234760597817308e-01
1.248667186780724886e-01 -1.698907875303805048e-01
1.182293574498332056e-01 -1.667234491622845982e-01
1.180770688644948718e-01 -1.646580751123183917e-01
1.192813415842447627e-01 -1.622450462714388475e-01
1.199065103433690493e-01 -1.597160874801224484e-01
1.202356539077057557e-01 -1.581356839243050760e-01
1.218061054028333756e-01 -1.500180369437659478e-01
1.219495774439662561e-01 -1.493182593671124048e-01
1.250739610616585229e-01 -1.385508988625686611e-01
1.253453954334547149e-01 -1.359974028471076790e-01
1.253725408330217672e-01 -1.275594738327593125e-01
1.252261611783891393e-01 -1.249627978722654131e-01
1.252815503772849171e-01 -1.199849979790512389e-01
1.253777923347500212e-01 -1.175410971659232029e-01
1.255679062080725661e-01 -1.149125976857070380e-01
1.274289530982349594e-01 -1.096390412561883271e-01
1.272354687199204470e-01 -1.059686159797576382e-01
1.270720149283937062e-01 -1.051081430958899499e-01
1.269235912922720422e-01 -1.047797581774374542e-01
1.319952247161378101e-01 -8.791167225694707099e-02
1.319454298329407471e-01 -8.772218464879442956e-02
1.331455838418748594e-01 -8.076106232438821919e-02
1.318644772859546288e-01 -8.002030934392916073e-02
1.307833478601596322e-01 -7.957442049216821578e-02
1.248225601194092316e-01 -6.906374902678366623e-02
1.225062392332929573e-01 -6.797438778974547458e-02
1.213343582678161336e-01 -6.663055125061408124e-02
1.205923634817225032e-01 -6.528820846064720129e-02
1.180867313223801784e-01 -6.013280968696871343e-02
1.169881771043111973e-01 -5.958450439220496636e-02
1.157525079006130470e-01 -5.859088798125627884e-02
1.151574154789155868e-01 -5.785098166820416832e-02
1.147500603620991433e-01 -5.729882843312601032e-02
1.143369097289887032e-01 -5.675548397626617447e-02
9.752521409183560752e-02 -5.738565216514772416e-02
9.496087016669366165e-02 -5.408089259326684384e-02
9.471488814315613680e-02 -5.160111057062879980e-02
9.441562707660386411e-02 -5.101463190427177330e-02
9.427272416043719350e-02 -5.071218642848258212e-02
9.431079629166957967e-02 -4.897718373648449891e-02
9.342637843246892615e-02 -4.785781039421871386e-02
9.185586121413703842e-02 -4.747439578799296511e-02
8.825844821802700246e-02 -4.541057732199697827e-02
8.797362538258785003e-02 -4.395475963251915807e-02
8.522528606802262652e-02 -3.490401542811431140e-02
8.498424347570306125e-02 -3.439439813047413808e-02
8.291285006147397496e-02 -3.027579353032095952e-02
8.165101564679941304e-02 -2.826975371434174711e-02
8.130844380222994328e-02 -2.784836784738973711e-02
6.484390781201528065e-02 -3.348154507456704843e-02
6.364238164042192170e-02 -3.205410098333609514e-02
6.140420829589322838e-02 -2.952641857133862444e-02
5.702191271541173778e-02 -2.487898836293238325e-02
5.631015268611822000e-02 -2.423020265333731063e-02
5.179903108905917208e-02 -2.349051961901454585e-02
4.232074393183173078e-02 -2.102969088118090621e-02
3.631959197988694071e-02 -1.944237723181679867e-02
3.511963970900663229e-02 -1.816161765120589619e-02
2.434557678549994705e-02 -1.467303896598473080e-02
1.625199818929411871e-02 -1.258206563719839813e-02
1.387932518765390942e-02 -1.095260803450108511e-02
1.130927276378830559e-02 -9.342141267825303588e-03
6.560788462707421546e-03 -4.664766091179443214e-03
5.032984463802843249e-03 -2.977120468835907363e-03
4.217289440326458388e-03 -2.196159635743243251e-03
2.502160256871660896e-03 -9.766452880816736942e-04
