-4.510444215599385413e-04 -5.893644355426521731e-04
-9.020888431198770827e-04 -1.178728871085304346e-03
-1.353133264679815028e-03 -1.768093306627955543e-03
-1.804177686239754165e-03 -2.357457742170608692e-03
-2.255222107799691785e-03 -2.946822177713259890e-03
-2.706266529359630489e-03 -3.536186613255911954e-03
-3.006962810399589625e-03 -3.975202908278584885e-03
-3.307659091439547894e-03 -4.414219203301257381e-03
-3.608355372479507030e-03 -4.853235498323929878e-03
-3.909051653519466166e-03 -5.292251793346603242e-03
-4.209747934559424434e-03 -5.731268088369274871e-03
-4.510444215599383570e-03 -6.170284383391947368e-03
-4.660792356119363572e-03 -6.458952537894640730e-03
-4.811140496639342706e-03 -6.747620692397334093e-03
-4.961488637159322708e-03 -7.036288846900027455e-03
-5.111836777679301842e-03 -7.324957001402719950e-03
-5.262184918199280977e-03 -7.613625155905413312e-03
-5.412533058719260978e-03 -7.902293310408106675e-03
-5.562881199239240113e-03 -8.190961464910799170e-03
-5.713229339759220114e-03 -8.479629619413493399e-03
-5.863577480279199249e-03 -8.768297773916185894e-03
-6.013925620799179250e-03 -9.056965928418880124e-03
-6.164273761319158385e-03 -9.345634082921572619e-03
-6.314621901839137519e-03 -9.634302237424265114e-03
-6.464970042359116653e-03 -9.922972686057520211e-03
-6.615318182879096655e-03 -1.021164313469077704e-02
-6.765666323399075789e-03 -1.050031358332403041e-02
-6.916014463919055791e-03 -1.078898403195728550e-02
-7.066362604439034925e-03 -1.107765448059054060e-02
-7.216710744959014927e-03 -1.136632492922379743e-02
-7.367058885478994061e-03 -1.173317246502287442e-02
-7.517407025998973195e-03 -1.210002000082195141e-02
-7.667755166518952330e-03 -1.246686753662103013e-02
-7.818103307038932331e-03 -1.283371507242010712e-02
-7.968451447558911466e-03 -1.320056260821918584e-02
-8.118799588078890600e-03 -1.356741014401826456e-02
-8.269147728598869734e-03 -1.406055415552391261e-02
-8.419495869118848869e-03 -1.455369816702956239e-02
-8.569844009638829738e-03 -1.504684217853521216e-02
-8.720192150158808872e-03 -1.553998619004086368e-02
-8.870540290678788006e-03 -1.603313020154651172e-02
-9.020888431198767141e-03 -1.652627421305215977e-02
-9.171236571718746275e-03 -1.741633492963477053e-02
-9.321584712238727144e-03 -1.830639564621738477e-02
-9.471932852758706278e-03 -1.919645636279999554e-02
-9.622280993278685413e-03 -2.008651707938260977e-02
-9.772629133798664547e-03 -2.097657779596521360e-02
-9.922977274318643681e-03 -2.186663851254782784e-02
-1.007332541483862282e-02 -2.401962269184604315e-02
-1.022367355535860195e-02 -2.617260687114424458e-02
-1.037402169587858282e-02 -2.832559105044248071e-02
-1.052436983639856369e-02 -3.047857522974069602e-02
-1.067471797691854282e-02 -3.263155940903889052e-02
-1.082506611743852196e-02 -3.478454358833710930e-02
-1.112576239847848196e-02 -3.812828705938846319e-02
-1.142645867951843849e-02 -4.147203053043978932e-02
-1.172715496055839850e-02 -4.481577400149113627e-02
-1.202785124159835503e-02 -4.815951747254246240e-02
-1.232854752263831677e-02 -5.150326094359383711e-02
-1.262924380367827504e-02 -5.484700441464518406e-02
-1.298916814007458793e-02 -5.648825850989084435e-02
-1.344021256163452707e-02 -5.854501997102149607e-02
-1.389125698319446274e-02 -6.029944630766152086e-02
-1.434230140475440188e-02 -6.197733210645583329e-02
-1.492546557009779770e-02 -6.379244681683368667e-02
-1.556348893197794306e-02 -6.661352602997779038e-02
-1.618593744147177327e-02 -7.037277502465777435e-02
-1.680836718080644734e-02 -7.167178171991989144e-02
-1.743081256194042167e-02 -7.348333889422739573e-02
-1.805326294845016957e-02 -7.631999702662568830e-02
-1.867571145794398937e-02 -8.007924602130563063e-02
-1.929814119727867386e-02 -8.137825271656776160e-02
-2.022866808284675202e-02 -8.332020211958586497e-02
-2.133521901818621891e-02 -8.562955110963925420e-02
-2.244178079850652624e-02 -8.848562686739411265e-02
-2.354834841843188656e-02 -9.199775722757547181e-02
-2.465489935377134997e-02 -9.526385334706352626e-02
-2.635192862932005803e-02 -9.811993744711133836e-02
-2.791008208561800499e-02 -1.014964705091725844e-01
-2.952618611414478678e-02 -1.048194360397226993e-01
-3.233414519460404285e-02 -1.069932039991272066e-01
-3.552480362737479858e-02 -1.081959891232870397e-01
-3.760890194828383354e-02 -1.127283001571754012e-01
-3.840929824030404199e-02 -1.150376437247383338e-01
-3.930919667537084022e-02 -1.218275457995486588e-01
-4.914106192874234669e-02 -1.198108854625677677e-01
-5.288609687281445315e-02 -1.185125997152144672e-01
-5.411293825004882818e-02 -1.206776074327888387e-01
-5.323235375258909136e-02 -1.234319967571254895e-01
-5.233026490946920961e-02 -1.261924001794903771e-01
-5.093612760646577808e-02 -1.295997270084915942e-01
-5.120948786195664293e-02 -1.323675988686228155e-01
-5.447633506588694247e-02 -1.350399662124906475e-01
-5.831212470269126619e-02 -1.361836970790639700e-01
-5.742691500628790968e-02 -1.431242661553694673e-01
-5.727656686576793055e-02 -1.456260614159871902e-01
-5.712621872524795141e-02 -1.481278566766050520e-01
-5.697587058472796534e-02 -1.506296519372229137e-01
-5.681337309951950409e-02 -1.530721581510535168e-01
-5.636232867795955975e-02 -1.541065495036916533e-01
-5.591128425639963623e-02 -1.551409408563297343e-01
-5.546023983483968495e-02 -1.561753322089678708e-01
-5.500919541327973367e-02 -1.572097235616060074e-01
-5.455815099171981708e-02 -1.582441149142440884e-01
-5.410103189781561434e-02 -1.592962445770808033e-01
-5.349963933573572555e-02 -1.607696591071332282e-01
-5.261881184582067883e-02 -1.629276904895333444e-01
-5.141602672166085269e-02 -1.658745195496382774e-01
-5.038940765163689439e-02 -1.682807008245706948e-01
-4.988424010185508323e-02 -1.690865646553924573e-01
-4.937907255207331370e-02 -1.698924284862141643e-01
-4.874937310692885328e-02 -1.709503917754747748e-01
-4.753425371725338716e-02 -1.731463858279181645e-01
-4.603678293412637873e-02 -1.758526523572778166e-01
-4.644846341215729674e-02 -1.774629216470748616e-01
-4.689950783371722720e-02 -1.790505930556438030e-01
-4.753734842986259701e-02 -1.808431187832393872e-01
-4.718198009772445189e-02 -1.846515765656411845e-01
-4.613713645451490708e-02 -1.895234557215063620e-01
-4.553574389243497667e-02 -1.922898560011607194e-01
-4.501939674317445572e-02 -1.951276967115175842e-01
-4.471870046213450439e-02 -1.981466899425849970e-01
-4.441800418109453918e-02 -2.011656831736524931e-01
-4.411730790005458092e-02 -2.036233761610359572e-01
-4.359184874227767931e-02 -2.054309569466477581e-01
-4.268975989915780450e-02 -2.108296479167461601e-01
-4.181209645557563970e-02 -2.141012165804115353e-01
-4.311949365529232220e-02 -2.242337792271286989e-01
-5.024471030228696428e-02 -2.359930039083343312e-01
-6.143388246950288317e-02 -2.464834681634832381e-01
-5.485392791529743878e-02 -2.467319292698887112e-01
-5.261674685023830234e-02 -2.464312329888487529e-01
-5.115080465102226498e-02 -2.461417122288332149e-01
-5.057346375375575825e-02 -2.458650676126066525e-01
-4.999612285648925153e-02 -2.455884229963800902e-01
-4.941878622306136726e-02 -2.453117826439921711e-01
-4.792370087225827219e-02 -2.445881806809077630e-01
-4.266024347630716779e-02 -2.411380129797127680e-01
-3.739204793603508048e-02 -2.394781728119202147e-01
-3.288160705735256734e-02 -2.378106785903430775e-01
-1.042504454996262195e-02 -2.348592940821328245e-01
-5.884160697759095553e-03 -2.338801193932845135e-01
-4.116074273522818058e-03 -2.342950725528409606e-01
-2.475554021980597933e-03 -2.347100276589324519e-01
-9.009879385264614200e-04 -2.354645129759139477e-01
3.464390198374442658e-03 -2.372311417234948261e-01
1.176323871449821631e-02 -2.434273075146212995e-01
1.858794845050296823e-02 -2.465846184655408613e-01
2.221872123260635809e-02 -2.449067397576955296e-01
2.662856907440019905e-02 -2.414454456623124634e-01
3.581494162437676154e-02 -2.413679935899233908e-01
3.912260071581628862e-02 -2.416686898709633491e-01
4.072011728141398251e-02 -2.419693861520033074e-01
4.157409361838481504e-02 -2.422700824330432656e-01
4.242806995535561981e-02 -2.425707787140832239e-01
4.329880957386307572e-02 -2.428714749951232099e-01
4.482870684969920277e-02 -2.433954154848140261e-01
4.953762033233703038e-02 -2.447259547613357955e-01
5.422228193513055350e-02 -2.459708331492025113e-01
5.862447989428629103e-02 -2.472157201574386454e-01
6.336320761963314119e-02 -2.483278684932732905e-01
6.629775960527528600e-02 -2.488811489199727056e-01
6.985799329508345090e-02 -2.494344197993813017e-01
7.223975853238466527e-02 -2.494691717525971963e-01
7.441255118505078758e-02 -2.495278568173744660e-01
7.638511805455112935e-02 -2.496240818296725783e-01
7.915929733700001469e-02 -2.500327865191149246e-01
8.093230960714871414e-02 -2.499748328880454229e-01
8.149160028515237131e-02 -2.487840690080311279e-01
8.134926936623686211e-02 -2.478165518393556643e-01
7.531366574104536582e-02 -2.475867514226729182e-01
6.039839563476191026e-02 -2.419329381179379512e-01
4.380980894257217179e-02 -2.359827965567532770e-01
2.660962122441548269e-02 -2.263357358945627396e-01
8.033151769016070101e-03 -2.142470165028133033e-01
-1.245611564186756108e-02 -1.904311310274482139e-01
-1.810556092201207404e-02 -1.764194280185955033e-01
-1.702232558317108915e-02 -1.658032006383362011e-01
-1.182118316904546412e-02 -1.616317151865595825e-01
-3.855117617271113049e-03 -1.591419667531190629e-01
7.327879584700814491e-03 -1.553305844408840453e-01
-1.056044691650391033e-02 -1.554690893061750900e-01
-2.444751884940030845e-02 -1.235274959899368974e-01
-2.399647442784035717e-02 -1.206375336991677011e-01
-2.354543000628042670e-02 -1.191581085470424656e-01
-2.309438558472047542e-02 -1.180529967962756083e-01
-2.256133308651330979e-02 -1.168589481384111062e-01
-1.985506655715367150e-02 -1.091870112585111435e-01
-1.823641173351824366e-02 -9.625342865061313480e-02
-1.740647955329716057e-02 -9.159646582407378335e-02
-1.650950787267475156e-02 -8.771985442804670907e-02
-1.401973441235545778e-02 -7.891545878781204559e-02
-1.155510935029642645e-02 -6.481481275417984300e-02
-9.895269182503838371e-03 -5.323199531206850021e-02
-8.118799588078871518e-03 -4.622303727678443025e-02
-5.863577480279181034e-03 -3.736451823025122715e-02
-3.608355372479469299e-03 -2.980500932017593821e-02
-1.353133264679817413e-03 -2.285893486350136158e-02
9.020888431198741553e-04 -9.959054771538768808e-03
