-6.930490327563197715e-18 4.746509625820856238e-18
-2.404260419559987348e-11 1.646614384188324920e-11
1.875517367204004773e-03 -3.966861401416658071e-03
2.794112295124545533e-03 -5.564507204751368424e-03
3.492434922225883323e-03 -6.966877014357627726e-03
3.809670312569449734e-03 -1.110506428182461355e-02
5.404334484642473943e-03 -1.498792301765683281e-02
7.286912782266818586e-03 -1.895680180127726211e-02
8.164425115037721864e-03 -2.074241871095974452e-02
7.961718497204490694e-03 -2.357034450567035283e-02
8.050097383526340009e-03 -2.463581457307819148e-02
8.265789987185823487e-03 -2.662215757497995647e-02
8.937265688972158631e-03 -3.195327520658712561e-02
-1.657047274956500657e-02 -3.458895501677621692e-02
-1.680181849508876474e-02 -3.598733035206877484e-02
-1.749295019911429813e-02 -4.008848557844695015e-02
-1.576897790149028172e-02 -4.645537918573606345e-02
-1.534862961634910102e-02 -4.948208997865324865e-02
-1.498900964514076478e-02 -5.104452009407312030e-02
-1.435026746303849979e-02 -5.254301849641007660e-02
-1.414910059685380896e-02 -5.288065697637275853e-02
-1.323845243898895060e-02 -5.422628860871743506e-02
-1.331822780597473332e-02 -5.658182099165292439e-02
-1.466437553334587821e-02 -5.860775270304632162e-02
-1.656480129372196047e-02 -6.133129821396374887e-02
-2.595928999466529802e-02 -6.524534711687417221e-02
-3.259625548545006662e-02 -6.689401324424477935e-02
-3.184788662185266545e-02 -6.769031269326050704e-02
-3.099052142235441537e-02 -6.935198309370471659e-02
-3.251983832050917705e-02 -7.218523128262298305e-02
-3.352946961908832152e-02 -7.353356822646814339e-02
-3.422008495401626660e-02 -7.533142430941298928e-02
-3.438047267047853600e-02 -7.639257267892338166e-02
-3.429728687586346136e-02 -7.686497269518863251e-02
-3.368999912894710125e-02 -7.733258141446588962e-02
-3.309740475097260048e-02 -7.750784062284053755e-02
-2.239768169349269644e-02 -7.724195255344737387e-02
-2.171862667982512804e-02 -7.710256723919113597e-02
-8.785478564050930306e-03 -7.628358798409508312e-02
-7.735023832882909067e-03 -7.667196542610114907e-02
-5.282485651055188018e-03 -7.841797827307117608e-02
-5.791937602664480426e-03 -7.954280882693388899e-02
-6.606122454663321611e-03 -8.052390704961696899e-02
-8.554879371747578509e-03 -8.465463343801678253e-02
-8.795794557381742332e-03 -8.522403942558806622e-02
-2.032007228379204694e-02 -9.350829997668624882e-02
-2.030158994611121898e-02 -9.351556597787248626e-02
-2.029313228060048574e-02 -9.351890453949454618e-02
-2.028100929861065618e-02 -9.352370485832051106e-02
-2.026348518453909356e-02 -9.353067501725743915e-02
-2.024304035846723887e-02 -9.353885364505280797e-02
-2.022284070733201822e-02 -9.354698392241990457e-02
-2.018442029529862042e-02 -9.356258547983334339e-02
-1.998796003339374169e-02 -9.364526832619562979e-02
-2.652464361935292364e-02 -1.056537837614001801e-01
-3.012581560492669924e-02 -1.101018414536265866e-01
-3.202458276325773068e-02 -1.119950953889717882e-01
-3.183186615577958400e-02 -1.124456790585002808e-01
-3.115572697461230917e-02 -1.122902939516210591e-01
-3.006445058496495792e-02 -1.118988754024590887e-01
-2.983831958927569972e-02 -1.118019334582353724e-01
-8.809221774347657935e-03 -9.251126650429190856e-02
-6.312607576895646298e-03 -9.106326522842413118e-02
-3.246801656405438365e-03 -9.006538545462730583e-02
-2.993838843316900221e-03 -9.002209918205342221e-02
-2.966791656180823526e-03 -9.001782521233485379e-02
-2.898116513726730487e-03 -9.000728601943776275e-02
-2.531245894417457308e-03 -8.995881163739605224e-02
-2.080845243518211242e-03 -8.991870007099073137e-02
-1.191360274268783281e-03 -8.991822295283240229e-02
-6.543688696576984223e-03 -1.061916793237941276e-01
-2.793390698315022756e-03 -1.092724678015857265e-01
-7.944778346756900533e-03 -1.168572284691536123e-01
-7.720914126776873450e-03 -1.171981911955456701e-01
-7.566593403640041460e-03 -1.173170468056836391e-01
-7.370777989277572419e-03 -1.173910746429364660e-01
-6.367072954900192434e-03 -1.166650139441020723e-01
-8.004644344523848465e-04 -1.125285220311305068e-01
4.574304284004140908e-03 -1.081316998131136436e-01
9.194520800836693264e-03 -1.181884894478933967e-01
9.868335626200978872e-03 -1.181087929948419907e-01
9.883142578321650260e-03 -1.181057445692310637e-01
9.885478374884480723e-03 -1.181052583983963900e-01
1.684696255489982059e-02 -1.143789013094395485e-01
1.726725698798997621e-02 -1.160031337808852120e-01
1.735872514536541261e-02 -1.165077597319310737e-01
1.755943622984226099e-02 -1.193228031044686055e-01
1.680767479604125189e-02 -1.255391014563324026e-01
1.818692051543128671e-02 -1.252194241876313785e-01
1.976873352067713002e-02 -1.244990686213507253e-01
2.148814148027262602e-02 -1.237169582896145148e-01
2.279239213366044889e-02 -1.232525639699065395e-01
2.494007498442759804e-02 -1.229463617992076901e-01
2.735808130822248163e-02 -1.232403552694559812e-01
2.857999907366608194e-02 -1.235349578066568532e-01
2.924251685234683165e-02 -1.236797155052121733e-01
3.755990051788495737e-02 -1.177956980715274410e-01
3.758445073874663173e-02 -1.177833899314261606e-01
3.758970847712058555e-02 -1.177807575500203624e-01
3.761773542962996292e-02 -1.177667462364887507e-01
3.806263720110342197e-02 -1.175485139358043996e-01
3.816645364842311677e-02 -1.174985693511250845e-01
3.818505153090936965e-02 -1.174896558595939500e-01
5.278908085620636487e-02 -1.006989164579879803e-01
5.406249251494992664e-02 -1.018119074859699519e-01
5.526137949635480384e-02 -1.025392988278788220e-01
5.648015877551452318e-02 -1.043808026112933718e-01
5.734880110955943577e-02 -1.067689751026174999e-01
5.786346538038415754e-02 -1.134355276938567997e-01
5.795627468440284202e-02 -1.147118300493376736e-01
5.702410780391528600e-02 -1.223856808970949367e-01
5.772708402757899954e-02 -1.228368993461065733e-01
5.922372842113649005e-02 -1.226393645247126074e-01
6.094410217602631158e-02 -1.218055230148166468e-01
6.135406163504329713e-02 -1.212575135940602150e-01
6.142709293217410438e-02 -1.203962156522979665e-01
6.115637999855380591e-02 -1.191736927071550822e-01
6.718831605373452864e-02 -1.068184607311406936e-01
6.662789776251556995e-02 -1.063727916453049011e-01
6.648243468209585894e-02 -1.062296655280122182e-01
6.634989052287858236e-02 -1.060854888151406827e-01
6.595748801773479442e-02 -1.055736398216320787e-01
6.574944898783632863e-02 -1.052549380417080183e-01
6.551293698186379244e-02 -1.048585814125418680e-01
6.538161262479674773e-02 -1.046250378653587471e-01
6.521560637220613632e-02 -1.043183780986476072e-01
6.491810397306001235e-02 -1.037450230882949187e-01
6.466147040776840105e-02 -1.032373551125225081e-01
6.400022343074945885e-02 -1.019704271749581614e-01
7.560485583040234270e-02 -8.465306265976091371e-02
7.560485584562220973e-02 -8.465306265499247806e-02
7.560485584573098383e-02 -8.465306265495839422e-02
7.560485584574691553e-02 -8.465306265495341209e-02
7.560485584577834872e-02 -8.465306265494355886e-02
7.936072980000553889e-02 -7.942644767704658271e-02
7.860328833276790383e-02 -7.804691380780677534e-02
7.843675585189457955e-02 -7.766460967255424397e-02
7.816048195346525507e-02 -7.688776023401347470e-02
8.315566111672627325e-02 -7.426776739895829538e-02
8.242120490845714076e-02 -7.388477169918587772e-02
8.135918630087861370e-02 -7.334044644177932504e-02
8.551796772938285995e-02 -6.622602195754358212e-02
7.694959154603256413e-02 -6.247546107289063400e-02
6.940148225003253679e-02 -6.013948883866386541e-02
6.835869488190589316e-02 -5.813544603757945378e-02
6.830935680265805277e-02 -5.633672929227868248e-02
7.365834944006981189e-02 -5.453740209145073459e-02
7.658246387197271965e-02 -5.286393852222050216e-02
7.891816517077811233e-02 -4.899659942132411627e-02
7.331133263926592480e-02 -4.439789241128666575e-02
7.706281749049005703e-02 -3.546664638776735740e-02
7.676189993583809601e-02 -3.505723728870056149e-02
7.638702548593122310e-02 -3.469555320991390274e-02
7.568116107167061068e-02 -3.422419575163245659e-02
7.482224610741458615e-02 -3.388973627597393484e-02
7.454036049599646607e-02 -3.382759889118264196e-02
7.409635651036017290e-02 -3.377414777098186605e-02
7.274711443144549206e-02 -3.385770086243373306e-02
7.135227013926244422e-02 -3.417935925359775334e-02
7.058284142429670227e-02 -3.440907212210921051e-02
6.880776470568292225e-02 -3.488825497263060849e-02
6.813559623573799129e-02 -3.489963401651526714e-02
6.759193409716846013e-02 -3.467817951355833817e-02
6.692846609849630035e-02 -3.389920288911439650e-02
6.659274104612858403e-02 -3.332329020586250606e-02
6.629269060042602968e-02 -3.251704561028601059e-02
6.841022969843853219e-02 -2.848620126984803200e-02
6.249244240625142360e-02 -2.898172591215588886e-02
5.823817913029665644e-02 -2.898823352114114973e-02
6.389808139115361885e-02 -1.793333437247275619e-02
6.393064656534254431e-02 -1.783933429034545090e-02
6.401160015096883649e-02 -1.759975725880215738e-02
6.450984205793003357e-02 -1.586451102741818012e-02
6.472516010029974454e-02 -1.470217902696095182e-02
6.209913308300091944e-02 -1.525822860025967398e-02
6.006425611279852389e-02 -1.411378707621366822e-02
5.958934548750861870e-02 -1.366192320595862979e-02
5.628209175250696583e-02 -8.233958321242559886e-03
5.492064660807409460e-02 -7.787999162405510357e-03
5.315713057643831063e-02 -5.173953005185169367e-03
5.329671889154370679e-02 -2.293248133960026566e-03
5.348184141435574634e-02 -1.344229503919157657e-03
3.532830037432323211e-02 -8.455757991084476149e-03
3.502502562273614867e-02 -7.218178210116405619e-03
3.441824585101867923e-02 -5.017608728620130167e-03
3.368843040399432942e-02 -3.112303124817882884e-03
3.344929080230137769e-02 -2.581708532277616347e-03
3.327878618244910908e-02 -2.221576218031386194e-03
2.690521139118831617e-02 -4.760156524563425445e-03
2.688219773683579727e-02 -4.709195906104731398e-03
2.666904292792101477e-02 -4.257604362972829647e-03
1.300315240031266195e-02 -6.179943712073112522e-03
1.270817557711223338e-02 -5.379447000338851217e-03
1.260587189625495333e-02 -5.052137876773866998e-03
1.241504095675602208e-02 -4.369994200923882875e-03
1.221861818490316796e-02 -3.582900753901001063e-03
1.208548094953738015e-02 -3.022222381662971382e-03
3.975079173287359574e-03 -5.778944293960891487e-03
3.624578579981413851e-03 -3.056284377980638366e-03
