-5.798738468297558180e-03 -1.266446038754583982e-02
-2.746281689161143152e-02 -3.595217850344485655e-02
-2.801543645981240116e-02 -3.528046026636639382e-02
-2.846387365040171577e-02 -3.473537743463878807e-02
-2.891231084099102691e-02 -3.419029460291118927e-02
-2.936074803158033458e-02 -3.364521177118358353e-02
-2.980918522216964919e-02 -3.310012893945598472e-02
-3.024325214610409929e-02 -3.254786234482500568e-02
-3.062983471065727076e-02 -3.197185809886113339e-02
-3.101641727521044223e-02 -3.139585385289726804e-02
-3.140299983976361370e-02 -3.081984960693340270e-02
-3.178958240431678517e-02 -3.024384536096953388e-02
-3.217616496886994970e-02 -2.966784111500566506e-02
-3.258789481485710460e-02 -2.914662094111835147e-02
-3.308272002558261538e-02 -2.880642639670137964e-02
-3.357754523630812615e-02 -2.846623185228441474e-02
-3.407237044703364387e-02 -2.812603730786744638e-02
-3.456719565775915465e-02 -2.778584276345047802e-02
-3.506202086848467236e-02 -2.744564821903350965e-02
-3.557480822731673431e-02 -2.709647328577529518e-02
-3.614694877119651456e-02 -2.671762402417209373e-02
-3.671908931507630175e-02 -2.633877476256889227e-02
-3.729122985895608894e-02 -2.595992550096569082e-02
-3.786337040283587613e-02 -2.558107623936248937e-02
-3.843551094671565638e-02 -2.520222697775929138e-02
-3.901932750355552315e-02 -2.497964991214951871e-02
-3.964172566843740531e-02 -2.527345053764847721e-02
-4.026412383331928052e-02 -2.556725116314743571e-02
-4.088652199820115574e-02 -2.586105178864639420e-02
-4.150892016308303789e-02 -2.615485241414535617e-02
-4.213131832796491311e-02 -2.644865303964431119e-02
-4.257588889687106970e-02 -2.691309749821562541e-02
-4.243285523559657546e-02 -2.794140853563468335e-02
-4.228982157432208122e-02 -2.896971957305374476e-02
-4.214678791304758698e-02 -2.999803061047282352e-02
-4.200375425177309274e-02 -3.102634164789188492e-02
-4.186072059049859156e-02 -3.205465268531096368e-02
-4.179582302722081172e-02 -3.299584586546800563e-02
-4.198911430949740092e-02 -3.364917134336795762e-02
-4.218240559177398319e-02 -3.430249682126790267e-02
-4.237569687405057239e-02 -3.495582229916784772e-02
-4.256898815632715466e-02 -3.560914777706779971e-02
-4.276227943860374386e-02 -3.626247325496774476e-02
-4.295557072088032613e-02 -3.688346494768222905e-02
-4.314886200315691533e-02 -3.739761456760995473e-02
-4.334215328543350454e-02 -3.791176418753768040e-02
-4.353544456771008681e-02 -3.842591380746540608e-02
-4.372873584998666907e-02 -3.894006342739312482e-02
-4.392202713226325828e-02 -3.945421304732085743e-02
-4.411531841453984054e-02 -3.995219851550396023e-02
-4.438084987302080842e-02 -4.056292573203639645e-02
-4.467078679643568528e-02 -4.122978596479424940e-02
-4.496072371985056215e-02 -4.189664619755208846e-02
-4.525066064326543902e-02 -4.255694609118489125e-02
-4.554059756668031589e-02 -4.313102438488852775e-02
-4.583053449009519276e-02 -4.370510267859216424e-02
-4.612047141351007656e-02 -4.427918097229580074e-02
-4.641040833692495343e-02 -4.485325864037105481e-02
-4.690535116578468944e-02 -4.583323577466122400e-02
-4.748522501261445011e-02 -4.698137466572307325e-02
-4.858054227884842091e-02 -4.864497270627394371e-02
-4.974028997250794226e-02 -5.037300314051097738e-02
-5.050174047844600139e-02 -5.150755892457919288e-02
-5.108161432527576207e-02 -5.237156529352499784e-02
-5.166148817210551580e-02 -5.323557166247080280e-02
-5.221500411680664311e-02 -5.407322093366731530e-02
-5.250494104022152692e-02 -5.464729922737095180e-02
-5.279487796363639684e-02 -5.522137752107458136e-02
-5.308481488705128065e-02 -5.579545581477821786e-02
-5.340110971259478395e-02 -5.639589201061048079e-02
-5.410593953988616228e-02 -5.744609232502052160e-02
-5.487910466899250522e-02 -5.859811261451187275e-02
-5.565226979809884816e-02 -5.975013290400322391e-02
-5.604666211143087551e-02 -6.052336881849125494e-02
-5.643324467598404698e-02 -6.128879474586582804e-02
-5.681982724053721845e-02 -6.205422067324038726e-02
-5.386617574785107498e-02 -6.319805357274987934e-02
-5.271909541999735688e-02 -6.861583905935050853e-02
-5.521101970709757500e-02 -7.210445512587053407e-02
-5.688151896486162706e-02 -7.376112871158298223e-02
-5.875351643832282117e-02 -7.559649582252378486e-02
-6.014521603022694729e-02 -7.690314677832367496e-02
-6.149318062380067229e-02 -7.817543464882893700e-02
-6.201892724876244267e-02 -7.880169651579488344e-02
-6.254467387372422693e-02 -7.942795838276084375e-02
-6.306300173784878949e-02 -8.004875344941506099e-02
-6.387046071604308983e-02 -8.115281461696509380e-02
-6.305020936553565325e-02 -8.436005843375328495e-02
-6.283489256824181801e-02 -8.694688285882959389e-02
-6.306683856770463337e-02 -8.866330449046895545e-02
-6.206852247827607943e-02 -9.008779898546168119e-02
-6.093197469346647854e-02 -9.147949267858400402e-02
-5.689722223703765763e-02 -9.725480154304311231e-02
-3.950638544864791546e-02 -1.107486438803308437e-01
-5.397113795633450006e-02 -1.173200734301786119e-01
-5.693166897778342839e-02 -1.201203463474743993e-01
-6.537251471800673008e-02 -1.226921658803904885e-01
-7.573082705270584025e-02 -1.282399798231380894e-01
-8.145809874063600353e-02 -1.316957936577800581e-01
-8.491415174406762023e-02 -1.340152890450990730e-01
-8.539926237615967641e-02 -1.357607678971725074e-01
-8.498070358793247125e-02 -1.368150839823175646e-01
-8.220890730794004619e-02 -1.362352101354877831e-01
-7.946100860180950465e-02 -1.356553362886580016e-01
-7.072328325073473643e-02 -1.334199521673886668e-01
-5.671165835892939128e-02 -1.299983408996758516e-01
-5.171467766641701935e-02 -1.322784806872792374e-01
-5.362674776929356180e-02 -1.338836310951654063e-01
-5.536494931212583570e-02 -1.382576228508602678e-01
-5.622315127977279420e-02 -1.410487376412730698e-01
-5.717882829303041342e-02 -1.428127236531418209e-01
-5.823807254224935143e-02 -1.434853853378075805e-01
-5.929731679146828943e-02 -1.441580470224733679e-01
-6.088512049081646477e-02 -1.447969662451910333e-01
-6.599128834959419598e-02 -1.467448705537948983e-01
-6.203596102394635242e-02 -1.504633281846801118e-01
-5.634933426643407017e-02 -1.520303826508931366e-01
-5.364899010922997979e-02 -1.525986653914706559e-01
-5.192095967499298081e-02 -1.531669481320481474e-01
-5.028664908611759493e-02 -1.537352280126102200e-01
-4.868621305615262324e-02 -1.545273550439640320e-01
-4.729193373033786091e-02 -1.579730969767957072e-01
-4.563220529065285108e-02 -1.601663230407379124e-01
-4.360652429265701735e-02 -1.617770640637700985e-01
-4.081538590711695363e-02 -1.635579298866592091e-01
-3.836446566112112350e-02 -1.648491024389955317e-01
-3.576147482012127787e-02 -1.662923455863358491e-01
-3.278219675508343978e-02 -1.681118759577141797e-01
-3.004518952393255699e-02 -1.696891354952055619e-01
-2.704016131004318563e-02 -1.715344160154353981e-01
-2.432893962043468361e-02 -1.730858900113844134e-01
-2.129813373004544805e-02 -1.749569482081141103e-01
-1.841421537171177361e-02 -1.766811188727882842e-01
-1.423654079461000171e-02 -1.796990457562305521e-01
-1.040562235230695597e-02 -1.825576504755665186e-01
-8.164028780054703380e-03 -1.842193702009890244e-01
-6.064888285946246765e-03 -1.857386368482677463e-01
-4.186683446929969667e-03 -1.870369678404542602e-01
-2.690600620914437510e-03 -1.877774574721158829e-01
4.959967445427571585e-04 -1.889139957831243999e-01
4.041085960580620071e-03 -1.901395896118432682e-01
7.435028366595907053e-03 -1.921043479913286112e-01
9.461195567213507435e-03 -1.949032141385387829e-01
1.197842169574788243e-02 -1.979944839724651351e-01
2.105610796373002039e-02 -1.929339862699527841e-01
2.390909007149736795e-02 -1.926821218718348383e-01
2.676205948794627837e-02 -1.932619957186645920e-01
2.961503390942230030e-02 -1.938418695654943458e-01
3.246802102221663794e-02 -1.944217434123240995e-01
3.486835349418014596e-02 -1.950016172591538532e-01
3.612088312689384906e-02 -1.955814911059836070e-01
3.734388810540297671e-02 -1.961613649528133607e-01
3.875876633479236749e-02 -1.968759569660783193e-01
4.260140976781954386e-02 -1.980357046597377990e-01
4.560337919521510741e-02 -1.984398720291127849e-01
4.487450640994451040e-02 -1.960015880462549209e-01
3.878619352518682117e-02 -1.897642569179523175e-01
4.013991246978947797e-02 -1.656836685241917795e-01
2.570516581390218380e-02 -1.510689675529442721e-01
3.946282205124292120e-02 -1.456479098511990478e-01
4.564954091663112057e-02 -1.381974095161743188e-01
5.024917251653415740e-02 -1.370376618225148391e-01
5.602660529994595712e-02 -1.358779141288553038e-01
6.257108992949970971e-02 -1.347181664351957964e-01
7.056982805076440768e-02 -1.368059430155270650e-01
7.416013196561177523e-02 -1.375751209256333152e-01
8.691401495384748488e-02 -1.368329446356267853e-01
9.038861451378704670e-02 -1.366056386179339277e-01
9.173265645320856365e-02 -1.361607177448055372e-01
9.130123370886554512e-02 -1.355344511588141287e-01
9.086981096452251272e-02 -1.349081845728226925e-01
9.043838822017953583e-02 -1.342819179868313673e-01
9.000696547583650342e-02 -1.336556514008399310e-01
8.934274634219513400e-02 -1.331179489104090397e-01
8.848453021747181013e-02 -1.326540498329452089e-01
8.762631409274856953e-02 -1.321901507554814337e-01
8.496311020306433759e-02 -1.307703384274861436e-01
7.977658377597254824e-02 -1.199066581502124945e-01
7.287667072985677674e-02 -1.038056253967795939e-01
7.209179097758214305e-02 -1.002392115482536317e-01
6.399112905671770768e-02 -9.067084405314114470e-02
6.412161654534023758e-02 -7.536532530432604737e-02
7.288406619348508642e-02 -6.390758854249592447e-02
7.715650219781494679e-02 -6.051563974598073853e-02
7.933097371062776404e-02 -5.071305808042513019e-02
8.157970695387897764e-02 -4.730457714351443688e-02
8.529229368810686829e-02 -4.449635874587465345e-02
7.103511895473338389e-02 -4.086293509351453246e-02
6.854226015759397328e-02 -2.106381874405842750e-02
6.467174229926060669e-02 -1.810845684298270294e-02
6.322828608077135648e-02 -1.223006587267820404e-02
6.163297698595215229e-02 -1.322393267186507820e-02
5.953183197853498948e-02 -1.525712442786071252e-02
3.777402155479377827e-02 -3.291245365496231479e-02
2.958880864050859177e-02 -1.952359104375214760e-02
1.713006701725170236e-02 -1.551858775273888894e-02
6.888904131752754054e-03 -5.729156438093230969e-03
5.752338650597748487e-03 -3.432843263278733976e-03
3.432843263278724001e-03 -2.273095569619208722e-03
