-8.202722983471324308e-03 -2.034185504312418374e-02
-2.355256744738761995e-02 -3.188723222976223848e-02
-3.357189093789921669e-02 -3.654536058686329997e-02
-4.184758173440038947e-02 -3.946985845027541073e-02
-4.227426830594274709e-02 -3.853920700153853213e-02
-4.262337550084104032e-02 -3.777776490711744900e-02
-4.297248269573932661e-02 -3.701632281269637975e-02
-4.328760488182920030e-02 -3.586403583060569777e-02
-4.353775572755002460e-02 -3.396454538679371388e-02
-4.378790657327084890e-02 -3.206505494298175080e-02
-4.403805741899167320e-02 -3.016556449916976690e-02
-4.428820826471249750e-02 -2.894769013783835346e-02
-4.524510644360552752e-02 -2.954583693584902221e-02
-4.653358741808236165e-02 -3.622171630374933921e-02
-4.867939570867126087e-02 -3.524877315094222807e-02
-5.044968754840708364e-02 -3.444609504987637683e-02
-5.221997938814292722e-02 -3.364341694881051170e-02
-5.322591036331524722e-02 -3.252225463163093550e-02
-5.295102043030006089e-02 -3.086741606042299121e-02
-5.267613049728486763e-02 -2.921257748921502959e-02
-5.240124056426967436e-02 -2.755773891800706796e-02
-5.248592887696627157e-02 -2.596968010444193273e-02
-5.337677588210810314e-02 -2.405614247733283556e-02
-5.429307565882540709e-02 -2.208793234659207905e-02
-5.522418465977147611e-02 -2.040849502688544398e-02
-5.619912896443469974e-02 -1.958382522783986071e-02
-5.717407326909790949e-02 -1.875915542879429132e-02
-5.807312135880271509e-02 -1.780583349536770874e-02
-5.874751665223065800e-02 -1.647170124417329795e-02
-5.942191194565858703e-02 -1.513756899297890972e-02
-5.992415389121185515e-02 -1.392375851100118370e-02
-5.991682192705611448e-02 -1.306610046590477719e-02
-5.990948996290037382e-02 -1.220844242080838457e-02
-6.004469431044712202e-02 -1.174599689706933708e-02
-6.152469846538602405e-02 -1.362520771406847825e-02
-6.306807412384421441e-02 -1.747466964011148982e-02
-6.480213461605509317e-02 -1.669639767300621497e-02
-6.598691375072007759e-02 -1.606689947473217278e-02
-6.717169288538506200e-02 -1.543740127645813233e-02
-6.825151119845877801e-02 -1.518108752109100998e-02
-6.918888268223008509e-02 -1.543123836681183601e-02
-7.012625416600139217e-02 -1.568138921253266205e-02
-7.106362564977268537e-02 -1.593154005825348288e-02
-7.177125742664823560e-02 -1.653504838577027347e-02
-7.619904825646295343e-02 -2.075480004992018290e-02
-8.096602195426888526e-02 -2.722732557943402867e-02
-8.346324389946013778e-02 -2.718689580412965087e-02
-8.502700866509187161e-02 -2.668659411268799880e-02
-8.635198015557910001e-02 -2.618629242124634326e-02
-8.781989410279109065e-02 -2.568526919321701199e-02
-9.023342737910548805e-02 -2.517947272314605828e-02
-9.237551363401078075e-02 -2.474009397136725172e-02
-9.272187343959441275e-02 -2.474009397136725172e-02
-9.265095596831957048e-02 -2.484838394497929787e-02
-7.916830070837520272e-02 -3.373893780088012273e-02
-6.859087396335850073e-02 -4.380468265906732606e-02
-6.731438820629566389e-02 -4.800610369256237686e-02
-7.062373004392263898e-02 -4.696252130281815262e-02
-7.329331542855793691e-02 -4.595893551221432588e-02
-7.541013803101957735e-02 -4.495833263775375621e-02
-7.905634551531935672e-02 -4.299811999651926425e-02
-8.174859892726785149e-02 -4.546479387054113558e-02
-8.495805315475453423e-02 -4.560003928734600309e-02
-8.699590296334980266e-02 -4.563669351547469666e-02
-8.840585663487027235e-02 -4.509254194553104222e-02
-8.927084384779740422e-02 -4.404429477726044817e-02
-9.013583106072453610e-02 -4.299604760898985412e-02
-9.099885717420820586e-02 -4.185165267518087262e-02
-9.299121275221738925e-02 -3.901148841487566549e-02
-9.563781590429377977e-02 -3.683135718383868246e-02
-9.776929743557676022e-02 -3.678148837112087122e-02
-9.884411808034314351e-02 -3.681172643153204221e-02
-9.991893872510956842e-02 -3.684196449194322015e-02
-9.977119146176548214e-02 -3.784931117020073899e-02
-9.942208007237968159e-02 -3.901759338551533812e-02
-9.907296868299389492e-02 -4.018587560082988175e-02
-9.872385729360810824e-02 -4.135415781614442537e-02
-9.767141741731373561e-02 -4.346178872884969013e-02
-9.626711859284474426e-02 -4.618117572966558282e-02
-9.470940897242528800e-02 -4.919763862132703336e-02
-9.508692454144361539e-02 -5.145440203746636659e-02
-9.707712776832659596e-02 -5.307808255733742486e-02
-9.906733099520956265e-02 -5.470176307720847619e-02
-1.004577743682412150e-01 -5.612552669633211894e-02
-1.012202191782026611e-01 -5.720173715699316402e-02
-1.018882017993193445e-01 -5.814461180836880128e-02
-1.025561844204359863e-01 -5.908748645974438995e-02
-1.015908219140513186e-01 -5.875520225263919372e-02
-1.003785584000210368e-01 -5.823016147390316227e-02
-9.916629488599081055e-02 -5.770512069516715858e-02
-9.795403137196059817e-02 -5.718007991643115490e-02
-9.733874922394349094e-02 -5.688666890608099630e-02
-8.902768627195846440e-02 -5.476606414694824149e-02
-6.688232718283620981e-02 -6.800410024281734744e-02
-5.682969420784700354e-02 -7.784771385549141276e-02
-5.172373406269689666e-02 -7.864906959141110265e-02
-4.802521496394703687e-02 -8.603621456052734651e-02
-4.635943500853391408e-02 -8.932423653844072386e-02
-4.418330523383796893e-02 -9.311172131029502030e-02
-4.225357863620005094e-02 -9.971957202249052965e-02
-4.315472233140547204e-02 -1.043782093107420428e-01
-4.653136408549425618e-02 -1.087279668271539934e-01
-5.275887392357392347e-02 -1.156326980263933518e-01
-6.026337107773729190e-02 -1.229480199809881713e-01
-6.643839872554165027e-02 -1.295186419473726702e-01
-6.949717306502251057e-02 -1.340385850744746365e-01
-7.197118246215926385e-02 -1.373290095192505056e-01
-7.316445276479908999e-02 -1.398947313856465646e-01
-7.428375442426964070e-02 -1.424314678181267113e-01
-7.564521185496268785e-02 -1.453672948651794916e-01
-7.509970663775231148e-02 -1.483037287994949105e-01
-7.484130942960004473e-02 -1.496946711894337478e-01
-7.442675297696867143e-02 -1.502246262127811816e-01
-7.376151984241041681e-02 -1.493724699371265785e-01
-7.309628670785213445e-02 -1.485203136614719754e-01
-7.243105357329389371e-02 -1.476681573858174001e-01
-7.175737918092524315e-02 -1.468603148961581117e-01
-7.107015434838724610e-02 -1.461236076945438833e-01
-5.702105435408719863e-02 -1.285812902497185939e-01
-4.167587331290358021e-02 -1.101816600211985991e-01
-2.760005994112128130e-02 -1.087266867034628187e-01
-2.652849091390968930e-02 -1.119066346179491550e-01
-2.565535583133173383e-02 -1.169542094177616204e-01
-2.379654121117857901e-02 -1.196960038227514872e-01
-2.174736114560575986e-02 -1.220857882497707464e-01
-2.050853324313601719e-02 -1.247906957949881240e-01
-1.978504177006203471e-02 -1.281827431531653017e-01
-1.978466598917484609e-02 -1.316352143493609017e-01
-2.084209843542644477e-02 -1.363949432492632119e-01
-1.627015823806853348e-02 -1.427106296883740855e-01
-1.421230843516066086e-02 -1.509742151092035578e-01
-1.145319285871885910e-02 -1.502109717577954917e-01
-5.221521368770526937e-03 -1.515261339096492799e-01
-4.039493817907618273e-03 -1.524195261919487343e-01
-2.889730985185604614e-03 -1.534281501128352543e-01
-1.746187857165426485e-03 -1.544589873616422082e-01
-6.026447291452487892e-04 -1.554898246104491621e-01
5.408983988749289061e-04 -1.565206618592561161e-01
5.413421248105276850e-04 -1.563093021847569708e-01
3.214293395008581736e-04 -1.558584828623915119e-01
-1.416099654926626693e-03 -1.499776136910842272e-01
-3.731839090630499015e-03 -1.198020272478434595e-01
-1.091063225647304069e-02 -9.594658170470506120e-02
-6.549373455326870652e-03 -8.802275705903397918e-02
3.632539810323197164e-03 -8.991399808987815545e-02
8.129748052523215820e-03 -9.251295745656720748e-02
1.241203075505509235e-02 -9.487551093176668782e-02
1.679327590783713173e-02 -9.819668020730749902e-02
2.324903145262731743e-02 -1.036446185286056948e-01
2.524167536281443983e-02 -1.058134146444034418e-01
2.686901906843834273e-02 -1.078366005246872150e-01
2.858922143999250570e-02 -1.083066336079855224e-01
3.054061163347660673e-02 -1.083066336079855224e-01
3.375648465553161837e-02 -1.102086498111714552e-01
3.666745300884338699e-02 -1.117844077605262276e-01
3.945353197964444197e-02 -1.131184861189114821e-01
4.259553448411662613e-02 -1.147348444617643237e-01
4.523539031580547237e-02 -1.164957462845113423e-01
4.784281555643871836e-02 -1.177925851778398175e-01
5.040215154863810637e-02 -1.187025815719480321e-01
5.258701280578483017e-02 -1.193858218616744016e-01
5.383668997473519541e-02 -1.199069018748350340e-01
5.507259403978273515e-02 -1.204830701006460864e-01
5.640630358832130625e-02 -1.211562223682945416e-01
5.816559915961858063e-02 -1.222513862774518983e-01
5.992489473091584806e-02 -1.233465501866092551e-01
5.918883094673709627e-02 -1.224055499457773755e-01
5.731517686815029711e-02 -1.205362984012740279e-01
5.544399087685280419e-02 -1.187508790533836761e-01
5.358354440051634610e-02 -1.173302430475115232e-01
4.748266114067022092e-02 -1.129064596056360142e-01
2.673396318032827262e-02 -9.838860571962160240e-02
1.806940475214701509e-03 -8.482370024580258849e-02
-2.115552969226116437e-02 -7.708280152174261379e-02
-3.828467067084303371e-02 -5.088962268412410006e-02
-3.482406137801120904e-02 -4.327067931975076692e-02
-3.006374734004084448e-02 -4.047069147075740142e-02
-2.649349888915199930e-02 -3.646728312542036471e-02
-2.265781157533263215e-02 -3.384777551524397604e-02
-1.844683541456795112e-02 -3.216023388076682393e-02
-1.316295171902401133e-02 -2.647607219173833334e-02
-1.211470455075345544e-02 -2.570637814223582576e-02
-1.106645738248283016e-02 -2.493668409273326614e-02
-9.959567042060175554e-03 -2.409290869969006252e-02
-6.976095192774747419e-03 -2.087853031334888088e-02
-3.992623343489121526e-03 -1.766415192700749107e-02
-1.099559732060743575e-03 -1.454717894631291086e-02
-7.330398213738603111e-04 -1.398090495725717690e-02
-3.665199106869282582e-04 -1.341463096820136487e-02
3.686287386450715076e-18 -1.284835697914555458e-02
3.665199106869356308e-04 -1.228208299008974429e-02
7.330398213738675752e-04 -1.171580900103393399e-02
1.099559732060750731e-03 -1.114953501197819830e-02
1.374449665075953755e-03 -1.037434618384634744e-02
1.649339598091152659e-03 -9.599157355714486167e-03
1.924229531106351780e-03 -8.823968527582626634e-03
2.199119464121550467e-03 -8.048779699450767100e-03
2.474009397136713376e-03 -7.273590871319008180e-03
2.748899330151912280e-03 -6.498402043187147779e-03
