-2.047555251410033365e-03 -1.308162767688454556e-03
-3.893677470771339348e-03 -1.805981884105902326e-03
-3.894385611855513945e-03 -1.806729678760608240e-03
-3.894795069220693354e-03 -1.807162334724038595e-03
-3.895308364543748156e-03 -1.807704991619784804e-03
-3.896234954447328619e-03 -1.808685372755286470e-03
-3.898387667001556537e-03 -1.810966974236098270e-03
-2.422223447077999706e-02 -4.796386065918124830e-03
-2.427503887768828542e-02 -4.866159256978631192e-03
-2.431501194612809003e-02 -4.919762864448662225e-03
-2.436557833014792174e-02 -4.988778649955845357e-03
-2.444216146426369043e-02 -5.096543448435286554e-03
-2.448915351726579231e-02 -5.165096765987245084e-03
-2.449227170747260082e-02 -5.169722410451525058e-03
-2.449774092613610232e-02 -5.177860450487218116e-03
-5.318668897841174331e-02 -8.115848862570414560e-03
-5.318668915879998238e-02 -8.115848844914936785e-03
-5.318668929708023768e-02 -8.115848831380768208e-03
-5.318668953188520482e-02 -8.115848808399257416e-03
-5.318669008307463919e-02 -8.115848754451648883e-03
-5.318669284210874454e-02 -8.115848484411459021e-03
-5.318669645074548119e-02 -8.115848131216484018e-03
-5.318699776952214020e-02 -8.115818639616249192e-03
-5.318700414582108044e-02 -8.115818015534310287e-03
-5.318702901654182719e-02 -8.115815581305514323e-03
-7.424807671492607286e-02 -1.207994717074138691e-02
-7.809229646030876881e-02 -1.419523185556226426e-02
-7.960288346438373908e-02 -1.589860415972136135e-02
-7.985571063808841186e-02 -1.625739861913585646e-02
-8.737349343754995112e-02 -2.205612716270568749e-02
-8.922066051024478417e-02 -2.391772852794062793e-02
-8.751699888049375986e-02 -2.607333696042299712e-02
-8.468629843679810476e-02 -2.841523148972845830e-02
-8.340096536466752586e-02 -2.969703938586999367e-02
-8.238285847048000543e-02 -3.155268735446395412e-02
-8.227909034595541626e-02 -3.391368275412124517e-02
-8.235715629614843991e-02 -3.602736522312747353e-02
-8.254915771963175497e-02 -3.894434222606225210e-02
-8.270856778479121485e-02 -4.100719632357363587e-02
-8.311630970775932270e-02 -4.701976373459928332e-02
-8.197647059854812346e-02 -5.162234386040620571e-02
-8.317494168897758555e-02 -5.692863865599608747e-02
-8.438073825337485956e-02 -6.198017403234680478e-02
-8.384819208260155254e-02 -7.448443823040262757e-02
-8.356570709650393280e-02 -7.693594890181659762e-02
-8.392948844789108187e-02 -8.122384586746383972e-02
-8.382133830812790731e-02 -8.279149752772672899e-02
-8.530374552454965398e-02 -9.693065548620719007e-02
-8.772151382414875020e-02 -1.068959927210523797e-01
-8.772228714155176632e-02 -1.070985874754792344e-01
-8.772036704049329670e-02 -1.076260700594659642e-01
-8.890125667221696060e-02 -1.178733056495303994e-01
-8.961293655835178562e-02 -1.234696146647450421e-01
-8.930776909546021824e-02 -1.248431629727058539e-01
-8.838198515499398611e-02 -1.271112815326708445e-01
-8.804329589142513568e-02 -1.277297941021068306e-01
-8.423672254277873861e-02 -1.308806920782795979e-01
-8.355594202946484139e-02 -1.316593405280005735e-01
-8.247293207192275821e-02 -1.325739748381923599e-01
-6.005078679911809297e-02 -1.405299558919889391e-01
-5.895199600993358130e-02 -1.408365098414537109e-01
-4.999995197723899193e-02 -1.420406555646767655e-01
-3.662431525996250048e-02 -1.434352764749305398e-01
-2.792730054454233349e-02 -1.444108998768684204e-01
-2.324610371946114751e-02 -1.453732777230164197e-01
-2.434758346414281349e-02 -1.463820418616435526e-01
-2.095773253396090302e-02 -1.470448833689547985e-01
-1.824804073503004734e-02 -1.479745850985033639e-01
-3.651416118508984086e-03 -1.482694880374774427e-01
4.454796115545040132e-03 -1.495253251650583981e-01
5.372480091109804387e-03 -1.499252812417164182e-01
6.853594860067341310e-03 -1.505654959071472954e-01
8.750689414510785802e-03 -1.509837013650449922e-01
1.380327803179168950e-02 -1.515426139790390092e-01
2.259196621196742430e-02 -1.543107111912422613e-01
2.786085169615560436e-02 -1.555552045333548072e-01
2.953658036943874673e-02 -1.565880368792163801e-01
2.992912109828491790e-02 -1.567288978147438061e-01
3.617886746630542827e-02 -1.583966064405398222e-01
3.925554527632555551e-02 -1.598214643464617724e-01
4.923816199591583148e-02 -1.631108039623082595e-01
5.022427641907716012e-02 -1.636948429247050696e-01
5.065605104584421092e-02 -1.641090160401979248e-01
5.145798472865679984e-02 -1.646631992260891020e-01
5.257854280104620748e-02 -1.650235716693333188e-01
5.370601361333604551e-02 -1.652633374409827882e-01
5.487386140042513349e-02 -1.655046419278108083e-01
5.623648229295959838e-02 -1.659486176759143172e-01
5.761454358526667957e-02 -1.668454432787218333e-01
5.847547204315238500e-02 -1.674567379027493697e-01
5.917730491862482206e-02 -1.677603818803078961e-01
6.018477167547396645e-02 -1.680320634678501568e-01
6.152402094045462261e-02 -1.682857662986851355e-01
6.382976812134144584e-02 -1.687450012917426356e-01
6.547623081527356725e-02 -1.693596257127781002e-01
6.601099219780655336e-02 -1.697088096549045910e-01
6.636120280803363414e-02 -1.699758761618339886e-01
6.669126216604311097e-02 -1.702266025430683172e-01
6.706216598989996058e-02 -1.704639579061424104e-01
6.787524559323432349e-02 -1.707410578386190370e-01
1.238448539822223221e-01 -9.245822712799192655e-02
1.238398841430406044e-01 -9.250590390125285056e-02
1.238358104463563730e-01 -9.254431435075155532e-02
1.238339476413443940e-01 -9.256169427204306854e-02
1.238290046222638996e-01 -9.260729670628894961e-02
1.237810124229251907e-01 -9.302303972108150187e-02
1.236205095309562130e-01 -9.438384980320078943e-02
1.236342430835769834e-01 -9.580184502736720231e-02
1.239233143938026499e-01 -9.615525327121685062e-02
1.240703717262167244e-01 -9.618549826036436323e-02
1.241805554927421645e-01 -9.618201528769088071e-02
1.243109273542208904e-01 -9.615777340250192262e-02
1.247520074479888663e-01 -9.597206403932229124e-02
1.254688174726955319e-01 -9.548283532064903711e-02
1.257638474563783637e-01 -9.523659274080564785e-02
1.261457006401306979e-01 -9.486622206267593393e-02
1.262299098758578875e-01 -9.477463475490378875e-02
1.264074980938297843e-01 -9.456737734091509584e-02
1.264157365167075942e-01 -9.455726469855055272e-02
1.264553628428926602e-01 -9.450797377010475286e-02
1.264553642457589278e-01 -9.450797200585221713e-02
1.264562038026284529e-01 -9.450691592805869623e-02
1.265070885294760084e-01 -9.444198043358686956e-02
1.265071067520693315e-01 -9.444195684906778188e-02
1.265071122841943396e-01 -9.444194968908969923e-02
1.265071197811392656e-01 -9.444193998609948237e-02
1.265071310941973393e-01 -9.444192534399303840e-02
1.265071597719131802e-01 -9.444188822698842967e-02
1.265099063954980563e-01 -9.443833058646594614e-02
1.267822871518883843e-01 -9.405758578182692176e-02
1.267978244212288608e-01 -9.403416647884280111e-02
1.267981649785582532e-01 -9.403365116680979796e-02
1.270695669325245247e-01 -9.360132010214680665e-02
1.270698088624962474e-01 -9.360092090927571440e-02
1.270767434751612357e-01 -9.358947273176336512e-02
1.276461094963473319e-01 -9.266097102190107293e-02
1.278009794468327742e-01 -9.242455810467271882e-02
1.285600314314161441e-01 -9.137241686531684393e-02
1.296779719037365330e-01 -8.985982023249364237e-02
1.311431859050962434e-01 -8.699608543720302456e-02
1.219561571386540977e-01 -8.182565070356154213e-02
1.223020187722677898e-01 -7.817386431186941487e-02
1.224422336945032441e-01 -7.683177566732268815e-02
1.229441127266450023e-01 -7.251172113030290856e-02
1.231071174482184782e-01 -7.126363876854925616e-02
1.235580464382463051e-01 -6.824811890593114605e-02
1.239111723871512416e-01 -6.644391890330741957e-02
1.279841397307248385e-01 -6.633429730188233897e-02
1.301169206177323623e-01 -6.530104126086795635e-02
1.302498149470005528e-01 -6.509040603503105094e-02
1.274003888586095201e-01 -6.422361947984904507e-02
1.196895196184047799e-01 -6.537096488809210348e-02
1.161592453560573029e-01 -6.173371586257749011e-02
1.113207071309778168e-01 -6.039773044050633644e-02
1.064271820788365297e-01 -5.890673093231844210e-02
1.051963134190221777e-01 -5.864874651476570389e-02
1.033649779870549623e-01 -5.827480161210988469e-02
9.800958943829225778e-02 -5.541038031792737406e-02
9.684160717763121151e-02 -5.388728784927269977e-02
9.473882737474816074e-02 -5.341212302344808260e-02
9.225373272152527504e-02 -5.314090082780222046e-02
8.969900714793802021e-02 -5.114080503565810593e-02
8.760872662770893826e-02 -5.047277065128730894e-02
8.575202923579205994e-02 -4.963485261705909840e-02
8.509532183177913323e-02 -4.927898969196137929e-02
8.374161579834232816e-02 -4.848855332988424860e-02
8.306303287022973048e-02 -4.807808441339013472e-02
8.102118149982427686e-02 -4.687329650699401107e-02
7.552353980889570106e-02 -4.308894356183934349e-02
7.403865628967860879e-02 -4.124963351022503666e-02
7.206301194441479263e-02 -3.992333210129816318e-02
7.104223922441714467e-02 -3.919107171692690766e-02
7.052300485184616330e-02 -3.868258683813739773e-02
6.992195620924621102e-02 -3.804328388434375513e-02
6.923816358055340237e-02 -3.728456039450959991e-02
6.829284085769567192e-02 -3.623241520342457278e-02
6.581489966701263572e-02 -3.413591477630034676e-02
6.184956303921497478e-02 -3.113777814354531936e-02
5.765687830928171304e-02 -2.452302409910802131e-02
5.727751252358669748e-02 -2.406137599929663792e-02
5.392735307450866045e-02 -1.333077512690784838e-02
5.393111712326734142e-02 -1.323079689482056266e-02
4.265927902320102577e-02 -1.597377305592058774e-02
4.092741063660432221e-02 -1.484113825651669182e-02
3.848324447761163752e-02 -1.399882404317658730e-02
3.797269221070464357e-02 -1.065349435636736564e-02
3.795221226939004405e-02 -9.828801590603739383e-03
3.495321321278519605e-02 -9.417951679215986333e-03
2.727988293955552548e-02 -1.054574842563622827e-02
2.213721520587988087e-02 -9.509063110066362165e-03
2.122669807240344653e-02 -8.965654199527496940e-03
1.831671533804407961e-02 -7.364061329017668883e-03
1.588019905026805817e-02 -6.423795780491682074e-03
1.493805196043644298e-02 -5.782536091422901814e-03
1.425286305610928839e-02 -5.088319377727604405e-03
1.217518288069686233e-02 -3.340205163663306168e-03
1.081644414414301147e-02 -3.033920649456210011e-03
7.898556894505750006e-03 -2.419546841131600418e-03
4.622462905364721486e-03 -6.748648809004593021e-04
