-3.319474932214083480e-04 -3.319474932214083480e-04
-6.638949864428166960e-04 -6.638949864428166960e-04
-9.958424796642246103e-04 -9.958424796642246103e-04
-1.327789972885633392e-03 -1.327789972885633392e-03
-1.659737466107041306e-03 -1.659737466107041306e-03
-1.991684959328449654e-03 -1.991684959328449654e-03
-3.220978288462682769e-03 -2.024513463218920173e-03
-4.450271617596914149e-03 -2.057341967109390258e-03
-5.679564946731148131e-03 -2.090170470999860777e-03
-6.908858275865380379e-03 -2.122998974890330862e-03
-8.138151604999612626e-03 -2.155827478780801380e-03
-9.367444934133844006e-03 -2.188655982671271465e-03
-9.896374582778064838e-03 -2.454946468111739860e-03
-1.042530423142228393e-02 -2.721236953552206954e-03
-1.095423388006650477e-02 -2.987527438992675349e-03
-1.148316352871072386e-02 -3.253817924433142442e-03
-1.201209317735494296e-02 -3.520108409873609970e-03
-1.254102282599916379e-02 -3.786398895314079666e-03
-1.263950833767057448e-02 -5.285622900045504509e-03
-1.273799384934198517e-02 -6.784846904776932822e-03
-1.283647936101339586e-02 -8.284070909508355063e-03
-1.293496487268480655e-02 -9.783294914239782508e-03
-1.303345038435621724e-02 -1.128251891897120995e-02
-1.313193589602762792e-02 -1.278174292370263219e-02
-7.222567711369879719e-03 -2.655081970726376472e-02
-1.035476395121906826e-02 -3.471208151032263711e-02
-1.245020236984974681e-02 -3.494148646716516843e-02
-1.357006735268241268e-02 -3.487217813714751230e-02
-1.468993233551507856e-02 -3.480286980712985617e-02
-1.580979731834774443e-02 -3.473356147711220004e-02
-1.692966230118041204e-02 -3.466425314709454392e-02
-1.797819291543723691e-02 -3.456981600184615838e-02
-1.845604858108739962e-02 -3.427434833475193759e-02
-1.893390424673756234e-02 -3.397888066765771681e-02
-1.941175991238772505e-02 -3.368341300056349602e-02
-1.988961557803788777e-02 -3.338794533346926829e-02
-2.036747124368804354e-02 -3.309247766637504751e-02
-2.097543000197673105e-02 -3.283064990811278977e-02
-2.262421350137363077e-02 -3.283794142050622950e-02
-2.427299700077052702e-02 -3.284523293289966922e-02
-2.592178050016742327e-02 -3.285252444529311588e-02
-2.757056399956430912e-02 -3.285981595768655561e-02
-2.921934749896120537e-02 -3.286710747007999533e-02
-3.075869894136320712e-02 -3.294735492403447902e-02
-3.142259392780602512e-02 -3.361124991047729355e-02
-3.208648891424883270e-02 -3.427514489692010807e-02
-3.275038390069165417e-02 -3.493903988336292954e-02
-3.341427888713446870e-02 -3.560293486980574407e-02
-3.407817387357729016e-02 -3.626682985624855859e-02
-3.464114789662644384e-02 -3.689708369696163837e-02
-3.239874488242050488e-02 -4.341100928346748600e-02
-3.365357722706627946e-02 -5.091079479746316028e-02
-3.705725420031735079e-02 -5.311115059620390849e-02
-3.837042775217613944e-02 -5.374584613683299622e-02
-3.990493066773886932e-02 -5.542671431477558946e-02
-4.145889110978105002e-02 -5.719955371358087515e-02
-4.237238419638723885e-02 -5.956328695427649811e-02
-4.895822594320495269e-02 -6.643167910737095283e-02
-5.201239709706861891e-02 -6.784833546280941152e-02
-5.400408205639708331e-02 -6.935253247127455556e-02
-5.599576701572551996e-02 -6.997331999596705099e-02
-6.389680126890935619e-02 -7.712822152778567308e-02
-6.758943634114654431e-02 -7.980147809212849441e-02
-6.895734633031608274e-02 -8.054562424321912162e-02
-7.032525631948566280e-02 -8.128977039430977658e-02
-7.169316630865515960e-02 -8.203391654540037603e-02
-7.306107629782473967e-02 -8.277806269649101711e-02
-7.416922156177824244e-02 -8.333517528586704970e-02
-7.498996755527995162e-02 -8.368535712611205324e-02
-7.581071354878167468e-02 -8.403553896635705678e-02
-7.663145954228339773e-02 -8.438572080660206032e-02
-7.745220553578514855e-02 -8.473590264684707773e-02
-7.827295152928684385e-02 -8.508608448709206740e-02
-7.901923290327576843e-02 -8.545012340557431307e-02
-8.009890050749085555e-02 -8.606707890850945342e-02
-8.142669048037647073e-02 -8.682581921646695400e-02
-8.274342596049630294e-02 -8.753518593853756857e-02
-8.385233697661884089e-02 -8.731632924593443756e-02
-8.496124799274135109e-02 -8.709747255333130656e-02
-8.607089664971978582e-02 -8.686387653704040479e-02
-9.175994950195995314e-02 -8.544777880961602901e-02
-9.555119321341998262e-02 -8.829590933096682914e-02
-9.419532858458061486e-02 -9.170003664745383920e-02
-9.415155724605998866e-02 -9.360415666558107028e-02
-9.416821398619207306e-02 -9.540511041351421029e-02
-9.472268062633332208e-02 -9.628788435672014367e-02
-9.527714726647457111e-02 -9.717065829992607706e-02
-9.579329256458968267e-02 -9.803132325760038901e-02
-9.616291720098608942e-02 -9.943287934009077678e-02
-9.349276704918671466e-02 -1.032965955909716793e-01
-9.045914706432763019e-02 -1.081014893993865328e-01
-9.231707704655456315e-02 -1.136173486764710250e-01
-9.523528344921607103e-02 -1.173799847414808278e-01
-9.698620378252108265e-02 -1.193570644118624041e-01
-9.851221651929951972e-02 -1.211484411976465891e-01
-9.867271884859514508e-02 -1.218123361840894037e-01
-9.883322117789077044e-02 -1.224762311705322182e-01
-9.906491034759105918e-02 -1.231267136872658957e-01
-1.003994063304407408e-01 -1.242705609935355615e-01
-1.022654930912785115e-01 -1.248161901115078104e-01
-1.015973319881814108e-01 -1.260228902096308112e-01
-1.007500074790320527e-01 -1.275166309902956707e-01
-1.005207158107813414e-01 -1.290103508561435963e-01
-9.925678501475825033e-02 -1.305041145756399290e-01
-1.004605715439457342e-01 -1.328810688480024094e-01
-1.019471324703527942e-01 -1.352204486397053651e-01
-1.027645833681774951e-01 -1.370718138994279356e-01
-1.019438373746757581e-01 -1.377448316254225591e-01
-9.945892975661031754e-02 -1.389913786665340212e-01
-9.552508612449311931e-02 -1.408992862905439070e-01
-9.403374430706616660e-02 -1.439189520444675852e-01
-9.257442105037641533e-02 -1.444512948563039245e-01
-9.058273609104795787e-02 -1.458168758794052555e-01
-8.859105113171952817e-02 -1.465594760207203084e-01
-8.659936617239105683e-02 -1.477230077679888287e-01
-8.460768121306262712e-02 -1.486367140507935947e-01
-8.261599625373416966e-02 -1.496291396565724297e-01
-7.798732394623218711e-02 -1.507139520808669364e-01
-7.199816438556376486e-02 -1.521334663448409841e-01
-6.780358854927870382e-02 -1.532586241257052895e-01
-6.560397859989731961e-02 -1.557208621062104170e-01
-6.346604948172589189e-02 -1.581386638594173832e-01
-6.219719105362842004e-02 -1.609833781815543097e-01
-5.212071628340025908e-02 -1.681126725560383450e-01
-4.279155288567321191e-02 -1.789599790971077020e-01
-4.167643219293080264e-02 -1.828513804935878728e-01
-4.281454265486706046e-02 -1.856966399503085507e-01
-4.398360164851851384e-02 -1.883968720182626899e-01
-4.922795084399021748e-02 -1.913468900823969698e-01
-5.469559404661619717e-02 -1.989585840351816848e-01
-4.329759160450047384e-02 -1.956691589722253932e-01
-4.110428241239334757e-02 -1.967296636565223911e-01
-3.853226188304145067e-02 -1.981397095804613151e-01
-3.570824749497807094e-02 -2.010977137313132712e-01
-3.605382571414362386e-02 -2.047218015030012328e-01
-3.224399750114397695e-02 -2.072060331002090749e-01
-2.697152293690963099e-02 -2.074467963768894252e-01
-2.564174639374941500e-02 -2.088309632508734415e-01
-2.542290083322626751e-02 -2.102317017439334634e-01
-2.537914062678563523e-02 -2.118924208570941714e-01
-2.542821353406761117e-02 -2.187771400608404804e-01
-2.175477758911977325e-02 -2.430179405000393866e-01
-2.278766189628277095e-02 -2.529829919202974398e-01
-2.205468155875784861e-02 -2.552931353279214166e-01
-2.195619604708643618e-02 -2.607757292513098735e-01
-2.165254697587106619e-02 -2.649985120916105719e-01
-2.085367551954967619e-02 -2.661803716279074195e-01
-2.020226904017684982e-02 -2.668108663263512037e-01
-1.990681250516261255e-02 -2.661104803817011533e-01
-1.916898060477652266e-02 -2.649709375921394661e-01
-1.758221088698207202e-02 -2.630379763787727421e-01
-1.667939363375418524e-02 -2.619381881022020409e-01
-1.583294855892408010e-02 -2.607895343798401488e-01
-1.509427382514853984e-02 -2.595474614228774346e-01
-1.435559909137300305e-02 -2.583053884659147204e-01
-1.361692435759739861e-02 -2.570633155089519506e-01
-1.306240829776773860e-02 -2.559753398872615104e-01
-1.285996029106984719e-02 -2.551819621124151727e-01
-1.237122217389008752e-02 -2.532666359690992630e-01
-1.055263296234774072e-02 -2.492116402237722073e-01
-8.187806079126874054e-03 -2.423739962249529256e-01
-2.683001294808434137e-03 -2.317446396179715096e-01
2.530881759080970406e-03 -2.193130593063755962e-01
4.746297238033647496e-03 -2.182271215299948219e-01
6.737982197362105824e-03 -2.169921946937141410e-01
9.401729041817007484e-03 -2.156688238192487339e-01
1.400652000171845324e-02 -2.117557782859104398e-01
1.653827815909692314e-02 -2.101191496685195503e-01
1.850805518500504496e-02 -2.101410242056998834e-01
2.011383647140792957e-02 -2.105269069638085466e-01
2.153215757880852163e-02 -2.119452280712091352e-01
2.982209340779267553e-02 -2.108239456035244375e-01
3.414435791225635397e-02 -2.007070438414731428e-01
3.639181995081408605e-02 -1.975821320299665229e-01
3.827406543176102571e-02 -1.951745970905320593e-01
3.956825372720051276e-02 -1.933374429429239871e-01
4.013732565628862214e-02 -1.920096529700383858e-01
4.198371133423019208e-02 -1.880263498438614067e-01
4.405829655590830923e-02 -1.838148384032182170e-01
5.463018329393813655e-02 -1.713739590941374402e-01
6.093218196385728064e-02 -1.633588284424429271e-01
6.226967168910749195e-02 -1.611337334512711605e-01
6.326674240826396511e-02 -1.541373324983645321e-01
6.279011869279935154e-02 -1.455067273601545197e-01
6.062400753345804916e-02 -1.429475282882650689e-01
5.252774358411051170e-02 -1.297784564480621017e-01
5.703947305398185397e-02 -1.141479447637562400e-01
6.044227733962881377e-02 -1.065844574400287847e-01
6.481958930497137839e-02 -1.000679914903801065e-01
6.452774259989572936e-02 -9.679651336438221954e-02
6.074335962306679632e-02 -9.682130079582673687e-02
3.281657502342169574e-02 -9.039325527085974310e-02
2.651831808172196159e-02 -7.010419817373068907e-02
3.651963039720095699e-02 -6.854514160040324489e-02
2.845252777472656244e-02 -5.088625159710678802e-02
4.843496758331212321e-02 -4.158446367075401690e-02
4.121236276500879481e-02 -2.370311490363863349e-02
2.626387179205528707e-02 -5.187103992134224802e-03
1.991684959328455292e-03 -5.204170427930421283e-18
