0.000000000000000000e+00 -2.448118902924151675e-03
-1.472277747330287198e-03 -4.896237805848303350e-03
-2.248613979969898199e-03 -5.237946493328982968e-03
-2.987626355271067076e-03 -5.563226878526938805e-03
-3.726638730572233351e-03 -5.888507263724892908e-03
-4.465651105873401361e-03 -6.213787648922847878e-03
-5.204663481174570672e-03 -6.539068034120803716e-03
-6.009387306499425381e-03 -6.847920117036032303e-03
-8.049486392269551704e-03 -6.847920117036032303e-03
-1.008958547803968063e-02 -6.847920117036032303e-03
-1.212968456380980956e-02 -6.847920117036032303e-03
-1.416978364957993154e-02 -6.847920117036032303e-03
-1.620988273535006047e-02 -6.847920117036032303e-03
-1.818369426348351997e-02 -6.831347567961660976e-03
-1.891129970804774491e-02 -6.503211096289112161e-03
-1.963890515261196637e-02 -6.175074624616562480e-03
-2.036651059717618784e-02 -5.846938152944014533e-03
-2.109411604174041277e-02 -5.518801681271465719e-03
-2.182172148630463424e-02 -5.190665209598917772e-03
-2.253318624261581651e-02 -4.875211021394331573e-03
-2.294120605976984056e-02 -4.798183762387449314e-03
-2.334922587692386461e-02 -4.721156503380567054e-03
-2.375724569407788866e-02 -4.644129244373683928e-03
-2.416526551123191618e-02 -4.567101985366801668e-03
-2.457328532838594023e-02 -4.490074726359918542e-03
-2.498144939233161443e-02 -4.437400547640225033e-03
-2.717693780667039538e-02 -6.602366340866679638e-03
-3.182762183634935127e-02 -6.847920117036032303e-03
-3.294734916661025415e-02 -6.574610091760971914e-03
-3.351515308988866487e-02 -6.326374380731329336e-03
-3.408295701316707560e-02 -6.078138669701687626e-03
-3.465076093644547939e-02 -5.829902958672047650e-03
-3.521856485972389011e-02 -5.581667247642405072e-03
-3.577022897430286869e-02 -5.334583751838717532e-03
-3.617824879145689621e-02 -5.097754971546020197e-03
-3.658626860861091679e-02 -4.860926191253325465e-03
-3.699428842576494431e-02 -4.624097410960628131e-03
-3.740230824291896489e-02 -4.387268630667930797e-03
-3.781032806007299241e-02 -4.150439850375234330e-03
-3.821834787722701993e-02 -3.978747292046854941e-03
-3.878916348001320430e-02 -4.549562894833040182e-03
-3.940119320574424211e-02 -5.161592620564077125e-03
-4.001322293147527992e-02 -5.773622346295114935e-03
-4.062525265720631773e-02 -6.385652072026153613e-03
-4.123728238293735554e-02 -6.501219083278623502e-03
-4.184931210866839335e-02 -6.616786094531092524e-03
-4.246134183439943116e-02 -6.732353105783562414e-03
-4.307337156013046897e-02 -6.847920117036032303e-03
-4.370526802706242026e-02 -7.291758171663014279e-03
-4.442432262736428078e-02 -7.796815268307506763e-03
-4.452654012578206866e-02 -8.933722919185635436e-03
-4.454367664462963172e-02 -1.015778237064771626e-02
-4.562144240728994993e-02 -1.138184182210979015e-02
-4.684550185875203249e-02 -1.260590127357187097e-02
-5.137940773186089327e-02 -1.316799144070459476e-02
-5.636984414588647185e-02 -1.363877549965396112e-02
-5.938583082768094518e-02 -1.380216085006929529e-02
-6.139169170607879089e-02 -1.389061245497455292e-02
-6.339755258447667130e-02 -1.397906405987981229e-02
-6.540341346287452395e-02 -1.406751566478506993e-02
-6.740927434127236273e-02 -1.415596726969032756e-02
-6.909233904568157225e-02 -1.430897810939332077e-02
-6.950035886283559283e-02 -1.471699792654734308e-02
-6.990837867998962729e-02 -1.512501774370136540e-02
-7.031639849714364787e-02 -1.553303756085539465e-02
-7.072441831429768233e-02 -1.594105737800941697e-02
-7.113243813145171679e-02 -1.634907719516344796e-02
-7.147301729618950328e-02 -1.682454118294812381e-02
-7.164462524146084088e-02 -1.854058035210620278e-02
-7.186719100454198872e-02 -2.076618573743349919e-02
-7.147258983313621583e-02 -2.274772766222412160e-02
-7.095901672255221226e-02 -2.468222120908000056e-02
-6.847920117036032650e-02 -2.932430214901224699e-02
-6.624531091778164404e-02 -3.708774257976875377e-02
-6.505524111184231295e-02 -4.326365489124121833e-02
-6.547014871329742691e-02 -4.733007749417925125e-02
-6.681689797703703471e-02 -4.953281677254837284e-02
-6.895679350196468049e-02 -5.071184008881914063e-02
-7.154527719873247926e-02 -5.141565044190482547e-02
-7.471818029006911666e-02 -5.159823099434167337e-02
-7.532712128739635360e-02 -5.593607205456625070e-02
-7.532712128739635360e-02 -6.083236210589886700e-02
-7.600414993677356845e-02 -6.369761212179816945e-02
-7.677456184813383211e-02 -6.628271868453422533e-02
-7.905921571308580087e-02 -6.796561856059737949e-02
-8.344191840506594293e-02 -6.847920117036032650e-02
-8.685654077066426448e-02 -6.996084510814720714e-02
-8.787282943027860393e-02 -7.229691169603486012e-02
-8.559900146295040813e-02 -7.960329174278135689e-02
-8.638837901284056320e-02 -8.823358397157826660e-02
-8.625811888266246563e-02 -9.546478329416156761e-02
-8.752450878650816501e-02 -9.787057174470212284e-02
-8.902296152146842168e-02 -1.000442973641281069e-01
-8.902296152146842168e-02 -1.037164757185143199e-01
-8.998545685835275532e-02 -1.064261587360162270e-01
-9.126563666752443571e-02 -1.090345551746386005e-01
-9.244692157998643522e-02 -1.121803312495204125e-01
-9.244692157998643522e-02 -1.176886771493262235e-01
-9.397441594369453088e-02 -1.210693652812790122e-01
-9.470776416967349731e-02 -1.237153140852670918e-01
-9.248219836425859708e-02 -1.267692805954805380e-01
-9.167498030081329408e-02 -1.304414589498667787e-01
-8.905071653919910402e-02 -1.341136373042530194e-01
-8.801032371296851897e-02 -1.377858156586392602e-01
-8.593622231610370532e-02 -1.425404977550591146e-01
-8.549660664652532216e-02 -1.490057540022517446e-01
-8.363210674438710523e-02 -1.526211372933560240e-01
-8.238687309528640312e-02 -1.586779119577506614e-01
-8.151602425383157324e-02 -1.642912955566615818e-01
-8.080927900626799776e-02 -1.677740428673827888e-01
-7.836116010334390203e-02 -1.677740428673827888e-01
-7.595558063474051880e-02 -1.678165823017035707e-01
-7.334826182519812998e-02 -1.697840311390396983e-01
-7.183310478403312493e-02 -1.755433263486653461e-01
-6.941219627924577473e-02 -1.780459230429368434e-01
-6.603572736594864878e-02 -1.813765251706156434e-01
-6.505524111184231295e-02 -1.878974191644533498e-01
-6.388303398420899781e-02 -1.922075534064850433e-01
-6.105258262724070489e-02 -1.956885655338492513e-01
-5.922368529603082993e-02 -1.989714064933497673e-01
-5.816006574586299327e-02 -2.021883217435676838e-01
-5.804596160817068057e-02 -2.053383064824618742e-01
-5.623090915438728327e-02 -2.074140153514999474e-01
-5.499466489497772254e-02 -2.110739867331877517e-01
-5.429101849068448254e-02 -2.152666277415662965e-01
-5.231048506206031901e-02 -2.181823595608629596e-01
-5.144032754974105226e-02 -2.237864012449969353e-01
-5.050099912714870604e-02 -2.283936993579631092e-01
-4.410629961489342249e-02 -2.255761827163482725e-01
-3.246671393134502315e-02 -2.173605570913179075e-01
-1.562709825502706790e-02 -2.164015410925945182e-01
-1.228673994282197812e-02 -2.170833082490773169e-01
-1.095996586924309971e-02 -2.182046530784226002e-01
-9.440637633049373326e-03 -2.191334437451530337e-01
-6.201207569584059852e-03 -2.191334437451530337e-01
-2.559013373591618318e-03 -2.203874873550088764e-01
8.365399179725905958e-05 -2.221164308069654703e-01
2.531850999081749175e-03 -2.225574038036710611e-01
5.661324899668153908e-03 -2.248552942467744731e-01
7.194128248951756066e-03 -2.297515320526228033e-01
1.161228222863974063e-02 -2.327202239055616295e-01
1.487644076587197467e-02 -2.340098845110250014e-01
1.814065383542785501e-02 -2.349867937965199327e-01
2.140486233130500099e-02 -2.330077376661350563e-01
2.466902086853720727e-02 -2.335305844381362073e-01
2.793317940576938579e-02 -2.359012853843409363e-01
3.162596482162803591e-02 -2.370635683327090015e-01
3.442636077636027081e-02 -2.419224553668784528e-01
4.685897486091331055e-02 -2.432490410400745817e-01
4.910168541779764279e-02 -2.433004088002298504e-01
5.134439597468197503e-02 -2.433517765603850913e-01
5.204651512209077652e-02 -2.437882783990996671e-01
5.253613890267561787e-02 -2.442779021796845362e-01
5.302576268326045922e-02 -2.447675259602693776e-01
5.351538646384525200e-02 -2.452571497408541634e-01
5.400501024443009335e-02 -2.457467735214390048e-01
5.419072869231740530e-02 -2.435012676728254000e-01
5.433452916328090909e-02 -2.408785025650123368e-01
5.504206157614109640e-02 -2.277770200479964091e-01
6.705166455594141484e-02 -2.177999637789591880e-01
6.966205582214582415e-02 -2.122720041855251649e-01
7.377875300565119032e-02 -2.069859717928261289e-01
7.822987828369515340e-02 -2.055704062548279476e-01
8.023012145320128352e-02 -2.047657899109540103e-01
8.141139185302877224e-02 -2.028655171563089055e-01
8.222648209717278722e-02 -2.004416945145088003e-01
8.244253300668247242e-02 -1.954211678679244890e-01
8.716455481490213708e-02 -1.917971033827132465e-01
9.168987395796143747e-02 -1.890748508405158679e-01
9.587280891636949798e-02 -1.883615479930755288e-01
9.973961647624161875e-02 -1.873321177470993193e-01
1.022216358379526013e-01 -1.849178993029621798e-01
1.027188017555404898e-01 -1.800902005360753289e-01
1.057768611805114944e-01 -1.754077625102333227e-01
1.094278375433651584e-01 -1.741926366847636187e-01
1.106794655471930872e-01 -1.702513228424347158e-01
1.145936001275828092e-01 -1.677740428673827888e-01
1.185188617647516124e-01 -1.655148865578722761e-01
1.198386020481305714e-01 -1.613522601404422940e-01
1.243088069548519969e-01 -1.576277027855270130e-01
1.289824884967980811e-01 -1.552061963601972516e-01
1.285344280571224518e-01 -1.527580774572731837e-01
1.268815846387596480e-01 -1.486377821958697887e-01
1.287175162879015677e-01 -1.384011693054087999e-01
1.262775117947396164e-01 -1.335344422822026256e-01
1.198856377604934353e-01 -1.234503862058724255e-01
1.281207641444683520e-01 -1.115564399517927768e-01
1.299168002974341041e-01 -1.066602021459444466e-01
1.315745125727471598e-01 -1.017638767365568048e-01
1.359616619359459710e-01 -9.686762204327910297e-02
1.345140841648453656e-01 -9.348189934647635480e-02
1.199207224502576163e-01 -8.549020947722675567e-02
1.096445412575624556e-01 -6.939636589750566853e-02
1.061955033665845372e-01 -5.426125650753201024e-02
9.708099787844652606e-02 -4.451701456021175951e-02
8.219527360015718709e-02 -3.724315759130270020e-02
6.948931536364919004e-02 -2.840179466143308643e-02
2.403616199404828152e-02 -1.027188017555404759e-02
2.448118902924166854e-03 -2.448118902924154711e-03
