1.049691529265257898e-04 -4.518248430659420659e-04
1.666310472098067944e-04 -7.219845787345357223e-04
4.059239195465962394e-04 -1.809287985952390395e-03
8.234219948948043061e-04 -3.915739661570130821e-03
1.005200505941855182e-03 -4.969879949745562540e-03
1.255180744675608341e-03 -6.708826314806048616e-03
1.474481190098028607e-03 -9.574797806171961995e-03
1.366632689414820807e-03 -1.166512356836731101e-02
-1.612305616555247817e-02 -2.194495090788506700e-02
-1.612514046903127871e-02 -2.194783293780298850e-02
-1.612714823405694831e-02 -2.195061004051249501e-02
-1.613172018522400844e-02 -2.195693717035268264e-02
-1.613393715241085227e-02 -2.196000687207025695e-02
-1.779219768583474581e-02 -2.415477433921464634e-02
-4.993776043787903629e-02 -3.437943073755533874e-02
-4.934275946307190713e-02 -3.508079552455593830e-02
-4.611028355390487526e-02 -3.618241552227028507e-02
-4.528622122904479158e-02 -3.664496800536707483e-02
-4.456974469222858837e-02 -3.717674956613247622e-02
-4.424753228492003809e-02 -3.748254891894173962e-02
-4.401408464692262157e-02 -3.774680175068093058e-02
-4.322024427573448874e-02 -3.955472773825427502e-02
-4.315505170437296256e-02 -4.163684240154143235e-02
-4.336579841219758563e-02 -4.321776205759418621e-02
-4.402598585358226402e-02 -4.660609891613352179e-02
-6.827023203345476687e-02 -4.738596791124842500e-02
-7.024245309065273168e-02 -4.899544288822704069e-02
-6.990466512472870431e-02 -5.001874831670621857e-02
-6.896408425359815131e-02 -5.085573981857252623e-02
-6.817632942751246372e-02 -5.162053516689507626e-02
-6.775796386826078710e-02 -5.279309478719819426e-02
-6.490569742564315792e-02 -5.616062746101923436e-02
-6.356647528938368097e-02 -5.758224678089794712e-02
-5.997419377843073163e-02 -5.954325946582678802e-02
-5.626203751030951078e-02 -6.165632364195280241e-02
-5.452604022668462724e-02 -6.300292384914582544e-02
-5.208539618872546489e-02 -6.534314379940912854e-02
-5.155054992658606589e-02 -6.719154546779945725e-02
-4.897961133023130686e-02 -6.957358510197511614e-02
-4.865206684137930726e-02 -7.356911352945340321e-02
-4.513385807005500239e-02 -7.872378683400479971e-02
-4.438485696893540444e-02 -7.984873928375575691e-02
-4.303525343203751935e-02 -8.210480041496481807e-02
-4.136557936755666520e-02 -8.586138876649644647e-02
-4.135942021845577521e-02 -8.748799809060824051e-02
-4.248512970119571602e-02 -8.934088353236967206e-02
-4.257704789529544870e-02 -8.978432003502716252e-02
-4.260099307679013347e-02 -9.001276987675888019e-02
-6.103934744409434537e-02 -1.080985046798114552e-01
-6.105424817458985493e-02 -1.081973254905894410e-01
-6.106249878691435984e-02 -1.082444484520464212e-01
-6.381084424513708275e-02 -1.130687244344933673e-01
-6.210322750365249861e-02 -1.149220058457410681e-01
-6.118636509624958419e-02 -1.166809508340091173e-01
-6.097995317078386268e-02 -1.229353840368858641e-01
-6.421673968829098855e-02 -1.282492256038835488e-01
-6.446820203031930485e-02 -1.290837446921209442e-01
-6.424995460847096607e-02 -1.299645607000506908e-01
-5.670617847132079781e-02 -1.306245125692263864e-01
-3.508743555331315239e-02 -1.304463096028572744e-01
-3.476399770988325422e-02 -1.305524134371148226e-01
-3.132283687878419792e-02 -1.309351134407165662e-01
-2.528843324322344044e-02 -1.363498195358168186e-01
-2.351341932603875570e-02 -1.379946362194437448e-01
-2.072027687760885986e-02 -1.403632320432568747e-01
-1.910795741114609120e-02 -1.418602955513134922e-01
-1.764733220140522058e-02 -1.440025365801854973e-01
-1.629889599784696205e-02 -1.473020932153627782e-01
-1.359155233128115856e-02 -1.495860402095675612e-01
-1.216398984242613585e-02 -1.508057623931010893e-01
-1.064526847886874093e-02 -1.597146649038281296e-01
-8.583878143763738408e-03 -1.663201613236418297e-01
-1.661817550659655876e-02 -1.754297131607634452e-01
-1.640497220616727106e-02 -1.755321066347736714e-01
-1.618796922291878410e-02 -1.755974811589233464e-01
-1.591388679805145340e-02 -1.756250368640125681e-01
-1.586332746718528350e-02 -1.756247735073369065e-01
-1.548060306113822372e-02 -1.755918061994287405e-01
-1.429304853203892771e-02 -1.756790335500428291e-01
-5.457144940520498866e-03 -1.941856743152373665e-01
-1.113489615008120390e-04 -1.921302185502539728e-01
9.511823083264048413e-05 -1.921776986975424761e-01
1.243851909784573551e-04 -1.921865731701136448e-01
1.946553914050040690e-04 -1.922097078192057384e-01
3.211401715206301964e-04 -1.922570105962582709e-01
4.234733641892826292e-04 -1.922996741482526917e-01
5.377227712173941179e-04 -1.923509967713943891e-01
1.719184471191027158e-02 -1.758538876659601069e-01
1.742935091883073689e-02 -1.760065328957357567e-01
1.757978663843755285e-02 -1.761007269635909700e-01
1.772019481929019286e-02 -1.761871476625976318e-01
1.787540579168303209e-02 -1.762811908687600959e-01
1.809563879479468909e-02 -1.764122808318286384e-01
1.864170672109721413e-02 -1.767277782261547359e-01
2.581210068894776097e-02 -1.711947663596616320e-01
2.729093398267653375e-02 -1.708250612814183056e-01
2.729460547846762966e-02 -1.708269069107268279e-01
2.729701080230707150e-02 -1.708281241953477914e-01
2.729968828771561079e-02 -1.708294867958734531e-01
2.730602022707540044e-02 -1.708327409249136841e-01
2.732050311138798510e-02 -1.708403512951712500e-01
2.733441213422303437e-02 -1.708478783524382816e-01
2.735139924665351899e-02 -1.708573594873089296e-01
4.840989246195050166e-02 -1.433977710566214647e-01
5.484877457535358020e-02 -1.399421541139324876e-01
7.283303264599901017e-02 -1.316518864518324283e-01
7.472754669395868798e-02 -1.322449583326189837e-01
7.682748732284939985e-02 -1.329149874465915537e-01
7.936007591864281674e-02 -1.342214063319326911e-01
8.060765316327991870e-02 -1.350783502195904984e-01
8.148314923495600381e-02 -1.358550441735607017e-01
8.239163919680167480e-02 -1.372128425617715197e-01
8.345963902858639927e-02 -1.386788331249191875e-01
8.820498363048730195e-02 -1.333751364192110045e-01
8.971438751876500972e-02 -1.316948033187457512e-01
9.952826185410583448e-02 -1.252721181115889204e-01
9.959281846548620476e-02 -1.251849754601082054e-01
9.968876776186376409e-02 -1.250542471103066045e-01
9.975120839885108504e-02 -1.249685899444531595e-01
9.980937270490491953e-02 -1.248885217772918443e-01
9.980938100395260471e-02 -1.248885103391342982e-01
9.980939657311309332e-02 -1.248884888809394661e-01
1.183506313994372033e-01 -1.052018356395894028e-01
1.182956095093049970e-01 -1.049039917075384326e-01
1.182534089970484620e-01 -1.046590794311761941e-01
1.182142203904021499e-01 -1.044135624925903033e-01
1.181669685929993413e-01 -1.040818001100582979e-01
1.181092446043115057e-01 -1.035620072726278346e-01
1.181177913902904664e-01 -1.019125509732277113e-01
1.191221116257926982e-01 -9.717016859724537936e-02
1.190912405095056470e-01 -9.679445197323063854e-02
1.190490163530243811e-01 -9.635756105841197794e-02
1.196101873631356949e-01 -9.326573403917913507e-02
1.201146092300828944e-01 -9.243454902049350053e-02
1.208976849172800766e-01 -9.034826684425319165e-02
1.219086941776653388e-01 -8.587493590986931824e-02
1.223426637367771436e-01 -8.426650238717281471e-02
1.226243164508065420e-01 -8.207276470293924098e-02
1.228500802674714898e-01 -8.025379571454299699e-02
1.245222142829862377e-01 -7.713956273910931027e-02
1.248645140413460336e-01 -7.636319688586033771e-02
1.259987243574790527e-01 -7.412348230868719134e-02
1.272980884574648475e-01 -7.217345980858978771e-02
1.152552092251509647e-01 -7.009243701947487359e-02
1.124784028481357750e-01 -6.781148693753229206e-02
1.126337195189847373e-01 -6.696466769260592256e-02
1.127923991394129133e-01 -6.662921969532897837e-02
1.131795557465931495e-01 -6.597534917098588081e-02
1.132993415610479282e-01 -6.578062049141149281e-02
1.134894175209743561e-01 -6.539745689299740483e-02
1.082454727988399201e-01 -6.753386772732511423e-02
1.048475905041043599e-01 -6.997138410926666274e-02
1.029677683094945562e-01 -7.005194948992386761e-02
1.005484947211435359e-01 -6.943677858029231875e-02
1.065936455978910291e-01 -4.222562869136722158e-02
9.930447319622118241e-02 -4.462655372071498705e-02
9.508589045826530695e-02 -4.416256374300080861e-02
8.954437200606481240e-02 -4.150533330167548163e-02
8.733133245430282909e-02 -3.993215533769708947e-02
8.490594113508187490e-02 -3.761626989779118246e-02
8.281492211684686466e-02 -3.721007918862491437e-02
8.076212205265412281e-02 -3.640239985762176722e-02
7.918379759600871481e-02 -3.563394493362953552e-02
7.743649066846594597e-02 -3.471553675452474647e-02
7.677843984760045204e-02 -3.436057803548427103e-02
7.530251918040549441e-02 -3.356368431016214932e-02
7.456843118802392034e-02 -3.317641746922554702e-02
6.522370054970817732e-02 -3.165461051280137744e-02
5.156264642292743283e-02 -3.042829066416359238e-02
5.040793156303983308e-02 -2.866913649628496236e-02
4.333706064807921199e-02 -2.759655381884016170e-02
4.141134774413628844e-02 -2.599062329252503287e-02
4.006777922518845597e-02 -2.314408562608547340e-02
4.813602579269043308e-02 -4.573150928234104816e-03
3.989749915158414401e-02 -1.314238386183322338e-02
3.887807819381973451e-02 -1.372437240742604980e-02
3.885251613393609499e-02 -1.373743174128412223e-02
3.884496940286401995e-02 -1.374129519781071632e-02
3.883860993751628299e-02 -1.374455424357940402e-02
3.883815459985438118e-02 -1.374478771814617931e-02
3.883808694509720966e-02 -1.374482240964000970e-02
3.883791355298053805e-02 -1.374491132210147945e-02
2.715138851681792725e-02 -1.940794362345028140e-02
2.570218619842487215e-02 -1.722125190621516533e-02
2.434894266769304511e-02 -1.516568457179986312e-02
2.443987724552748250e-02 -9.850129009966832050e-03
2.426444971111353655e-02 -9.012935659508726841e-03
2.357983989183448301e-02 -8.567946876859315955e-03
2.232037902757638345e-02 -8.159387471482461296e-03
2.111793928161794995e-02 -7.963311867380419920e-03
2.108129790639037132e-02 -7.955354853245891894e-03
5.788598718030196766e-03 -9.194351378996009835e-03
5.431927618716751900e-03 -8.180142177101343628e-03
5.245029405467589202e-03 -7.591324954927094852e-03
4.937390046761037585e-03 -6.667003101532317615e-03
4.420475952441848579e-03 -5.274016575908352551e-03
4.216739433532297465e-03 -4.768037339064675785e-03
4.141981954278299051e-03 -4.587175599545760020e-03
3.920019030537712397e-03 -4.063392165155474238e-03
