-3.007689923224004429e-04 -3.007689923224004429e-04
-6.015379846448008858e-04 -6.015379846448008858e-04
-9.023069769672007866e-04 -9.023069769672007866e-04
-1.203075969289601772e-03 -1.203075969289601772e-03
-1.503844961612001456e-03 -1.503844961612001456e-03
-1.804613953934402007e-03 -1.804613953934402007e-03
-4.797354172397549563e-03 -1.836186837869645044e-03
-7.790094390860694516e-03 -1.867759721804888081e-03
-1.078283460932384294e-02 -1.899332605740131118e-03
-1.377557482778699049e-02 -1.930905489675374155e-03
-1.676831504625013458e-02 -1.962478373610617409e-03
-1.976105526471327867e-02 -1.994051257545860229e-03
-2.045564856901945297e-02 -2.231674481997774923e-03
-2.115024187332562727e-02 -2.469297706449689184e-03
-2.184483517763180505e-02 -2.706920930901603878e-03
-2.253942848193797588e-02 -2.944544155353517271e-03
-2.323402178624415018e-02 -3.182167379805431531e-03
-2.392861509055032448e-02 -3.419790604257346225e-03
-2.413466543106699419e-02 -3.720559596579746560e-03
-2.434071577158366737e-02 -4.021328588902146894e-03
-2.454676611210033707e-02 -4.322097581224546362e-03
-2.475281645261700678e-02 -4.622866573546947563e-03
-2.495886679313367995e-02 -4.923635565869348765e-03
-2.516491713365034966e-02 -5.224404558191748232e-03
-2.531340536355185591e-02 -5.783179170842310188e-03
-2.546495520644102492e-02 -6.353474909526904760e-03
-2.561650504933019046e-02 -6.923770648211501066e-03
-2.576805489221935946e-02 -7.494066386896093904e-03
-2.591960473510852500e-02 -8.064362125580688476e-03
-2.659476280854260535e-02 -9.119200286814909545e-03
-2.728071692796730022e-02 -1.018402901346251999e-02
-2.796667104739199855e-02 -1.124885774011013043e-02
-2.865262516681669341e-02 -1.231368646675774781e-02
-2.933857928624138828e-02 -1.337851519340535478e-02
-3.023028619864148725e-02 -1.416541988705143085e-02
-3.109935695952909321e-02 -1.492315895922809166e-02
-3.196842772041668529e-02 -1.568089803140474553e-02
-3.283749848130429472e-02 -1.643863710358140634e-02
-3.370656924219190415e-02 -1.719637617575807409e-02
-3.457151097260732775e-02 -1.794887835383795691e-02
-3.503180771675030308e-02 -1.818816491043422773e-02
-3.549210446089327148e-02 -1.842745146703049855e-02
-3.595240120503623987e-02 -1.866673802362676590e-02
-3.641269794917922215e-02 -1.890602458022304019e-02
-3.687299469332219054e-02 -1.914531113681930755e-02
-3.733629590542509452e-02 -1.939032131398548894e-02
-3.838488431843724291e-02 -2.050559125381725550e-02
-3.952149292670222719e-02 -2.171447874334292774e-02
-4.065810153496722534e-02 -2.292336623286860692e-02
-4.179471014323220268e-02 -2.413225372239427222e-02
-4.196773495026073775e-02 -2.470648533766923310e-02
-4.206744359849953069e-02 -2.523242791903381257e-02
-4.216715224673833057e-02 -2.575837050039838858e-02
-4.226686089497712351e-02 -2.628431308176296805e-02
-4.395092598891286312e-02 -2.799851592854598129e-02
-4.575553994284725645e-02 -2.980312988248037462e-02
-4.756015389678166366e-02 -3.160774383641478530e-02
-4.936476785071604312e-02 -3.341235779034916475e-02
-4.957575102214863833e-02 -3.442015635303266596e-02
-4.966547967752129450e-02 -3.536732765768620113e-02
-4.975520833289395761e-02 -3.631449896233972935e-02
-4.984493698826662073e-02 -3.726167026699326451e-02
-5.160785791768014719e-02 -3.940668228599421979e-02
-5.494834197016446042e-02 -4.124317200890235957e-02
-5.964342011718579140e-02 -4.161448924255475856e-02
-6.419735475829907445e-02 -3.903467630006256239e-02
-6.782130416987237898e-02 -3.697151792543370424e-02
-7.038758087111662842e-02 -3.639309002312383218e-02
-7.182965526435555748e-02 -3.765794117090887766e-02
-7.226337419213094138e-02 -3.993118881424638500e-02
-7.340808094131824613e-02 -4.178999199034711537e-02
-7.436803196614186207e-02 -4.403569630402592167e-02
-7.621625521878781784e-02 -4.631004287759537402e-02
-7.765197455836544971e-02 -4.774975421431944256e-02
-7.908769389794306770e-02 -4.918946555104351803e-02
-8.052341323752068569e-02 -5.062917688776759351e-02
-8.175610155938027590e-02 -5.196737185507647322e-02
-8.175610155938027590e-02 -5.268921743665024721e-02
-8.175610155938027590e-02 -5.341106301822399344e-02
-8.175610155938027590e-02 -5.413290859979776742e-02
-8.175610155938027590e-02 -5.485475418137151365e-02
-8.184802961192430559e-02 -5.557659976294528764e-02
-8.275198879527391471e-02 -5.658037829893843018e-02
-8.383542655739996408e-02 -5.778345426822802805e-02
-8.491886431952602732e-02 -5.898653023751763980e-02
-8.523247147812521018e-02 -6.062950674519633487e-02
-8.547840122102973170e-02 -6.231115582767847438e-02
-8.572433096393425322e-02 -6.399280491016064165e-02
-8.407866829163215816e-02 -6.722369769756877944e-02
-7.949779562992485837e-02 -7.021355689690386703e-02
-7.843911483950839758e-02 -7.403890611123650767e-02
-8.081325162974813126e-02 -7.703058846029077478e-02
-8.124541802198628759e-02 -8.027273383922838013e-02
-7.907963786280490515e-02 -8.422317472812468342e-02
-7.629279431411337131e-02 -8.955789767013457026e-02
-7.583417104438393286e-02 -9.270850230827391847e-02
-7.527161963509827747e-02 -9.424814148918753132e-02
-7.469335815820528357e-02 -9.554426263586934809e-02
-7.280693614888644749e-02 -9.672408043544934719e-02
-7.340311717135897251e-02 -1.013559308056458108e-01
-7.601511558059971529e-02 -1.116091223908408786e-01
-8.593162214449349967e-02 -1.138483397501355437e-01
-9.044021525903361836e-02 -1.206141921939101191e-01
-8.555276597776005632e-02 -1.225338524682518387e-01
-8.271373707341757309e-02 -1.269143698784773178e-01
-8.234484245906080468e-02 -1.288834863672616016e-01
-8.197594784470402240e-02 -1.308526028560459131e-01
-8.193335154354378091e-02 -1.327653283282288488e-01
-8.237204525434847768e-02 -1.345948770509248771e-01
-8.281073896515317445e-02 -1.364244257736208776e-01
-8.324943267595785734e-02 -1.382539744963168227e-01
-8.373646505632358072e-02 -1.397783700003343010e-01
-8.502232038255347346e-02 -1.422525028031060845e-01
-8.473207199677824930e-02 -1.473054028189500486e-01
-8.248121110757873631e-02 -1.509445430446831327e-01
-8.098567266441938917e-02 -1.525431066581008077e-01
-7.974754870096609216e-02 -1.539676436849030938e-01
-7.966778989619040241e-02 -1.546090610719357550e-01
-7.958803109141469878e-02 -1.552504784589683884e-01
-7.930403280218190076e-02 -1.559940155882295898e-01
-7.810095683289235147e-02 -1.571970915575191530e-01
-7.689788086360276054e-02 -1.584001675268087439e-01
-7.590508548309936321e-02 -1.599186680673756467e-01
-7.585855275213410076e-02 -1.628565791786900641e-01
-7.581202002116882444e-02 -1.657944902900044815e-01
-7.549296636157665219e-02 -1.682767885414848952e-01
-7.366658709799719928e-02 -1.687873817204807725e-01
-7.134849034037711590e-02 -1.694354422938216531e-01
-6.990961767711117991e-02 -1.688780204140055696e-01
-6.855866742328066421e-02 -1.682000502888738036e-01
-6.291229283412605455e-02 -1.606208044538732505e-01
-4.779741107751884349e-02 -1.415776392857560628e-01
-3.589292263582548326e-02 -1.461041441598912860e-01
-3.282206666019264057e-02 -1.486365977764806667e-01
-3.136641776169026702e-02 -1.538610023346724254e-01
-2.991076886318791775e-02 -1.590854068928640730e-01
-2.905029137036316267e-02 -1.661721607332692363e-01
-2.351408395301338161e-02 -1.670072216995467096e-01
-1.959728712235402071e-02 -1.551927726354725146e-01
-9.292887322552095819e-03 -1.633901326110445140e-01
-1.610611399829241404e-03 -1.636995249908957395e-01
7.901697462107356781e-03 -1.655104950741866088e-01
1.000387483662256924e-02 -1.692516754407023261e-01
1.357130891196178801e-02 -1.713902002492012910e-01
1.972116295398287922e-02 -1.735610146619903649e-01
2.703912918269806009e-02 -1.751669298838509636e-01
3.394873077353356694e-02 -1.735993721093193054e-01
3.790919929322701665e-02 -1.720100158322616091e-01
4.285942788886773491e-02 -1.706490855855649635e-01
4.777793423260902339e-02 -1.694407273380852119e-01
5.213569602768482886e-02 -1.691153747146536823e-01
5.529627051642112961e-02 -1.688794046800769499e-01
5.690591379055656707e-02 -1.685266202919476208e-01
5.750745177520139029e-02 -1.680979065740090539e-01
5.810898975984618575e-02 -1.676691928560704870e-01
5.871052774449100203e-02 -1.675667774513284747e-01
5.995006056133481837e-02 -1.677927816307476228e-01
6.355928846920361197e-02 -1.694943568913981069e-01
6.787912924186643993e-02 -1.692631205304517272e-01
6.952330663519409870e-02 -1.658786674360416546e-01
6.854822887691128241e-02 -1.621981412199362538e-01
7.330765833879791804e-02 -1.556269373620791929e-01
8.359947926609348490e-02 -1.597190755862487044e-01
8.720870717396229932e-02 -1.580440865938567419e-01
9.081793508183111374e-02 -1.563868127649534756e-01
9.821586173133964315e-02 -1.547295389360501816e-01
1.020245475047626416e-01 -1.530722110150447013e-01
1.074439338070470318e-01 -1.516808539608293371e-01
1.248806084100336777e-01 -1.535266473716546676e-01
1.298298450917493851e-01 -1.535346191952245420e-01
1.344564882775267090e-01 -1.535164871537387232e-01
1.354136304470040242e-01 -1.532014236472440671e-01
1.363707726164814504e-01 -1.528863601407493833e-01
1.373279147859589044e-01 -1.525712966342546995e-01
1.382850569554363307e-01 -1.522562331277599879e-01
1.391716217168763314e-01 -1.519374638205144290e-01
1.392553684618908216e-01 -1.515765410297275628e-01
1.393391152069053118e-01 -1.512156182389406689e-01
1.394566990206125012e-01 -1.507088680579368734e-01
1.387497035651568122e-01 -1.489042541040024037e-01
1.363091047923683796e-01 -1.474359190708136313e-01
1.252276338333222216e-01 -1.416876183645691401e-01
1.122108894473430041e-01 -1.298850584986975254e-01
1.133411635938265521e-01 -1.271341542344908426e-01
1.141826068134871724e-01 -1.238446690458349930e-01
1.169373928007135521e-01 -1.204739270699808490e-01
1.198835437373766549e-01 -1.193741793096594062e-01
1.107159521641383343e-01 -1.067923053063478123e-01
9.774476562191793116e-02 -9.089731032442716074e-02
9.962703063268900372e-02 -8.670558054912660961e-02
9.773509911737161826e-02 -8.287761155593233175e-02
9.763386636268346630e-02 -6.580369149901338366e-02
9.172635784710964080e-02 -5.281241834636701826e-02
7.178584527165096651e-02 -4.597283713785219744e-02
6.306187101988774968e-02 -4.386912766600889468e-02
4.503563061266097761e-02 -3.307132306738552741e-02
3.894381862572593445e-02 -1.700925479272148363e-02
1.595241006036700326e-02 -4.656092647357562217e-03
5.413841861803212960e-03 -4.770489558936219510e-18
