-1.670286876194617071e-03 -2.219105823950901640e-02
-1.008143287519405913e-02 -4.957192991406502575e-02
-1.038729272970312888e-02 -4.876498896163254659e-02
-1.066766426300311092e-02 -4.802529308856944706e-02
-1.130053294005780445e-02 -4.747593792783531830e-02
-1.217743810125037664e-02 -4.705835710640587227e-02
-1.300011293263453327e-02 -4.660823941107403168e-02
-1.328048446593451358e-02 -4.583275297671829396e-02
-1.356085599923449563e-02 -4.505726654236256318e-02
-1.419372467628919089e-02 -4.496562542747970653e-02
-1.507062983748176134e-02 -4.534741568761652825e-02
-1.589926921075524371e-02 -4.578018093519320431e-02
-1.218826993439844734e-02 -5.533391073110100616e-02
-2.603867597673266074e-02 -6.683888148887438818e-02
-2.829195103487549059e-02 -6.637612012689972363e-02
-2.977673713688586479e-02 -6.576655919919387194e-02
-3.087286858837658132e-02 -6.541609478256889265e-02
-3.188968842157490630e-02 -6.488840287438632504e-02
-3.238183139530053517e-02 -6.318828294513052779e-02
-3.290726540735769423e-02 -6.135695610427798624e-02
-3.365293244222343494e-02 -5.865764507901633645e-02
-3.437412050877287212e-02 -5.574879265065259271e-02
-3.460196321387074003e-02 -5.399895770879912377e-02
-3.478837997258717174e-02 -5.256727457455534491e-02
-3.497479673130360345e-02 -5.113559144031159381e-02
-3.516121349002004209e-02 -4.970390830606781496e-02
-3.534763024873648074e-02 -4.827222517182403611e-02
-3.567800882168943588e-02 -4.787584069984771040e-02
-3.609806852482251582e-02 -4.812439637813628601e-02
-3.651812822795560270e-02 -4.837295205642486162e-02
-3.693818793108869653e-02 -4.862150773471345111e-02
-3.735824763422178341e-02 -4.887006341300202672e-02
-3.777830733735486335e-02 -4.911861909129060233e-02
-3.817845673178566629e-02 -4.963672108964439778e-02
-3.909102940356749128e-02 -5.633809365548470699e-02
-4.390895817542225799e-02 -6.079263883615185909e-02
-4.605580157737676483e-02 -6.031835238899672241e-02
-4.664487732126992164e-02 -6.001263375930486477e-02
-4.723395306516307846e-02 -5.970691512961300712e-02
-4.782302880905622833e-02 -5.940119649992114947e-02
-4.841210455294938514e-02 -5.909547787022929183e-02
-4.865772264470812764e-02 -5.945859666488459427e-02
-4.877454411691645175e-02 -6.007252949367007655e-02
-4.889136558912477587e-02 -6.068646232245555883e-02
-4.900818706133309999e-02 -6.130039515124104110e-02
-4.912500853354143104e-02 -6.191432798002653726e-02
-4.924183000574975516e-02 -6.252826080881201953e-02
-4.953941924398614499e-02 -6.286923254558490770e-02
-5.018159726607161752e-02 -6.328861002987445916e-02
-5.091235156706542392e-02 -6.376583268441081420e-02
-5.152500293693823563e-02 -6.424546792957451513e-02
-5.176858264705795631e-02 -6.473264252044860778e-02
-5.201216235717767006e-02 -6.521981711132270043e-02
-5.202194879568273339e-02 -6.571180952799221542e-02
-4.759417380888186777e-02 -6.978436226533710207e-02
-5.025706105975449173e-02 -7.670578549989245931e-02
-5.629000366304117570e-02 -7.484194660981244307e-02
-5.794786578944828570e-02 -7.467541855313679366e-02
-5.960572791585539570e-02 -7.450889049646115814e-02
-6.126359004226256122e-02 -7.434236243978550873e-02
-6.292145216866966428e-02 -7.417583438310987320e-02
-6.320729343598704975e-02 -7.416636468906788460e-02
-6.338874181185194523e-02 -7.416884508783498642e-02
-6.357019018771685459e-02 -7.417132548660208824e-02
-6.375163856358175007e-02 -7.417380588536919006e-02
-6.393308693944665944e-02 -7.417628628413629188e-02
-6.411453531531155492e-02 -7.417876668290337983e-02
-6.430984198932006290e-02 -7.451848446711635543e-02
-6.463512705999521768e-02 -7.512375570632336130e-02
-6.502784927946889115e-02 -7.585451000731717464e-02
-6.519049181480646160e-02 -7.668428380693809165e-02
-6.479776959533280201e-02 -7.775307018945204485e-02
-6.440504737585914241e-02 -7.882185657196599804e-02
-6.441860195483203877e-02 -8.000568279654798887e-02
-6.516376685701438798e-02 -8.110107611238116798e-02
-6.576030048490695556e-02 -8.197798127357371067e-02
-6.635683411279956478e-02 -8.285488643476630888e-02
-6.695336774069214625e-02 -8.373179159595887933e-02
-6.697367506030635353e-02 -8.447233867954133391e-02
-6.678875109204057692e-02 -8.516431987246812774e-02
-6.660382712377480030e-02 -8.585630106539492157e-02
-6.641890315550902368e-02 -8.654828225832172928e-02
-6.623397918724324707e-02 -8.724026345124852311e-02
-6.608204399390628370e-02 -8.818516753443825240e-02
-6.588804954914821710e-02 -8.961742117648852091e-02
-6.565440660473156886e-02 -9.134239819063666443e-02
-6.536110996652999550e-02 -9.279622355574269899e-02
-6.490873681156861252e-02 -9.352697785673651232e-02
-6.445636365660724343e-02 -9.425773215773032565e-02
-6.398772206469467705e-02 -9.498035224024854728e-02
-6.291712623921022485e-02 -9.644593070977115767e-02
-6.027656004880241336e-02 -9.575223413180876386e-02
-6.034630589236669729e-02 -1.052777974838020464e-01
-4.944028788108333766e-02 -1.118654230827725582e-01
-3.506335462156387472e-02 -1.121981652099579702e-01
-3.694832528629449220e-02 -1.133473945723370707e-01
-3.551693958843332721e-02 -1.171772879513982568e-01
-3.520150301795049730e-02 -1.264235383126178780e-01
-3.743405429957184088e-02 -1.327363269476141694e-01
-3.912266477399807540e-02 -1.346764950471270317e-01
-3.919903604746338699e-02 -1.390993319157263208e-01
-3.965547202097800122e-02 -1.428208335619531588e-01
-4.035690577585632210e-02 -1.467789857692279876e-01
-4.395598714287189679e-02 -1.503979710089189958e-01
-4.597797591508748921e-02 -1.525234045079207346e-01
-4.656020464587024010e-02 -1.533413272835740804e-01
-4.658656553907819520e-02 -1.555117968802904593e-01
-4.683670241124306133e-02 -1.570815396856938828e-01
-4.793283386273375357e-02 -1.576407899618431641e-01
-4.905901834148825025e-02 -1.582395831868111113e-01
-5.371062845739722064e-02 -1.602786475043896097e-01
-6.221423947465656856e-02 -1.651721710890448058e-01
-6.298290166717775140e-02 -1.720343787393557311e-01
-6.270948131867952469e-02 -1.727601570721806756e-01
-6.212655213364387530e-02 -1.731562416559546680e-01
-6.139579783265007584e-02 -1.733948605685401712e-01
-6.066504353165624863e-02 -1.736334794811257021e-01
-6.025390079045179342e-02 -1.742051597171794530e-01
-6.002151869433808296e-02 -1.748621004524163469e-01
-5.982764936134435385e-02 -1.754101661781616861e-01
-5.959988515278795418e-02 -1.759205719526511780e-01
-5.907045655172385445e-02 -1.760958041609636815e-01
-5.854102795065972697e-02 -1.762710363692761850e-01
-5.801159934959559950e-02 -1.764462685775886608e-01
-5.744677145169826277e-02 -1.766256428288798530e-01
-5.656688981198518262e-02 -1.768418812626814662e-01
-5.579366049223729446e-02 -1.770319089772344201e-01
-5.520707273242858593e-02 -1.771760679331021437e-01
-5.462048497261984270e-02 -1.773202268889698952e-01
-5.403389721281114111e-02 -1.774643858448376466e-01
-5.363530763545320407e-02 -1.772277306100083494e-01
-5.324259300129689093e-02 -1.769791749317197738e-01
-5.284987836714055004e-02 -1.767306192534311982e-01
-5.245716373298423690e-02 -1.764820635751426503e-01
-5.206444909882789601e-02 -1.762335078968540469e-01
-5.167173446467158288e-02 -1.759849522185654991e-01
-5.110547512545070975e-02 -1.755773200235171139e-01
-5.053379251419660295e-02 -1.751647166873200046e-01
-4.961563559309146998e-02 -1.745020507231246076e-01
-4.799504380845911328e-02 -1.734102134806753959e-01
-4.677216170437433623e-02 -1.729329984114563457e-01
-4.524302678037114833e-02 -1.724471928554313915e-01
-4.269013482906425933e-02 -1.719744266897557661e-01
-4.081105450802799406e-02 -1.716264426718978886e-01
-3.913121886660469312e-02 -1.708606881843534320e-01
-3.756034515934471990e-02 -1.698664654711991295e-01
-3.598947145208475362e-02 -1.688722427580447993e-01
-3.496170523978470862e-02 -1.682925835343529464e-01
-3.386188311000613849e-02 -1.677613837616921399e-01
-3.040756775410284607e-02 -1.667667192612678206e-01
-2.667682274744404350e-02 -1.650349536179669119e-01
-2.455897433591479329e-02 -1.641898554852346814e-01
-2.275445009892081843e-02 -1.649355225201004360e-01
-2.045620652134505502e-02 -1.654536486535548301e-01
-1.656548487360321245e-02 -1.650625901470156587e-01
-1.437695394674846916e-02 -1.648426197370873869e-01
-1.154970987882172201e-02 -1.646298797435818695e-01
-5.409141391583164454e-03 -1.644546475352693937e-01
7.314270956553948350e-04 -1.642794153269568902e-01
6.871995582893680038e-03 -1.641041831186444144e-01
1.220453193532281162e-02 -1.639006305534329577e-01
1.334540158842929293e-02 -1.635501661368079784e-01
1.469370208755517437e-02 -1.631359809171602782e-01
1.708043827569053277e-02 -1.628115012692707420e-01
1.997363001192199380e-02 -1.643028353390022789e-01
2.243019180438250715e-02 -1.657263063328741903e-01
2.331844050882744823e-02 -1.684168108047150447e-01
3.850413547276832632e-02 -1.619373362005276928e-01
4.316584762235502193e-02 -1.747436660659137941e-01
4.370255617426264255e-02 -1.726824544605947420e-01
4.328997237600409193e-02 -1.673267878322563795e-01
4.214616168849624755e-02 -1.626007728789355400e-01
4.291728688718821766e-02 -1.590687089398261644e-01
4.540133350235093374e-02 -1.547914431986473494e-01
4.480239960422523898e-02 -1.473965444563167526e-01
5.375460215096965200e-02 -1.389100923462917858e-01
6.086269866588194660e-02 -1.412022212386666309e-01
6.272822517413893795e-02 -1.366905590782164226e-01
6.610541991916783766e-02 -1.365741175614488823e-01
6.910254061658469005e-02 -1.359138593608607004e-01
6.313569187135460725e-02 -1.329271135386871083e-01
7.039126350495686357e-02 -1.285138260482716621e-01
8.464527187011422482e-02 -1.248703181672253526e-01
8.497229880547814418e-02 -1.080774530630232710e-01
8.044933636107007291e-02 -9.344834707813894081e-02
6.500589369338446999e-02 -9.264843812861660310e-02
6.790945938542695959e-02 -8.734474149746548899e-02
6.973660372827501785e-02 -8.646305041478187514e-02
6.658097656218872618e-02 -8.481021022816380428e-02
5.152153116018180073e-02 -6.925304204703121302e-02
4.253647361592362980e-02 -6.124050355432158338e-02
4.183327608321756041e-02 -5.838256009815129266e-02
3.839777691145629390e-02 -4.786911030141373369e-02
2.191447826155541040e-02 -4.812126693671153060e-02
1.060113284706553152e-02 -2.377969124336268281e-02
1.286240145052614317e-02 -2.238311663545460711e-02
9.469980445175670003e-03 -2.140065300302749357e-02
2.982668139462984515e-03 -1.701612719706467255e-02
7.009288332499558722e-04 -1.114026732137030420e-02
