-3.187057109048625032e-04 -3.006664575036141463e-04
-6.374114218097250064e-04 -6.013329150072282926e-04
-9.561171327145869675e-04 -9.019993725108419510e-04
-1.274822843619450013e-03 -1.202665830014456585e-03
-1.593528554524311757e-03 -1.503332287518070135e-03
-1.912234265429174369e-03 -1.803998745021684336e-03
-3.141958975545504004e-03 -1.849096878524805147e-03
-4.371683685661832339e-03 -1.894195012027925958e-03
-5.601408395778162408e-03 -1.939293145531046769e-03
-6.831133105894490742e-03 -1.984391279034167579e-03
-8.060857816010819077e-03 -2.029489412537288390e-03
-9.290582526127147411e-03 -2.074587546040409201e-03
-1.074881668014209847e-02 -3.546355727912350354e-03
-1.220705083415704779e-02 -5.018123909784288038e-03
-1.366528498817199885e-02 -6.489892091656230058e-03
-1.512351914218694471e-02 -7.961660273528164272e-03
-1.658175329620189403e-02 -9.433428455400103690e-03
-1.803998745021684336e-02 -1.090519663727204311e-02
-1.813018371722308411e-02 -1.128252533392491014e-02
-1.822037998422932834e-02 -1.165985403057777717e-02
-1.831057625123556909e-02 -1.203718272723064073e-02
-1.840077251824180984e-02 -1.241451142388350776e-02
-1.849096878524805407e-02 -1.279184012053637479e-02
-1.858116505225429482e-02 -1.316916881718924008e-02
-1.999430107276611857e-02 -1.460485849225867834e-02
-2.140743709327795619e-02 -1.604054816732812874e-02
-2.282057311378977993e-02 -1.747623784239756700e-02
-2.423370913430161061e-02 -1.891192751746700873e-02
-2.564684515481343435e-02 -2.034761719253645046e-02
-2.705998117532526503e-02 -2.178330686760589566e-02
-2.730352027185422442e-02 -2.230495876708085343e-02
-2.754705936838318381e-02 -2.282661066655581120e-02
-2.779059846491214320e-02 -2.334826256603077244e-02
-2.803413756144109911e-02 -2.386991446550573021e-02
-2.827767665797005850e-02 -2.439156636498068798e-02
-2.852121575449902136e-02 -2.491321826445565268e-02
-3.101524805676082047e-02 -2.737567728545921633e-02
-3.350928035902263347e-02 -2.983813630646278692e-02
-3.600331266128443952e-02 -3.230059532746636097e-02
-3.849734496354625252e-02 -3.476305434846993503e-02
-4.099137726580805857e-02 -3.722551336947350215e-02
-4.348540956806984381e-02 -3.968797239047705538e-02
-4.382665975792022356e-02 -3.976012940408205076e-02
-4.416790994777058943e-02 -3.983228641768703920e-02
-4.450916013762096224e-02 -3.990444343129203458e-02
-4.485041032747132811e-02 -3.997660044489702996e-02
-4.519166051732169398e-02 -4.004875745850201840e-02
-4.553291070717206679e-02 -4.012091447210701378e-02
-4.610267951653316404e-02 -4.065009037350925114e-02
-4.667244832589426129e-02 -4.117926627491148156e-02
-4.724221713525535854e-02 -4.170844217631371892e-02
-4.781198594461645579e-02 -4.223761807771595628e-02
-4.838175475397755304e-02 -4.276679397911818670e-02
-4.895152356333865029e-02 -4.329596988052042406e-02
-4.925669524638652541e-02 -4.334106801402354270e-02
-4.956186692943439359e-02 -4.338616614752666828e-02
-4.986703861248226871e-02 -4.343126428102978692e-02
-5.017221029553013689e-02 -4.347636241453290556e-02
-5.047738197857801201e-02 -4.352146054803603115e-02
-5.078255366162588713e-02 -4.356655868153914979e-02
-5.135637731300123771e-02 -4.385775168100637667e-02
-5.196072349902422505e-02 -4.416443366980696977e-02
-5.256506968504719851e-02 -4.447111565860756288e-02
-5.316941587107017891e-02 -4.477779764740814905e-02
-5.377376205709316626e-02 -4.508447963620874910e-02
-5.529620308511569438e-02 -4.516163007353182768e-02
-5.686747894515949142e-02 -4.522657138577632768e-02
-5.843875480520328153e-02 -4.529151269802082075e-02
-6.001003066524707857e-02 -4.535645401026531381e-02
-6.158130652529086868e-02 -4.542139532250980688e-02
-6.198939548835956381e-02 -4.630061582089314842e-02
-6.235921853430936856e-02 -4.728604903428779149e-02
-6.272904158025917332e-02 -4.827148224768242762e-02
-6.309886462620897807e-02 -4.925691546107707763e-02
-6.322413925829811765e-02 -5.170960245518730486e-02
-6.331884533865467235e-02 -5.434569617188694801e-02
-6.341355141901122705e-02 -5.698178988858661892e-02
-6.350825749936778175e-02 -5.961788360528629677e-02
-6.405142134337742099e-02 -6.059512786292477887e-02
-6.476400855517515376e-02 -6.151067043890472152e-02
-6.478214818421186572e-02 -6.242619243926963296e-02
-6.456567714339687958e-02 -6.334170748841325138e-02
-6.289395235420842944e-02 -6.598937345929667408e-02
-5.939529757510006447e-02 -7.133247864256890558e-02
-5.813614445256758828e-02 -7.509409478659589965e-02
-5.732508318139935277e-02 -7.998510254674610909e-02
-5.608139457990128640e-02 -8.405021012461014185e-02
-5.979819147342346763e-02 -8.676250604863390559e-02
-6.248971214334510943e-02 -8.924013902962185663e-02
-6.303991854769529224e-02 -9.161688865793923831e-02
-6.282998638172597461e-02 -9.455454762505562105e-02
-6.245113453346343851e-02 -9.761685311190519687e-02
-6.116375277930993781e-02 -1.003930780279141677e-01
-5.916460211112930384e-02 -1.042388656764285104e-01
-5.651144995835279128e-02 -1.094924964075135732e-01
-5.655591942340219141e-02 -1.134280649180496869e-01
-6.208416287848787796e-02 -1.182504824752646927e-01
-7.165029570934371150e-02 -1.242565217405428718e-01
-7.555657288554759599e-02 -1.276374840016993861e-01
-7.496434162165227510e-02 -1.302846191773248397e-01
-7.415947027402079728e-02 -1.323191054057762384e-01
-7.228020704142740227e-02 -1.349920451831335688e-01
-7.101267241430897492e-02 -1.375787875920699288e-01
-7.039931944744232117e-02 -1.394098452171934899e-01
-6.919920110100724608e-02 -1.412409028423170232e-01
-6.795443756264847590e-02 -1.430719604674405843e-01
-6.743334620965855952e-02 -1.456043329258646934e-01
-6.706052273854994084e-02 -1.476729196215875173e-01
-6.667798016251275106e-02 -1.495918404058026174e-01
-6.624501972965858576e-02 -1.507343692740714947e-01
-6.581205929680440658e-02 -1.518768981423403719e-01
-6.535043091514350366e-02 -1.528619875946713724e-01
-6.261926844970169825e-02 -1.540778928134429737e-01
-5.712606804749473244e-02 -1.567674899414085166e-01
-5.266911456438125999e-02 -1.638107348382208395e-01
-5.232635039853333891e-02 -1.678742464156759151e-01
-5.011181474835253030e-02 -1.687627159310626235e-01
-4.783878623928627255e-02 -1.695519653820096173e-01
-4.585438578463994080e-02 -1.710715535175940938e-01
-4.387900495669428552e-02 -1.726139647370734664e-01
-4.356548430077614165e-02 -1.736753203016229430e-01
-4.330389677523382996e-02 -1.747216428769558794e-01
-4.007776407081011655e-02 -1.785012852060881561e-01
-4.134793904982439483e-02 -1.857695177800433306e-01
-3.978717910857179629e-02 -1.892575149466656503e-01
-3.808238708164490144e-02 -1.910254535361090023e-01
-3.278765516930007978e-02 -1.911246602542037709e-01
-2.749292325695522343e-02 -1.912238669722985396e-01
-2.551754242900956815e-02 -1.929827767594292087e-01
-2.354216160106392675e-02 -1.947416865465598779e-01
-2.349707264317291155e-02 -1.956797460746489969e-01
-2.345198368528189636e-02 -1.966178056027381438e-01
-2.166000499211963998e-02 -1.990592341207937932e-01
-2.455544279720156889e-02 -2.020869475500020607e-01
-1.693390411323468514e-02 -2.039326443544851875e-01
-1.411064167298195851e-02 -2.039897717154598444e-01
-1.217644266046309827e-02 -2.042486183281049528e-01
-1.149994313107994756e-02 -2.047928238821375424e-01
-1.082344360169682114e-02 -2.053370294361701043e-01
-9.828177190661450610e-03 -2.058115049723412970e-01
-7.534700690991623373e-03 -2.064075230762310309e-01
-6.584419247576802151e-04 -2.120450191544238083e-01
3.277271727279084182e-03 -2.148622623931347453e-01
5.517240505925836459e-03 -2.159717223553720422e-01
8.891123087220108648e-03 -2.166568302772041155e-01
1.121321526251255543e-02 -2.168581382019399151e-01
1.212875783849249808e-02 -2.175932698926831832e-01
1.304429874617932944e-02 -2.182720950226620105e-01
1.465338580224992589e-02 -2.179312543987702022e-01
1.824499731736435593e-02 -2.127931201558061758e-01
2.845823068275568982e-02 -2.060106354779828175e-01
3.103578891568090775e-02 -2.073488814871164154e-01
3.607789086868033734e-02 -2.109328168519718494e-01
4.361020690150016477e-02 -2.162893957265002720e-01
4.729809494469047748e-02 -2.152575110602314434e-01
5.178480377005995061e-02 -2.142049649174506964e-01
5.465012588157404372e-02 -2.129690506730659849e-01
5.777083363899311597e-02 -2.111953221055541396e-01
6.192373503056503720e-02 -2.095054739809916744e-01
6.525882846241125301e-02 -2.105649095070005750e-01
6.978159851848125816e-02 -2.090558701741181691e-01
7.435598222679638825e-02 -2.066855237328068806e-01
8.036931137686872950e-02 -2.040637210319629635e-01
8.490679948548925104e-02 -2.033157162354832515e-01
8.772649622726762242e-02 -2.022131539237932152e-01
8.834588674690030397e-02 -2.003910975741460820e-01
8.598987947023752076e-02 -1.951356322767374141e-01
1.008576537274031570e-01 -1.921780622313501163e-01
9.940488962844790111e-02 -1.775143986313455491e-01
1.009546666400579495e-01 -1.678074385058801743e-01
1.051492370998644010e-01 -1.645020977470209866e-01
1.086620267703982262e-01 -1.632582528820682999e-01
1.121524312839786292e-01 -1.624444405955612347e-01
1.228485001506093854e-01 -1.692726619738806060e-01
1.262128512172670525e-01 -1.654643970179044410e-01
1.280255962669681336e-01 -1.611855566243171611e-01
1.315246303047102328e-01 -1.537892464077987853e-01
1.339485484182805497e-01 -1.495080325892132744e-01
1.351876575551909654e-01 -1.468124240450737195e-01
1.454173456291873445e-01 -1.378204771076373125e-01
1.526744351173614789e-01 -1.358130244568422906e-01
1.528638319853877214e-01 -1.313852288446122896e-01
1.515595776708147380e-01 -1.222096000552477246e-01
1.502322630966763661e-01 -1.178597749020141305e-01
1.478631261678698405e-01 -1.190543422811736890e-01
1.369437184537869723e-01 -1.098806398142536667e-01
1.471742428987291296e-01 -9.555180264147866698e-02
1.436624425260098481e-01 -9.403243750107306842e-02
1.385263513860082174e-01 -9.559115990034031118e-02
1.154406130921011298e-01 -8.425436916227131701e-02
1.173173143825748110e-01 -6.723831162311473542e-02
1.066376476177066102e-01 -5.907769071325726096e-02
9.480914083173341833e-02 -5.331716969623449126e-02
8.394908820602479949e-02 -3.872282645544973534e-02
6.855195231082406027e-02 -2.412848321466494125e-02
5.154025735815082748e-02 -1.262799121515172270e-02
3.643176786859428362e-02 -5.411996235065003567e-03
2.544542211785310107e-02 -1.243855152760228212e-02
1.939320672367392251e-03 -1.353219273457079153e-04
