-4.198553723098474161e-03 -5.831314728881057709e-03
-8.397107446196948322e-03 -1.131276481063747674e-02
-1.022955246111250001e-02 -1.138462253277418637e-02
-1.171653653059315237e-02 -1.144293330729496093e-02
-1.320352060007380646e-02 -1.150124408181573375e-02
-1.469050466955444667e-02 -1.155955485633650658e-02
-1.617748873903510076e-02 -1.161786563085727940e-02
-1.769834017755559860e-02 -1.162876208872227167e-02
-1.933110118333818128e-02 -1.148298515242033961e-02
-2.096386218912076743e-02 -1.133720821611840755e-02
-2.259662319490333970e-02 -1.119143127981647549e-02
-2.422938420068592585e-02 -1.104565434351454170e-02
-2.586214520646851200e-02 -1.089987740721260964e-02
-2.732217918484077315e-02 -1.058136655288610152e-02
-2.821146298568326730e-02 -9.692082752043607377e-03
-2.910074678652575450e-02 -8.802798951201120173e-03
-2.999003058736824864e-02 -7.913515150358627764e-03
-3.087931438821074279e-02 -7.024231349516132754e-03
-3.176859818905324040e-02 -6.134947548673638611e-03
-3.283851255185106510e-02 -5.354046219372893441e-03
-3.450529311937083204e-02 -4.931278274297057167e-03
-3.617207368689061286e-02 -4.508510329221217423e-03
-3.783885425441039368e-02 -4.085742384145377680e-03
-3.950563482193018144e-02 -3.662974439069537503e-03
-4.117241538944994839e-02 -3.240206493993701229e-03
-4.300289627971225909e-02 -2.915657364440528854e-03
-4.537429997555859906e-02 -2.915657364440528854e-03
-4.774570367140493210e-02 -2.915657364440528854e-03
-5.011710736725125126e-02 -2.915657364440528854e-03
-5.248851106309761205e-02 -2.915657364440528854e-03
-5.485991475894393121e-02 -2.915657364440528854e-03
-5.674360766877378781e-02 -3.037583338291090836e-03
-5.701573450307088203e-02 -3.562395138778279551e-03
-5.728786133736797626e-02 -4.087206939265467832e-03
-5.755998817166507742e-02 -4.612018739752665221e-03
-5.783211500596217164e-02 -5.136830540239853936e-03
-5.810424184025927280e-02 -5.661642340727050457e-03
-5.833008097333049896e-02 -6.185327525784328415e-03
-6.714756577084639300e-02 -1.185376580971368547e-02
-7.460193292962348510e-02 -2.332525891552423083e-02
-8.680834120278023425e-02 -2.360749847521333850e-02
-8.915058951136618781e-02 -2.385046992225005325e-02
-9.121010453277239582e-02 -2.414998515064023521e-02
-9.180294062693375445e-02 -2.474282124480159037e-02
-9.239577672109511308e-02 -2.533565733896294553e-02
-9.372686004398066151e-02 -2.585467398306973141e-02
-9.730288853268574678e-02 -2.594896658651101029e-02
-1.003993330258210470e-01 -2.603061353468028027e-02
-1.034957775189563334e-01 -2.611226048284954679e-02
-1.065922220120916336e-01 -2.619390743101881677e-02
-1.098370863815633369e-01 -2.622112847306320299e-02
-1.132833777260629921e-01 -2.617448578536667875e-02
-1.167296690705626472e-01 -2.612784309767015450e-02
-1.201759604150623023e-01 -2.608120040997362679e-02
-1.236222517595619574e-01 -2.603455772227710255e-02
-1.257573913922011011e-01 -2.585679155870639762e-02
-1.279054739352191994e-01 -2.320511596300887935e-02
-1.291618357367672332e-01 -2.139383382200732084e-02
-1.318905723072177627e-01 -2.281162024604378030e-02
-1.357645891840319752e-01 -2.332525891552423083e-02
-1.416931280832482432e-01 -2.332525891552423083e-02
-1.450377801113114373e-01 -2.267928719773594851e-02
-1.473363197557485960e-01 -2.177180738180209407e-02
-1.485219919440712855e-01 -2.058613519347939416e-02
-1.496006007640932889e-01 -1.749394418664317399e-02
-1.549362846948570127e-01 -1.457828682220264384e-02
-1.569418776638359936e-01 -1.530983817142714948e-02
-1.574454976797885486e-01 -1.608115091140678229e-02
-1.574454976797885486e-01 -1.785970368329152166e-02
-1.573858576159013201e-01 -1.957862043578003503e-02
-1.553073316893706923e-01 -2.272800084456576622e-02
-1.549503999683526367e-01 -2.864411776384048411e-02
-1.566262718774977802e-01 -3.125300520655503733e-02
-1.572754403160123160e-01 -3.327164907382192810e-02
-1.575864219010047751e-01 -3.576937368214479912e-02
-1.580675080355015139e-01 -3.843720283997191511e-02
-1.606469839398607102e-01 -4.110503199779903111e-02
-1.624109542995424982e-01 -4.332091086001680497e-02
-1.632768124086696193e-01 -4.508774067481643999e-02
-1.632768124086696193e-01 -4.642168862078051988e-02
-1.646698177871268598e-01 -4.802055229833086109e-02
-1.664254324531524443e-01 -4.939388167759257986e-02
-1.682387071800400258e-01 -5.006979521144155204e-02
-1.662083888895797001e-01 -5.723699721970816612e-02
-1.665542616241140195e-01 -6.747493046530053662e-02
-1.669664235656951323e-01 -7.074973053915767363e-02
-1.678557221963378754e-01 -7.163902916980040281e-02
-1.687450127379986620e-01 -7.241434595584325673e-02
-1.710669064716813792e-01 -7.294092250255831966e-02
-1.729886005199173238e-01 -7.618434811177458854e-02
-1.775316990363472736e-01 -8.131500600980982874e-02
-1.799026510973683601e-01 -8.353752120763242861e-02
-1.811709994219965758e-01 -8.410609574861065141e-02
-1.823311036865518930e-01 -8.460972385354516290e-02
-1.836864139597533252e-01 -8.554595520682596599e-02
-1.842570242278546155e-01 -9.031100325437890763e-02
-1.861965643678148152e-01 -9.330136371525360461e-02
-1.841916486263798503e-01 -9.622685009153422730e-02
-1.836864139597533252e-01 -9.926075578916317144e-02
-1.838189384473005172e-01 -1.009067728388035462e-01
-1.843437354179874865e-01 -1.021604841506006389e-01
-1.849605782624006434e-01 -1.033221720580658337e-01
-1.862810519866883452e-01 -1.046426457823535355e-01
-1.865905858686064123e-01 -1.078902291282899523e-01
-1.873015435685723984e-01 -1.105914857793145883e-01
-1.881771300266531222e-01 -1.123700385511993416e-01
-1.899556827985378893e-01 -1.141485913230841504e-01
-1.917342355704226564e-01 -1.156131927301325690e-01
-1.959015604305553715e-01 -1.166445442196668986e-01
-1.980455936292112307e-01 -1.190200795877361106e-01
-1.964151712379867964e-01 -1.213914814860308500e-01
-1.957223207241067520e-01 -1.226736502857015410e-01
-1.955036553196538573e-01 -1.249041263899225290e-01
-1.953490434175154389e-01 -1.271431386170358835e-01
-1.953490434175154389e-01 -1.289234426535119382e-01
-1.953490434175154389e-01 -1.300532509843524698e-01
-1.953490434175154389e-01 -1.309286051088962288e-01
-1.953490434175154389e-01 -1.304839780382752168e-01
-1.953490434175154389e-01 -1.300393509676542048e-01
-1.953490434175154389e-01 -1.295947238970331927e-01
-1.953148791528789840e-01 -1.291500932313091043e-01
-1.951034877654409527e-01 -1.287054439159877328e-01
-1.927608990455314253e-01 -1.257007796633992647e-01
-1.797994702906056952e-01 -1.215022259403007870e-01
-1.719610220910728349e-01 -1.199675537271459036e-01
-1.700010815386450713e-01 -1.215646549054078124e-01
-1.691081271375506623e-01 -1.239899824512329107e-01
-1.663641988598219545e-01 -1.233420585924683843e-01
-1.568321856759947452e-01 -1.224576093065022075e-01
-1.533706586441224429e-01 -1.227038217389719160e-01
-1.514900471870260501e-01 -1.233452699183009010e-01
-1.500179284194226026e-01 -1.240818355375560844e-01
-1.489294210822341979e-01 -1.252675077258788017e-01
-1.486985255864669841e-01 -1.270460924043034234e-01
-1.473466994175448019e-01 -1.281487383831575178e-01
-1.440699651782268720e-01 -1.282889240353832783e-01
-1.411331515308946738e-01 -1.299228435631356593e-01
-1.366147711457399716e-01 -1.289892914604305052e-01
-1.222049095105119665e-01 -1.282889240353832783e-01
-1.180549382129805619e-01 -1.282889240353832783e-01
-1.170538970375733651e-01 -1.277640974050958667e-01
-1.160528558621661127e-01 -1.272392707748084273e-01
-1.150518146867588326e-01 -1.267144441445209879e-01
-1.125637894418708845e-01 -1.262673849866615405e-01
-1.097364880272256871e-01 -1.257593632163667707e-01
-1.023059761749832014e-01 -1.253732666709427290e-01
-8.985610677178962336e-02 -1.253732666709427290e-01
-8.038110877720842928e-02 -1.251444347643474730e-01
-7.494343626574315187e-02 -1.246050452702300859e-01
-7.143537691583912164e-02 -1.239172094757686332e-01
-7.054607828519636470e-02 -1.230279108451258763e-01
-6.892700518502993534e-02 -1.225035277606818379e-01
-6.571128074387536100e-02 -1.224676171747208497e-01
-6.136160506496023126e-02 -1.219745820410323978e-01
-5.871545640099361252e-02 -1.200679550698343367e-01
-5.230453825363891307e-02 -1.193646576357710737e-01
-4.815900151576558291e-02 -1.166474984956287070e-01
-4.225169799170883783e-02 -1.148545127330130172e-01
-3.711339780328613835e-02 -1.107949798487400939e-01
-3.329207734833839610e-02 -1.090809092952129272e-01
-2.738182763730178174e-02 -1.051491994024251198e-01
-2.238930258762963227e-02 -1.040277087919644489e-01
-1.931724475726486270e-02 -1.020480077554185155e-01
-1.559050067922865268e-02 -1.003354067002782124e-01
2.675741755027822091e-03 -9.913235039097798018e-02
8.040404913000781875e-03 -9.946219750411380844e-02
1.137884505231732436e-02 -1.000453200791217717e-01
1.334839576468471560e-02 -1.007933787935584302e-01
1.471964807313784832e-02 -1.020480077554185155e-01
2.401385687184020429e-02 -1.013594097991025317e-01
2.845915510266527892e-02 -9.919361004880591914e-02
3.180303957621924416e-02 -9.898038897859051666e-02
3.402576059369354089e-02 -9.717882080613025886e-02
3.758286613746309596e-02 -9.621669302653745870e-02
4.300356616725419662e-02 -9.353664433801130162e-02
5.179002867043575736e-02 -9.330103566209692334e-02
6.080915995398215174e-02 -9.313582180095472673e-02
6.506602445160136750e-02 -9.249440328122622568e-02
6.519971015744571718e-02 -9.144062643741047991e-02
6.428935545740992186e-02 -8.970417187328745545e-02
6.415152999036081993e-02 -8.577600585336757344e-02
5.979804619850081354e-02 -7.729199038514399100e-02
5.831314728881057535e-02 -6.281177348127774118e-02
5.949709292887567225e-02 -6.014128776696324452e-02
6.124650514330031575e-02 -5.831900191418785961e-02
6.280842868724308137e-02 -5.694070320368407184e-02
6.437004035599301621e-02 -5.570377652942479219e-02
6.630176923572085601e-02 -5.539748992437004693e-02
6.699120664860760965e-02 -5.321932481700539230e-02
6.685752993052099247e-02 -4.980005642436999974e-02
6.359317363113169141e-02 -4.609922944448852089e-02
6.122880465325110377e-02 -4.135993536728785336e-02
5.831314728881057535e-02 -3.758725036567787253e-02
4.440988061733976838e-02 -3.204042513183449209e-02
3.672608116975191461e-02 -2.505756113558164563e-02
3.252752744665345086e-02 -1.794924062445080529e-02
2.831100809465310689e-02 -1.373272127245046131e-02
2.332525891552426900e-02 -4.840001902427528563e-03
3.557105543769509531e-03 -1.843143693225357538e-18
