4.140491169197975559e-03 -9.676860607061146813e-03
4.150235837609136946e-03 -9.834118058864209713e-03
4.489448380416126601e-03 -1.324539629815678701e-02
4.930247406934052876e-03 -1.438303605045974411e-02
4.756591216253795371e-03 -1.685037025420601034e-02
5.788701541600326482e-03 -1.989583459448397360e-02
6.331317441533273853e-03 -2.523625310890875717e-02
6.436772737784482272e-03 -2.744184835170157544e-02
6.977068007783885847e-03 -2.995226654499241747e-02
7.984972656751096118e-03 -3.116427178599153608e-02
8.640021227385000918e-03 -3.252350286170156701e-02
8.338306595562476262e-03 -3.739595705579940726e-02
6.366335612244630737e-03 -4.311654500280381191e-02
5.845007691223995730e-03 -4.455616597976942012e-02
5.338983239005542190e-03 -4.618144104575979542e-02
7.998888790761275042e-03 -5.278740512555112757e-02
7.748683277661030586e-03 -6.272645185973953208e-02
8.183742763270940301e-03 -6.556499136756573087e-02
8.353149737954618237e-03 -6.606929860525674603e-02
6.907211850705495537e-03 -7.502405260057552761e-02
7.067921927511930554e-03 -7.518170696356757388e-02
7.616275715505671680e-03 -7.608334718749724945e-02
6.637298880184976796e-03 -8.029603013714914361e-02
5.635400800624954833e-03 -8.430868011636470649e-02
7.047042622309583094e-03 -9.519351141280250894e-02
6.324371594060924223e-03 -9.734605120793757282e-02
5.582312153613517604e-03 -9.931831060072898731e-02
6.132071513603728347e-03 -1.020189379793400852e-01
6.564822993394456643e-03 -1.063502323248330939e-01
7.016957820886685765e-03 -1.104244330301279303e-01
6.242411708942612741e-03 -1.128522473960193312e-01
7.914076982845328484e-03 -1.175305095166996605e-01
8.458518600289770956e-03 -1.217609074610759290e-01
9.122073622014668579e-03 -1.239778244296193682e-01
9.317974194690537698e-03 -1.265162525948174133e-01
8.866557297488680128e-03 -1.303861842522349435e-01
1.163580576107203779e-02 -1.325969499064770518e-01
1.225326216189337285e-02 -1.339105970224689635e-01
1.288364064710020331e-02 -1.356065864445817060e-01
1.314375838282961714e-02 -1.393323914194410651e-01
1.729726006679696559e-02 -1.444632348283841072e-01
1.797594424695172707e-02 -1.456650873619686204e-01
1.899121101489937083e-02 -1.479396652608316043e-01
1.953128585417128471e-02 -1.532629237728650451e-01
2.027081594964175865e-02 -1.548423230914152959e-01
2.096494955530879903e-02 -1.556513576081363925e-01
2.329050990229111079e-02 -1.569965767877155027e-01
2.572842042342538688e-02 -1.628639231187335723e-01
2.729873432526408461e-02 -1.691321477135993290e-01
2.843573763056115797e-02 -1.716935502389411172e-01
2.905385738349233402e-02 -1.730836683618361127e-01
3.124430624981934523e-02 -1.787849273484009016e-01
3.134439920033733895e-02 -1.823484701376086037e-01
4.357999916745667474e-02 -1.860972865234328255e-01
4.383442945260914575e-02 -1.880828372703720330e-01
4.294071857917201862e-02 -1.895184165809653820e-01
4.325267711453257419e-02 -1.898690746842542076e-01
4.355782799002891337e-02 -1.900396015035832331e-01
4.514496366043978248e-02 -1.906209912693233866e-01
5.147083852764891554e-02 -1.971887344830288713e-01
5.179156989155362517e-02 -1.982094310374563628e-01
5.266295804999223534e-02 -1.984362414399468144e-01
5.815240377610060574e-02 -2.061905691948796582e-01
5.958599941950840084e-02 -2.076579176577046659e-01
6.222704034290305747e-02 -2.125224019401009135e-01
6.468734135026663057e-02 -2.163037973780280454e-01
6.994257353912346209e-02 -2.208480637797929913e-01
7.519465211682545280e-02 -2.276820616918398543e-01
7.816906900814830916e-02 -2.342259845749874725e-01
7.983337791995333277e-02 -2.345220825564807154e-01
8.011856417182643131e-02 -2.345876092632674381e-01
8.025830276812907782e-02 -2.346209565532755004e-01
8.039978909752314162e-02 -2.346555178886988169e-01
8.066368249048103123e-02 -2.347220511487522476e-01
8.102935823294001028e-02 -2.348185305306944859e-01
8.141662854753338452e-02 -2.349259287354342751e-01
8.162692930311227224e-02 -2.349864475091481275e-01
8.177623245578426181e-02 -2.350303432010852345e-01
8.197220917024553022e-02 -2.350891320321747135e-01
8.221460964778852520e-02 -2.351636922183256984e-01
8.255617370434178981e-02 -2.352722605974779668e-01
8.270848682669648677e-02 -2.353220219741112840e-01
8.272108103529095258e-02 -2.353261744078210538e-01
8.272381693160704708e-02 -2.353270772290113888e-01
8.274168398163518623e-02 -2.353329799573503078e-01
8.275630263646595319e-02 -2.353378182520677042e-01
8.277463822688695128e-02 -2.353438978711925866e-01
8.279983059475591600e-02 -2.353522712944319251e-01
8.282843374145050508e-02 -2.353618069245121402e-01
8.284663224932937997e-02 -2.353678897341802967e-01
8.286201241859225686e-02 -2.353730401570987840e-01
8.287918121566596741e-02 -2.353787999979315149e-01
8.291657902245522238e-02 -2.353913846285471678e-01
8.297083826626822090e-02 -2.354097371018022689e-01
8.300190256247634568e-02 -2.354202945251310242e-01
8.302216951644385279e-02 -2.354272022625914507e-01
8.304353079053675146e-02 -2.354345000357822293e-01
8.308273385148183532e-02 -2.354479389330202399e-01
8.311466844218044769e-02 -2.354589301740414031e-01
8.316055280081853518e-02 -2.354747922697865148e-01
8.320057606229708247e-02 -2.354886957313295504e-01
8.323363733648400653e-02 -2.355002285211451607e-01
8.327726213957160895e-02 -2.355155129017768578e-01
8.335542563837987362e-02 -2.355430900702260577e-01
8.351455883584339712e-02 -2.356000108859720721e-01
8.378008719362901868e-02 -2.356974013717966221e-01
8.392191268851488528e-02 -2.357507197144933508e-01
8.414401323033510183e-02 -2.358361532811612260e-01
8.437954122685821512e-02 -2.359295141058367073e-01
8.452815205550996691e-02 -2.359899755698001145e-01
8.462049704647459092e-02 -2.360281753031067964e-01
8.472697950896712626e-02 -2.360728400480987532e-01
8.491775598149071957e-02 -2.361545715530869727e-01
8.497896413138303351e-02 -2.361812739090490276e-01
8.498007896200729383e-02 -2.361817624711434471e-01
8.498019858461496046e-02 -2.361818148991458033e-01
8.498022337813124216e-02 -2.361818257657224973e-01
8.498024834275653971e-02 -2.361818367073331704e-01
8.511698378096219098e-02 -2.362423722668720305e-01
8.511751231027211984e-02 -2.362426086412493798e-01
8.511771829361529373e-02 -2.362427007682997848e-01
8.511836589316475188e-02 -2.362429904287458582e-01
1.473455592284554916e-01 -1.932120906149622230e-01
1.470068465146857351e-01 -1.924373821742604296e-01
1.464369638936496298e-01 -1.910459111902403084e-01
1.464794337369413058e-01 -1.880723742609869131e-01
1.458184305751520637e-01 -1.875208199356249716e-01
1.448376381639249477e-01 -1.859613211983324188e-01
1.478811211487646438e-01 -1.710851110706888556e-01
1.552421713286889215e-01 -1.343503008558549483e-01
1.568306840547409042e-01 -1.255841868589205046e-01
1.566223412915469237e-01 -1.253133160137195057e-01
1.575968103966315093e-01 -1.152988338362355980e-01
1.573660566844805042e-01 -1.151314472600683259e-01
1.554050513676938083e-01 -1.127955447205252482e-01
1.551144062460532713e-01 -1.085204908735826618e-01
1.546441451780683485e-01 -1.071954316406261154e-01
1.550552432374784073e-01 -1.045127325085117298e-01
1.555668776365361494e-01 -1.027840008348006179e-01
1.553888707272302883e-01 -9.539389760018456010e-02
1.537391720914669802e-01 -9.308543604395974613e-02
1.517748711818417695e-01 -8.891269981867346017e-02
1.502220624147103945e-01 -8.599531317148131904e-02
1.463795918040938226e-01 -8.205264439718376601e-02
1.457684719322582256e-01 -7.984213236954894322e-02
1.458049853556786235e-01 -7.697916404108992583e-02
1.462394872960943726e-01 -7.518491692260818871e-02
1.462793622859091813e-01 -7.358110556370035804e-02
1.447287868347857942e-01 -6.646328641984065866e-02
1.394759767402523332e-01 -5.524084271205711300e-02
1.386025297847304771e-01 -4.981373790185651684e-02
1.375936055083344656e-01 -4.703996414500629525e-02
1.364457469522432076e-01 -3.711361747986612059e-02
1.354588572277264091e-01 -3.519288494838383741e-02
1.336768677514619807e-01 -3.111918550944660009e-02
1.328932431383060275e-01 -2.728423737829107146e-02
1.326767576532946191e-01 -2.711807051570538571e-02
1.306171965925661815e-01 -9.196082378586297248e-03
1.298083738885960348e-01 -7.125728631666830397e-03
1.282583090825327177e-01 -3.822153617653300476e-03
1.277082122451874413e-01 -2.791722124092022202e-03
1.261013084037499177e-01 -6.685875797785141529e-04
1.246681753691968181e-01 -4.629292533893918245e-04
1.229924220357530296e-01 2.362588149607466274e-03
1.220319976170367582e-01 4.886709274271302215e-03
1.217511831884890289e-01 7.934100368139762952e-03
1.215660775174725039e-01 1.012891191140872192e-02
1.132606296318469929e-01 1.448540189802342663e-02
1.027074804096484995e-01 1.770289793484155702e-02
9.706948741845530804e-02 1.943971934486673006e-02
8.950782812636702557e-02 2.209112992224505218e-02
8.590016928916964500e-02 2.357422473189228415e-02
8.484474419375874488e-02 2.499680638014307316e-02
8.356655704396423467e-02 2.671787449434062309e-02
8.203663642498147668e-02 2.737873610321929149e-02
7.771639086128832863e-02 2.904440127136339103e-02
7.607687681357777620e-02 2.964210652064817181e-02
5.849643293559083496e-02 3.551006776839277929e-02
5.262926613498643269e-02 3.708039129537158557e-02
3.803311117905851940e-02 4.025356085716626231e-02
3.804133232578562479e-02 4.035613398700110127e-02
3.804703317900223064e-02 4.042417387672673362e-02
3.607074803550067849e-02 3.933328610504551598e-02
3.606956057399721138e-02 3.933288884048202066e-02
3.606903961792436164e-02 3.933271455160618213e-02
3.582614106645783114e-02 3.925008934261735305e-02
3.578802383721945563e-02 3.923664075841411941e-02
3.531010966599519574e-02 3.904150303029679109e-02
2.471531828699117736e-02 2.766260990875485729e-02
2.116347102698033777e-02 2.699817567020702108e-02
2.111627397545830231e-02 2.702895022477585021e-02
2.110996951354847731e-02 2.703321311397877472e-02
2.110725838291564044e-02 2.703505692710089434e-02
2.110504795590446153e-02 2.703656490611943547e-02
2.110252264254674701e-02 2.703829282896883998e-02
2.109976212949303542e-02 2.704018789938390094e-02
2.109152187441281148e-02 2.704588292883755574e-02
1.919626226019480056e-03 -6.618677181483779070e-04
1.919626226019480056e-03 -6.618677181483779070e-04
