-1.560031433439507511e-03 -1.270291878433012223e-02
-4.902897638706691513e-03 -2.050293992995355294e-02
-5.645751757596653882e-03 -2.134896893172213289e-02
-6.314320464597620794e-03 -2.211039503331385311e-02
-6.982889171598588574e-03 -2.287182113490557681e-02
-7.651457878599554618e-03 -2.363324723649729703e-02
-8.320026585600520663e-03 -2.439467333808901725e-02
-8.922564375126389169e-03 -2.511070349878136501e-02
-8.996854824851463484e-03 -2.546356613227870186e-02
-9.071145274576537798e-03 -2.581642876577604218e-02
-9.145435724301612113e-03 -2.616929139927338249e-02
-9.219726174026686427e-03 -2.652215403277072281e-02
-9.294016623751760742e-03 -2.687501666626806313e-02
-9.430210743744987106e-03 -2.725883050516996961e-02
-1.006163422588341426e-02 -2.789025398730839850e-02
-1.069305770802184315e-02 -2.852167746944682392e-02
-1.132448119016027377e-02 -2.915310095158525627e-02
-1.195590467229870266e-02 -2.978452443372368516e-02
-1.258732815443713501e-02 -3.041594791586211752e-02
-1.315272071910046289e-02 -3.101435593926299764e-02
-1.318986594396300005e-02 -3.134864029276347719e-02
-1.322701116882553721e-02 -3.168292464626396021e-02
-1.326415639368807436e-02 -3.201720899976444323e-02
-1.330130161855061152e-02 -3.235149335326492626e-02
-1.333844684341314868e-02 -3.268577770676540928e-02
-1.342511525638201246e-02 -3.304482428404856981e-02
-1.600521346372031986e-02 -3.602188863183702211e-02
-1.869978848119326423e-02 -3.774399595362449428e-02
-1.936386504136044379e-02 -3.805915381896581018e-02
-1.974272593172220897e-02 -3.821515696230975978e-02
-2.012158682208397414e-02 -3.837116010565370938e-02
-2.050044771244573585e-02 -3.852716324899765898e-02
-2.089911787805002683e-02 -3.869802297093580257e-02
-2.145626224559455883e-02 -3.898773532162747718e-02
-2.201340661313909083e-02 -3.927744767231915179e-02
-2.257055098068362284e-02 -3.956716002301082641e-02
-2.312769534822815137e-02 -3.985687237370250102e-02
-2.374179194885151292e-02 -4.011687005585496540e-02
-2.466743712585583309e-02 -4.013614967133165290e-02
-2.555886584690084812e-02 -4.015471661619732929e-02
-2.645029456794585621e-02 -4.017328356106301263e-02
-2.734172328899086429e-02 -4.019185050592869596e-02
-2.823315201003588626e-02 -4.021041745079437235e-02
-2.897150711231559483e-02 -4.028001023287293425e-02
-2.897150711231559483e-02 -4.059572764150774088e-02
-2.897150711231559483e-02 -4.091144505014254057e-02
-2.897150711231559483e-02 -4.122716245877734026e-02
-2.897150711231559483e-02 -4.154287986741214689e-02
-2.897150711231559483e-02 -4.185859727604695352e-02
-2.892367148479915023e-02 -4.212647905716530167e-02
-2.471583996791619497e-02 -4.461205360563001016e-02
-2.156994399359905834e-02 -6.071863336907692976e-02
-2.444909032596006421e-02 -6.706810945677509073e-02
-2.600908775400605222e-02 -6.887882865129481280e-02
-2.756908518205204023e-02 -7.068954784581454875e-02
-2.897150711231559483e-02 -7.246087230716660721e-02
-2.897150711231559483e-02 -7.388158364332646222e-02
-2.897150711231559483e-02 -7.530229497948628947e-02
-2.897150711231559483e-02 -7.672300631564614448e-02
-2.906717905432614282e-02 -7.809588339824484471e-02
-3.067446768010331087e-02 -7.970317202402200929e-02
-3.256877213191213677e-02 -8.159747647583083519e-02
-3.306062408295209337e-02 -8.279055467725521256e-02
-3.339489710132140937e-02 -8.390484341234427657e-02
-3.581481570761003985e-02 -8.815260825287021818e-02
-4.137500394128675735e-02 -9.699379279794692610e-02
-5.200012997918053437e-02 -1.065440117813439974e-01
-5.423659463972393263e-02 -1.078721539100360033e-01
-5.676121482221538339e-02 -1.089864426451250812e-01
-5.997577421235093104e-02 -1.095604921586071784e-01
-6.205800895625283170e-02 -1.111767348510354358e-01
-6.240016916498743876e-02 -1.130710262502689634e-01
-6.496640988822281748e-02 -1.160863669316157115e-01
-6.719498735840095938e-02 -1.183892348515189347e-01
-6.926598933079668174e-02 -1.204557378073043972e-01
-7.045456851561079925e-02 -1.211985969640304306e-01
-7.164314770042495839e-02 -1.219414561207564779e-01
-7.274731107197476843e-02 -1.226224117217106363e-01
-7.608231138318373443e-02 -1.240574956607123636e-01
-8.900804174963382331e-02 -1.204782404471097107e-01
-9.826678710904773739e-02 -1.165005862866779346e-01
-1.022579177099809389e-01 -1.184657703441944349e-01
-1.048124688215748557e-01 -1.197732020203665787e-01
-1.064769317116063818e-01 -1.203819044725056436e-01
-1.086163742442718266e-01 -1.205156272820107760e-01
-1.101311397587812768e-01 -1.212740271096718891e-01
-1.112677224298665585e-01 -1.224106097807571708e-01
-1.124042660806215121e-01 -1.225242744917160315e-01
-1.135408197612501058e-01 -1.228234301745390195e-01
-1.146774024323353874e-01 -1.236925672266140364e-01
-1.158139851034206691e-01 -1.243118436386958375e-01
-1.169505677745059646e-01 -1.247798530687276863e-01
-1.184927994797159850e-01 -1.254148961673904328e-01
-1.200359127146426175e-01 -1.274239739746848565e-01
-1.203022235839755621e-01 -1.292723318501109719e-01
-1.202799432501367449e-01 -1.300077596948382708e-01
-1.202576629162979277e-01 -1.307431875395655418e-01
-1.202353825824591105e-01 -1.314786153842928684e-01
-1.199141508729495431e-01 -1.319151032571783400e-01
-1.195352899825877918e-01 -1.322939641475400774e-01
-1.191564290922260128e-01 -1.326728250379018703e-01
-1.187775682018642615e-01 -1.330516859282636077e-01
-1.183987073115024963e-01 -1.334305468186254007e-01
-1.180198464211407450e-01 -1.335291472089495945e-01
-1.157250695865685852e-01 -1.343089415814713861e-01
-1.082841076128184948e-01 -1.387660965218276699e-01
-1.017446753359460554e-01 -1.435355944366167313e-01
-1.001846779079001160e-01 -1.451791601192549963e-01
-9.862468047985416264e-02 -1.468227258018932613e-01
-9.805740868783741071e-02 -1.477217526674586279e-01
-9.805740868783741071e-02 -1.481953287804108343e-01
-9.805740868783741071e-02 -1.486689048933630131e-01
-9.805740868783741071e-02 -1.491424810063152473e-01
-9.745467545317099134e-02 -1.493146905019342163e-01
-9.393113653116245965e-02 -1.490783221029282346e-01
-8.834620611055117589e-02 -1.473562395123360347e-01
-8.371348647574788915e-02 -1.514689692786555242e-01
-8.243710742578028161e-02 -1.539947023649351487e-01
-8.210283440741096561e-02 -1.576718415885716706e-01
-8.161661086423288580e-02 -1.612983333851825130e-01
-7.877515418651977186e-02 -1.641397900628956130e-01
-7.609577751902035780e-02 -1.670352720367248300e-01
-7.592864100983570674e-02 -1.707681461003519030e-01
-7.572773817534531049e-02 -1.743288106683600069e-01
-7.415086273697880925e-02 -1.761589191199888771e-01
-7.032173795267365746e-02 -1.783672355584237923e-01
-6.618877188580624127e-02 -1.811225627571322605e-01
-6.443124021816197533e-02 -1.827433525546060811e-01
-6.348408799225756238e-02 -1.827433525546060811e-01
-6.253693576635316331e-02 -1.828193267865439731e-01
-6.126449893761291843e-02 -1.839420571029594387e-01
-5.745229647368644416e-02 -1.848143538400241204e-01
-5.285107957284208846e-02 -1.869573764879991773e-01
-5.062250210266398126e-02 -1.882945139020011094e-01
-4.846595286481927833e-02 -1.897757297639547369e-01
-4.638593362382903429e-02 -1.914100289768569108e-01
-4.430591438283872086e-02 -1.930443281897591123e-01
-4.267612380423373847e-02 -1.939402638276573887e-01
-4.082686928558277445e-02 -1.941192180698146919e-01
-3.845984864509135320e-02 -1.955407857236115543e-01
-3.601064692962142183e-02 -1.961148173756748214e-01
-3.222210534981315849e-02 -1.938929928957667803e-01
-2.593703822536547535e-02 -1.893998190304002627e-01
-2.120132003194635795e-02 -1.872415798275439691e-01
-1.200842903675218912e-02 -1.804123487781920110e-01
-5.701466217250397012e-03 -1.782158682776374126e-01
6.132333903106473513e-03 -1.761551732598722886e-01
1.122092366073229076e-02 -1.760808828101472212e-01
1.426852664432293367e-02 -1.763637712744756392e-01
1.638567977504467449e-02 -1.768094913025637649e-01
1.850283290576634765e-02 -1.772552113306518351e-01
2.051793046918892749e-02 -1.775988757914408467e-01
2.340119282812203744e-02 -1.780340795657085473e-01
3.042571994389828630e-02 -1.792451710080151250e-01
3.672426900466848471e-02 -1.825542619572672332e-01
4.635104752495868008e-02 -1.845228506760022980e-01
7.484190729165698941e-02 -1.856900112717379536e-01
7.837048828610554407e-02 -1.860985747398323231e-01
7.970426157057017291e-02 -1.864508747386367793e-01
8.033569638783980005e-02 -1.867851704272684432e-01
8.096713120510942718e-02 -1.871194661159001071e-01
8.202064508870061943e-02 -1.877632795833911461e-01
8.428975080516390439e-02 -1.891814652462317226e-01
9.327837380586385951e-02 -1.942081198471139747e-01
9.924597275914337491e-02 -1.951738503530152657e-01
1.030841010724902612e-01 -1.968081646794257178e-01
1.079396817518039620e-01 -1.981272991572101405e-01
1.092002960387280230e-01 -1.971767759319918711e-01
1.092002960387280230e-01 -1.943353192542785768e-01
1.096899077556611063e-01 -1.917386783962078400e-01
1.112825527659146718e-01 -1.898275173448818187e-01
1.123968415010037497e-01 -1.884903799308798589e-01
1.136402005123827996e-01 -1.879921402326855118e-01
1.149030701469220539e-01 -1.876207106543224812e-01
1.161659397814612110e-01 -1.872492810759594783e-01
1.171384111410274931e-01 -1.869101092199893510e-01
1.182733348526922579e-01 -1.865015256005506661e-01
1.195058057263513607e-01 -1.848773950307794900e-01
1.175889890170501439e-01 -1.827433525546060811e-01
1.091440188298851144e-01 -1.660605489934242063e-01
1.038877275239594861e-01 -1.557753250687388680e-01
8.157944193864165305e-02 -1.345520478572395373e-01
7.577163398605617217e-02 -1.136169206718662256e-01
7.454251831122504779e-02 -1.083966331774429970e-01
7.363759837965927479e-02 -1.060138999842092089e-01
7.558254064080666135e-02 -1.017469444231141745e-01
7.328302998066485441e-02 -9.769723317728809531e-02
6.878315602230671011e-02 -7.577163398605617217e-02
6.045521728615297491e-02 -5.860484161998204961e-02
6.211315333895581214e-02 -5.600145258048469521e-02
6.232137969865195887e-02 -5.372446036063352470e-02
3.820320753572219868e-02 -3.811316537552897343e-02
3.545688043116718841e-02 -1.222340701276339314e-02
3.202850817910987691e-02 -1.114288735089061406e-02
3.120008458249365346e-02 -1.448575355615791538e-02
2.484862519032864092e-02 -2.863723409394638639e-02
1.571144396044088162e-02 -4.011439446320626961e-02
6.685732410534277366e-03 -2.663152797294348478e-02
1.894304451808815921e-03 -1.387778780781445676e-17
