-8.209400607965194191e-03 -1.467431193777192847e-02
-2.435453843489510800e-02 -2.490186521289605368e-02
-2.500318603264804415e-02 -2.366649251382153471e-02
-2.550487440903507694e-02 -2.271100894188108482e-02
-2.600656278542210972e-02 -2.175552536994063840e-02
-2.650825116180914598e-02 -2.080004179800018504e-02
-2.700993953819617877e-02 -1.984455822605973863e-02
-2.743146796864688250e-02 -1.906542368120626302e-02
-2.765950687442369355e-02 -1.871195920173513230e-02
-2.788754578020050459e-02 -1.835849472226400159e-02
-2.811558468597731564e-02 -1.800503024279287087e-02
-2.834362359175412668e-02 -1.765156576332174015e-02
-2.857166249753093773e-02 -1.729810128385060944e-02
-2.859362620940211069e-02 -1.688385125766442285e-02
-2.723448534979085178e-02 -1.528025960133029201e-02
-2.582676480935034574e-02 -1.366056682780401703e-02
-2.476979529493726628e-02 -1.322956995547218753e-02
-2.375947031304505297e-02 -1.273240800830064551e-02
-2.370691573678750802e-02 -1.204653377787470725e-02
-2.366244647995420156e-02 -1.146617865982199613e-02
-2.361797722312089162e-02 -1.088582354176927461e-02
-2.357350796628758516e-02 -1.030546842371656349e-02
-2.352903870945427869e-02 -9.725113305663841967e-03
-2.356210416521338155e-02 -9.166039406295990732e-03
-2.375023904615729611e-02 -8.649527944297859261e-03
-2.393837392710121761e-02 -8.133016482299717381e-03
-2.412650880804513218e-02 -7.616505020301585910e-03
-2.431464368898905368e-02 -7.099993558303444897e-03
-2.450277856993297171e-02 -6.583482096305312559e-03
-2.484065909179293541e-02 -6.104979438335015815e-03
-2.547803089548496963e-02 -5.702494388420411078e-03
-2.611540269917701773e-02 -5.300009338505799403e-03
-2.675277450286905195e-02 -4.897524288591194666e-03
-2.739014630656108965e-02 -4.495039238676589929e-03
-2.802751811025313428e-02 -4.092554188761978254e-03
-2.862004022111182960e-02 -4.053408716197450835e-03
-2.912286294630384020e-02 -4.740942398333067645e-03
-2.962568567149585774e-02 -5.428476080468695730e-03
-3.012850839668787181e-02 -6.116009762604311673e-03
-3.063133112187988935e-02 -6.803543444739939758e-03
-3.113415384707189995e-02 -7.491077126875556567e-03
-3.131734306001537210e-02 -8.169870059937208925e-03
-2.906459508173536363e-02 -1.143634775360197545e-02
-3.089718397422111865e-02 -1.563267282056853696e-02
-3.171482276155922903e-02 -1.634868598946725635e-02
-3.208995121544697127e-02 -1.649577553757817713e-02
-3.246507966933469963e-02 -1.664286508568909792e-02
-3.284020812322242799e-02 -1.678995463380001871e-02
-3.321533657711016330e-02 -1.693704418191094296e-02
-3.349505488763668271e-02 -1.716290760111549227e-02
-3.362161481013598019e-02 -1.751522381339139928e-02
-3.374817473263528461e-02 -1.786754002566729935e-02
-3.387473465513458210e-02 -1.821985623794320289e-02
-3.400129457763388652e-02 -1.857217245021910990e-02
-3.412785450013318400e-02 -1.892448866249500997e-02
-3.411830578147600351e-02 -1.937046537806544691e-02
-3.209129328568210981e-02 -2.480545252366781611e-02
-3.058809954735489459e-02 -3.795790236586907979e-02
-3.150695792978869259e-02 -4.326311950205831425e-02
-3.241546693465171408e-02 -4.495425402305096990e-02
-3.313059787443461968e-02 -4.627622036662822763e-02
-3.367789124829897313e-02 -4.727777659395823728e-02
-3.425256327672987489e-02 -4.830496956822712823e-02
-3.557428145119140989e-02 -5.003167949468643322e-02
-3.689599962565292407e-02 -5.175838942114571045e-02
-3.819427315746219687e-02 -5.353783638130556882e-02
-3.947219850885632514e-02 -5.536305510656403667e-02
-4.076782813699618424e-02 -5.722126379085876874e-02
-4.235189233399327263e-02 -5.967778597195726870e-02
-4.383414522154256004e-02 -6.197642203933681482e-02
-4.520237865620341244e-02 -6.417015983890191066e-02
-4.565845646775704147e-02 -6.552471149595179289e-02
-4.611453427931065663e-02 -6.687926315300164737e-02
-4.661976720574679406e-02 -6.829665170254502204e-02
-4.779958134629742200e-02 -7.081797371904900718e-02
-4.914729211454178098e-02 -7.369809925328621447e-02
-5.057294755523669000e-02 -7.455158401116196432e-02
-5.200274898914705735e-02 -7.529726872774189506e-02
-5.744023617287600386e-02 -7.307044417306286788e-02
-6.022991220456614531e-02 -7.419833821912549809e-02
-5.998114586332851245e-02 -7.803428959117231223e-02
-6.214571409109496958e-02 -8.111993344311557719e-02
-6.335286746483211051e-02 -8.469178082964402832e-02
-6.415079865512188229e-02 -8.818249665412512817e-02
-6.539879406884056834e-02 -9.116233754288805002e-02
-7.113431806262091039e-02 -9.838926428961093651e-02
-7.425029093044722972e-02 -1.031175384222045577e-01
-7.592409123516689895e-02 -1.061081500361702318e-01
-7.730602036582899517e-02 -1.102265460361540467e-01
-7.868369932623352214e-02 -1.142869985122390852e-01
-7.992537283839508400e-02 -1.164932582235614356e-01
-8.113885212049865014e-02 -1.186750563640279199e-01
-8.145011604074645084e-02 -1.200740842371062211e-01
-8.181507331463547250e-02 -1.214608803757754041e-01
-9.100389691487814625e-02 -1.239254597161611460e-01
-1.040448832267632517e-01 -1.208605618575324253e-01
-1.039167817371020180e-01 -1.241442382529614891e-01
-1.020654329634127777e-01 -1.252832062764263621e-01
-9.959344081491333656e-02 -1.269072407441703410e-01
-9.428979055205022330e-02 -1.277410522792038761e-01
-9.460159454801642109e-02 -1.324690077650147735e-01
-9.596402359217565126e-02 -1.348176992140640296e-01
-9.729121169400349600e-02 -1.373249928288039212e-01
-9.877657681796545019e-02 -1.394336995973214366e-01
-1.068887443952162980e-01 -1.378106853897594908e-01
-1.258987032210010237e-01 -1.406997399931082249e-01
-1.288453193657610185e-01 -1.469049688866209402e-01
-1.278351086833765804e-01 -1.475161114838959286e-01
-1.268916972764216888e-01 -1.475020138416551774e-01
-1.259955060469256372e-01 -1.470459360301015761e-01
-1.250993148174296132e-01 -1.465898582185479471e-01
-1.239025268485005049e-01 -1.469166659580188883e-01
-1.224932480810066587e-01 -1.477968927939037058e-01
-1.210839693135127987e-01 -1.486771196297885511e-01
-1.194021442835728475e-01 -1.485259695670608504e-01
-1.175276572405246078e-01 -1.476457427311760329e-01
-1.156531701974762572e-01 -1.467655158952911876e-01
-1.140712724611862294e-01 -1.466681746104308848e-01
-1.124184137101935099e-01 -1.472163893536115042e-01
-1.105488126547753552e-01 -1.476904330654705277e-01
-1.094918431403622966e-01 -1.472799588595552212e-01
-1.079096971224846463e-01 -1.468767089308312401e-01
-1.026602231392272913e-01 -1.463607698099107512e-01
-9.566624722472953646e-02 -1.452808950537328447e-01
-9.088014935074711920e-02 -1.461107461740875912e-01
-8.831636415327256961e-02 -1.472418178308200210e-01
-8.585209418074274401e-02 -1.484060544808903093e-01
-8.104048389744097913e-02 -1.501138637395199316e-01
-7.686734939923928200e-02 -1.526616820127668639e-01
-7.438774895250849228e-02 -1.542770174866076038e-01
-7.195649255810152023e-02 -1.575294281163132082e-01
-6.595174978127217591e-02 -1.571671779693269155e-01
-6.168065554367798548e-02 -1.574744032366719171e-01
-6.062754247778633782e-02 -1.598838921122743284e-01
-6.295698879993587294e-02 -1.637986165118760773e-01
-6.193129285398018408e-02 -1.694107219216585691e-01
-5.057540492435891322e-02 -1.609524820063492345e-01
-4.669874352615302482e-02 -1.605146372860167536e-01
-4.547308769113705962e-02 -1.621952643502670710e-01
-4.468406806652883839e-02 -1.642248161790367256e-01
-4.389504844192056165e-02 -1.662543680078064912e-01
-4.312757490718120701e-02 -1.667782867246212219e-01
-4.160744178497662732e-02 -1.673273637050480267e-01
-3.511179886039322157e-02 -1.635729981406936484e-01
-3.176770420910278447e-02 -1.639370121273165670e-01
-2.767673081205719240e-02 -1.660281460846107227e-01
-2.653897157969658388e-02 -1.735384263723306064e-01
-3.268398515872488613e-02 -1.842817707273153582e-01
-2.355655030573614375e-02 -1.800765155368135584e-01
-2.206455117086004308e-02 -1.863083503471135993e-01
-1.438940544183906975e-02 -1.867967382254284436e-01
-1.233864704756863079e-02 -1.880460541991428314e-01
-1.138771478923836927e-02 -1.901599932279689487e-01
-5.673784756153716323e-03 -1.911074338683100005e-01
2.715126743510352242e-03 -1.910520703781342644e-01
5.997744286857389570e-03 -1.910304064037176563e-01
9.083926386851752868e-03 -1.909899461353392613e-01
1.115109962445420821e-02 -1.908519800920340515e-01
1.321827286205639121e-02 -1.907140140487288416e-01
1.528544609965884482e-02 -1.905760480054236039e-01
1.735261933726130190e-02 -1.904380819621183940e-01
1.941979257486375551e-02 -1.903001159188131564e-01
2.133696661784486096e-02 -1.900738830999079698e-01
2.247601983872883971e-02 -1.893897663825775401e-01
2.361507305961282194e-02 -1.887056496652470827e-01
2.475412628049680416e-02 -1.880215329479166253e-01
2.592999738326789635e-02 -1.873153033669957279e-01
2.729686124832867572e-02 -1.864943633061992012e-01
2.873822030261396349e-02 -1.855014142957506496e-01
3.025559485610776131e-02 -1.843329459489226607e-01
3.177296940960172567e-02 -1.831644776020945609e-01
3.329034396309569349e-02 -1.819960092552664332e-01
3.480771851658965438e-02 -1.808275409084383056e-01
3.526255598868766050e-02 -1.787434881219774896e-01
3.463317194915737501e-02 -1.757251654991572321e-01
3.400378790962702014e-02 -1.727068428763366692e-01
3.326950653017493598e-02 -1.691854664830459709e-01
3.184861898167782451e-02 -1.636136449014424232e-01
3.060352154551591874e-02 -1.603161973132891660e-01
2.902307104063180793e-02 -1.582711678127974864e-01
2.473020253592207382e-02 -1.563264772528909219e-01
3.317150503561160091e-02 -1.450487742636895339e-01
4.712070005254608007e-02 -1.523191934493122179e-01
4.751831556383728089e-02 -1.380483427467344149e-01
3.799072910014705817e-02 -1.232720305187048337e-01
3.664655043975443421e-02 -1.223721656777229244e-01
3.049821627022965276e-02 -1.238349395672398434e-01
1.940723312562970745e-02 -1.063386718984130064e-01
1.439117940394132877e-02 -8.997571126414609377e-02
1.247220707682244328e-02 -8.668119750394884249e-02
1.084414682014232627e-02 -8.298218158167465497e-02
3.560709721946657847e-03 -7.162081641401757404e-02
-1.090606425534094460e-02 -4.935321659618142898e-02
-9.632916201602238424e-03 -4.565201970433289957e-02
-8.325688758463492892e-03 -4.253152462498509256e-02
-6.157217476655912859e-04 -3.557406930118243299e-02
-8.619937446634112549e-04 -2.685842900321997948e-02
4.350972300980594440e-03 -1.119213947428504899e-02
2.736466869321739059e-03 -1.491369433159867551e-03
