-3.621623668745328241e-03 -8.422374647536198106e-03
-1.238090101309726257e-02 -1.263356197130429716e-02
-1.302526516669967604e-02 -1.247355314371385686e-02
-1.354815083232786647e-02 -1.234370991476751653e-02
-1.407103649795605517e-02 -1.221386668582117446e-02
-1.459392216358424040e-02 -1.208402345687483413e-02
-1.511680782921242909e-02 -1.195418022792849380e-02
-1.574079204067579604e-02 -1.180313847535564842e-02
-1.669884101229018522e-02 -1.158204942732131426e-02
-1.765688998390457440e-02 -1.136096037928698010e-02
-1.861493895551895317e-02 -1.113987133125264768e-02
-1.957298792713334235e-02 -1.091878228321831353e-02
-2.053103689874773152e-02 -1.069769323518397937e-02
-2.168475670293948041e-02 -1.054672104094289686e-02
-2.348504099738685583e-02 -1.062743932010559549e-02
-2.528532529183421390e-02 -1.070815759926829584e-02
-2.708560958628158932e-02 -1.078887587843099446e-02
-2.888589388072896474e-02 -1.086959415759369482e-02
-3.068617817517633670e-02 -1.095031243675639518e-02
-3.218317180829743246e-02 -1.107505497378850207e-02
-3.267798760399256291e-02 -1.134526897160647620e-02
-3.317280339968769337e-02 -1.161548296942445033e-02
-3.366761919538282383e-02 -1.188569696724242619e-02
-3.416243499107796122e-02 -1.215591096506040206e-02
-3.465725078677309168e-02 -1.242612496287837445e-02
-3.531838542170968182e-02 -1.262622459499272883e-02
-3.705495926044344301e-02 -1.258092427167783155e-02
-3.887102415517557086e-02 -1.253355034201401354e-02
-4.068708904990771258e-02 -1.248617641235019379e-02
-4.235576303088414707e-02 -1.239084130978155250e-02
-4.284530970181504167e-02 -1.191181682397436312e-02
-4.333485637274592933e-02 -1.143279233816717200e-02
-4.382440304367683087e-02 -1.095376785235997741e-02
-4.431395149954159285e-02 -1.052796830942024850e-02
-4.898952977223934580e-02 -7.832793467708203117e-03
-5.280064915963994521e-02 -2.323812536266314961e-03
-5.750183003687159983e-02 -6.778086432999139155e-03
-6.430676447144102748e-02 -9.119114169576085158e-03
-6.719523856360415381e-02 -5.745687826246003230e-03
-6.985636400694132664e-02 -4.314975710846245989e-03
-7.249558820359891520e-02 -4.415011626054854595e-03
-7.458012678563237519e-02 -4.590477764545192706e-03
-7.643326178181387986e-02 -4.822660230628363076e-03
-7.708599067638842450e-02 -5.349058646099380879e-03
-7.773871957096295526e-02 -5.875457061570398681e-03
-7.839144846553748602e-02 -6.329256916111413410e-03
-8.004634697602441840e-02 -6.524973075191117106e-03
-8.200459142669848378e-02 -8.233080788674173103e-03
-8.396278460109066200e-02 -8.422374647536198106e-03
-8.592097128481424040e-02 -6.718769510856486757e-03
-8.857558814531257818e-02 -6.432489355788963831e-03
-9.075698009465874017e-02 -6.348260468704076086e-03
-9.224213464008740315e-02 -6.717657140072912612e-03
-9.331179267027497892e-02 -7.357765838260903885e-03
-9.449204520262789730e-02 -7.942574040031931751e-03
-9.643761168996493882e-02 -8.144702806597558034e-03
-9.838317817730198034e-02 -8.346831573163186052e-03
-9.992786851021827343e-02 -8.749398416939191750e-03
-1.012333262993673350e-01 -9.271581532598814970e-03
-1.024728518769432162e-01 -9.768243339348642307e-03
-1.040750046181715960e-01 -1.042289996249544902e-02
-1.060332471216450939e-01 -1.140595715566731887e-02
-1.077723847744732899e-01 -1.211376781112720805e-02
-1.091746210286194813e-01 -1.266971824070461418e-02
-1.104169135782167854e-01 -1.338561237483090402e-02
-1.115677509846639548e-01 -1.416425017958379030e-02
-1.060829967982808014e-01 -2.192560572608431499e-02
-9.519155234575607527e-02 -2.429218268144605133e-02
-1.043376092806639482e-01 -3.627364730023001360e-02
-1.066927847275742636e-01 -3.775180555398168630e-02
-1.081982764849070550e-01 -3.669900872303966805e-02
-1.098318077143840693e-01 -3.564621189209764285e-02
-1.170001929784504902e-01 -3.289320000068231969e-02
-1.254027671923752252e-01 -2.996494005724135296e-02
-1.291477473158745559e-01 -3.198630993803313477e-02
-1.304532051050235897e-01 -3.308121692867632690e-02
-1.317337118986765809e-01 -3.371444958564084188e-02
-1.329830299479595745e-01 -3.377058932550695142e-02
-1.342323479972425404e-01 -3.382672906537306096e-02
-1.352165248307467815e-01 -3.414490661600766419e-02
-1.361804853951383565e-01 -3.509849214955033936e-02
-1.373554205121527150e-01 -3.579509225202884282e-02
-1.385303325223868898e-01 -3.579509225202884282e-02
-1.397052445326210091e-01 -3.660184912598273693e-02
-1.410162762483314902e-01 -3.763800855593230771e-02
-1.442125658848885661e-01 -3.780225103029069555e-02
-1.468014329216011937e-01 -3.827021252846697641e-02
-1.484817182543446967e-01 -3.919247643201791836e-02
-1.491790268782068329e-01 -4.091221503418048661e-02
-1.493967627170323664e-01 -4.294391593908813975e-02
-1.480415344811080725e-01 -4.508011959405928276e-02
-1.468643212692307687e-01 -4.713231712169171916e-02
-1.460010201569439670e-01 -4.963797871994332644e-02
-1.455300212205860033e-01 -5.221776213086591623e-02
-1.465780373495754740e-01 -5.438365897198541021e-02
-1.472886784233422841e-01 -5.585231504918284490e-02
-1.479993194971091219e-01 -5.732097112638034897e-02
-1.491664905088052051e-01 -5.829863473621766518e-02
-1.504351126178188891e-01 -5.916718890886386861e-02
-1.517037347268325731e-01 -6.003574308151006511e-02
-1.529723568358463404e-01 -6.090429725415630324e-02
-1.538705790433000375e-01 -6.119572892307312967e-02
-1.599083699981289075e-01 -6.343900621703110754e-02
-1.568922322435331584e-01 -6.607096519197634688e-02
-1.483971278694724838e-01 -7.187551332182938457e-02
-1.478917898886536464e-01 -7.302305801209907354e-02
-1.473944276414025367e-01 -7.416603002634458708e-02
-1.476786872837902165e-01 -7.486087979022347516e-02
-1.479629469261778962e-01 -7.555572955410234937e-02
-1.482472065685655760e-01 -7.625057931798125133e-02
-1.485310407476269356e-01 -7.694335531324449085e-02
-1.487731795207102858e-01 -7.743290198417537851e-02
-1.492759596913031117e-01 -7.918967802890655716e-02
-1.445419873072699979e-01 -7.788186282892430035e-02
-1.332406863410718068e-01 -7.647219281203794516e-02
-1.289924944175182553e-01 -8.030863943735738752e-02
-1.283820301605574088e-01 -8.524995320063250004e-02
-1.283469455005418758e-01 -8.775559337967767104e-02
-1.278876056440006459e-01 -8.898854153005644751e-02
-1.272348553302197482e-01 -8.964129184383735904e-02
-1.265821050164388784e-01 -9.029404215761824282e-02
-1.254906668554476856e-01 -9.050807519982452531e-02
-1.232078392133039990e-01 -9.053287496274234347e-02
-1.207462291337299820e-01 -9.198763825061548327e-02
-1.181236017930216708e-01 -9.097866836121756839e-02
-1.051384669157467144e-01 -8.247291198866144035e-02
-9.245279915510701274e-02 -7.935853212330064299e-02
-8.970011991045707955e-02 -8.076066128141504152e-02
-8.735237141108492809e-02 -8.281362795327582016e-02
-8.543319169840794813e-02 -8.429297302577982987e-02
-8.262095310514347424e-02 -8.552282523541726578e-02
-7.369577816594173603e-02 -9.154929029808386853e-02
-6.374494550385477465e-02 -9.465791034413466309e-02
-5.910784407684620961e-02 -9.502735660421156305e-02
-5.680221644677845017e-02 -9.578537160764219460e-02
-5.497896492151286424e-02 -9.637493818346581920e-02
-5.348889693995886874e-02 -9.682356237887036754e-02
-4.852307635927505941e-02 -9.978813025700113137e-02
-4.048892223072261820e-02 -1.021977241184665319e-01
-3.372667627442599292e-02 -1.051446988230188700e-01
-2.726735133587942020e-02 -1.073569278955817524e-01
-2.297348782276733767e-02 -1.103121416384911097e-01
-1.587360767130446479e-02 -1.158408394902752797e-01
-1.062654501415120044e-02 -1.179219604107607372e-01
-3.899189971412444361e-03 -1.179430047810081511e-01
4.475851475405271231e-04 -1.183608302130472884e-01
2.151488314086673782e-03 -1.199150023093650819e-01
1.541421740390396325e-02 -1.188588515336051199e-01
1.908199210626115860e-02 -1.174239860393723467e-01
2.234567855212408680e-02 -1.158226811958179697e-01
2.560932302499673366e-02 -1.175966962399779270e-01
2.910670837348183076e-02 -1.191798825985091181e-01
3.373650660836669674e-02 -1.195668804918854078e-01
3.589716840073201021e-02 -1.181365656054035596e-01
3.785535508445560943e-02 -1.181120802072012921e-01
3.988587053365136997e-02 -1.197538273249840468e-01
4.326037692423535808e-02 -1.200188387273908169e-01
4.500993274922304027e-02 -1.191574653436763553e-01
4.656168415068893257e-02 -1.180982933780417576e-01
4.903226108892493745e-02 -1.179579118995669335e-01
5.087115642363467666e-02 -1.186406413134476895e-01
5.237187559235059742e-02 -1.195747679523602724e-01
5.415204530482656264e-02 -1.200583980543346863e-01
5.803779310158203864e-02 -1.209070406406698300e-01
5.784235322862878170e-02 -1.165097256061796011e-01
5.906722352558733957e-02 -1.086188322166899561e-01
6.870934992882911374e-02 -1.031740894323184277e-01
7.117929986847905399e-02 -1.048764548512967770e-01
7.314259600651946969e-02 -1.036864426900198782e-01
7.510078269024307585e-02 -1.032123713956831224e-01
7.705896937396666813e-02 -1.018603424103085436e-01
7.901721252650699412e-02 -1.011425127588076872e-01
8.279863353522438907e-02 -9.814077812235447174e-02
8.446364418284668663e-02 -9.628774708504821145e-02
8.582176109082853555e-02 -9.440323176159534646e-02
8.604583422374875723e-02 -9.308574838620957415e-02
8.504812888969498497e-02 -9.112756170248596799e-02
8.423034618718790167e-02 -8.133654390517636168e-02
9.364019882227500591e-02 -7.160422187302492580e-02
1.031456148691987373e-01 -7.366259916622519555e-02
1.133192218814201568e-01 -6.693392943856309174e-02
1.125059190383763674e-01 -6.599864746064083854e-02
1.109056794217158776e-01 -6.541962205514652295e-02
1.078181134819154313e-01 -6.454155596994319566e-02
1.031013653851289014e-01 -6.306956450042215667e-02
9.685411828305255655e-02 -5.443596467391328270e-02
9.475256571143483852e-02 -4.682500278672661886e-02
9.685348025032980424e-02 -4.109480753734649078e-02
9.890505013030924386e-02 -2.973961876875062804e-02
1.008464545413173263e-01 -2.464566514211727344e-02
1.031204995516092904e-01 -1.949747321698205860e-02
1.055253412700639104e-01 -1.700893854594833984e-02
1.081783864800689166e-01 -1.489569238579255099e-02
9.321718117989431784e-02 -4.466410797935782204e-03
7.575032661373867771e-02 -8.942397928314801264e-03
5.403400470765072627e-02 -1.806025550445079439e-02
2.084536440112825378e-02 -1.263356197130429195e-02
4.211187323768169309e-03 -3.769030646905865284e-03
1.958186683723593582e-03 -5.204170427930421283e-18
