-4.995395188401656169e-04 -4.939770348449427743e-03
-6.660346244413892919e-03 -1.143358083573472669e-02
-6.747807708991969064e-03 -1.185144568738633573e-02
-6.831064295465330560e-03 -1.224922088270853984e-02
-6.914320881938691189e-03 -1.264699607803074395e-02
-6.997577468412052686e-03 -1.304477127335294806e-02
-7.080834054885413315e-03 -1.344254646867515390e-02
-7.174368725341303057e-03 -1.385714060610859603e-02
-7.461131374668713775e-03 -1.458793085523330674e-02
-7.747894023996124493e-03 -1.531872110435802091e-02
-8.034656673323536946e-03 -1.604951135348273161e-02
-8.321419322650945929e-03 -1.678030160260744405e-02
-8.608181971978358382e-03 -1.751109185173215649e-02
-8.887469599290508115e-03 -1.826430716690264147e-02
-9.670957299338355309e-03 -2.489781085648418157e-02
-1.197911817372705919e-02 -2.657130557693572828e-02
-1.232371834252259102e-02 -2.685526482211129592e-02
-1.252722440537664197e-02 -2.704952266248851489e-02
-1.273073046823069120e-02 -2.724378050286573386e-02
-1.293423653108474215e-02 -2.743803834324295282e-02
-1.313774259393879137e-02 -2.763229618362017179e-02
-1.334311812518118416e-02 -2.784711133257769186e-02
-1.356513192507983676e-02 -2.824488652789989424e-02
-1.378714572497848762e-02 -2.864266172322210008e-02
-1.400915952487713848e-02 -2.904043691854430592e-02
-1.423117332477578934e-02 -2.943821211386650830e-02
-1.445318712467444019e-02 -2.983598730918871414e-02
-1.466772533225020603e-02 -3.028421876053700654e-02
-1.545110763944931159e-02 -3.503352255962569051e-02
-1.703770390300827012e-02 -3.902020895207037460e-02
-1.766393862904630865e-02 -3.951356930187636257e-02
-1.806171382436851103e-02 -3.960607411082655432e-02
-1.845948901969071687e-02 -3.969857891977674608e-02
-1.885726421501291925e-02 -3.979108372872693783e-02
-1.925503941033512509e-02 -3.988358853767713652e-02
-1.960235606840074821e-02 -4.006299111915078565e-02
-1.966710491782950807e-02 -4.072902122675579883e-02
-1.973185376725826792e-02 -4.139505133436081202e-02
-1.979660261668702778e-02 -4.206108144196583215e-02
-1.986135146611578764e-02 -4.272711154957084534e-02
-1.992610031554454750e-02 -4.339314165717586547e-02
-2.003570100798773151e-02 -4.402413377534382388e-02
-2.039647202131167000e-02 -4.445891315266429361e-02
-2.075724303463561196e-02 -4.489369252998476334e-02
-2.111801404795955392e-02 -4.532847190730523307e-02
-2.147878506128349241e-02 -4.576325128462569586e-02
-2.183955607460742743e-02 -4.619803066194616559e-02
-2.215267275325730548e-02 -4.663000583668411997e-02
-2.219892515773240135e-02 -4.704627747695998979e-02
-2.224517756220749723e-02 -4.746254911723585268e-02
-2.229142996668259311e-02 -4.787882075751172944e-02
-2.233768237115768898e-02 -4.829509239778759927e-02
-2.238393477563278833e-02 -4.871136403806346216e-02
-2.252969958694548205e-02 -4.918510044474502796e-02
-2.323273387654876954e-02 -4.998063954329851066e-02
-2.393576816615204314e-02 -5.077617864185197255e-02
-2.463880245575533062e-02 -5.157171774040545525e-02
-2.534183674535860423e-02 -5.236725683895892408e-02
-2.604487103496188824e-02 -5.316279593751239985e-02
-2.666381004370134769e-02 -5.395833503606586867e-02
-2.681181547960347078e-02 -5.475387413461933056e-02
-2.695982091550559387e-02 -5.554941323317281326e-02
-2.710782635140771349e-02 -5.634495233172627515e-02
-2.725583178730983658e-02 -5.714049143027975786e-02
-2.740383722321195967e-02 -5.793603052883323362e-02
-2.761911956817428640e-02 -5.871615250141291181e-02
-2.829009034196696207e-02 -5.950244337748954865e-02
-2.900052998480626837e-02 -6.033498665804128136e-02
-2.971096962764557120e-02 -6.116752993859302101e-02
-3.042140927048488791e-02 -6.200007321914476760e-02
-3.110359309057730143e-02 -6.281848906738145277e-02
-3.141441466885359912e-02 -6.345123009090625210e-02
-3.172523624712989682e-02 -6.408397111443103755e-02
-3.203605782540619451e-02 -6.471671213795583688e-02
-3.234687940368249914e-02 -6.534945316148063621e-02
-3.267653755837884172e-02 -6.599161151509863599e-02
-3.325376214602440011e-02 -6.675754049279894464e-02
-3.383098673366995157e-02 -6.752346947049923942e-02
-3.440821132131550997e-02 -6.828939844819954808e-02
-3.498543590896106142e-02 -6.905532742589984285e-02
-3.553754442263534069e-02 -6.980085043185069171e-02
-3.575955596411580645e-02 -7.027818066623733873e-02
-3.598156750559627221e-02 -7.075551090062398574e-02
-3.620357904707673102e-02 -7.123284113501061887e-02
-3.642559058855719678e-02 -7.171017136939726588e-02
-3.664760213003765560e-02 -7.218750160378389902e-02
-3.695333519557809226e-02 -7.284483515888201532e-02
-3.732335443137886621e-02 -7.364038554952642701e-02
-3.769337366717963322e-02 -7.443593594017082482e-02
-3.899555021918816450e-02 -7.606719869676670243e-02
-4.043863427248392539e-02 -7.782479006682037348e-02
-4.188171832577968628e-02 -7.958238143687404453e-02
-4.253821790863446944e-02 -8.157001197569786755e-02
-4.292673358938890044e-02 -8.303158118185634262e-02
-4.331524927014333837e-02 -8.449315038801483158e-02
-4.370376495089776936e-02 -8.595471959417330665e-02
-4.409228063165221423e-02 -8.741628880033180948e-02
-4.428270566261799379e-02 -8.866481845328637312e-02
-4.369067262691857245e-02 -8.907184187108541096e-02
-4.309863959121915805e-02 -8.947886528888444879e-02
-4.250660655551973671e-02 -8.988588870668347275e-02
-4.191457351982030843e-02 -9.029291212448252446e-02
-4.132254048412088016e-02 -9.069993554228156230e-02
-4.075480255316320244e-02 -9.109013944766172766e-02
-3.983508490089085474e-02 -9.172132125014510751e-02
-3.841976809920746166e-02 -9.269262174412212785e-02
-3.791996372950713623e-02 -9.382315235457654168e-02
-3.778120651608184166e-02 -9.501647794054315921e-02
-3.694586005950129676e-02 -9.622967692218853397e-02
-3.583580235209898185e-02 -9.745071329931283277e-02
-3.536261652039671827e-02 -9.950769564039098347e-02
-3.514059142840712802e-02 -1.018943468123242185e-01
-3.371171921295462032e-02 -1.037130473285563653e-01
-3.212064101584766185e-02 -1.050451075437664056e-01
-3.052956281874070338e-02 -1.063771677589764458e-01
-2.909733126326543781e-02 -1.067243865522539276e-01
-2.769126268405886632e-02 -1.069093961701543249e-01
-2.628519410485229135e-02 -1.070944057880547085e-01
-2.422224406480654249e-02 -1.077092357303701536e-01
-2.158585700972603244e-02 -1.085417790109218933e-01
-1.722270393974056901e-02 -1.097275320522696912e-01
-1.214417637786582675e-02 -1.110596148516615894e-01
-8.870908550286408720e-03 -1.128626120615547068e-01
-6.345534041200691193e-03 -1.148607023843697533e-01
-4.762036258957746612e-03 -1.158776810971069993e-01
-3.568744549263964169e-03 -1.164881992856691278e-01
-1.941492309934855949e-03 -1.172018984418848886e-01
2.109116898377348497e-03 -1.201620721749963316e-01
6.653057028622207450e-03 -1.233980576245190114e-01
9.658624282928483795e-03 -1.253367351241495842e-01
1.314466658472861031e-02 -1.263918496232707134e-01
1.776317215545623190e-02 -1.289236719162810407e-01
2.244728751200036551e-02 -1.310759649798148019e-01
2.604374593208315380e-02 -1.322527363604688033e-01
3.013019076207402308e-02 -1.340091793590927061e-01
3.570010153128708869e-02 -1.374688611300634855e-01
4.102278668338657508e-02 -1.416500910870045760e-01
4.679847767413140153e-02 -1.461688108454200496e-01
5.184249113115161484e-02 -1.497249085950199399e-01
5.453913073036081166e-02 -1.543008039738762438e-01
6.046787814350199075e-02 -1.534402494641109727e-01
6.712319222157327181e-02 -1.564576029238781973e-01
7.272225095715416365e-02 -1.597339449376688758e-01
7.571378453771854256e-02 -1.657843177513621813e-01
8.015236056272878606e-02 -1.679394092003406724e-01
8.487009829112796000e-02 -1.691604681616468153e-01
8.889431822510665548e-02 -1.719058663251498142e-01
9.266065417686601691e-02 -1.672229178180024700e-01
9.890613721270989644e-02 -1.622534348986384434e-01
1.031243429503296699e-01 -1.540390259312067467e-01
1.273572707019003381e-01 -1.460802247342093407e-01
1.322831517784980038e-01 -1.458165826410739996e-01
1.372090328550956972e-01 -1.455529405479386862e-01
1.386920554942026595e-01 -1.450572049239134687e-01
1.386781831604874116e-01 -1.444605590690665464e-01
1.386643108267721636e-01 -1.438639132142196519e-01
1.386504384930569156e-01 -1.432672673593727575e-01
1.384721528020322334e-01 -1.424288357666746163e-01
1.378691732818160820e-01 -1.401509585692541915e-01
1.437339992478281758e-01 -1.355750419749542912e-01
1.546142132203367769e-01 -1.333767904434943752e-01
1.609415218267661596e-01 -1.332102885626385846e-01
1.626464263536185340e-01 -1.342945571874498423e-01
1.642560235798610213e-01 -1.354046148948521433e-01
1.629407701021790000e-01 -1.409257657310332701e-01
1.748867750746975203e-01 -1.426839100713580555e-01
1.811019939380932031e-01 -1.332899039630618399e-01
1.877987746271898850e-01 -1.276454236471511738e-01
1.949858354916513825e-01 -1.239998932217048766e-01
1.977405313233020767e-01 -1.223064854121640038e-01
1.982992174457283430e-01 -1.192852067531504634e-01
2.005470436516906263e-01 -1.179531578300313938e-01
2.038399576643918354e-01 -1.167517050182517863e-01
2.071006159904257293e-01 -1.151353917353787892e-01
2.097472011723600094e-01 -1.131277749940284016e-01
2.107046462707581891e-01 -1.122952317134766620e-01
2.116975522987266933e-01 -1.106452656043214605e-01
2.136580789677652303e-01 -1.091478152659360462e-01
2.160447041336708562e-01 -1.077938832971361144e-01
2.206200417516719636e-01 -1.067998802254239155e-01
2.263430109963890380e-01 -1.085277631307779295e-01
2.345047112208064333e-01 -1.145556886364282045e-01
2.117059693548738741e-01 -1.019918769439257522e-01
1.880415224169705024e-01 -9.773216969245389352e-02
1.733573729095457261e-01 -9.107181181376439172e-02
1.767144807482969593e-01 -8.670223457058995331e-02
1.709858634050046844e-01 -8.429710953788520367e-02
1.544258724356101786e-01 -7.446807939029799484e-02
1.340142395845704826e-01 -5.840249106492150649e-02
1.213124624937464285e-01 -4.585544846964394877e-02
9.971342932482041288e-02 -3.304942074218849418e-02
9.989005405192397102e-02 -2.039983569567254545e-02
1.070650794294624314e-01 -8.380922140378653865e-03
9.690802430571301973e-02 -6.660346244413892919e-03
8.186675592092063081e-02 -1.332069248882782921e-02
4.662242371089710125e-02 -1.648432985390609062e-02
2.436578022798987012e-02 -1.326520315396672103e-02
1.226612411628658431e-02 -1.165547042263361498e-03
2.220115414804633286e-03 -3.330037617115845505e-04
