2.422985564347505472e-04 -7.002463773916892597e-04
4.845971128695010944e-04 -1.400492754783378519e-03
7.268956693042513163e-04 -2.100739132175066803e-03
9.691942257390021888e-04 -2.800985509566757039e-03
1.211492782173752194e-03 -3.501231886958445106e-03
1.453791338608502849e-03 -4.201478264350134474e-03
7.802016474945012731e-04 -4.470426112697447295e-03
1.066119563805003473e-04 -4.739373961044760115e-03
-5.669777347335014459e-04 -5.008321809392072936e-03
-1.240567425847503022e-03 -5.277269657739385757e-03
-1.914157116961503731e-03 -5.546217506086698577e-03
-2.587746808075505091e-03 -5.815165354434011398e-03
-2.883351342700506137e-03 -5.775184022200042198e-03
-3.178955877325506316e-03 -5.735202689966072999e-03
-3.474560411950507795e-03 -5.695221357732103799e-03
-3.770164946575507540e-03 -5.655240025498135467e-03
-4.065769481200507719e-03 -5.615258693264166268e-03
-4.361374015825509633e-03 -5.575277361030197935e-03
-4.845971128695009643e-03 -6.288848384378167844e-03
-5.330568241564511388e-03 -7.002419407726139487e-03
-5.815165354434011398e-03 -7.715990431074107661e-03
-6.299762467303512276e-03 -8.429561454422080172e-03
-6.784359580173014020e-03 -9.143132477770050948e-03
-7.268956693042514031e-03 -9.856703501118019989e-03
-7.862591114053700883e-03 -1.015230803574302017e-02
-8.456225535064892940e-03 -1.044791257036802208e-02
-9.049859956076081527e-03 -1.074351710499302226e-02
-9.643494377087270114e-03 -1.103912163961802244e-02
-1.023712879809845870e-02 -1.133472617424302262e-02
-1.083076321910964902e-02 -1.163033070886802453e-02
-1.120632302383746219e-02 -1.203739050903077437e-02
-1.158188282856527362e-02 -1.244445030919352421e-02
-1.195744263329308679e-02 -1.285151010935627579e-02
-1.233300243802089996e-02 -1.325856990951902563e-02
-1.270856224274871313e-02 -1.366562970968177720e-02
-1.308412204747652630e-02 -1.407268950984452878e-02
-1.347543184992180780e-02 -1.463482393542077722e-02
-1.386674165236709104e-02 -1.519695836099703087e-02
-1.425805145481237254e-02 -1.575909278657328105e-02
-1.464936125725765578e-02 -1.632122721214953470e-02
-1.504067105970293729e-02 -1.688336163772578835e-02
-1.543198086214821706e-02 -1.744549606330203506e-02
-1.566095477262668609e-02 -1.830807833266053647e-02
-1.588992868310515685e-02 -1.917066060201904135e-02
-1.611890259358362415e-02 -2.003324287137754275e-02
-1.634787650406209492e-02 -2.089582514073604416e-02
-1.657685041454056221e-02 -2.175840741009454210e-02
-1.680582432501903298e-02 -2.262098967945304351e-02
-1.715473483783428593e-02 -2.284996358993151427e-02
-1.750364535064953195e-02 -2.307893750040998157e-02
-1.785255586346478490e-02 -2.330791141088845234e-02
-1.820146637628003786e-02 -2.353688532136692310e-02
-1.855037688909528734e-02 -2.376585923184539040e-02
-1.889928740191053683e-02 -2.399483314232386116e-02
-1.914158595834528770e-02 -2.457513552301364423e-02
-1.938388451478003510e-02 -2.515543790370342384e-02
-1.962618307121478597e-02 -2.573574028439320691e-02
-1.986848162764953685e-02 -2.631604266508298304e-02
-2.011078018408428772e-02 -2.689634504577276958e-02
-2.035307874051903859e-02 -2.747664742646255265e-02
-2.067981467268105097e-02 -2.842091905658164497e-02
-2.104326250733317902e-02 -2.947128862266918184e-02
-2.140671034198530012e-02 -3.052165818875670830e-02
-2.177015817663743164e-02 -3.157202775484425211e-02
-2.278707787561358791e-02 -3.372022526682527666e-02
-2.387742137956995817e-02 -3.599177423340105264e-02
-2.496776488352633883e-02 -3.826332319997684250e-02
-2.605810838748270908e-02 -4.053487216655261849e-02
-2.680353314074274129e-02 -4.223759256639681575e-02
-2.742624220542768179e-02 -4.368168989232569521e-02
-2.804895127011261535e-02 -4.512578721825456080e-02
-2.867166033479755932e-02 -4.656988454418345413e-02
-2.929436939948249635e-02 -4.801398187011231972e-02
-2.990660326295398533e-02 -4.943605205454712492e-02
-3.001078986757329745e-02 -4.978980587651962719e-02
-3.011497647219260956e-02 -5.014355969849212946e-02
-3.021916307681192168e-02 -5.049731352046462479e-02
-3.032334968143123727e-02 -5.085106734243713400e-02
-3.042753628605054592e-02 -5.120482116440962933e-02
-3.053536958241623647e-02 -5.156386158399413333e-02
-3.098973584179234506e-02 -5.254607960212651779e-02
-3.155913153392191084e-02 -5.377696040965953411e-02
-3.212852722605147315e-02 -5.500784121719253655e-02
-3.290547901272800752e-02 -5.568265381679340931e-02
-3.373172537185945008e-02 -5.622540021701041141e-02
-3.455797173099088571e-02 -5.676814661722740657e-02
-3.382840303603901894e-02 -5.870027600004357193e-02
-3.245455957316819434e-02 -6.434738491276367767e-02
-3.157149162602736203e-02 -6.958625107628195472e-02
-3.109174521668024022e-02 -7.284274426631422161e-02
-3.061199880733311840e-02 -7.609923745634646075e-02
-3.093100157800380418e-02 -7.752942852095306980e-02
-3.141559869087330592e-02 -7.858099597419095084e-02
-3.190019580374280073e-02 -7.963256342742881799e-02
-3.366320037112019437e-02 -8.081464187327638826e-02
-3.226659794867957343e-02 -8.213158233543085829e-02
-2.997454283910886211e-02 -8.457292071402003342e-02
-2.830936363100719846e-02 -8.730324701487685024e-02
-2.695632626840750029e-02 -9.034299343734492060e-02
-2.598713204266850721e-02 -9.334902006102926975e-02
-2.501793781692950025e-02 -9.596100559798639851e-02
-2.404874359119049676e-02 -9.875938888855341491e-02
-2.307954936545148633e-02 -1.016318758175488862e-01
-2.211035513971248631e-02 -1.044570556898065244e-01
-1.676367330680017878e-02 -1.125062777413884108e-01
-5.743209667038778367e-03 -1.215795280910019482e-01
3.814510074591914365e-03 -1.244219193564117115e-01
3.403558597656398000e-03 -1.221010553521684056e-01
1.091363298943061333e-02 -1.144147683098755142e-01
2.205718367921537595e-02 -1.161858290007119626e-01
2.055904407558697272e-02 -1.278451505504487329e-01
-2.205437068346394712e-03 -1.341713503378646755e-01
-1.890590961605971218e-02 -1.355469662076490278e-01
-2.318495656315041134e-02 -1.540324958590229831e-01
-2.323950367432340777e-02 -1.632440150106210519e-01
-2.539457973844455249e-02 -1.654636972113460169e-01
-2.388550005957715619e-02 -1.670603051105631898e-01
-2.102857774633709251e-02 -1.718929152936913840e-01
-2.145236360041395327e-02 -1.786186626544457590e-01
-2.283970962214739581e-02 -1.824190073661736688e-01
-2.155759169015759869e-02 -1.862453506656831792e-01
-2.054016334848947009e-02 -1.887579178431686433e-01
-2.186311879056607871e-02 -1.896665374297989426e-01
-2.273326661580643906e-02 -1.905253037586093212e-01
-2.015195738682357476e-02 -1.912892196530222577e-01
-1.507230012042011513e-02 -1.929189968816193423e-01
-1.085057742878615950e-02 -1.955765653185005948e-01
-8.260176715845578277e-03 -1.973842234112035410e-01
-5.207206031529557425e-03 -1.985072869808405527e-01
-2.358538294558045357e-03 -1.996083220645535061e-01
-3.612629117934053162e-04 -2.007538813095475494e-01
1.357813711672754397e-03 -2.025794224502349972e-01
2.725331743322001714e-03 -2.045673716339671544e-01
5.320354606681061520e-03 -2.060720509933698374e-01
7.444079458956469331e-03 -2.102218229271852201e-01
9.908760055673660957e-03 -2.128519394474302495e-01
1.334691957661267477e-02 -2.144121953032600836e-01
1.912026979626164219e-02 -2.176832258151292498e-01
2.398784748392523980e-02 -2.190143231254241263e-01
2.659498231735997822e-02 -2.196031068429129263e-01
2.796272296421382225e-02 -2.201125960776551538e-01
2.852485738979006896e-02 -2.205705438986120814e-01
2.908699181536631914e-02 -2.210284917195690368e-01
2.994135155070516696e-02 -2.211619030958813237e-01
3.138439282685111936e-02 -2.210547606274138044e-01
3.498700710628717403e-02 -2.216488455221112819e-01
3.904928057647071016e-02 -2.228099677097923337e-01
4.215312843651208841e-02 -2.239735537895618522e-01
4.215894928073894016e-02 -2.252121868494925128e-01
4.397581703279859755e-02 -2.244037642265744315e-01
4.676671528390408811e-02 -2.232113040920905289e-01
5.003802866384997328e-02 -2.222200873855482428e-01
5.326807279241440457e-02 -2.214584299543163326e-01
5.495448494238133058e-02 -2.192602804137230021e-01
5.983907843850510416e-02 -2.176152338062034841e-01
6.257947452023299162e-02 -2.168592634932254570e-01
6.496239577113779862e-02 -2.162869497904219285e-01
6.717458277448554171e-02 -2.158023526775524059e-01
6.938676977783322930e-02 -2.153177555646829111e-01
7.068558792080441300e-02 -2.156710929868011217e-01
7.237590065065849232e-02 -2.171477366481755489e-01
7.576080035217125364e-02 -2.109885276176089453e-01
8.448590140524823988e-02 -2.080797911505462838e-01
8.930930869598405208e-02 -2.032008610509555835e-01
9.410135688755136285e-02 -1.972515078670567246e-01
9.614142511942810887e-02 -1.956902180549106862e-01
9.866522250015159756e-02 -1.924628083817903623e-01
1.009728984525288947e-01 -1.909400733271810202e-01
1.031948153648378219e-01 -1.897368643850359526e-01
1.054363985995207253e-01 -1.877917806720442728e-01
1.079490942148877836e-01 -1.845477957900583665e-01
1.125256265093910191e-01 -1.834429001755349120e-01
1.144717546652531948e-01 -1.792791351899702124e-01
1.178714166565600907e-01 -1.752534431677502946e-01
1.202275537990973864e-01 -1.722798772094427389e-01
1.234973817183110251e-01 -1.696383626114641163e-01
1.221444737197558000e-01 -1.633360995043181829e-01
1.221757451620868601e-01 -1.582535665020959048e-01
1.241449694605684800e-01 -1.525778387074798459e-01
1.225942648837641674e-01 -1.486017151479866183e-01
1.179830957696965110e-01 -1.450368271883066551e-01
1.011036773452280435e-01 -1.289645050617247435e-01
7.835716226783354110e-02 -1.160830356737396485e-01
4.368245397672198410e-02 -1.200725753004305146e-01
4.402944957304157081e-02 -1.091483042843729573e-01
6.125836244109875844e-02 -1.092509506203293429e-01
7.365796122030024429e-02 -1.023682688392968387e-01
9.199064441495220790e-02 -9.424444780151351730e-02
9.888600551553032580e-02 -7.735387912257854492e-02
9.991101599438390046e-02 -6.837386230618849869e-02
9.968684169908692549e-02 -5.379828202415375127e-02
1.009578900424120407e-01 -4.907631305418468093e-02
1.023316936205255212e-01 -3.956715188426201263e-02
9.996769268271302189e-02 -3.731222724306184485e-02
9.722229576944331486e-02 -3.489099212660393134e-02
7.559714960764207792e-02 -2.174142994776615684e-02
5.275082404535232083e-02 -9.137083887097283488e-03
2.270093755519102252e-02 -2.347858814671678184e-03
2.827634801479330696e-03 -1.453791338608506969e-03
