-1.702264296345160641e-03 -1.436711481707184795e-02
-1.143921814939882591e-02 -1.749927488846890478e-02
-1.152748332069832536e-02 -1.719034197882957776e-02
-1.160692197486787487e-02 -1.691230236015418137e-02
-1.168636062903742612e-02 -1.663426274147878497e-02
-1.176579928320697563e-02 -1.635622312280339205e-02
-1.184523793737652514e-02 -1.607818350412799566e-02
-1.193413323060737302e-02 -1.590291051933704486e-02
-1.209868163632860268e-02 -1.654977060562164842e-02
-1.226323004204983406e-02 -1.719663069190625199e-02
-1.242777844777106545e-02 -1.784349077819085208e-02
-1.259232685349229511e-02 -1.849035086447545564e-02
-1.275687525921352650e-02 -1.913721095076006268e-02
-1.297974313321288882e-02 -1.972575349280296722e-02
-1.687254923124755987e-02 -2.041463453475364509e-02
-2.009429296363695813e-02 -2.206134595229690756e-02
-2.098252697098715314e-02 -2.179734142726667823e-02
-2.166002483619757293e-02 -2.150114910207009608e-02
-2.233752270140799273e-02 -2.120495677687351740e-02
-2.301502056661841253e-02 -2.090876445167693526e-02
-2.369416946498202614e-02 -2.068437632652801034e-02
-2.438528835370629144e-02 -2.098056865172459248e-02
-2.507640724243055674e-02 -2.127676097692117116e-02
-2.576752613115482204e-02 -2.157295330211775330e-02
-2.645864501987908735e-02 -2.186914562731433198e-02
-2.718277827482072292e-02 -2.209931047944548380e-02
-2.835550790014508549e-02 -2.179680152515273486e-02
-2.955986716266699801e-02 -2.148613361566121399e-02
-3.076422642518890707e-02 -2.117546570616969312e-02
-3.189636767990045724e-02 -2.094363575792815638e-02
-3.207935797481854118e-02 -2.174796187182928553e-02
-3.226234826973662512e-02 -2.255228798573041121e-02
-3.244533856465471600e-02 -2.335661409963153690e-02
-3.265841939006374622e-02 -2.412934460554309879e-02
-3.477914613053354614e-02 -2.537508713683831255e-02
-3.739498525340232554e-02 -2.704708826415088557e-02
-4.060422019526525872e-02 -2.705671236434669530e-02
-4.309292976533814212e-02 -2.690350442175693663e-02
-4.558163933541106022e-02 -2.675029647916717795e-02
-4.807034890548395056e-02 -2.659708853657742275e-02
-5.026675046507331213e-02 -2.643803586106320547e-02
-5.105319573880102990e-02 -2.625079094438392824e-02
-5.183964101252875462e-02 -2.606354602770465101e-02
-5.262608628625647933e-02 -2.587630111102537725e-02
-5.341253155998420404e-02 -2.568905619434610002e-02
-5.413642249128289285e-02 -2.543925693523779383e-02
-5.585490494548223800e-02 -2.319413184666923450e-02
-5.724352331749266165e-02 -1.971429926664467619e-02
-6.383387370748208611e-02 -1.512023340099563802e-02
-6.049174528942886236e-02 -3.291712401681307076e-02
-6.554234512026797799e-02 -3.495523062141761561e-02
-6.796419965422371978e-02 -3.577076276077736927e-02
-7.053460939088787574e-02 -3.653677649923433440e-02
-7.306401012759275448e-02 -3.729066802106641848e-02
-7.516629576597153028e-02 -3.792281631260163016e-02
-7.760056689412615782e-02 -3.901383155095638350e-02
-8.060325907877829987e-02 -4.064800804606021750e-02
-8.553929093591107480e-02 -4.178181193061723808e-02
-9.001263917013750671e-02 -4.207583766835316236e-02
-9.277031200562520230e-02 -4.219499564960749183e-02
-9.552798484111284238e-02 -4.231415363086181436e-02
-9.751783044635060904e-02 -4.214831437160738298e-02
-9.832640338966538995e-02 -4.154401781926256310e-02
-9.913497633298015699e-02 -4.093972126691773628e-02
-9.994354927629493790e-02 -4.033542471457291639e-02
-1.008912722949594221e-01 -4.051403791406531923e-02
-1.023112501432155569e-01 -4.220448093057476563e-02
-1.038603168867676813e-01 -4.404860058494867309e-02
-1.057560234561207846e-01 -4.549311711284428211e-02
-1.089392493784488297e-01 -4.545339345667753772e-02
-1.121224753007768749e-01 -4.541366980051078639e-02
-1.147099109232804365e-01 -4.521025542159030908e-02
-1.245043103822475045e-01 -4.751072275944510925e-02
-1.133828311074106532e-01 -5.450513444323734635e-02
-1.110349091600943833e-01 -6.262819394377469595e-02
-1.130653265280122943e-01 -6.459147302243026245e-02
-1.162911246424441353e-01 -6.374034087425767270e-02
-1.194289702414965543e-01 -6.288920872608509682e-02
-1.233467453474098169e-01 -6.235719656080755680e-02
-1.202611819401379761e-01 -6.652105557649728995e-02
-1.197899660902194269e-01 -7.381336031125275421e-02
-1.203167169778747991e-01 -7.788047169120958235e-02
-1.206826975677109531e-01 -7.909758442921831223e-02
-1.214145800368019862e-01 -8.025331498277464559e-02
-1.260684690926566487e-01 -8.148721668777311744e-02
-1.332322759173973636e-01 -7.896098378959667818e-02
-1.435406161169144601e-01 -6.652448945679045877e-02
-1.565474562422991267e-01 -7.907895310988920234e-02
-1.454009824223730096e-01 -8.824617616237266648e-02
-1.459217276926757234e-01 -8.995334097950906382e-02
-1.462877082825118913e-01 -9.117045371751782146e-02
-1.471880959382457499e-01 -9.227820912230190464e-02
-1.537567536920309841e-01 -9.431781595058576217e-02
-1.651139821773205119e-01 -9.481456472596980212e-02
-1.625825764197414980e-01 -9.835648841041565171e-02
-1.576568525003348153e-01 -9.977193449695383187e-02
-1.564950265993631517e-01 -1.020772005565815377e-01
-1.550590853269307734e-01 -1.053378110492760311e-01
-1.563904616910647416e-01 -1.085688688671183760e-01
-1.581334755048194873e-01 -1.113882755921725559e-01
-1.591145282130356498e-01 -1.147971993837222510e-01
-1.595854803825068891e-01 -1.166299595270040845e-01
-1.591818163147710741e-01 -1.168338321764201132e-01
-1.584158112344780656e-01 -1.163628800069488739e-01
-1.576498061541850848e-01 -1.158919278374776624e-01
-1.565547960914610848e-01 -1.160308060114971229e-01
-1.536351846744873351e-01 -1.204362180060792181e-01
-1.650171592417981614e-01 -1.282207390985794782e-01
-1.623772761352932359e-01 -1.309024049300576698e-01
-1.576158999096254065e-01 -1.321455923846998060e-01
-1.570779585637153142e-01 -1.348923702327092244e-01
-1.570552741741867708e-01 -1.363449677136175375e-01
-1.581055164568699600e-01 -1.374215734933112998e-01
-1.594105788242034250e-01 -1.384088812439665805e-01
-1.607156411915369454e-01 -1.393961889946218613e-01
-1.616217913363833802e-01 -1.400396049682376687e-01
-1.631052755490405293e-01 -1.410666276294395560e-01
-1.594062277032695374e-01 -1.427818004611167424e-01
-1.555667229241308458e-01 -1.438720030564477337e-01
-1.537679893651417995e-01 -1.443543147370111301e-01
-1.527870402050682253e-01 -1.443760355341122126e-01
-1.519756317130623868e-01 -1.443022679773247885e-01
-1.511642232210565207e-01 -1.442285004205373644e-01
-1.490180578329063643e-01 -1.438774431820018795e-01
-1.456896525172453050e-01 -1.433162108503500676e-01
-1.418942310859150069e-01 -1.436722529174550012e-01
-1.388465353393029955e-01 -1.447578054665556724e-01
-1.362477354830724241e-01 -1.454046742110042256e-01
-1.349175632159198002e-01 -1.473201497299547469e-01
-1.347081405959607014e-01 -1.500778095781966082e-01
-1.358785351057242852e-01 -1.551746272128961546e-01
-1.263288169339749079e-01 -1.448589097329632258e-01
-1.175517417682076377e-01 -1.523990074465837175e-01
-1.156726258151794390e-01 -1.529068520526125630e-01
-1.144555130771706675e-01 -1.532728326424487308e-01
-1.132384003391619376e-01 -1.537939098090359280e-01
-1.108844696260698620e-01 -1.552458188347265178e-01
-1.079991957876412084e-01 -1.612460581557002282e-01
-1.034271552415866324e-01 -1.645611589343492220e-01
-1.005615005927561756e-01 -1.647150134581274461e-01
-9.576112358890034870e-02 -1.632034019317892548e-01
-9.096074658504424426e-02 -1.616917904054509525e-01
-8.725805937188910177e-02 -1.608440218227855933e-01
-8.388756775328840010e-02 -1.601971530783370401e-01
-8.083057366333963600e-02 -1.595721605231683049e-01
-7.863126149140156618e-02 -1.590070179198028455e-01
-7.643194931946338533e-02 -1.584418753164373861e-01
-7.454625368657634421e-02 -1.577878640590000270e-01
-7.207714053250667552e-02 -1.568490395076823640e-01
-7.002633896061419283e-02 -1.559360193283882423e-01
-6.496405795477402934e-02 -1.502492186605517976e-01
-5.837734714206361392e-02 -1.479250478935092428e-01
-5.071580346177494841e-02 -1.454927230156613516e-01
-4.495747848871790853e-02 -1.447204830078555604e-01
-3.929615853499470596e-02 -1.432047874518226349e-01
-3.330678599687417196e-02 -1.416593487413308761e-01
-2.331485026519758766e-02 -1.417428916275776385e-01
-1.963951004651208823e-02 -1.419187845893805644e-01
-1.839685572487385901e-02 -1.422989645680819426e-01
-1.715420140323570958e-02 -1.426791445467832931e-01
-1.598479514854836414e-02 -1.431129705092704374e-01
-1.514500519514008076e-02 -1.437882033987935571e-01
-1.317037080329008444e-02 -1.453083786363764118e-01
-1.066246592633638638e-03 -1.501066858667867432e-01
4.395607629663957419e-03 -1.397332026912431191e-01
6.829878233081411974e-03 -1.381069376590336184e-01
8.405862945961154950e-03 -1.329365343764455365e-01
1.064047488957260527e-02 -1.267313398731943486e-01
1.382768024397841404e-02 -1.232762532002785877e-01
1.900037592851861953e-02 -1.194221511065580721e-01
2.228636358718379118e-02 -1.175519486895802712e-01
2.575750756850798615e-02 -1.132307006951876333e-01
3.551577143688456478e-02 -1.091915569338880870e-01
3.771633064679909275e-02 -1.080635117778269844e-01
3.814189672088537375e-02 -1.068463990398182545e-01
3.856746279497167557e-02 -1.056292863018094691e-01
3.913488422708671921e-02 -1.040064693177978061e-01
3.109141371792926989e-02 -1.008182221851205151e-01
3.363399200524171823e-02 -9.139847564783640244e-02
3.491647842873642910e-02 -8.950030141430362352e-02
3.605739337703224578e-02 -8.737659407903269893e-02
3.721492063079086948e-02 -8.413096011100937299e-02
3.915654240554763271e-02 -8.252314571361682449e-02
4.129899562777160360e-02 -8.140491515484954421e-02
4.363056606401773813e-02 -8.010958946133434067e-02
5.120876888188493486e-02 -7.795698257412364551e-02
5.046489564283976326e-02 -7.197792374583857067e-02
4.271756267631429682e-02 -7.071723368160294509e-02
4.095338621093595755e-02 -6.562847181252998152e-02
3.579809501013121037e-02 -6.414853184989223467e-02
3.260730762462691473e-02 -6.469687068867910340e-02
1.967935596644848281e-02 -6.212316586471321178e-02
1.004576852190863789e-02 -4.640578466873425401e-02
1.558843279907043237e-02 -4.659749793263973788e-02
1.703605524650388461e-02 -5.186333394697218574e-02
2.407722678769301863e-02 -4.603334194017354858e-02
3.438555176983097705e-03 -2.727025532581531936e-02
3.881160517707584953e-03 -1.872490725979680110e-02
4.630160964018194616e-03 -2.927896667673041999e-03
