-5.022388137392598192e-03 -9.658501077575636778e-03
-1.690237688575736349e-02 -7.147270164621686780e-03
-1.692472906873209934e-02 -6.718007270948748479e-03
-1.694484603340936160e-02 -6.331670666643102879e-03
-1.696496299808662733e-02 -5.945334062337458148e-03
-1.698507996276388959e-02 -5.558997458031814283e-03
-1.700519692744115186e-02 -5.172660853726168684e-03
-1.706824154608784297e-02 -4.826567730989996322e-03
-1.747470739648996838e-02 -4.802422460809594243e-03
-1.788117324689209031e-02 -4.778277190629192164e-03
-1.828763909729421225e-02 -4.754131920448790953e-03
-1.869410494769633765e-02 -4.729986650268388874e-03
-1.910057079809846306e-02 -4.705841380087986796e-03
-1.950390625120241445e-02 -4.648607237333017735e-03
-1.988219852592099796e-02 -4.326662113981517149e-03
-2.026049080063958147e-02 -4.004716990630017431e-03
-2.063878307535816498e-02 -3.682771867278515111e-03
-2.101707535007674849e-02 -3.360826743927013659e-03
-2.139536762479533200e-02 -3.038881620575512206e-03
-2.173520404674156997e-02 -2.839454570729554699e-03
-2.176739364650903327e-02 -3.620172108927900614e-03
-2.179958324627649657e-02 -4.400889647126252600e-03
-2.183177284604395987e-02 -5.181607185324605021e-03
-2.186396244581142317e-02 -5.962324723522956574e-03
-2.189615204557888647e-02 -6.743042261721303790e-03
-2.197797631881033553e-02 -7.478152067356678458e-03
-2.453695590102266885e-02 -9.456547652958443434e-03
-3.101038478694933404e-02 -9.438976291537044469e-03
-3.205233307408047322e-02 -9.047712232975898411e-03
-3.241452440820571240e-02 -8.729783133708318363e-03
-3.277671574233095853e-02 -8.411854034440740049e-03
-3.313890707645619771e-02 -8.093924935173160001e-03
-3.350109841058144383e-02 -7.775995835905583423e-03
-3.381255830329021189e-02 -7.575140667897752034e-03
-3.386084884365101605e-02 -7.981606518299877440e-03
-3.390913938401182021e-02 -8.388072368702001111e-03
-3.395742992437262436e-02 -8.794538219104126517e-03
-3.400572046473342852e-02 -9.201004069506248453e-03
-3.405401100509423268e-02 -9.607469919908375594e-03
-3.416864403529831090e-02 -1.000548019926178304e-02
-3.499352965080699401e-02 -1.064222935893649295e-02
-3.591109904333912584e-02 -1.135052336801285408e-02
-3.682866843587125072e-02 -1.205881737708921174e-02
-3.832980521744575736e-02 -1.196270869681586961e-02
-3.984297431632007752e-02 -1.185001439408170723e-02
-4.135614341519441850e-02 -1.173732009134754312e-02
-4.206490982471904061e-02 -1.093855866722479205e-02
-4.275709061178284420e-02 -1.012565152925898326e-02
-4.344927139884665473e-02 -9.312744391293158869e-03
-4.346325484909036724e-02 -8.752175758528154409e-03
-4.346325484909036724e-02 -8.196809981540480183e-03
-4.346325484909036724e-02 -7.641444204552804223e-03
-4.413495246188571530e-02 -9.961421166067511990e-03
-4.791931995056854243e-02 -1.375897220003334705e-02
-4.939224618814708201e-02 -1.461287471534511093e-02
-5.000194496375026665e-02 -1.472757088941162654e-02
-5.061164373935345129e-02 -1.484226706347814562e-02
-5.121036627565470761e-02 -1.500196347404799541e-02
-5.169932641893665998e-02 -1.561166224965117831e-02
-5.218828656221862622e-02 -1.622136102525436815e-02
-5.267724670550057858e-02 -1.683105980085754932e-02
-5.315632923825419631e-02 -1.746380633436021151e-02
-5.379785624216849166e-02 -1.891995205948208275e-02
-5.455846909710879850e-02 -2.064640028447689915e-02
-5.718638168023601476e-02 -2.361772591174673974e-02
-6.004770672938655046e-02 -2.674466121430091325e-02
-6.079760199915692359e-02 -2.898893910535019908e-02
-6.236709368655990460e-02 -3.142767689447324708e-02
-6.324976747329046078e-02 -3.386645562166037959e-02
-6.479244472873657568e-02 -3.728181186691040261e-02
-6.570193294742397716e-02 -4.277908973496877959e-02
-6.984704293492864646e-02 -4.548616834636803885e-02
-7.431070018646809827e-02 -4.612544747840142262e-02
-7.744167607594468206e-02 -4.635886813203760060e-02
-8.043216295017817374e-02 -4.661277568158442297e-02
-8.124507008814399467e-02 -4.718423011774621617e-02
-8.205797722610981559e-02 -4.775568455390801631e-02
-8.284064229966459081e-02 -4.830762716441214938e-02
-8.353505607204055050e-02 -4.885957200790158605e-02
-8.250116154265665913e-02 -5.147398247317460512e-02
-8.238431959375991376e-02 -5.372265897312460126e-02
-8.264991756574432968e-02 -5.508287527707179942e-02
-8.289340402094876048e-02 -5.637675306092740368e-02
-8.288537197278092461e-02 -5.691603017874093812e-02
-8.287733992461307486e-02 -5.745530729655449337e-02
-8.276133857063161514e-02 -5.797377100638286679e-02
-7.989652932006562069e-02 -5.857418577338652232e-02
-7.768019835669071060e-02 -6.187633785092278710e-02
-7.767861144846222032e-02 -6.551473620624222172e-02
-7.812531122821887719e-02 -6.827949245609039874e-02
-7.886055737001301802e-02 -6.962376747789407461e-02
-7.962117022495332486e-02 -7.084316502910045776e-02
-8.054823910916761309e-02 -7.249534825641916480e-02
-8.148994149046093205e-02 -7.418557857614337114e-02
-8.291993746892052652e-02 -7.611995569445070831e-02
-8.439286035702110722e-02 -7.807579626757853164e-02
-8.354687935710422564e-02 -7.964604828648032264e-02
-7.873922736874829076e-02 -8.402649892282541833e-02
-7.830362031569400305e-02 -9.030723382989594428e-02
-7.915532855077241081e-02 -9.347284257723569023e-02
-7.508849921286356310e-02 -9.638282214335291975e-02
-7.131533498365606738e-02 -1.036332793035780186e-01
-6.767170176643644286e-02 -1.097727678412204894e-01
-6.342711042245387232e-02 -1.116688451676178945e-01
-6.067002782663097338e-02 -1.169576031455843712e-01
-6.132710682891600457e-02 -1.229151699976808454e-01
-5.892492300935303629e-02 -1.237576016674441226e-01
-4.138668792506048494e-02 -1.237575771046057482e-01
-3.886814621819453114e-02 -1.299726987155922220e-01
-3.976813755034935838e-02 -1.334819400839635795e-01
-4.069025230853912101e-02 -1.404230545937199814e-01
-4.062195471600030944e-02 -1.462529658933813259e-01
-3.959169102073401697e-02 -1.508568769523776776e-01
-3.897350144253607096e-02 -1.556079060156805305e-01
-3.907400513412270793e-02 -1.597727590668773789e-01
-4.013644614773724528e-02 -1.630888405067908442e-01
-4.131399159956621048e-02 -1.662064864663916897e-01
-4.455592899517479138e-02 -1.719035145468927328e-01
-4.592545610354509256e-02 -1.803944516169847245e-01
-4.058034353092709184e-02 -1.824139657662888214e-01
-3.866473577066117939e-02 -1.851633691256232006e-01
-3.573866196290653718e-02 -1.867493134488061868e-01
-3.208046930928743629e-02 -1.865616087034659143e-01
-2.077456768676753246e-02 -1.902066111128460357e-01
-1.318654306578277528e-02 -2.002096167922177428e-01
-1.191703174170823457e-02 -2.038448495186929998e-01
-1.095119637165372847e-02 -2.046054623736333067e-01
-9.944381255150435903e-03 -2.054011956215633095e-01
-8.293883559578173886e-03 -2.067248453023669830e-01
-7.355096340609861699e-03 -2.090465605188925324e-01
-3.721463548110805382e-03 -2.134148186832689476e-01
-9.516041824958899192e-04 -2.161905251209237655e-01
6.782752431965357112e-04 -2.168062663547816460e-01
2.413888012076682420e-03 -2.176687145048830929e-01
4.659508671627005452e-03 -2.197211607215709683e-01
6.759999055962887145e-03 -2.214833590414134745e-01
8.160449289264628051e-03 -2.218455380941194988e-01
9.529809668065145067e-03 -2.219651606059488691e-01
1.185775044764093844e-02 -2.200321292334563306e-01
1.664753371536475610e-02 -2.219784855736350038e-01
1.854481648166644500e-02 -2.261416105423096901e-01
1.926212654110490835e-02 -2.285804056447224841e-01
2.308236569828021195e-02 -2.330695754977818723e-01
2.532797407641129359e-02 -2.353795630754478840e-01
2.616821245837899074e-02 -2.367526428634499913e-01
2.633722934964180182e-02 -2.376782443041499659e-01
2.650624624090461290e-02 -2.386038457448499683e-01
2.707836238504723533e-02 -2.394531959474386906e-01
2.803609474762286391e-02 -2.404714134312742890e-01
2.889219055073016795e-02 -2.420972540068107304e-01
2.897265840943921700e-02 -2.437230682827423722e-01
3.048175975340320851e-02 -2.423364169062318940e-01
3.134013072043412979e-02 -2.407795110683766671e-01
3.138842126079493394e-02 -2.391536476667681377e-01
3.297169245244980368e-02 -2.374826701464053946e-01
3.478443141751933615e-02 -2.366474975397278302e-01
3.660962150868945358e-02 -2.362352333707984642e-01
3.842059046073490608e-02 -2.343880649356112345e-01
3.866593786108754593e-02 -2.309752749487311851e-01
3.971593351714691744e-02 -2.283671028861740393e-01
4.196618557431673613e-02 -2.269903883563300917e-01
4.555192399526575980e-02 -2.270628425890001134e-01
4.814223812995312157e-02 -2.291318428562175991e-01
5.920659326528590616e-02 -2.378888632004352022e-01
5.814416862689704424e-02 -2.212655365345107816e-01
5.819246735487057509e-02 -2.141987178533728275e-01
6.233016656034318093e-02 -2.020308109561718413e-01
6.437455616602484609e-02 -2.006142229380190878e-01
6.827096642194946385e-02 -2.002204029796587070e-01
7.247241537320851801e-02 -1.999950389370288018e-01
7.667386432446757216e-02 -1.997696748943988965e-01
7.706070074531881642e-02 -1.983418829964971875e-01
7.675583622283900509e-02 -1.962890561798683042e-01
7.364120131987685058e-02 -1.914114875605674726e-01
7.330950326101026704e-02 -1.862436836980047028e-01
7.792142775996359350e-02 -1.801361726265250374e-01
8.020092913349104180e-02 -1.757298361079487892e-01
7.852895979548546457e-02 -1.653247788179729172e-01
8.512429628154427608e-02 -1.540318962441513118e-01
8.991769177517479339e-02 -1.473960422396032865e-01
9.377234247655781563e-02 -1.410499828358823260e-01
9.479232774043221121e-02 -1.357736596087908143e-01
9.632744931791040188e-02 -1.323534049380943600e-01
1.002478986531585708e-01 -1.282249001736992799e-01
9.927182802276141027e-02 -1.191375818524055968e-01
1.004922840090058250e-01 -1.063730227684520219e-01
9.502650314310388813e-02 -9.204695045361575845e-02
9.630331074668593838e-02 -8.874773251877964009e-02
9.421184311166808101e-02 -8.697333986614737278e-02
8.318628237449179896e-02 -9.762135042405691021e-02
7.497580304930846762e-02 -8.459383796705684244e-02
8.243479721917917891e-02 -7.700657070025732076e-02
7.970019408649388348e-02 -6.938074870905798497e-02
7.155633662242701087e-02 -5.946808849892351589e-02
6.519488227363547106e-02 -3.984131694499944837e-02
6.128320112737971337e-02 -1.448775161636335282e-02
3.684720519127585719e-02 -1.448775161636338404e-02
1.707141833985876406e-02 -7.412917262283088247e-03
2.462891246916293006e-03 -2.414625269393909195e-03
