-4.837820266847519396e-03 -4.634759084226528110e-03
-8.504948667234701540e-03 -6.938000476932942515e-03
-8.707587401920352174e-03 -1.093632465623009184e-02
-2.629433443528226763e-03 -1.449899897386499985e-02
-2.088764973001840889e-03 -1.617860043734387424e-02
-3.892281233887092025e-03 -2.144573317248658559e-02
-4.915808457283277894e-03 -2.969187180321295264e-02
-1.816043486818508940e-03 -3.270561721211297929e-02
5.504332867974458384e-04 -3.572694886965123440e-02
1.871340026240414772e-03 -3.760451746482637581e-02
3.189683835228528715e-03 -3.959514095753779994e-02
6.161936818189087464e-03 -4.448154888245698518e-02
6.185110033142738294e-03 -4.452182875732643708e-02
6.187087470144825817e-03 -4.452526758450117694e-02
6.599425596478735237e-03 -4.524799752165521022e-02
8.977913662168256551e-03 -4.966223180769564066e-02
1.212682873336387059e-02 -5.662604704509836828e-02
1.313434308427380640e-02 -5.967037330116106708e-02
1.366683404839078887e-02 -6.203136268967072292e-02
6.479983578256814751e-03 -7.718886967473338745e-02
6.477793099691642013e-03 -7.719484890137237598e-02
6.359586890252853612e-03 -7.761275444337922824e-02
5.949149354306519817e-03 -7.924014828826957124e-02
4.051459313451470819e-03 -8.121722772764541909e-02
3.276300430171868831e-03 -8.413839423083285807e-02
-1.775375927465250043e-03 -8.681848204827447013e-02
-3.701945473499377616e-03 -8.853006471016709733e-02
-3.006804991557951272e-03 -9.087925768173073238e-02
-2.597290101636283953e-03 -9.475243350103540463e-02
-8.338234434013660004e-03 -1.046566914225244282e-01
-1.564338458404569004e-02 -1.099636170368093746e-01
-1.468444714115182612e-02 -1.114557660444173287e-01
-1.386716610240889234e-02 -1.126614665010439581e-01
-1.346758060816310477e-02 -1.133646888920546991e-01
-1.308758698350432140e-02 -1.142239298569898975e-01
-1.286737177830838894e-02 -1.150091537124899727e-01
-1.278404493314170068e-02 -1.159526567344328213e-01
-1.295711003839013047e-02 -1.174591196357601397e-01
-1.315643630234361074e-02 -1.183120930381102026e-01
-1.327601430994168955e-02 -1.218967527607546647e-01
-1.330646039087495305e-02 -1.240822080788882009e-01
-1.340521076935807451e-02 -1.243122482968975206e-01
-1.394710144942534411e-02 -1.251204939485356660e-01
-4.744810330393813003e-02 -1.619096019187954150e-01
-4.069211311758917649e-02 -1.622480346734486989e-01
-3.449329656560749108e-02 -1.630843356947120903e-01
-1.694174582468338519e-02 -1.619033022274483369e-01
-1.522116091027237578e-02 -1.686697229009408716e-01
-1.292521717268430882e-02 -1.728939596870045226e-01
1.239796741651681168e-02 -1.689909983065787935e-01
2.774754887820461355e-02 -1.786161218335915180e-01
2.794361582691260934e-02 -1.790728515931258591e-01
3.694733480344673110e-02 -1.805574488618300333e-01
3.977979879949000014e-02 -1.846935671749678487e-01
4.406193641915186199e-02 -1.885196463315420567e-01
4.438607850655337805e-02 -1.891271745465698262e-01
4.447194535294340251e-02 -1.892879267239437890e-01
4.463339040643945349e-02 -1.895880807836745341e-01
8.496085419377102932e-02 -1.731058973513288635e-01
8.539924356730571597e-02 -1.731560791406630273e-01
8.563798222770679924e-02 -1.731542358758859368e-01
8.847860544937988236e-02 -1.726512566144762784e-01
9.052683946944777016e-02 -1.732242479299401228e-01
9.149540117252653870e-02 -1.735960273216573813e-01
9.233751551980774741e-02 -1.740739370974092592e-01
9.263776923666813823e-02 -1.743612557329333179e-01
9.288144057709996071e-02 -1.747742404570270802e-01
9.310344939141168563e-02 -1.754147845602631317e-01
9.452586865998520438e-02 -1.758104148191666771e-01
9.596693801158694137e-02 -1.754087661790371122e-01
9.596832043491537734e-02 -1.754082890856387689e-01
9.596976775712050267e-02 -1.754077894607016241e-01
9.597631662403680042e-02 -1.754055270384954346e-01
9.600642925446022102e-02 -1.753950882430887204e-01
9.660475771958730584e-02 -1.751765372078249172e-01
9.768480990611794201e-02 -1.747379329799767234e-01
9.793149438884476976e-02 -1.746310831386199136e-01
1.033995908118212348e-01 -8.521071258786372393e-02
1.034003225435115164e-01 -8.521119432126497695e-02
1.034064085198571625e-01 -8.521518750702093692e-02
1.034154336498094157e-01 -8.522106492423443813e-02
1.034227037433772395e-01 -8.522576115919891504e-02
1.034319900616374327e-01 -8.523171041831861805e-02
1.034470701870688486e-01 -8.524125420608186232e-02
1.034641675464209598e-01 -8.525190063843766930e-02
1.034815301862102993e-01 -8.526252509585900696e-02
1.035002753848010271e-01 -8.527378641805517800e-02
1.035320785258462967e-01 -8.529240369269117106e-02
1.035614609819600074e-01 -8.530906819396667784e-02
1.035830977609375342e-01 -8.532101769513483758e-02
1.036022677331094460e-01 -8.533138089985346786e-02
1.036231090592584919e-01 -8.534241311884113723e-02
1.036518385226746358e-01 -8.535723836981720658e-02
1.037231630718828679e-01 -8.539233279750262084e-02
1.037638246136588921e-01 -8.541138102886150496e-02
1.037840231018942461e-01 -8.542061373742511343e-02
1.038005721795526026e-01 -8.542807235244342934e-02
1.038430908852934070e-01 -8.544682705687743629e-02
1.038712099998955335e-01 -8.545893083322433914e-02
1.038936148397673204e-01 -8.546841762884518912e-02
1.039306871229003643e-01 -8.548383110500189230e-02
1.039407754969313147e-01 -8.548796790347946983e-02
1.039491717415944178e-01 -8.549139294014440615e-02
1.039557158551312338e-01 -8.549405142178481687e-02
1.039597046213650289e-01 -8.549566716061079985e-02
1.039660062923633416e-01 -8.549821271070263962e-02
1.039706895380065194e-01 -8.550009895658901293e-02
1.039747665123610526e-01 -8.550173722085938066e-02
1.039799330252452747e-01 -8.550380828429597624e-02
1.039815505549083613e-01 -8.550445555117365537e-02
1.039831773473207377e-01 -8.550510598009970764e-02
1.039846641818128331e-01 -8.550569997506735076e-02
1.039863787927782779e-01 -8.550638440601232571e-02
1.039873275313805551e-01 -8.550676286189561048e-02
1.039873412682617293e-01 -8.550676834025230932e-02
1.039873519390250162e-01 -8.550677259579503309e-02
1.039873600246700586e-01 -8.550677582036693425e-02
1.039873715373348106e-01 -8.550678041161843823e-02
1.039873734530617905e-01 -8.550678117560789326e-02
1.039874248736945422e-01 -8.550680168181123975e-02
1.039874290529617246e-01 -8.550680334845134345e-02
1.039874307131337661e-01 -8.550680401050646251e-02
1.039875863698173641e-01 -8.550686608189067561e-02
1.039875913001269137e-01 -8.550686804787518969e-02
1.039875954249796786e-01 -8.550686969267616566e-02
1.039875981355521117e-01 -8.550687077352550625e-02
1.039876004366780682e-01 -8.550687169110562924e-02
1.039876028035488092e-01 -8.550687263490050483e-02
1.039876053762068264e-01 -8.550687366075222784e-02
1.039876071812840669e-01 -8.550687438052902156e-02
1.039876086610298511e-01 -8.550687497057898878e-02
1.039876098895767542e-01 -8.550687546046287224e-02
1.039877360403360651e-01 -8.550692576152764401e-02
1.039877375549882743e-01 -8.550692636545698111e-02
1.039877407551964422e-01 -8.550692764145768898e-02
1.039877424260366168e-01 -8.550692830766139230e-02
1.039877433106351778e-01 -8.550692866037165607e-02
1.039877440627191840e-01 -8.550692896024510159e-02
1.039920032221933188e-01 -8.550862535321029911e-02
1.039920041355158198e-01 -8.550862571658852940e-02
1.039920046072895649e-01 -8.550862590429030019e-02
1.039920047285557009e-01 -8.550862595253770626e-02
1.039920048208781284e-01 -8.550862598926946279e-02
1.039937786307873618e-01 -8.550933140916018582e-02
1.039937787086039345e-01 -8.550933144009294218e-02
1.039937789778922345e-01 -8.550933154713748208e-02
1.040014176913746508e-01 -8.551236222254690600e-02
1.040014191104714908e-01 -8.551236278450975725e-02
1.040014205796969543e-01 -8.551236336632313251e-02
1.088190567118804269e-01 -7.761522367693525493e-02
1.079402603501557756e-01 -7.697142829056455304e-02
1.074283640288453828e-01 -7.660398384818549455e-02
1.068435253441239741e-01 -7.612140849297847900e-02
1.062862544324637143e-01 -7.557657356887384492e-02
1.054472118303829836e-01 -7.455040656832349899e-02
1.051802674849563468e-01 -7.418148056126445955e-02
1.048172811080443217e-01 -7.371475781290552642e-02
1.032381651477131124e-01 -7.279200692843112996e-02
1.023922903930842010e-01 -7.284760471351461875e-02
1.008858546069914125e-01 -7.331364633138451326e-02
9.911717365143339620e-02 -7.412568273044831124e-02
9.657640281996165976e-02 -7.544679761636929882e-02
9.268889774420038807e-02 -7.707197360247383666e-02
9.240900132694872260e-02 -7.708864808148500891e-02
9.233901112680736878e-02 -7.708707760471067427e-02
8.520209603050829528e-02 -8.024274448105606083e-02
8.488186113805279431e-02 -8.015848631712590988e-02
8.303708658287331512e-02 -7.969004323106533560e-02
8.259275660957755838e-02 -7.225720535376874143e-02
8.100532923444152267e-02 -6.894790019464482056e-02
7.827660442048536837e-02 -6.732462180262027696e-02
7.704161804949476167e-02 -6.670776180378377995e-02
7.615933349734882452e-02 -6.620049077191797471e-02
7.546480860893617360e-02 -6.571927986011734391e-02
7.455796614022100477e-02 -6.495845104856234897e-02
7.176742312173378657e-02 -6.150144707053694509e-02
7.065987536266123137e-02 -5.968565798155803237e-02
6.076999328830877400e-02 -4.425209898246593859e-02
5.748806296153399081e-02 -4.314848963785804237e-02
4.950390082498586780e-02 -3.993116115802341354e-02
4.918985302990328684e-02 -3.986402943481533179e-02
4.363088857127429832e-02 -3.952997988356941883e-02
4.017833619466814471e-02 -3.876372605419004663e-02
3.524893640420976443e-02 -3.573738301726578359e-02
3.156886007453498649e-02 -3.242060731101920057e-02
2.917743066034925170e-02 -2.479362926141385690e-02
2.863210484990997423e-02 -2.360058314707329588e-02
2.755332266464700919e-02 -2.209097721096732816e-02
2.703512639581943933e-02 -1.320781444625731584e-02
2.664995491742877531e-02 -1.241412928995020391e-02
2.583657143610019330e-02 -1.090134439223349079e-02
2.409275450095584373e-02 -7.928269876963548596e-03
2.291427635194704521e-02 -5.901485277460571596e-03
2.229577622770204451e-02 -4.702859814273563713e-03
2.161453643158762344e-02 -2.222573303854136553e-03
2.080918908202159662e-02 9.940181681429183670e-04
1.945828858439927964e-02 1.608175736633058036e-03
1.028700305138756550e-02 1.240124347752283350e-03
2.991430949964270225e-03 1.701338423227939829e-03
