-1.676083467284488100e-03 -4.056144496832050569e-03
-8.548035913152521315e-03 -1.005650080370692860e-02
-9.611103582679577512e-03 -1.021945146858150785e-02
-1.056786448525393052e-02 -1.036610706696862796e-02
-1.152462538782828352e-02 -1.051276266535574808e-02
-1.248138629040263133e-02 -1.065941826374286992e-02
-1.343814719297698433e-02 -1.080607386212999003e-02
-1.451844199580680679e-02 -1.095117791026968546e-02
-1.658700800068035192e-02 -1.108386955642997988e-02
-1.865557400555390571e-02 -1.121656120259027431e-02
-2.072414001042745257e-02 -1.134925284875056700e-02
-2.279270601530100637e-02 -1.148194449491086143e-02
-2.486127202017456364e-02 -1.161463614107115586e-02
-2.684913752051216670e-02 -1.175539717462938463e-02
-2.819139898456216389e-02 -1.196071330737108127e-02
-2.953366044861216108e-02 -1.216602944011277790e-02
-3.087592191266216174e-02 -1.237134557285447627e-02
-3.221818337671216587e-02 -1.257666170559617290e-02
-3.356044484076216999e-02 -1.278197783833787127e-02
-3.486608100452710107e-02 -1.297270674653112563e-02
-3.587871476601147552e-02 -1.304673785833684180e-02
-3.689134852749585691e-02 -1.312076897014255970e-02
-3.790398228898023136e-02 -1.319480008194827761e-02
-3.891661605046461275e-02 -1.326883119375399378e-02
-3.992924981194898026e-02 -1.334286230555971169e-02
-4.090789723468024608e-02 -1.335000436225420618e-02
-4.161465394738650403e-02 -1.282203397805894290e-02
-4.232141066009276892e-02 -1.229406359386367616e-02
-4.302816737279904075e-02 -1.176609320966840941e-02
-4.373492408550530564e-02 -1.123812282547314093e-02
-4.444168079821157052e-02 -1.071015244127787591e-02
-4.513850398988929202e-02 -1.024053569138824726e-02
-4.575585901333869415e-02 -1.023774801594369739e-02
-4.637321403678810322e-02 -1.023496034049914752e-02
-4.699056906023751229e-02 -1.023217266505459765e-02
-4.760792408368691442e-02 -1.022938498961004777e-02
-4.822527910713631655e-02 -1.022659731416549790e-02
-4.886187790032119060e-02 -1.028309249817476595e-02
-4.965242685138977763e-02 -1.081385055781458257e-02
-5.044297580245836465e-02 -1.134460861745439919e-02
-5.123352475352694474e-02 -1.187536667709421581e-02
-5.202407370459552483e-02 -1.240612473673402896e-02
-5.281462265566411185e-02 -1.293688279637384558e-02
-5.367469867615349416e-02 -1.344094812953475909e-02
-5.509099125200921099e-02 -1.373147165086445118e-02
-5.650728382786492088e-02 -1.402199517219414153e-02
-5.792357640372064465e-02 -1.431251869352383362e-02
-5.933986897957636841e-02 -1.460304221485352570e-02
-6.075616155543208524e-02 -1.489356573618321779e-02
-6.200375950994168467e-02 -1.525501158548953073e-02
-5.833956547005831467e-02 -2.552216973667877087e-02
-5.891787469561440144e-02 -3.684097524168506582e-02
-6.655575408029121287e-02 -3.372120656084325041e-02
-6.747894766084594487e-02 -3.162533187661476647e-02
-6.911568333852234625e-02 -3.035641177426048193e-02
-7.023704186734500143e-02 -3.528445569346740779e-02
-7.215200723939059479e-02 -4.274842815041138278e-02
-8.072506893986727827e-02 -4.505109198428305928e-02
-8.398866283253378362e-02 -4.576788047081131044e-02
-8.551110872531772489e-02 -4.623438559520472863e-02
-8.694213215907813097e-02 -4.666308104690198438e-02
-8.755949570752889766e-02 -4.675527041160339875e-02
-8.817685925597965046e-02 -4.684745977630480618e-02
-8.890455009980204049e-02 -4.675849544545104125e-02
-9.292816301922410260e-02 -4.275458526805985676e-02
-9.406636695073310184e-02 -4.051702816123736728e-02
-9.506532196003612822e-02 -4.058347295183329512e-02
-9.597712200544059047e-02 -4.092540052636037956e-02
-9.693645249842471057e-02 -4.175734145902972733e-02
-9.793539169772523534e-02 -4.299762685681766256e-02
-9.891726539430428788e-02 -4.422938043324498719e-02
-9.954076353373333963e-02 -4.528196576110042615e-02
-1.001642616731623914e-01 -4.633455108895586511e-02
-1.008389619007566129e-01 -4.741273746089389590e-02
-1.015563305351551704e-01 -4.851225803623410160e-02
-1.022616612476340142e-01 -4.959547384897416283e-02
-1.029000851316655002e-01 -5.064059782008419747e-02
-1.038338910472458992e-01 -5.154956825392630060e-02
-1.050686181441474187e-01 -5.191273331184011186e-02
-1.063033452410489521e-01 -5.282262651249604313e-02
-1.133261411276384745e-01 -5.348995879669308368e-02
-1.300478630942460967e-01 -5.361844761718315838e-02
-1.331709325867255211e-01 -5.444731748269610039e-02
-1.342142904531094527e-01 -5.528535921633833533e-02
-1.348188122495123376e-01 -5.547329364630818743e-02
-1.354096204187283381e-01 -5.564091222303826217e-02
-1.288959001549874750e-01 -5.537373403043144987e-02
-1.337245492750103737e-01 -6.705806834372847469e-02
-1.263553629498488651e-01 -7.542528122804523227e-02
-1.267123695467805566e-01 -7.703935042544027278e-02
-1.270693761437123037e-01 -7.865341962283541044e-02
-1.274263827406440230e-01 -8.026748882023045095e-02
-1.282743317658661952e-01 -8.109166425166146330e-02
-1.292313791084861996e-01 -8.174030773510042314e-02
-1.301884264511062594e-01 -8.238895121853939685e-02
-1.311454737937262638e-01 -8.303759470197835668e-02
-1.321025211363463236e-01 -8.368623818541733039e-02
-1.327276979260430811e-01 -8.395913556893619401e-02
-1.356007403575395232e-01 -8.706508300090723407e-02
-1.273190198035231979e-01 -8.720103403925401342e-02
-1.213240652475094383e-01 -9.289108236331081181e-02
-1.167945754751931325e-01 -9.893259582674905628e-02
-1.163902811607204768e-01 -1.030577943845931432e-01
-1.170980438235871696e-01 -1.054431680399879057e-01
-1.180953155326217446e-01 -1.072952331103360912e-01
-1.189550727697269578e-01 -1.091004447732126098e-01
-1.184396852875382739e-01 -1.104371223613721670e-01
-1.178321115406486819e-01 -1.116816160098311611e-01
-1.163026751467499537e-01 -1.120042702612847330e-01
-1.146810548131506624e-01 -1.124861521631303207e-01
-1.121375950825460044e-01 -1.145603105688956513e-01
-1.097853619824361443e-01 -1.166276102235672685e-01
-1.093453951872747909e-01 -1.186263223673012096e-01
-1.084883117005960018e-01 -1.209164477325067322e-01
-1.045266598688326526e-01 -1.250167718863841038e-01
-1.020125346679059686e-01 -1.276189006763447098e-01
-9.949840946697917354e-02 -1.302210294663053991e-01
-9.880004174311067533e-02 -1.315533883662762527e-01
-9.868271641190085042e-02 -1.324794209014503732e-01
-9.856539108069101163e-02 -1.334054534366244660e-01
-9.844806574948118671e-02 -1.343314859717985588e-01
-9.779585470797330649e-02 -1.351019759821683874e-01
-9.602435206297232906e-02 -1.366526082419472210e-01
-9.335250348689352884e-02 -1.382921380534024858e-01
-9.165736431657021954e-02 -1.407513839455776516e-01
-9.193545761091766189e-02 -1.449484420648811389e-01
-9.137396537137668084e-02 -1.491775293892923515e-01
-9.066163640778182597e-02 -1.525716067805447385e-01
-8.944190866327222933e-02 -1.550560091767315962e-01
-8.530578880368652750e-02 -1.558186232483454170e-01
-8.240538804116059879e-02 -1.570947322518460865e-01
-7.938082760883488631e-02 -1.577834531616762181e-01
-7.711048799678456300e-02 -1.588576684329809918e-01
-7.525843455143819971e-02 -1.597155098697806697e-01
-7.279077215792087441e-02 -1.606297418655729392e-01
-7.010448997954032979e-02 -1.616475665778851212e-01
-6.802614424810721205e-02 -1.624018152981649143e-01
-6.017674304636581178e-02 -1.555832216108060662e-01
-5.363162055261718603e-02 -1.514234797474533212e-01
-5.058877631737575958e-02 -1.496285422612151916e-01
-4.418371442929598658e-02 -1.493028582759451661e-01
-3.981754714969135828e-02 -1.495148714430881709e-01
-3.869037999494239627e-02 -1.502397693586873806e-01
-3.744605762151070882e-02 -1.509409667371737762e-01
-3.508888389561296006e-02 -1.516769223545363920e-01
-3.246658211076869360e-02 -1.541196152774051420e-01
-2.949356486999592936e-02 -1.550265421220325124e-01
-2.478300510213778465e-02 -1.668844015463348263e-01
-1.691636867264772678e-02 -1.770246651383993730e-01
-1.398376846332036010e-02 -1.764076015149964594e-01
-1.365275118553314904e-02 -1.754815817673243961e-01
-1.322929240967096569e-02 -1.745555553029845552e-01
-1.217603727504204883e-02 -1.731275123474772526e-01
-9.777447370317462333e-03 -1.691108301680493420e-01
-4.281003893801356083e-03 -1.681699255957814221e-01
7.780417407408312357e-04 -1.682559919428396611e-01
5.151890477125830280e-03 -1.654077228552938150e-01
8.238686174931696138e-03 -1.639559481904464544e-01
1.378857589885968890e-02 -1.627141775479772345e-01
1.627755234577601962e-02 -1.623091291583842743e-01
1.754300354757708930e-02 -1.614962276537511843e-01
1.899561262922415394e-02 -1.609878136226745582e-01
2.115470562353404319e-02 -1.611066583416266851e-01
2.484664656228668597e-02 -1.635044792740063813e-01
2.836136408944419512e-02 -1.623279056030451639e-01
2.406787218809575482e-02 -1.507340690875128009e-01
3.354834484994373422e-02 -1.360522698962114418e-01
3.664517171879366764e-02 -1.360928985026904903e-01
3.787289978957909808e-02 -1.369309402363327599e-01
3.930531159300532096e-02 -1.374801115239089044e-01
4.154681009212313203e-02 -1.376144944786722446e-01
4.440039438884985784e-02 -1.377227054209285984e-01
4.587254561528000124e-02 -1.323327105363878708e-01
4.729898733442088749e-02 -1.256797759671131332e-01
4.854716404180054595e-02 -1.212757217731334214e-01
5.501760132363917727e-02 -1.157208680873026835e-01
5.688727517179537063e-02 -1.126282352607882176e-01
5.984861264403885245e-02 -1.108185820722034365e-01
6.457535803114475281e-02 -1.068609891744207313e-01
6.645218926377580160e-02 -1.053983118078346687e-01
6.737820901144785102e-02 -1.049876795423512893e-01
6.783078867528725964e-02 -1.043323562295137702e-01
6.777209662426095238e-02 -1.027328233994368456e-01
6.326487622216266093e-02 -9.518664977938423588e-02
4.903813902009629411e-02 -8.268203208527669101e-02
4.101376810711891002e-02 -7.185284892501718479e-02
3.027785362839952726e-02 -5.194979588441732410e-02
2.902384633675671871e-02 -4.946055051245798473e-02
2.733101124180081082e-02 -4.884038223855993038e-02
2.566085006712744490e-02 -4.982812377107478236e-02
2.344282063841898051e-02 -5.226356863445457551e-02
2.241940817521591647e-02 -6.624032696332346482e-02
7.639638118290726851e-03 -6.467523591373901259e-02
1.664911065502826725e-03 -5.005240958184151850e-02
5.460206537404109495e-03 -2.434272701526002392e-02
5.052967739128464385e-03 -2.229971302279468506e-02
3.611957825997740533e-03 -2.037279249884258944e-02
1.154823964159418237e-02 -1.005650080370698585e-02
1.852090645352300058e-03 -1.760071780678130419e-04
