-2.576523005288658234e-03 -1.729489494715169551e-02
-2.280208706416883037e-03 -2.933370026194779059e-02
-3.109167154495962385e-03 -2.964314604136844208e-02
-3.816640312770350901e-03 -2.990724200828779461e-02
-4.524113471044739418e-03 -3.017133797520714714e-02
-5.231586629319128802e-03 -3.043543394212649619e-02
-5.939059787593517319e-03 -3.069952990904584872e-02
-6.649482005750450425e-03 -3.095514550040826332e-02
-7.374129100987880485e-03 -3.116985575084898347e-02
-8.098776196225315749e-03 -3.138456600128970708e-02
-8.823423291462753615e-03 -3.159927625173042376e-02
-9.548070386700188011e-03 -3.181398650217114737e-02
-1.027271748193762414e-02 -3.202869675261187099e-02
-1.100418533299649462e-02 -3.214551869297193470e-02
-1.176855330037051769e-02 -3.179017349059001102e-02
-1.253292126774453383e-02 -3.143482828820809427e-02
-1.329728923511855690e-02 -3.107948308582617059e-02
-1.406165720249257997e-02 -3.072413788344425037e-02
-1.482602516986659610e-02 -3.036879268106233362e-02
-1.549600746867631391e-02 -3.009492861928100491e-02
-1.571071771911703580e-02 -3.021409123569076052e-02
-1.592542796955775594e-02 -3.033325385210051961e-02
-1.614013821999847609e-02 -3.045241646851027523e-02
-1.635484847043919970e-02 -3.057157908492003431e-02
-1.656955872087991985e-02 -3.069074170132979340e-02
-1.705138786195602857e-02 -3.083903148797205798e-02
-1.882167282844987230e-02 -3.112781703691230167e-02
-2.059195779494372644e-02 -3.141660258585254190e-02
-2.236224276143758405e-02 -3.170538813479278906e-02
-2.413252772793144166e-02 -3.199417368373303622e-02
-2.590281269442529927e-02 -3.228295923267327644e-02
-2.745372518619972751e-02 -3.256990175983267427e-02
-2.794648809403339415e-02 -3.284795441722562076e-02
-2.843925100186705732e-02 -3.312600707461856031e-02
-2.893201390970072742e-02 -3.340405973201150680e-02
-2.942477681753439059e-02 -3.368211238940445329e-02
-2.991753972536805722e-02 -3.396016504679739978e-02
-3.044717094498016960e-02 -3.417664524942024690e-02
-3.115463755081771674e-02 -3.409612890550497294e-02
-3.186210415665526041e-02 -3.401561256158970592e-02
-3.256957076249280408e-02 -3.393509621767443196e-02
-3.327703736833034082e-02 -3.385457987375916494e-02
-3.398450397416789837e-02 -3.377406352984389099e-02
-3.461823283128262485e-02 -3.365962680886680491e-02
-3.489628548867557828e-02 -3.338157415147385149e-02
-3.517433814606851783e-02 -3.310352149408091194e-02
-3.545239080346146432e-02 -3.282546883668796545e-02
-3.573044346085440387e-02 -3.254741617929502590e-02
-3.600849611824735730e-02 -3.226936352190207247e-02
-3.628654765047437808e-02 -3.184383424189760059e-02
-3.760375596587247488e-02 -2.645797512016826586e-02
-4.003096918851712510e-02 -2.355762115532760229e-02
-3.865644187646665592e-02 -3.688865557255521094e-02
-4.208320908638144009e-02 -4.636596480388718855e-02
-4.481534079141797494e-02 -4.911245007851122724e-02
-4.563854177870949741e-02 -4.934562509597287955e-02
-4.646174276600104763e-02 -4.957880011343453880e-02
-4.728494375329257010e-02 -4.981197513089619111e-02
-4.805427052544519045e-02 -4.991346229079818980e-02
-4.864557815192138701e-02 -4.957980696485086297e-02
-4.923688577839756275e-02 -4.924615163890354308e-02
-4.982819340487375237e-02 -4.891249631295622319e-02
-5.041950103134994199e-02 -4.857884098700889636e-02
-5.095095186929171627e-02 -4.823231445124641359e-02
-5.864927290953398514e-02 -4.968180799464829572e-02
-4.678497090136354147e-02 -6.019575999136325684e-02
-5.032854343889445886e-02 -6.729885052075956775e-02
-5.155454368666549658e-02 -6.791935318482925088e-02
-5.261033624655758051e-02 -6.863615204919944202e-02
-5.243212306932715228e-02 -7.005109836574822946e-02
-5.225390989209672404e-02 -7.146604468229700302e-02
-5.216470342845934416e-02 -7.293304038018004476e-02
-5.272079563837154398e-02 -7.477739409273656546e-02
-5.327688784828375074e-02 -7.662174780529311391e-02
-5.382985871555482499e-02 -7.825789922710393864e-02
-5.436019984867772326e-02 -7.838458404100838439e-02
-5.489054098180062846e-02 -7.851126885491283014e-02
-5.522022505448078572e-02 -7.862103646824322722e-02
-5.086792733197676580e-02 -8.471035303106998204e-02
-4.932075125148559919e-02 -9.208336940914696456e-02
-5.089999952473175937e-02 -9.881437028164942460e-02
-5.157132030768548508e-02 -1.008835553768633736e-01
-5.258261030501581307e-02 -1.019946848543562129e-01
-5.358674265861029795e-02 -1.031615084565370294e-01
-5.692976813721396107e-02 -1.086012827494449023e-01
-6.225946625658378142e-02 -1.060081733423633849e-01
-5.994001163042199376e-02 -9.243576184521735961e-02
-6.898835029486910519e-02 -9.535119396002522674e-02
-7.780228168661054711e-02 -9.375381787385862753e-02
-7.531950538801469863e-02 -9.502789950605934621e-02
-7.342454224175963551e-02 -9.774507195807372040e-02
-7.175623145992797436e-02 -1.024138595281622738e-01
-7.011786015193853527e-02 -1.076371091413002579e-01
-7.775043205532060353e-02 -1.086180716811038227e-01
-8.027039799984504731e-02 -1.080494206339109725e-01
-8.597778493266947097e-02 -1.122422586505438941e-01
-8.830205430927867694e-02 -1.159565479804405691e-01
-8.875939146732571283e-02 -1.172448094830848692e-01
-8.922242170019503704e-02 -1.185233114288909845e-01
-9.024337326564900452e-02 -1.188453768045520803e-01
-9.126432483110294425e-02 -1.191674421802131484e-01
-9.228527639655687009e-02 -1.194895075558742303e-01
-9.329315009230886024e-02 -1.198148261171480544e-01
-9.301939255726589251e-02 -1.204589568684702044e-01
-9.261566932376819050e-02 -1.214088870673897397e-01
-9.179800800485339585e-02 -1.222271267877749479e-01
-9.013613965834826880e-02 -1.215765484386001904e-01
-8.851878022828309212e-02 -1.208814707038027569e-01
-8.270482327130702915e-02 -1.181515337077025940e-01
-6.809341449980588212e-02 -1.156312294191667728e-01
-6.345534237092884111e-02 -1.217511216378854844e-01
-6.239382953367364482e-02 -1.239316014613314199e-01
-6.055805296094336071e-02 -1.248140574454730950e-01
-5.856944218878280123e-02 -1.253682037802019145e-01
-5.261117535559080988e-02 -1.312924700186206550e-01
-4.939623095561498922e-02 -1.323488233082594778e-01
-3.893915659267272594e-02 -1.286191632521626882e-01
-3.646833183959750924e-02 -1.303029754118138206e-01
-3.547944670869647432e-02 -1.336047254030004738e-01
-3.714964350026586648e-02 -1.390151276035289374e-01
-4.186952101608799187e-02 -1.370827353495624734e-01
-4.294945791583228839e-02 -1.385197419339302127e-01
-4.190318326685007339e-02 -1.406150727413341683e-01
-3.970832302868141511e-02 -1.418124111411678268e-01
-3.818474918310101746e-02 -1.432242979462522714e-01
-3.730295273151130325e-02 -1.439514988239651017e-01
-3.695254937699565811e-02 -1.437196211889981701e-01
-3.660214602248002685e-02 -1.434877435540312385e-01
-3.501925971716397107e-02 -1.436325911668975275e-01
-3.280601953624764922e-02 -1.439701150515564354e-01
-3.111495631099608222e-02 -1.446107824627460292e-01
-3.213268604325475453e-02 -1.468240069178138041e-01
-3.315041577551348928e-02 -1.490372313728816900e-01
-3.364310446210802552e-02 -1.505685985279951178e-01
-2.711842580751827950e-02 -1.488917991238020433e-01
-1.607073692692665562e-02 -1.545454556774040200e-01
-3.274722479844636124e-03 -1.524013432683426483e-01
-1.795760443818404531e-03 -1.517996347801642276e-01
-2.498505721073426486e-04 -1.493583737286063307e-01
1.940193624982427568e-03 -1.484753913653716340e-01
4.486009396152368725e-03 -1.490566271948475519e-01
6.310571837251758437e-03 -1.490575809384322714e-01
7.684722682021794676e-03 -1.456308006236439467e-01
9.058873526791921121e-03 -1.422040203088554278e-01
1.039699907380430520e-02 -1.390616128408184160e-01
1.144692223875546158e-02 -1.381941881467924071e-01
1.304832019741827658e-02 -1.368711464417628754e-01
1.992277118699981378e-02 -1.376878278735317596e-01
2.394449132270883018e-02 -1.400132742067888569e-01
1.223706458047195758e-02 -1.208804513034768963e-01
1.978755907150094723e-02 -1.083180681617312291e-01
2.218618738770134977e-02 -1.058456470960502105e-01
2.721144870159194692e-02 -1.045530480125889117e-01
2.954403520542004530e-02 -1.059342292911594069e-01
3.227273015071433632e-02 -1.078231644602647005e-01
3.743007455986000626e-02 -1.091801217107612187e-01
3.996096401227620942e-02 -1.105501912477996895e-01
4.099881388213535288e-02 -1.127758078302701500e-01
4.119041454825507487e-02 -1.192410883933788662e-01
4.949305015951058206e-02 -1.127974434472328036e-01
5.169274768453831215e-02 -9.565053508760044954e-02
5.355490615502293134e-02 -9.448455833824179195e-02
5.471112950286288051e-02 -9.316730230257130874e-02
5.699333789386872018e-02 -9.319726143372407401e-02
5.994887621704830805e-02 -9.387826162199061630e-02
6.337782254242352309e-02 -9.670809680543987485e-02
6.626624405647114913e-02 -9.876775247333986762e-02
6.809987798235411782e-02 -9.804632917702869876e-02
6.835808900056826454e-02 -9.661702031603951191e-02
6.911793737499080659e-02 -9.494549500135385234e-02
7.174834470867445801e-02 -9.317254008231241891e-02
7.319636832207801480e-02 -9.274585433029844395e-02
7.438479034455980354e-02 -9.273297879190378623e-02
7.445311022080772223e-02 -9.184017174457985433e-02
7.398367994489256361e-02 -9.041019354223932269e-02
7.113194387006779862e-02 -8.757835781377999729e-02
7.197781607703702955e-02 -8.430194705556201540e-02
7.311425801516814593e-02 -8.143381228309480580e-02
7.437220039975077357e-02 -7.867162300150593035e-02
7.575494804165765206e-02 -7.644722795210975863e-02
7.407707493795526177e-02 -7.477108786867277257e-02
7.154134052107739838e-02 -7.256500959388570426e-02
6.825412194849891923e-02 -6.828014743340084236e-02
6.104285505513132315e-02 -6.701562362240701121e-02
5.507903354252541989e-02 -5.313844597709774936e-02
5.885364103193362062e-02 -4.910267860815147739e-02
6.360497381865411193e-02 -4.542644344872930062e-02
6.537459281929443311e-02 -4.274685895138003594e-02
6.322110824140309004e-02 -3.962608855640269850e-02
6.055706969829963843e-02 -2.849998845115020440e-02
5.915592718203152578e-02 -2.195210575125111988e-02
5.471286073610014122e-02 -1.851141123754936404e-02
5.530779936566840999e-02 -1.306108950691275625e-02
5.657940417674285627e-02 -9.887981423379960111e-03
5.407835491882269363e-02 -1.011460042994325945e-02
3.981612947780890227e-02 -2.860915721146518528e-02
8.573378727513172523e-03 -2.918556276982237074e-02
1.484720595505160945e-02 -1.864759311370110806e-02
1.288261502644336056e-03 -9.397884960223656242e-03
