6.470611387807331631e-03 -1.768287831535105686e-02
6.719367831609996539e-03 -1.813215402707996429e-02
5.956063323974225207e-03 -2.638710862413477104e-02
1.094961421543458498e-02 -2.954410161612597979e-02
1.436777285997106052e-02 -3.126748461112614091e-02
1.732355120828980508e-02 -3.414228271591913944e-02
1.891507835390645112e-02 -3.775073912541229704e-02
1.928963459424065316e-02 -3.956263186196565251e-02
1.143937067873741428e-02 -4.892528127509432334e-02
1.148109053413873260e-02 -4.922717649165062742e-02
1.155585236273899002e-02 -4.968001161560257201e-02
1.180331769944702527e-02 -5.071747194947154314e-02
1.202157596095418737e-02 -5.133356049432725998e-02
1.203222368843930891e-02 -5.135930830775992106e-02
1.328619698170529530e-02 -5.325963908402511077e-02
1.747784637300728652e-02 -5.678627665952076103e-02
2.123816743315179792e-02 -6.428137514184001367e-02
2.265368514991793550e-02 -6.756654400589617859e-02
2.370526403357919171e-02 -7.071810140203063644e-02
2.383684303260068249e-02 -7.422212353674360885e-02
2.385785839501767744e-02 -7.425041252300322581e-02
2.424719627179810696e-02 -7.596775558216165014e-02
2.280392527700715252e-02 -8.223454549124557811e-02
1.335516404007936787e-02 -9.064078690005890337e-02
8.554133183163805526e-03 -1.008594557075822434e-01
5.295700117717431696e-03 -1.056969818130021471e-01
3.668055662924848623e-03 -1.105150865849565817e-01
2.653666278251497201e-03 -1.153961740698451893e-01
2.105578864928464231e-03 -1.203093128861870975e-01
-6.070783805411585250e-04 -1.285683795173536426e-01
-2.239420540167141697e-03 -1.331063829961653677e-01
-8.056641412898449608e-03 -1.427169585403437468e-01
-1.327481140035981048e-02 -1.496502578284707452e-01
-1.418243996706184187e-02 -1.520713104343762168e-01
-1.418399638397306248e-02 -1.530387034134930158e-01
-1.449372411029288023e-02 -1.547012357291618623e-01
-1.472958051255844614e-02 -1.556998581413480409e-01
-1.512679356656359067e-02 -1.575597592238287270e-01
-1.527991498444020504e-02 -1.585214107155114016e-01
-1.545879744340346133e-02 -1.610018856870755466e-01
-1.544964972589154412e-02 -1.630654207392037702e-01
-1.541823247798071624e-02 -1.642016861915499559e-01
-1.540402963779285116e-02 -1.656094058711572448e-01
-1.500696937881777077e-02 -1.691823614785085972e-01
-1.036270159846581530e-02 -1.727460955307433266e-01
-5.827633964284275291e-03 -1.742891828317340019e-01
-5.978807276000211446e-03 -1.779582895250168550e-01
4.625068797694207104e-03 -1.781960627978323164e-01
5.716793328218756388e-03 -1.792104256695696007e-01
6.547947161948467799e-03 -1.803146114342412398e-01
6.973306221736430728e-03 -1.810360126982328288e-01
7.846242186886153921e-03 -1.890815596559665968e-01
1.056973270610145864e-02 -1.932186427819113650e-01
1.227979262122410285e-02 -1.947707495262787636e-01
1.909928279254747771e-02 -2.011673055830117129e-01
1.950055838953539122e-02 -2.017130430762610616e-01
2.080752670716042030e-02 -2.034833509024641662e-01
2.182703575272536625e-02 -2.047451956857589128e-01
2.300876299463684022e-02 -2.059514651315535738e-01
3.191200397144812462e-02 -2.152464349543659616e-01
3.275884261411837056e-02 -2.161099492866402627e-01
3.397836924618238136e-02 -2.172166335825563288e-01
3.759505028968371243e-02 -2.200818545298004469e-01
3.890087727451182337e-02 -2.210080290988725160e-01
4.061426682709794872e-02 -2.221237609057190032e-01
4.154641419723761192e-02 -2.226685134381135300e-01
4.375213333446602987e-02 -2.237717971394164451e-01
4.665525103272188945e-02 -2.250594989120845990e-01
5.936184386263729240e-02 -2.241942909929631467e-01
6.095107460978080316e-02 -2.245846928687245114e-01
6.100950427220935141e-02 -2.245996141613944286e-01
6.107359378251459026e-02 -2.246152776538528628e-01
6.134175287849625430e-02 -2.246703921367956547e-01
6.218449894796689720e-02 -2.246259740808472516e-01
6.471850393561229264e-02 -2.243833483937400786e-01
6.631385960898117382e-02 -2.248196945002558511e-01
6.704026908657546857e-02 -2.243048479210954793e-01
6.864755381202523876e-02 -2.212392476563107835e-01
7.103080466611245980e-02 -2.216909748879686004e-01
7.188744956113987672e-02 -2.219581410087839435e-01
7.504623172052139746e-02 -2.231082192183914126e-01
7.604551848054433294e-02 -2.236907976252415775e-01
7.534295149079722753e-02 -2.264492728794812726e-01
7.534295013878539171e-02 -2.264492766863239748e-01
7.534231308390183790e-02 -2.264510704900918048e-01
7.534220058016857791e-02 -2.264513872870777544e-01
7.534118673820133782e-02 -2.264542423026349449e-01
7.523864982177196070e-02 -2.267445703473399965e-01
7.509924979212083407e-02 -2.271451412544563120e-01
7.509924958267528983e-02 -2.271451418621764362e-01
7.509924948747537243e-02 -2.271451421384053648e-01
7.509924934932162011e-02 -2.271451425392676249e-01
7.509924901108697148e-02 -2.271451435206779390e-01
7.509871371741193291e-02 -2.271466967735365494e-01
7.509843228935313142e-02 -2.271475134389257244e-01
7.509830323535769681e-02 -2.271478879473911305e-01
7.509829911453656803e-02 -2.271478999059351744e-01
7.509827682467577759e-02 -2.271479645908130451e-01
7.509823760008932370e-02 -2.271480784205660020e-01
7.509821223229221077e-02 -2.271481520382735431e-01
7.509820891909857465e-02 -2.271481616532293468e-01
7.509818526820376261e-02 -2.271482302887498639e-01
7.509811260890174311e-02 -2.271484411494912870e-01
7.509810047538031941e-02 -2.271484763617711566e-01
7.509805415423416453e-02 -2.271486107893861961e-01
7.509805025411060708e-02 -2.271486221078948542e-01
7.509800803836730321e-02 -2.271487446221972240e-01
7.509797654979465109e-02 -2.271488360056869715e-01
7.509794762423904757e-02 -2.271489199513864188e-01
7.509793164018066514e-02 -2.271489663393459757e-01
7.509790224946813475e-02 -2.271490516355715028e-01
7.509788179089639526e-02 -2.271491110096172383e-01
7.509787520759125812e-02 -2.271491301154600628e-01
7.509787008741014569e-02 -2.271491449750875358e-01
7.509786821915545585e-02 -2.271491503970800574e-01
7.509786817155149341e-02 -2.271491505352348228e-01
7.509774970100441260e-02 -2.271494943600095018e-01
7.509774965308016470e-02 -2.271494944990962994e-01
7.509774954831847926e-02 -2.271494948031380079e-01
7.509774940629937445e-02 -2.271494952153089997e-01
7.509774881655800760e-02 -2.271494969268696706e-01
1.319244744197720365e-01 -1.268787945921744098e-01
1.309777325477017584e-01 -1.256453902427909497e-01
1.304203592126096101e-01 -1.250693926204249906e-01
1.299804037407068513e-01 -1.246758690324655389e-01
1.289472731559911933e-01 -1.239024798683620310e-01
1.274391917898720361e-01 -1.230084846060357506e-01
1.254732219099586321e-01 -1.220881632691881574e-01
1.223348864191627222e-01 -1.209491704150566505e-01
1.225720602224321526e-01 -1.028155634071570151e-01
1.219225799527752646e-01 -1.027581068735594350e-01
1.176478524178643653e-01 -1.030773421270041179e-01
1.170918439171883679e-01 -1.029899183814447783e-01
1.139897314331898837e-01 -1.031017664491571673e-01
9.720768863734739751e-02 -1.041928395148241648e-01
9.686315875295158084e-02 -1.039250327920210881e-01
9.669125304276424138e-02 -1.037933303482178188e-01
9.654816069489781383e-02 -1.036855342488549464e-01
9.654155179057505309e-02 -1.036806074280101769e-01
9.625002650432412654e-02 -1.034695132042696974e-01
9.526127267869109738e-02 -1.029095716204276173e-01
1.010405244032189509e-01 -8.992008688116816251e-02
9.704698167290784494e-02 -8.711248367061366626e-02
9.561739025413003301e-02 -8.421795928297630407e-02
9.533151834952202641e-02 -8.291456841418418100e-02
9.522891528413780782e-02 -8.090944219108013591e-02
9.528455313673059313e-02 -8.005878944692777777e-02
9.537952344005319605e-02 -7.925901608233199003e-02
7.995990771975292066e-02 -6.038772702725591496e-02
7.834320804868567800e-02 -4.244556017232813810e-02
7.594880972980198874e-02 -3.769658646219443965e-02
7.497766059444238573e-02 -3.099541972143724650e-02
7.415913295748587097e-02 -7.520912257763096714e-03
6.665744579671985248e-02 -5.776995850580321501e-03
6.664954285655529109e-02 -5.781798921240951031e-03
6.664953066270069837e-02 -5.781806341103564242e-03
6.664951353580186866e-02 -5.781816762732251008e-03
6.664944832828695320e-02 -5.781856441681394732e-03
6.664872212744152313e-02 -5.782298392305360892e-03
6.664864415356824834e-02 -5.782345851643496543e-03
6.664842876184971787e-02 -5.782476957450739287e-03
6.664839884979077700e-02 -5.782495165200723236e-03
6.664824854095545426e-02 -5.782586662237035324e-03
6.664823566130595456e-02 -5.782594502631787162e-03
6.664822984417577423e-02 -5.782598043778914426e-03
6.664821607261035841e-02 -5.782606427172633234e-03
6.664819725771466141e-02 -5.782617880736491862e-03
6.664817682937604348e-02 -5.782630316561749445e-03
6.664816622023761461e-02 -5.782636774945470494e-03
6.664815688489893197e-02 -5.782642457913295120e-03
6.664812203411424330e-02 -5.782663673779319183e-03
6.664808907435761098e-02 -5.782683738676260184e-03
6.664808338801228582e-02 -5.782687200371771155e-03
6.664807121971869086e-02 -5.782694608125945115e-03
6.664786262265896821e-02 -5.782821601335292813e-03
6.664774872571999076e-02 -5.782890945024769108e-03
6.664771138301901765e-02 -5.782913680876221492e-03
6.664766820882721265e-02 -5.782939967533443949e-03
6.664763646584785650e-02 -5.782959294517621071e-03
6.664760746724117391e-02 -5.782976950740481570e-03
6.664757605381249617e-02 -5.782996077449691075e-03
3.127979765177823362e-02 -2.687431313769536242e-02
2.802179405667340820e-02 -2.433305625369173997e-02
2.696780998313772632e-02 -2.357669558333366430e-02
2.357247406186634489e-02 -2.133798236430719392e-02
2.226404502781846248e-02 -2.015983334255690845e-02
2.150852205381936083e-02 -1.942354666475694727e-02
2.049731530391217874e-02 -1.848489476753308047e-02
1.934791692521133089e-02 -1.759738484964630187e-02
1.848686728842682814e-02 -1.697327952133048656e-02
1.754025402570535616e-02 -1.603113438100357141e-02
1.512298066724170748e-02 -1.434523509056030363e-02
1.363566358063620157e-02 -1.308329036484510294e-02
1.326255156316765924e-02 -1.253578345723116959e-02
1.028258391556640013e-02 -1.093307726515884044e-02
5.749177713775879828e-03 -7.418554501894646450e-03
4.956933667553529987e-03 -6.310820361094993287e-03
4.003792970835639252e-03 -4.575142000172909354e-03
1.994944478052447252e-03 5.416583229706267884e-04
