-3.276466263877584619e-04 -3.440249581145391074e-04
-6.552932527755169238e-04 -6.880499162290782149e-04
-9.829398791632748978e-04 -1.032074874343616834e-03
-1.310586505551033848e-03 -1.376099832458156430e-03
-1.638233131938791713e-03 -1.720124790572694941e-03
-1.965879758326550229e-03 -2.064149748687234102e-03
-1.982258090053330875e-03 -2.719443001462751135e-03
-1.998636421780111520e-03 -3.374736254238267300e-03
-2.015014753506892166e-03 -4.030029507013784332e-03
-2.031393085233672811e-03 -4.685322759789301364e-03
-2.047771416960453457e-03 -5.340616012564818396e-03
-2.064149748687234102e-03 -5.995909265340334561e-03
-2.375418043348212407e-03 -6.479190039058582880e-03
-2.686686338009189844e-03 -6.962470812776829464e-03
-2.997954632670168148e-03 -7.445751586495077783e-03
-3.309222927331144717e-03 -7.929032360213323499e-03
-3.620491221992122588e-03 -8.412313133931571818e-03
-3.931759516653100459e-03 -8.895593907649820137e-03
-3.964526179088180384e-03 -1.104987447574193836e-02
-3.997292841523259442e-03 -1.320415504383406005e-02
-4.030059503958338500e-03 -1.535843561192617307e-02
-4.062826166393418426e-03 -1.751271618001829650e-02
-4.095592828828498351e-03 -1.966699674811041645e-02
-4.128359491263577409e-03 -2.182127731620252947e-02
-4.423239455216255132e-03 -2.215711310845367571e-02
-4.718119419168936325e-03 -2.249294890070482889e-02
-5.012999383121614048e-03 -2.282878469295597512e-02
-5.307879347074293507e-03 -2.316462048520712483e-02
-5.602759311026972097e-03 -2.350045627745827106e-02
-5.897639274979651555e-03 -2.383629206970942424e-02
-5.995929263303370962e-03 -2.422127285612243192e-02
-6.094219251627091237e-03 -2.460625364253543959e-02
-6.192509239950811512e-03 -2.499123442894844727e-02
-6.290799228274531786e-03 -2.537621521536145494e-02
-6.389089216598252061e-03 -2.576119600177446609e-02
-6.487379204921973203e-03 -2.614617678818747376e-02
-7.202244571586171630e-03 -2.679432604136774629e-02
-7.939449480958628291e-03 -2.746272995870990136e-02
-8.676654390331087555e-03 -2.813113387605205989e-02
-9.413859299703543349e-03 -2.879953779339421496e-02
-1.015106420907599914e-02 -2.946794171073637003e-02
-1.056420612703681122e-02 -2.956445333474716497e-02
-1.096722107651601150e-02 -2.964309332459135610e-02
-1.137023602599521351e-02 -2.972173331443554722e-02
-1.177325097547441378e-02 -2.980037330427973835e-02
-1.217626592495361405e-02 -2.987901329412392948e-02
-1.304333324309227098e-02 -3.054859381889128006e-02
-1.405084061984571489e-02 -3.133493372344407779e-02
-1.547535279381995026e-02 -3.207958332905598564e-02
-1.697433011015502674e-02 -3.281678823842843623e-02
-1.884862192477000653e-02 -3.503435508754409317e-02
-2.078993418550639447e-02 -3.751627228304246081e-02
-2.047941036046934532e-02 -3.899739323638269639e-02
-1.976677294868705789e-02 -4.029980057505185703e-02
-2.116896012392617196e-02 -4.417571305293099826e-02
-2.742253587100346168e-02 -4.830256178898696684e-02
-3.120420421108061407e-02 -4.891863418825713461e-02
-3.357964225239185030e-02 -4.867289921846632006e-02
-3.595508029370310388e-02 -4.842716424867549857e-02
-3.723439887304884344e-02 -4.802918943228026011e-02
-3.843031705854937224e-02 -4.761963114929557150e-02
-3.962623524404990105e-02 -4.721007286631086902e-02
-4.227535934748798824e-02 -4.611775705731480796e-02
-4.529788147774833906e-02 -4.486451471077053388e-02
-4.794511456168177449e-02 -4.323595786594636864e-02
-5.052533174448534808e-02 -4.154038057500081260e-02
-5.195432709817300598e-02 -4.176452592569725175e-02
-5.296184947339872134e-02 -4.223142836768871422e-02
-5.396937184862445058e-02 -4.269833080968018363e-02
-5.496200074087884135e-02 -4.317416870515563415e-02
-5.547803817805064402e-02 -4.393594111211824443e-02
-5.599407561522245363e-02 -4.469771351908087553e-02
-5.651011305239425631e-02 -4.545948592604349969e-02
-5.701833174051801345e-02 -4.621343958395807139e-02
-5.743793793943044457e-02 -4.703267538020709099e-02
-5.795397537660224724e-02 -4.804018275696052970e-02
-5.842931514099842377e-02 -5.039106117866705425e-02
-5.889621758298989318e-02 -5.302044335359555605e-02
-5.816569835625981510e-02 -5.682040265886422609e-02
-5.470905408141786552e-02 -5.874009681855885817e-02
-4.161856806548140664e-02 -6.963234371365487063e-02
-3.672618639641359733e-02 -8.297801706991074500e-02
-3.650925758337835586e-02 -8.749305838644318156e-02
-3.723554663492734812e-02 -8.950807313995005898e-02
-3.953876203273278683e-02 -9.240105694964517724e-02
-4.197154423305078652e-02 -9.503043912457366516e-02
-4.343230271502843132e-02 -9.575994572717543007e-02
-4.478384504887793910e-02 -9.627598316434723968e-02
-4.638582975181723689e-02 -9.757912254966331911e-02
-4.711409557171243601e-02 -1.046607575881806085e-01
-4.850361949135791051e-02 -1.088203848036497917e-01
-4.971591600858521476e-02 -1.103603279472648580e-01
-5.088353344039602683e-02 -1.117692117131261764e-01
-5.160436001804170197e-02 -1.118675017014498924e-01
-5.232518659568737018e-02 -1.119657916897736222e-01
-5.304154453759273025e-02 -1.121132293992541523e-01
-5.440524139097618200e-02 -1.134104202995652177e-01
-5.642025614448308718e-02 -1.140066329035436532e-01
-5.846672021985998419e-02 -1.154954313576930236e-01
-5.977730672541101131e-02 -1.168223961949708400e-01
-6.093499102758193064e-02 -1.180801925220976711e-01
-6.086945770271177253e-02 -1.187846407680165639e-01
-6.080392437784161441e-02 -1.194890890139354706e-01
-6.060733329121471141e-02 -1.202645255846416517e-01
-5.959871445191566863e-02 -1.213527692427645577e-01
-5.885168254350714445e-02 -1.221587751441673142e-01
-5.810465063509862027e-02 -1.229647810455700707e-01
-5.735761872669007527e-02 -1.237707869469728411e-01
-5.703156308976158051e-02 -1.245557491736720979e-01
-5.707088308468367954e-02 -1.253224470789305878e-01
-5.711020307960577164e-02 -1.260891449841890499e-01
-5.714952307452787067e-02 -1.268558428894475398e-01
-5.718884306944996276e-02 -1.276225407947060297e-01
-5.739655100352882011e-02 -1.282208443372196416e-01
-5.899724214125911387e-02 -1.305036361789753963e-01
-6.069207132658750725e-02 -1.361043863007160015e-01
-5.230656647210421561e-02 -1.383003856496964057e-01
-4.957890430783354341e-02 -1.386689881043826345e-01
-4.685124214356286426e-02 -1.390375905590688632e-01
-4.412357997929210185e-02 -1.394061930137550920e-01
-4.139591781502151291e-02 -1.397747954684413207e-01
-3.986367287717725028e-02 -1.409261093083872263e-01
-3.851213054332775637e-02 -1.421957399856397797e-01
-3.716058820947826247e-02 -1.434653706628923331e-01
-3.580904587562872693e-02 -1.447350013401449143e-01
-3.445750354177923303e-02 -1.460046320173974677e-01
-3.310596120792978075e-02 -1.472742626946499933e-01
-3.255848040787691355e-02 -1.475975206771496240e-01
-3.137962553483707173e-02 -1.480962605832936707e-01
-2.828784227759688352e-02 -1.502497975907602090e-01
-2.501927339112209464e-02 -1.519794068698019918e-01
-2.098924085411387266e-02 -1.514372772418582369e-01
-1.664096679333380152e-02 -1.509711380554560056e-01
-1.323294544461870587e-02 -1.574381908459487889e-01
-8.738727461596979343e-03 -1.627197449956817310e-01
-5.286028845462115155e-03 -1.612602282054089453e-01
2.045203799706544687e-04 -1.579316266458966889e-01
6.864669259550273961e-03 -1.594864482740108169e-01
1.168307543335219377e-02 -1.622863436867677256e-01
1.508612637925444387e-02 -1.647685090388074092e-01
1.800961889955810663e-02 -1.665854645724010319e-01
1.942000372464494293e-02 -1.662379545147282534e-01
2.514638165617903015e-02 -1.611405828165578535e-01
4.121000362065965067e-02 -1.648300579210423833e-01
4.001260316189898802e-02 -1.748967925379905919e-01
4.141652743292727201e-02 -1.721375941920104402e-01
4.526586019393553234e-02 -1.673261527633351231e-01
5.286429531921494479e-02 -1.698937130535333462e-01
5.713112252453896034e-02 -1.594388070660693602e-01
6.334006281811914441e-02 -1.573656945939485574e-01
7.649059423306954486e-02 -1.615312648404330920e-01
8.103448049028576239e-02 -1.669329782660671502e-01
8.572228966347925083e-02 -1.655082076335706032e-01
9.046272014340905887e-02 -1.640219038748101099e-01
9.662496882929259845e-02 -1.618931837334728341e-01
1.025360188594842958e-01 -1.605766160189772973e-01
1.077520645303010893e-01 -1.562219007961029027e-01
1.206012623962273711e-01 -1.651175280336910633e-01
1.255810048638200671e-01 -1.767057828223070060e-01
1.312924849188909227e-01 -1.638352174358757296e-01
1.395387437547523923e-01 -1.650653945560530689e-01
1.427303077575606260e-01 -1.637756647139512189e-01
1.452258687148402505e-01 -1.631779492327506687e-01
1.492559582157431952e-01 -1.651289365686039179e-01
1.545072087854884590e-01 -1.670233472430318056e-01
1.583843738630523190e-01 -1.639434742877769746e-01
1.599287862484065070e-01 -1.606228028296070032e-01
1.711551518379275105e-01 -1.516035833324629878e-01
1.759492307926951160e-01 -1.530675869384424681e-01
1.762366669694066801e-01 -1.507874410089960759e-01
1.798437559201712665e-01 -1.468095140736774273e-01
1.817408769245893729e-01 -1.453683687454474793e-01
1.827483843013427978e-01 -1.451226337756566787e-01
1.841081170130534905e-01 -1.446634320644313854e-01
1.861469793374812276e-01 -1.438368689842259296e-01
1.918480053058750912e-01 -1.430505357456607896e-01
1.948132366050299991e-01 -1.418491514502636941e-01
1.968282646905122890e-01 -1.410081771106955206e-01
1.988432794440191664e-01 -1.398614205843260461e-01
2.008582941975260716e-01 -1.389658651376440013e-01
2.022234951401294112e-01 -1.365740287666429020e-01
2.017975385274549116e-01 -1.334941358134251466e-01
2.004800206067157142e-01 -1.307195741838420855e-01
1.837829261971264116e-01 -1.218607159282910773e-01
1.693297668599146322e-01 -1.108895231351162830e-01
1.679536270315304114e-01 -1.056585711038518088e-01
1.672129618685538055e-01 -1.008496463885247552e-01
1.682912217355304330e-01 -9.741381453921373057e-02
1.721216849034166718e-01 -9.631222250336353430e-02
1.593941382826337128e-01 -9.062508299930238653e-02
1.493234810349360342e-01 -7.756289228306563477e-02
1.458891217629031956e-01 -7.650249847506596090e-02
1.415433425995117900e-01 -7.244268109311138848e-02
1.347610334357293715e-01 -5.504463323314340295e-02
1.113179413152408093e-01 -3.341995589155132007e-02
8.630210939175748941e-02 -2.359055709991854724e-02
7.273755105808231425e-02 -1.046833371064445628e-02
4.162747988500929697e-02 -2.309884718478135389e-03
6.045104254409802182e-03 -1.474649794301514938e-04
