-1.828531099244252946e-04 -3.670739889699410293e-04
-3.657062198488505891e-04 -7.341479779398820587e-04
-5.485593297732756397e-04 -1.101221966909822492e-03
-7.314124396977011782e-04 -1.468295955879764117e-03
-9.142655496221261746e-04 -1.835369944849704442e-03
-1.097118659546551496e-03 -2.202443933819645417e-03
-9.142655496221261746e-04 -2.569526314011188074e-03
-7.314124396977010698e-04 -2.936608694202730296e-03
-5.485593297732756397e-04 -3.303691074394273387e-03
-3.657062198488503181e-04 -3.670773454585816477e-03
-1.828531099244252132e-04 -4.037855834777358266e-03
0.000000000000000000e+00 -4.404938214968900922e-03
2.749635494471834737e-04 -4.773388364281534561e-03
5.499270988943664052e-04 -5.141838513594167333e-03
8.248906483415499331e-04 -5.510288662906801839e-03
1.099854197788732160e-03 -5.878738812219433743e-03
1.374817747235915254e-03 -6.247188961532066515e-03
1.649781296683098348e-03 -6.615639110844701021e-03
1.743267896548548459e-03 -7.256300488919131993e-03
1.836754496413998570e-03 -7.896961866993564699e-03
1.930241096279448247e-03 -8.537623245067994804e-03
2.023727696144898575e-03 -9.178284623142428378e-03
2.117214296010348686e-03 -9.818946001216860217e-03
2.210700895875798364e-03 -1.045960737929129032e-02
2.409847062788786354e-02 -2.608654631196175022e-02
3.770948620906214299e-02 -5.927965583183009840e-02
3.246385608215682228e-02 -6.320901503601233928e-02
3.172969971299534342e-02 -6.359121839753029137e-02
3.099554334383386456e-02 -6.397342175904824346e-02
3.026138697467237182e-02 -6.435562512056619555e-02
2.952723060551089296e-02 -6.473782848208414764e-02
2.869003554446744250e-02 -6.503254106823047609e-02
2.766442687541128057e-02 -6.516727052226868599e-02
2.663881820635512210e-02 -6.530199997630689590e-02
2.561320953729894281e-02 -6.543672943034510581e-02
2.458760086824278435e-02 -6.557145888438330184e-02
2.356199219918660506e-02 -6.570618833842151174e-02
2.248631929829904633e-02 -6.541611347026672629e-02
2.131910037349120032e-02 -6.434925355581619377e-02
2.015188144868337167e-02 -6.328239364136567513e-02
1.898466252387554301e-02 -6.221553372691515649e-02
1.781744359906771435e-02 -6.114867381246463784e-02
1.665022467425986835e-02 -6.008181389801409839e-02
1.576588230562951318e-02 -5.946017440219313749e-02
1.539879992543796705e-02 -5.965265224329480837e-02
1.503171754524642613e-02 -5.984513008439647924e-02
1.466463516505488521e-02 -6.003760792549814318e-02
1.429755278486334602e-02 -6.023008576659981406e-02
1.393047040467179989e-02 -6.042256360770148493e-02
1.366740569221575573e-02 -6.106560470231824078e-02
1.359454471504748484e-02 -6.253253288907692498e-02
1.352168373787921568e-02 -6.399946107583559529e-02
1.344882276071094479e-02 -6.546638926259425173e-02
1.337596178354267390e-02 -6.693331744935293592e-02
1.330310080637440301e-02 -6.840024563611163400e-02
1.334980541345196295e-02 -6.958624038543241574e-02
1.361514423172190125e-02 -7.025852827772395559e-02
1.388048304999183781e-02 -7.093081617001550931e-02
1.414582186826178131e-02 -7.160310406230706304e-02
1.441116068653171788e-02 -7.227539195459860288e-02
1.467649950480165617e-02 -7.294767984689014273e-02
1.491656294648926150e-02 -7.369578793574171893e-02
1.577614095545684311e-02 -7.762794523090893462e-02
1.629418649785329548e-02 -8.182946345180747150e-02
1.587061258302657069e-02 -8.343372313413925656e-02
1.548455932903772779e-02 -8.406724358263055474e-02
1.509850607504887102e-02 -8.470076403112188068e-02
1.471245282106002639e-02 -8.533428447961319274e-02
1.461849463454055476e-02 -8.585488451328877890e-02
1.526520608338986958e-02 -8.608915063796732103e-02
1.591191753223918440e-02 -8.632341676264586317e-02
1.655862898108850095e-02 -8.655768288732440530e-02
1.720534042993781404e-02 -8.679194901200294743e-02
1.779372912531899942e-02 -8.699122262377251280e-02
2.817617967968494286e-02 -9.043459305754406041e-02
3.660931619620584609e-02 -1.035082988857596586e-01
3.660848114251673280e-02 -1.107420541964703603e-01
3.533413479715170197e-02 -1.129445383064419245e-01
3.698958652540210168e-02 -1.148147895423724252e-01
5.152766325202338960e-02 -1.126065663453842264e-01
5.253323902376277194e-02 -1.215330565990396655e-01
5.066585682278170605e-02 -1.237472622284711554e-01
4.803858212170704356e-02 -1.240854704151309745e-01
4.549779599596141116e-02 -1.244545074413968277e-01
4.473090241997806221e-02 -1.261897662983456347e-01
4.187778180368311592e-02 -1.299386767742516935e-01
4.052530606538108648e-02 -1.338395715986036849e-01
3.967026270647101144e-02 -1.367001067491618871e-01
3.561178964021805698e-02 -1.376652398841340108e-01
3.166809322871095428e-02 -1.386268309064724036e-01
2.890807321608777208e-02 -1.400100116502920045e-01
2.939110091934278232e-02 -1.421291734725522726e-01
2.837497992484433462e-02 -1.444026262120811921e-01
2.707589524107950618e-02 -1.460421557244818702e-01
2.494768844477081651e-02 -1.463721069490855342e-01
2.283922848140614026e-02 -1.467003082225660782e-01
1.772141327241957137e-02 -1.481466039210825869e-01
1.033012777862249258e-02 -1.493402033209297874e-01
6.345160372684312960e-03 -1.546401665229468481e-01
5.503772582673694541e-03 -1.561084708700481438e-01
4.662384792663019743e-03 -1.575767752171495506e-01
3.820997002652345813e-03 -1.590450795642509574e-01
3.139921382348401149e-03 -1.602678613443141165e-01
2.908953007759353636e-03 -1.608012913015393897e-01
2.677984633170321302e-03 -1.613347212587646351e-01
2.447016258581273355e-03 -1.618681512159899083e-01
2.216047883992225843e-03 -1.624015811732151815e-01
1.985079509403193509e-03 -1.629350111304404269e-01
2.005409744148028885e-03 -1.634539976762936775e-01
2.731309151253378219e-03 -1.639324315671408794e-01
3.457208558358679847e-03 -1.644108654579880535e-01
4.183107965464029181e-03 -1.648892993488352277e-01
4.909007372569331243e-03 -1.653677332396824018e-01
5.634906779674680143e-03 -1.658461671305296037e-01
6.388970177828922486e-03 -1.663065500627945170e-01
7.222109397004989641e-03 -1.667162514575014909e-01
8.055248616181112306e-03 -1.671259528522084925e-01
8.888387835357235839e-03 -1.675356542469154941e-01
9.721527054533302126e-03 -1.679453556416224680e-01
1.055466627370942392e-02 -1.683550570363294696e-01
1.126540672709157136e-02 -1.686329672607159158e-01
1.163248910728312269e-02 -1.685408484299715515e-01
1.372544845011382762e-02 -1.679851310491326799e-01
2.305168505830331935e-02 -1.653486733002723919e-01
2.810416435118248332e-02 -1.670219764625024694e-01
2.908303391591672213e-02 -1.682455676140310608e-01
3.001668700163059866e-02 -1.691259237286015238e-01
3.087457193331037686e-02 -1.694311292407015557e-01
3.173245686499012730e-02 -1.697363347528015598e-01
3.263658692079490775e-02 -1.697219452486713187e-01
3.534731613489081048e-02 -1.682102009034946166e-01
4.248038085485127818e-02 -1.607406802365125009e-01
5.486628927046084681e-02 -1.630808386107455987e-01
5.650574936457379571e-02 -1.643449845362756623e-01
5.814520945868667523e-02 -1.656091304618056426e-01
5.892679835220968748e-02 -1.657001767418616045e-01
5.947742192249699106e-02 -1.654753885019822901e-01
6.002804549278431545e-02 -1.652506002621029479e-01
6.057866906307164678e-02 -1.650258120222236058e-01
6.145423963853464261e-02 -1.643282158241619328e-01
6.574902628753687139e-02 -1.612646296390044254e-01
7.134179531892095860e-02 -1.564105291654886154e-01
7.072044112463449217e-02 -1.424906093234441229e-01
7.477996016937410451e-02 -1.435032677947743196e-01
7.992841795827512752e-02 -1.414999773002597050e-01
8.429366429653058213e-02 -1.416918343181025608e-01
8.904071350618218694e-02 -1.408868200580809804e-01
9.350498706621510059e-02 -1.375227200708165620e-01
9.922528384926745937e-02 -1.356861941716213382e-01
1.050569228617758560e-01 -1.343326151148184766e-01
1.095639709282032748e-01 -1.358053286674524296e-01
1.226137505865582539e-01 -1.377382389350395031e-01
1.303042304264351858e-01 -1.318610156282972734e-01
1.362561910383517094e-01 -1.307084187885496906e-01
1.417581975655375637e-01 -1.313345793728579458e-01
1.462643522211438118e-01 -1.315003182049063468e-01
1.499891208982220281e-01 -1.294298437760562637e-01
1.525650230149739328e-01 -1.276750791430749377e-01
1.554807309561227202e-01 -1.285849545581226883e-01
1.612671246288940319e-01 -1.270903177947965701e-01
1.701146176338754201e-01 -1.249865963288424725e-01
1.769428689406359612e-01 -1.224767707594541372e-01
1.810077490860010907e-01 -1.204689523109072902e-01
1.834051724620775203e-01 -1.191373742743059155e-01
1.866477418783244469e-01 -1.167040395211271786e-01
1.888739700940757493e-01 -1.134692830950297798e-01
1.939757779035994056e-01 -1.090715353941353882e-01
1.968739639569259681e-01 -1.070136508490412419e-01
1.983670140165309514e-01 -1.063042569748266220e-01
2.002539764974212155e-01 -1.058312010941878656e-01
2.033940392591396529e-01 -1.058829789999419374e-01
2.077682061016563053e-01 -1.049658428896937112e-01
2.132173591210464736e-01 -1.030735880907671792e-01
2.158811366532066289e-01 -1.025530717150281296e-01
2.172050952063141749e-01 -1.033779623633696992e-01
2.187423555611857084e-01 -1.043641678900194825e-01
2.213875035642721423e-01 -1.061294459608294882e-01
2.281564233401604802e-01 -1.069588159958297230e-01
2.380024464573292364e-01 -1.010782672225387369e-01
2.402049071735921359e-01 -9.963470858794098994e-02
2.403383108146172342e-01 -9.821270725591765838e-02
2.404290534850188898e-01 -9.679115040435987138e-02
2.405197961554205455e-01 -9.536959355280208439e-02
2.395086498839348044e-01 -9.491520483459447988e-02
2.372410553189613913e-01 -9.394954508689691564e-02
2.225424987677210864e-01 -8.465053977276125463e-02
1.981664699229555016e-01 -8.560865250660640302e-02
1.843520704553913980e-01 -7.720727447533300147e-02
1.575991192603189983e-01 -5.532517720912363823e-02
1.580871471145308960e-01 -5.169788147073047652e-02
1.567752177590086005e-01 -4.913947733953312469e-02
1.534499078464149624e-01 -3.317786343305623858e-02
1.223890214666496501e-01 -3.299562593366219682e-02
1.045714036014036702e-01 -1.319825037346478679e-02
8.310773282041096499e-02 -1.814759426351415794e-02
6.164406203941838469e-02 -1.814759426351416488e-02
3.863790012114305672e-02 -1.814759426351402610e-02
2.201633341812924208e-02 -6.599125186732450639e-03
4.949343890049298297e-03 -5.526626371365533572e-04
