-5.482871960564643073e-04 -1.952111909817867664e-04
-8.461510120953923521e-04 -4.561834991880318727e-04
-3.283919561445538659e-04 -5.881924788261174396e-03
3.232307819631196700e-04 -7.424018293499628357e-03
1.093732546559002738e-03 -8.906833897196360025e-03
3.364138887036869328e-03 -1.207383032436564613e-02
5.282056459324847505e-03 -1.618642003617030631e-02
5.511691090365799031e-03 -1.892197333430039111e-02
-1.434699810647854269e-02 -3.465880388639167725e-02
-1.448533224982646687e-02 -3.493944669819252363e-02
-1.456617986640386386e-02 -3.510044381104367173e-02
-2.338170650077237706e-02 -4.152302378485989154e-02
-2.738862356116426519e-02 -5.203400589460630693e-02
-3.403840130573462797e-02 -5.501439941141347129e-02
-3.422942791040976124e-02 -5.515159011200716083e-02
-3.471082051612406350e-02 -5.573346571538378980e-02
-3.473026833564262644e-02 -5.576201571973294496e-02
-3.475536266391154872e-02 -5.579911962799018882e-02
-3.478072496300389088e-02 -5.583687334508920935e-02
-3.482183154222721899e-02 -5.589846728705988310e-02
-3.482286473320767017e-02 -5.590002023558623273e-02
-3.482317141687307077e-02 -5.590048123562191273e-02
-3.487374532765295104e-02 -5.597665518822961955e-02
-3.497229902096233439e-02 -5.612478571576277886e-02
-3.509061655442646810e-02 -5.629849895772047474e-02
-3.515664583257316345e-02 -5.639177486695132885e-02
-3.520975780758651974e-02 -5.646419506714867032e-02
-3.525796252707254219e-02 -5.652755376124104364e-02
-3.528199846316998345e-02 -5.655821263469005405e-02
-3.537807206933048926e-02 -5.667380041768636106e-02
-3.542498258712645925e-02 -5.672578740923868434e-02
-3.549015119683690545e-02 -5.679265138755134473e-02
-3.550138880680338976e-02 -5.680351904123399215e-02
-3.550984412400489537e-02 -5.681156344424308918e-02
-3.552373580814167930e-02 -5.682452997423117352e-02
-3.553462755392582800e-02 -5.683447648074312769e-02
-3.970384035009925233e-02 -6.616624240509483279e-02
-3.977315095696450087e-02 -6.827339174517896292e-02
-4.117856274778491227e-02 -7.068982392951518590e-02
-5.512465630536499128e-02 -1.007807292828249851e-01
-5.265479837124156098e-02 -1.040169706778012321e-01
-5.088250402288133772e-02 -1.072296501551639886e-01
-4.844375458336054596e-02 -1.114071023346794587e-01
-4.695024656713579769e-02 -1.172884066492237420e-01
-4.574010853730618026e-02 -1.201763935685654927e-01
-4.410972660138837848e-02 -1.225367684634403875e-01
-3.896442323827121329e-02 -1.247470365468803660e-01
-3.514305666878549117e-02 -1.284708865978809178e-01
-3.572535023254441028e-02 -1.438289227229377076e-01
-3.426533116774412024e-02 -1.451727453516510613e-01
-3.357028769735288798e-02 -1.457744901018526162e-01
-3.257229334587904285e-02 -1.465737882623106281e-01
-2.841708457936473545e-02 -1.478327159331818408e-01
-2.437414392135478156e-02 -1.511848345730268384e-01
-2.267671736818656705e-02 -1.586640844655848315e-01
-2.217922821555019103e-02 -1.614190264771225569e-01
-2.160879266522798201e-02 -1.642679059034041211e-01
-1.967818077339724206e-02 -1.664585909413138498e-01
-1.710584606516461423e-02 -1.685306056684133247e-01
3.088940110655392056e-04 -1.779947597035409224e-01
9.818995849427795963e-04 -1.789322270733292863e-01
2.266922173497989187e-03 -1.800684130650310188e-01
5.594342363169865252e-03 -1.823690678943320487e-01
6.863915748166532146e-03 -1.832643406558215615e-01
8.553153139613616646e-03 -1.848333834097306283e-01
9.049568005521481731e-03 -1.862680577490060108e-01
1.256807073103176006e-02 -1.881913043152776410e-01
1.850973751560810315e-02 -1.900493921738770353e-01
2.649653439439388081e-02 -1.947415179295720333e-01
3.116630378813212143e-02 -1.972828769413597361e-01
3.396282830695368515e-02 -2.006745761232206493e-01
3.626004744543222247e-02 -2.038321241835385211e-01
3.818062521970261997e-02 -2.054684934667652396e-01
4.093388042787479003e-02 -2.076842512009182962e-01
4.470745897948528308e-02 -2.121315718153317376e-01
4.470748695992055738e-02 -2.121315922113119756e-01
4.470750010699529875e-02 -2.121316017946903165e-01
4.470823431601617104e-02 -2.121321369724580852e-01
4.470911307267595725e-02 -2.121327774780301656e-01
4.471015773066306515e-02 -2.121335388549944745e-01
8.806044772482146676e-02 -1.632326489764614474e-01
8.807078788128204494e-02 -1.632429351749313806e-01
8.807535688524709139e-02 -1.632474675441202006e-01
8.808103016313870159e-02 -1.632530844745315179e-01
8.809140211548226185e-02 -1.632633224648320780e-01
1.223580102353654941e-01 -1.218798666587196655e-01
1.230789669819043058e-01 -1.217804616672372581e-01
1.240250927552646598e-01 -1.216778884048042020e-01
1.247836752162946455e-01 -1.216194156753097333e-01
1.254062579964975721e-01 -1.215899205419121026e-01
1.259731666685550699e-01 -1.215818093270173011e-01
1.265219121389740964e-01 -1.215987709404746653e-01
1.274418366971313832e-01 -1.217209385917156217e-01
1.290003052801282357e-01 -1.223598867378257044e-01
1.301614584357841942e-01 -1.225242834299359179e-01
1.308354352296063616e-01 -1.225524344989209202e-01
1.345160193875782340e-01 -1.203537468920086034e-01
1.345160191350612822e-01 -1.203537450756961835e-01
1.345160190393755173e-01 -1.203537443874446861e-01
1.345160183657572728e-01 -1.203537395422310391e-01
1.345160022345070205e-01 -1.203536235172851382e-01
1.345159948421655038e-01 -1.203535703501383142e-01
1.344994106441769754e-01 -1.202383041338937059e-01
1.344994105005301865e-01 -1.202383031681945463e-01
1.344994104737881058e-01 -1.202383029884147442e-01
1.344994104521179124e-01 -1.202383028427318756e-01
1.344994104315071493e-01 -1.202383027041714486e-01
1.344994104022325943e-01 -1.202383025073664180e-01
1.344994103268950525e-01 -1.202383020008926662e-01
1.344994101809453557e-01 -1.202383010197128621e-01
1.344994100099075884e-01 -1.202382998698735828e-01
1.344994095662049027e-01 -1.202382968869876445e-01
1.344994085241195680e-01 -1.202382898813668805e-01
1.344994063268673823e-01 -1.202382751100050939e-01
1.344446711907590353e-01 -1.199033555077012037e-01
1.343951387073925863e-01 -1.196442181776962016e-01
1.342870416097481645e-01 -1.191758619924239149e-01
1.339135879429962928e-01 -1.181480658096939057e-01
1.334196847804879626e-01 -1.174737148051459151e-01
1.331115119840936556e-01 -1.172118877485436861e-01
1.326069435672711516e-01 -1.168782390368347524e-01
1.311534563410572396e-01 -1.145444201081355640e-01
1.305088856896183813e-01 -1.125072322494099497e-01
1.292554717936349740e-01 -1.106629856281022561e-01
1.286184814769871232e-01 -1.098882707282055615e-01
1.274519357165815325e-01 -1.081699230047899057e-01
1.263899484650141125e-01 -1.058584257785580990e-01
1.240728023908558575e-01 -1.044004608964448494e-01
1.210140050367973369e-01 -1.021296998907398473e-01
1.187566012709686813e-01 -9.674410057210913738e-02
1.183002928415350374e-01 -9.573321494525882658e-02
1.174722202802613719e-01 -9.498483061947174400e-02
1.167162240700976433e-01 -9.460310403904903520e-02
1.153872902316034343e-01 -9.418119113256663566e-02
1.083611083469327302e-01 -8.766659999932885361e-02
1.028617787096240271e-01 -8.543034734732975199e-02
1.013661215893466860e-01 -8.403045710228207454e-02
1.013278390950977520e-01 -8.250402457937393297e-02
1.020064220635511221e-01 -8.155353694979096402e-02
1.013412547546771597e-01 -7.658861580156307858e-02
9.923210523434639052e-02 -7.386676136043453245e-02
9.731341947637325851e-02 -7.130278155959653141e-02
9.835827986233341980e-02 -6.918245846947934652e-02
9.579083951440714451e-02 -6.541431782728067412e-02
9.544265616973311717e-02 -6.361659170466542335e-02
9.600290475000969326e-02 -5.989961198130661080e-02
9.815456277732048651e-02 -5.772299798937081255e-02
1.010007881160794457e-01 -5.602820135523475797e-02
1.040183652843789663e-01 -5.247966688327278251e-02
1.033488809605336983e-01 -5.086858500145913231e-02
1.021365636102840313e-01 -4.991467139407710502e-02
1.012131088424453179e-01 -4.872845325523549043e-02
9.973350560999594272e-02 -4.477911174330462957e-02
9.865457365249279131e-02 -4.338532625069863730e-02
9.695258292952509127e-02 -4.073646884245322314e-02
9.615585109003151054e-02 -3.895177614923282794e-02
9.403456997431737519e-02 -3.881078394737881576e-02
8.754496669633778094e-02 -4.056923658946603312e-02
8.154611370774932089e-02 -4.178005436491809277e-02
7.942710172401179491e-02 -3.896017640103871527e-02
7.861565885100868512e-02 -3.832502469010761609e-02
7.705629280452697127e-02 -3.739557992670367731e-02
7.511973527749260526e-02 -3.724776693326545263e-02
7.408839572719796984e-02 -3.698443383247193572e-02
7.388683273818417996e-02 -3.687621853240054953e-02
7.355870315639101431e-02 -3.667795790584058718e-02
7.330612771646714820e-02 -3.651023186915244856e-02
7.223374955611708281e-02 -3.568137787915841991e-02
7.123906476954967870e-02 -3.472966366798604931e-02
7.059005630656972619e-02 -3.383464808474336005e-02
4.536431632341683673e-02 -4.982182999066083612e-02
4.418235852463935076e-02 -4.913925612682439742e-02
4.413248321043222039e-02 -4.911143824671897890e-02
4.408061042342802799e-02 -4.908260322704818823e-02
4.401064862777464420e-02 -4.904387237844160669e-02
4.369218736454385382e-02 -4.886999920870829101e-02
4.343463996744056921e-02 -4.873250425866869351e-02
4.074731471283386808e-02 -4.754761719423584304e-02
3.965984141553369896e-02 -4.728254861456591962e-02
3.653525823245942772e-02 -4.753654789814282938e-02
4.396949333913420521e-02 -2.531219975428801450e-02
4.380528735531543510e-02 -2.519213677806730542e-02
4.345109728242077529e-02 -2.496596866309329366e-02
4.299722989752096519e-02 -2.471924163335299796e-02
4.238634129827741071e-02 -2.443889696363866701e-02
4.045584716718896023e-02 -2.383485934993662125e-02
4.015472775471789352e-02 -2.377795477573916086e-02
3.858291360902726258e-02 -2.371110543585617722e-02
2.913082135495756106e-02 -2.914786342375741066e-02
2.354206929696605818e-02 -2.938490109023703112e-02
2.374340560971183872e-02 -2.527311035175693402e-02
2.257902777709060171e-02 -2.032266196372957759e-02
1.674630512311990962e-02 -1.883992170233917893e-02
1.556257517229523921e-02 -1.756345956035533507e-02
1.459260909493342688e-02 -1.559298561596109134e-02
1.223747989466627412e-02 -1.223600189760144612e-02
1.095937832564618936e-02 -1.121236400994024031e-02
1.012222908038420792e-02 -1.060079333047494327e-02
7.736763260692871604e-03 -5.760246837638871575e-03
