-6.309786858014630653e-04 -6.309786858014630653e-04
-1.261957371602926131e-03 -1.261957371602926131e-03
-1.892936057404388328e-03 -1.892936057404388328e-03
-2.523914743205852261e-03 -2.523914743205852261e-03
-3.154893429007314242e-03 -3.154893429007314242e-03
-3.785872114808777524e-03 -3.785872114808777524e-03
-3.805386100907341088e-03 -4.111118450758790947e-03
-3.824900087005904219e-03 -4.436364786708803937e-03
-3.844414073104467783e-03 -4.761611122658817793e-03
-3.863928059203031347e-03 -5.086857458608830783e-03
-3.883442045301594477e-03 -5.412103794558843772e-03
-3.902956031400158041e-03 -5.737350130508856762e-03
-4.198931388202326552e-03 -6.052839473409588403e-03
-4.494906745004494629e-03 -6.368328816310320044e-03
-4.790882101806662706e-03 -6.683818159211051685e-03
-5.086857458608829916e-03 -6.999307502111782459e-03
-5.382832815410997993e-03 -7.314796845012514100e-03
-5.678808172213166069e-03 -7.630286187913245741e-03
-5.421860787608125121e-03 -7.945775530813976514e-03
-5.164913403003083305e-03 -8.261264873714709023e-03
-4.907966018398042356e-03 -8.576754216615439796e-03
-4.651018633793000540e-03 -8.892243559516170570e-03
-4.394071249187959591e-03 -9.207732902416903079e-03
-4.137123864582918642e-03 -9.523222245317633852e-03
-2.658335602346661650e-03 -1.288844190292542415e-02
-9.839767024224711778e-03 -1.924157111731361267e-02
-1.120942077711490660e-02 -1.925096526977137026e-02
-1.160297599014036007e-02 -1.901353187126489375e-02
-1.199653120316581181e-02 -1.877609847275841376e-02
-1.239008641619126529e-02 -1.853866507425193724e-02
-1.278364162921671876e-02 -1.830123167574545726e-02
-1.316852285667275552e-02 -1.808042277291264238e-02
-1.348401219957348629e-02 -1.799260983546910678e-02
-1.379950154247421880e-02 -1.790479689802557117e-02
-1.411499088537495131e-02 -1.781698396058203557e-02
-1.443048022827568382e-02 -1.772917102313849996e-02
-1.474596957117641285e-02 -1.764135808569496436e-02
-1.508567107926352818e-02 -1.761172757453241533e-02
-1.561906990884170780e-02 -1.804755647361777973e-02
-1.615246873841988742e-02 -1.848338537270314066e-02
-1.668586756799806531e-02 -1.891921427178850160e-02
-1.721926639757624319e-02 -1.935504317087386253e-02
-1.775266522715442108e-02 -1.979087206995922346e-02
-1.825064905042554295e-02 -2.022525622383213387e-02
-1.846531282324020973e-02 -2.064808241600543312e-02
-1.867997659605487304e-02 -2.107090860817872890e-02
-1.889464036886953635e-02 -2.149373480035202469e-02
-1.910930414168419966e-02 -2.191656099252532394e-02
-1.932396791449886644e-02 -2.233938718469862320e-02
-1.960295814075372484e-02 -2.281641999667130896e-02
-2.039655999453019591e-02 -2.372710576703915969e-02
-2.119016184830667393e-02 -2.463779153740701736e-02
-2.198376370208313113e-02 -2.554847730777485421e-02
-2.277736555585960915e-02 -2.645916307814271534e-02
-2.357096740963608369e-02 -2.736984884851057301e-02
-2.433276722299555078e-02 -2.827764402559455881e-02
-2.484015071301914207e-02 -2.916231445640782294e-02
-2.534753420304271948e-02 -3.004698488722106972e-02
-2.585491769306630730e-02 -3.093165531803433385e-02
-2.636230118308988818e-02 -3.181632574884758063e-02
-2.686968467311346906e-02 -3.270099617966083089e-02
-2.736044477032233829e-02 -3.355747863880611387e-02
-2.820970380418506146e-02 -3.505525632732472974e-02
-2.928302266825839884e-02 -3.694819238472913520e-02
-3.103521637933321850e-02 -3.800060615653993307e-02
-3.292815243673760661e-02 -3.887876530816668924e-02
-3.508089118054477651e-02 -4.049770759161756828e-02
-3.666809488809770479e-02 -4.177267759586301976e-02
-3.825529859565066082e-02 -4.304764760010849206e-02
-3.984250230320361685e-02 -4.432261760435395742e-02
-4.142970601075654513e-02 -4.559758760859940890e-02
-4.297748501767336554e-02 -4.694844734175956935e-02
-4.430448570102800410e-02 -4.872428955684209723e-02
-4.563148638438266347e-02 -5.050013177192465286e-02
-4.695848706773730202e-02 -5.227597398700718767e-02
-4.828548775109194752e-02 -5.405181620208971555e-02
-4.961248843444660689e-02 -5.582765841717227118e-02
-5.075961833885102997e-02 -5.743545651154614157e-02
-5.106899132632596733e-02 -5.891039058256401784e-02
-5.148855195317555283e-02 -6.091064363778005142e-02
-5.201575081056823702e-02 -6.208064182362152406e-02
-5.257192919156870176e-02 -6.302710985232372332e-02
-5.318585126151152004e-02 -6.452807430188174653e-02
-5.425640806549754391e-02 -6.733247875846232189e-02
-5.404254165969708812e-02 -7.085204051703837547e-02
-5.299623732537873944e-02 -7.411476046468794265e-02
-5.120087119846716134e-02 -7.700294951604096105e-02
-5.097989917277100796e-02 -8.007465870657930196e-02
-5.146284070190890181e-02 -8.282526149311156272e-02
-5.243857970975894511e-02 -8.437343722846739336e-02
-5.294084212442085741e-02 -8.708342994152200311e-02
-5.413045355366558758e-02 -8.946837423167652847e-02
-5.402754839265676290e-02 -9.237470029961056261e-02
-5.321149453656343759e-02 -9.632614984071702358e-02
-5.464625145636788084e-02 -1.035719771961485791e-01
-5.464950709596112788e-02 -1.070098333493155057e-01
-5.465276273555438186e-02 -1.104476895024825434e-01
-5.465601837514762890e-02 -1.138855456556494700e-01
-5.465927401474088287e-02 -1.173234018088163966e-01
-5.481706956809238168e-02 -1.192158440861949831e-01
-5.513255891099310552e-02 -1.195313334290957208e-01
-5.544804825389383629e-02 -1.198468227719964446e-01
-5.576353759679457400e-02 -1.201623121148971823e-01
-5.607902693969530478e-02 -1.204778014577979062e-01
-5.639451628259602167e-02 -1.207932908006986300e-01
-5.655707217617565036e-02 -1.217205041154132555e-01
-5.656659436053044360e-02 -1.239927880561879497e-01
-5.657959706744250528e-02 -1.270956309546251717e-01
-5.659259977435457389e-02 -1.301984738530623797e-01
-5.600649060377995564e-02 -1.310068672509528687e-01
-5.540802861098911847e-02 -1.317679524117187084e-01
-5.480956661819828130e-02 -1.325290375724845759e-01
-5.301396889090910503e-02 -1.361688296039502144e-01
-4.630800462234743731e-02 -1.368045347421322777e-01
-4.135003728555119301e-02 -1.410191208119597195e-01
-4.013658966575901071e-02 -1.430965455192192426e-01
-3.938595960775197191e-02 -1.467756799379400234e-01
-3.907371597871401453e-02 -1.502590753424906111e-01
-3.747134695812599781e-02 -1.537759625678752906e-01
-3.565648669657679043e-02 -1.572983660931620842e-01
-3.395051320215163038e-02 -1.587515375489609859e-01
-3.226247399878215405e-02 -1.598638943109619015e-01
-2.980371385582113522e-02 -1.618977619051341632e-01
-2.721801144045676857e-02 -1.640834077540170577e-01
-2.493388881025205769e-02 -1.658669472226870500e-01
-2.269943814466191326e-02 -1.675842574052043288e-01
-2.073307544339723224e-02 -1.690837429209227638e-01
-1.881086840684496886e-02 -1.705473514326978635e-01
-1.728240757843475806e-02 -1.727984523607569711e-01
-1.581879906665969310e-02 -1.751792579220863844e-01
-1.671766780373679789e-02 -1.775098001858891328e-01
-1.800565044062479164e-02 -1.798320637889228857e-01
-1.974736829514074296e-02 -1.846942015066349863e-01
-1.319670982574166866e-02 -1.867071552859329853e-01
-8.508422781061661389e-03 -1.850474143401255600e-01
-5.785251705743695190e-03 -1.839847493942000922e-01
-3.137956523473700056e-03 -1.838424285559465132e-01
-1.245020466069302403e-03 -1.842912601619439428e-01
2.970491403709049714e-04 -1.862137736930218335e-01
1.799695550073564850e-03 -1.883018694628728062e-01
2.577746491225237687e-03 -1.931466443709802250e-01
1.808131157695902491e-02 -1.776199830127883905e-01
2.515847470417747686e-02 -1.814874554601073608e-01
3.671871912127768617e-02 -1.912054193340730901e-01
3.512916692574022393e-02 -1.818188196553816305e-01
3.376748303311556676e-02 -1.639302639594179267e-01
4.824052810221166748e-02 -1.689128290609902272e-01
5.086436697870933693e-02 -1.699471046131011687e-01
5.182060192619128425e-02 -1.713717050041400347e-01
5.261007377375423455e-02 -1.727927537883499065e-01
4.956754593000969183e-02 -1.783686465730444093e-01
6.473406027925064643e-02 -1.988892948415585948e-01
7.411950135449475729e-02 -2.066950386682404883e-01
7.581727769945262319e-02 -2.065974687377476748e-01
7.676338248652364582e-02 -2.060471832328476249e-01
7.731630522793085658e-02 -2.052600926582576479e-01
7.786922796933805346e-02 -2.044730020836676709e-01
7.809755726728820346e-02 -2.030367246221636002e-01
7.839618760660049812e-02 -1.987030466303933429e-01
8.178999156327559916e-02 -1.930242384581800918e-01
8.435157054346847927e-02 -1.735622791285895694e-01
8.738287539385146407e-02 -1.704030349210609030e-01
8.859278223488424586e-02 -1.700517831712867467e-01
8.974414711762138119e-02 -1.699628949463759531e-01
9.085313995933305686e-02 -1.709346985524856088e-01
9.274607601673745538e-02 -1.716413654447953019e-01
9.716022381034365718e-02 -1.680965010943201443e-01
9.933286695231448304e-02 -1.660409418689406946e-01
1.006366144564616594e-01 -1.651439203203296513e-01
1.016774067017939126e-01 -1.645975088581089207e-01
1.027181989471261103e-01 -1.640510973958882179e-01
1.034443868437276287e-01 -1.635596091109987327e-01
1.044896444646512407e-01 -1.627729610836237684e-01
1.108971757053912044e-01 -1.598595654893593399e-01
1.093324408438189344e-01 -1.550617080052718866e-01
1.101603382018178090e-01 -1.456074659773447244e-01
1.126073544009576627e-01 -1.338536728239310136e-01
1.209437335934917257e-01 -1.313397848731752693e-01
1.333340433887484633e-01 -1.318327941008040904e-01
1.374013977899788130e-01 -1.291673486676457316e-01
1.346858875739029848e-01 -1.268602636119543214e-01
1.185544388255956177e-01 -1.190567168808024934e-01
1.142201827352203880e-01 -1.102289466554854519e-01
1.180060548500292544e-01 -1.092827688792044200e-01
1.190370043800945132e-01 -1.057247825125316593e-01
1.081477507722076736e-01 -1.003197614786105613e-01
9.885537875985896117e-02 -9.055074506115638744e-02
1.010995731841912576e-01 -8.612958649352324414e-02
1.002980963160180344e-01 -8.282310550414220818e-02
9.958609178695462805e-02 -7.325572759411209944e-02
1.179004240232782857e-01 -6.634276191587668015e-02
9.561848014885042379e-02 -6.002783653727732788e-02
8.565077587293815076e-02 -4.495653400559415647e-02
7.243808742582230620e-02 -4.098379828433097033e-02
6.683812203772755700e-02 -2.536921420410116410e-02
4.293251634540168338e-02 -1.840242339499977356e-02
3.360445381253057001e-02 -5.854434047100260698e-03
1.869513318647836667e-02 -1.252851506472267215e-02
1.892936057404394183e-03 -1.892936057404383558e-03
