-1.088251425477429826e-02 -2.434574472610328416e-02
-2.624241339398097200e-02 -3.283409256050807967e-02
-2.707579260051343542e-02 -3.247647344915054884e-02
-2.775205933368322248e-02 -3.218627433419648382e-02
-2.842832606685300953e-02 -3.189607521924242572e-02
-2.910459280002278964e-02 -3.160587610428836763e-02
-2.978085953319258017e-02 -3.131567698933430260e-02
-3.039091137943139564e-02 -3.115610365814768315e-02
-3.078216620798526412e-02 -3.142816335158390983e-02
-3.117342103653913260e-02 -3.170022304502013305e-02
-3.156467586509299761e-02 -3.197228273845635627e-02
-3.195593069364686956e-02 -3.224434243189257948e-02
-3.234718552220073456e-02 -3.251640212532880270e-02
-3.266891324983138556e-02 -3.280381410513951573e-02
-3.357913871235213010e-02 -4.225454960072780319e-02
-3.095863279698412088e-02 -5.332903089352600962e-02
-3.329754165731118459e-02 -5.269786910440192595e-02
-3.433526838892185518e-02 -5.259293089038134111e-02
-3.537299512053250494e-02 -5.248799267636076321e-02
-3.641072185214317553e-02 -5.238305446234017837e-02
-3.744844858375382529e-02 -5.227811624831960047e-02
-3.850522671593566842e-02 -5.214731929875155575e-02
-3.957922438324917858e-02 -5.199315003051560580e-02
-4.065322205056267485e-02 -5.183898076227965585e-02
-4.172721971787616418e-02 -5.168481149404370589e-02
-4.280121738518968127e-02 -5.153064222580775594e-02
-4.387521505250317061e-02 -5.137647295757181293e-02
-4.472261443938002623e-02 -5.116718462742606000e-02
-4.536520384201604000e-02 -5.090807714516953214e-02
-4.600779324465206072e-02 -5.064896966291299735e-02
-4.665038264728807449e-02 -5.038986218065646949e-02
-4.729297204992409520e-02 -5.013075469839993470e-02
-4.793556145256010897e-02 -4.987164721614339991e-02
-4.850874012784802541e-02 -4.979218858505456841e-02
-4.901918218418670897e-02 -4.987510487713654045e-02
-4.952962424052538559e-02 -4.995802116921850555e-02
-5.004006629686406915e-02 -5.004093746130047760e-02
-5.055050835320274577e-02 -5.012385375338244964e-02
-5.106095040954142933e-02 -5.020677004546441474e-02
-5.121822094968871142e-02 -5.033867921331219158e-02
-3.226877145776625710e-02 -5.680107460623603360e-02
-3.766481445601697897e-02 -7.168892322770283043e-02
-4.306347406258684285e-02 -7.254067294156477108e-02
-4.374130644765747422e-02 -7.222974396285694598e-02
-4.441913883272809865e-02 -7.191881498414910701e-02
-4.509697121779870921e-02 -7.160788600544128191e-02
-4.605001386524541079e-02 -7.164152207407462059e-02
-4.712271314850780685e-02 -7.182496903285631729e-02
-4.819541243177020290e-02 -7.200841599163801399e-02
-4.926811171503259895e-02 -7.219186295041971069e-02
-5.034081099829500194e-02 -7.237530990920140739e-02
-5.114263179987667274e-02 -7.251975100150802322e-02
-5.182667934855367947e-02 -7.264723302143416550e-02
-5.251072689723067927e-02 -7.277471504136029390e-02
-5.319477444590769294e-02 -7.290219706128643617e-02
-5.387882199458469967e-02 -7.302967908121257845e-02
-5.439166831141353103e-02 -7.285160192027262394e-02
-5.483007931004750535e-02 -7.254067294156478496e-02
-5.526849030868147966e-02 -7.222974396285694598e-02
-5.570690130731546091e-02 -7.191881498414910701e-02
-5.614531230594943523e-02 -7.160788600544128191e-02
-5.656096657577013020e-02 -7.162310373936232877e-02
-5.703640258211979674e-02 -7.180708753415851464e-02
-5.754360263199714137e-02 -7.200336334972771979e-02
-5.805080268187448600e-02 -7.219963916529691106e-02
-5.855800273175181675e-02 -7.239398942551332483e-02
-5.906520278162915444e-02 -7.258637483332891494e-02
-5.957240283150649907e-02 -7.277876024114450504e-02
-6.007960288138384369e-02 -7.297114564896010902e-02
-6.058680293126118832e-02 -7.326067767256247421e-02
-6.102842560095235458e-02 -7.359908774787327079e-02
-6.143418564085422612e-02 -7.391001672658110977e-02
-6.183994568075609766e-02 -7.422094570528894875e-02
-6.224570572065796920e-02 -7.453187468399678772e-02
-6.274380519721674265e-02 -7.480762705394258805e-02
-6.328015958324761936e-02 -7.506880625740124102e-02
-6.381651396927852382e-02 -7.532998546085989400e-02
-6.435286835530942828e-02 -7.559116466431856085e-02
-6.488922274134031887e-02 -7.585234386777719995e-02
-6.514197033183802277e-02 -7.634326799090757065e-02
-6.529737506092503363e-02 -7.701669575197434003e-02
-6.546644174421747953e-02 -7.774932595357443577e-02
-6.563550842750992542e-02 -7.848195615517454538e-02
-6.491136279403915410e-02 -7.891684508399521292e-02
-6.323817907400741678e-02 -7.903538391048775535e-02
-6.156499535397567946e-02 -7.915392273698029779e-02
-5.989181163394394908e-02 -7.927246156347284023e-02
-5.878395332974464815e-02 -7.951631580069541683e-02
-5.743141986340507404e-02 -8.052165409702401189e-02
-5.461868381148435314e-02 -8.240936878874151328e-02
-5.350239844703090497e-02 -8.517616036151141878e-02
-5.312928303999487484e-02 -8.701841076483561588e-02
-5.268126218788467263e-02 -8.848754863651750457e-02
-5.203349348224334259e-02 -8.896171975715333469e-02
-5.138572477660201254e-02 -8.943589087778917868e-02
-5.073018388163474252e-02 -8.967474408641938621e-02
-4.793387112039107500e-02 -8.937103924698734658e-02
-4.446102852744882039e-02 -9.472900053031654832e-02
-4.459291277521733321e-02 -1.002726547424912379e-01
-4.539613964434630750e-02 -1.021744948060413910e-01
-4.700674129784324085e-02 -1.035503755112256036e-01
-5.030778390611058415e-02 -1.038250288098309104e-01
-5.360882651437792051e-02 -1.040996821084362034e-01
-5.562426907218789157e-02 -1.044396643532070346e-01
-5.430585966075115317e-02 -1.053691147782610110e-01
-5.146438979901386823e-02 -1.073411690819703612e-01
-4.998230259154600591e-02 -1.097633432752327109e-01
-4.857087531026968441e-02 -1.126156404321630861e-01
-4.769520073888058181e-02 -1.155637083289673267e-01
-4.723480634858434613e-02 -1.176432937330178508e-01
-4.692777252202982169e-02 -1.193650601059726563e-01
-4.653499732902677960e-02 -1.210851774406076775e-01
-4.481323095607193940e-02 -1.227797346812857654e-01
-4.313433526634136844e-02 -1.243960884002500433e-01
-4.211993516658668613e-02 -1.248002875326507805e-01
-4.110553362913514641e-02 -1.252026032821405011e-01
-3.577732548270941282e-02 -1.282801055912320687e-01
-4.865755693047719987e-02 -1.479004382804903761e-01
-5.722648336183890766e-02 -1.520833770933889550e-01
-5.616625954947123550e-02 -1.535930249500203626e-01
-5.491478179673151688e-02 -1.540671802559905046e-01
-5.365976730967028652e-02 -1.548340111097881999e-01
-5.254805541873189267e-02 -1.569320104555883277e-01
-5.169817528589093492e-02 -1.585358864033429294e-01
-5.086494863497170726e-02 -1.601480848588397454e-01
-5.004617594949396786e-02 -1.617675066229430358e-01
-4.922740326401622846e-02 -1.633869283870463540e-01
-4.787179919663209215e-02 -1.642822665782608382e-01
-4.605026600532911851e-02 -1.645491548760245892e-01
-4.422873281402619344e-02 -1.648160431737883402e-01
-4.302032207000666686e-02 -1.651911240722015728e-01
-4.234405533683688327e-02 -1.656601079824992773e-01
-4.166778860366710663e-02 -1.661290918927969540e-01
-4.099152187049730223e-02 -1.665425867738547505e-01
-3.987807260275310489e-02 -1.671440972629375521e-01
-3.784923789851867698e-02 -1.677878821105281693e-01
-3.582042475973740148e-02 -1.690365434150826740e-01
-3.449262255510424785e-02 -1.680542974060188488e-01
-3.548687189540786213e-02 -1.616392522403049814e-01
-2.698864277035602569e-02 -1.491413259580217365e-01
-1.702549397626450592e-02 -1.473369933721749570e-01
-1.499665783433315122e-02 -1.484803807604877512e-01
-1.296784613324875567e-02 -1.491215432489716997e-01
-7.217315966418592910e-03 -1.557942596377603905e-01
-1.157809644550878390e-02 -1.624764073180730573e-01
-1.094829176236545611e-03 -1.701318398428046663e-01
-2.746532986053519532e-04 -1.783644099009240591e-01
1.934236406165070312e-03 -1.770934880167490399e-01
3.516090431980983463e-03 -1.762423189886564157e-01
4.908793149109871856e-03 -1.754157654876714323e-01
6.686850386802685627e-03 -1.741720498603794853e-01
1.093716255082840226e-02 -1.786126972764718879e-01
1.430618330137636320e-02 -1.753176877235394782e-01
1.822468269352804301e-02 -1.676219704530358678e-01
4.626057118652830008e-02 -1.650750214230698731e-01
5.126936765512293132e-02 -1.655555557900905972e-01
5.849817311991676455e-02 -1.661547959002114550e-01
6.169960691272304704e-02 -1.662056722547347321e-01
6.345947555966467701e-02 -1.655838142973190819e-01
6.521934420660641107e-02 -1.649619563399033761e-01
6.807593863950711643e-02 -1.645594380189234762e-01
7.134380524214219144e-02 -1.642391720616069861e-01
7.405341127140656343e-02 -1.639231501854762352e-01
7.486493135121029263e-02 -1.636215581853770751e-01
7.567645143101406346e-02 -1.633199661852778872e-01
7.688369930190049051e-02 -1.641987670285296186e-01
7.911572217245020633e-02 -1.663744847052958387e-01
8.339160042083654245e-02 -1.709214272816461100e-01
8.972762113991898658e-02 -1.745075951329666530e-01
9.115660270008353605e-02 -1.748828692418659958e-01
9.217100279983819755e-02 -1.753920144956201133e-01
9.318540289959285905e-02 -1.760047985250326741e-01
9.527207950388108526e-02 -1.760617984139481451e-01
8.740638141448639487e-02 -1.624734217008883541e-01
8.821289677560910369e-02 -1.453013497355232497e-01
8.790385808075727725e-02 -1.432138886279715195e-01
8.717600390818802669e-02 -1.410755560540658815e-01
8.781339819315307771e-02 -1.382927442249772543e-01
8.828827522295633334e-02 -1.351848547546586066e-01
8.804472362092666260e-02 -1.322842495449090550e-01
8.391196761757629963e-02 -1.305901710572915098e-01
7.484062794809490105e-02 -1.241539184249208089e-01
8.241390520162590605e-02 -1.183865418052990337e-01
8.643823489871133026e-02 -1.155185991517030109e-01
9.159262165865088290e-02 -1.161775243851226047e-01
9.143825758248777524e-02 -1.098553069937719395e-01
8.194704285268880617e-02 -9.039740386016623108e-02
7.399330979109189355e-02 -8.873135519012695371e-02
6.557304457160748057e-02 -8.573694600983343406e-02
7.387615714400647127e-02 -7.691725265503998599e-02
7.780856481576201022e-02 -6.571060436742039157e-02
7.552747900568534956e-02 -6.245997891329345408e-02
6.315744880002989448e-02 -6.160280390649024856e-02
5.441257127387149478e-02 -4.882362098383824511e-02
4.832927418367190947e-02 -4.168435230940593234e-02
2.575448543114548447e-02 -3.314300042494396081e-02
5.480113760926228275e-03 -1.014404844154377996e-02
3.109289787078388899e-03 -4.531803148985911328e-03
1.554644893539188378e-03 -4.741553059701788565e-04
