-1.680730453067698230e-03 -3.235250049352693651e-03
-2.725744463305652520e-03 -4.219905548158239643e-03
-3.689201995202366722e-03 -5.555100177030378519e-03
-3.937447268154358263e-03 -5.985038926258624305e-03
-1.379719231624805531e-02 -1.039292508320285337e-02
-1.483114878039903418e-02 -1.238608508761318387e-02
-2.255142657581371557e-02 -1.959706159285050028e-02
-2.219487832332240132e-02 -2.073701956866077362e-02
-2.215644874884322227e-02 -2.153469803977996547e-02
-2.218271377220040405e-02 -2.198010744925349078e-02
-2.228503767081503259e-02 -2.276522527547443497e-02
-2.278572950018976917e-02 -2.481645719020903612e-02
-2.401302669751441063e-02 -2.774215874776869012e-02
-2.457092699989189832e-02 -2.851936170272559648e-02
-2.514656377491532660e-02 -2.918596288562513852e-02
-2.247939482148408885e-02 -3.233000013083995455e-02
-1.800506626467490365e-02 -3.865206964759346914e-02
-1.610530433311401638e-02 -3.999353444930536794e-02
-1.008997411826232857e-02 -4.221001137177774615e-02
-8.643264901887378476e-03 -4.272247723433938993e-02
-7.976363687614174136e-03 -4.303800637034367604e-02
-3.391051333996796327e-03 -5.352986673727599953e-02
5.135618322776118981e-03 -6.205254293782127423e-02
5.368078516330235597e-03 -6.339114061514890264e-02
9.308542941453244735e-03 -7.127278848586800220e-02
9.429525429227895647e-03 -7.233062913724415399e-02
9.896295204347236446e-03 -7.365608440926429967e-02
1.098889200057954520e-02 -7.570924668716680350e-02
1.430262533017607335e-02 -8.123015948921898099e-02
1.467057518051689997e-02 -8.400542460185479732e-02
1.525866912577997052e-02 -8.641068615025492006e-02
1.672678090260310349e-02 -9.181447644136192521e-02
1.915794466870645446e-02 -9.639978500406234940e-02
2.061456755869562132e-02 -9.895313279361776793e-02
2.192116575603864082e-02 -1.020901074753432641e-01
2.181553814039073960e-02 -1.065570393322847337e-01
2.325356708624449695e-02 -1.094101843987291683e-01
2.350394511667573683e-02 -1.128564490961698474e-01
2.691373658796769597e-02 -1.161592783099952009e-01
2.756621586166733279e-02 -1.209089951203468211e-01
2.892247371247375076e-02 -1.265053620105639209e-01
2.969108986333702030e-02 -1.279936627416410067e-01
2.969653727639664717e-02 -1.311477756850916720e-01
3.081702847502779466e-02 -1.379262866107103525e-01
3.109950872582711162e-02 -1.400422516258576500e-01
3.185668140791609454e-02 -1.409646981504771857e-01
3.419777022367709307e-02 -1.423915034213938113e-01
3.679547016109688262e-02 -1.522411155979245811e-01
3.657483929282256963e-02 -1.654170214234849667e-01
3.888453957529815208e-02 -1.652588408741181014e-01
4.012154033885686338e-02 -1.656834828580864283e-01
4.019022215565373757e-02 -1.674961804102387541e-01
4.330657774033989244e-02 -1.693164619809510718e-01
4.638858150591877727e-02 -1.726491970876583015e-01
4.715098819883568187e-02 -1.838494754321639280e-01
4.743243085647081553e-02 -1.890168328724365077e-01
4.751303830433682707e-02 -1.937120768249351865e-01
4.807950225533214050e-02 -1.977207481419650525e-01
4.822387913380467295e-02 -1.981567343952226889e-01
5.109642551361321533e-02 -2.064843542901436124e-01
5.197696601534403105e-02 -2.076989381534343204e-01
5.332254998799861728e-02 -2.084050517256826884e-01
5.863523564518492714e-02 -2.201527465011033913e-01
6.017572404722384971e-02 -2.231332804582956686e-01
6.357575437323972900e-02 -2.280113300735606141e-01
6.486285066771252383e-02 -2.330618507826083541e-01
6.425352891932337163e-02 -2.393109680945282869e-01
6.675722989192636736e-02 -2.444633834397532679e-01
6.927609913273070907e-02 -2.491089439203787170e-01
7.079718506016399737e-02 -2.502180044527540503e-01
7.209756232843581025e-02 -2.545230884153373840e-01
7.466604307941443475e-02 -2.584992387850298945e-01
7.678640874959412332e-02 -2.604897335276085135e-01
7.955760360027223921e-02 -2.631118677070705680e-01
8.150844031950196800e-02 -2.651095081500934314e-01
8.446532653373754751e-02 -2.668949892402281421e-01
8.455978855283667606e-02 -2.669331640575573483e-01
8.473184343112959149e-02 -2.670013803559966870e-01
9.504351027037249988e-02 -2.725840249588890596e-01
1.009672627545485230e-01 -2.739547204585887630e-01
1.119264164642215648e-01 -2.797242565126287217e-01
1.193480657080407820e-01 -2.850084781448878890e-01
1.205134535587873423e-01 -2.863596835364774496e-01
1.224244697593642045e-01 -2.878173950170696549e-01
1.252144990258133028e-01 -2.894735610259533964e-01
1.271057913641541193e-01 -2.919870895769118291e-01
1.292120808528149090e-01 -2.944984840604444876e-01
1.329411131212047681e-01 -2.968995033401701789e-01
1.367004058683191914e-01 -3.016334070084077945e-01
1.391504527968624727e-01 -3.034876422414864439e-01
1.411882647820803527e-01 -3.052757537758470363e-01
1.434719583410088706e-01 -3.078526415809715311e-01
1.465975667505111102e-01 -3.093442769096456102e-01
1.537089266391598874e-01 -3.187504568243067493e-01
1.591958130976111607e-01 -3.207631932443650302e-01
1.613261411837980108e-01 -3.231104011131606946e-01
1.624549044041915247e-01 -3.237181973154033554e-01
1.692872401303534280e-01 -3.230957422625606035e-01
1.696332413691113428e-01 -3.232290066863123812e-01
1.707842585639259281e-01 -3.236868302747525905e-01
1.724254012600053287e-01 -3.242865518054218188e-01
1.729798230186301300e-01 -3.244335464081599674e-01
1.738860293416379932e-01 -3.245623617211828016e-01
1.820345741780118043e-01 -3.034242862769533366e-01
1.820346214271790497e-01 -3.034240114565901481e-01
1.820346628036315362e-01 -3.034237708198582739e-01
1.820346860427065894e-01 -3.034236356767432419e-01
1.820347158335215154e-01 -3.034234624440251826e-01
1.820347593404345321e-01 -3.034232094747707498e-01
1.820347946742927603e-01 -3.034230040467849610e-01
1.820348293285837804e-01 -3.034228025865895462e-01
1.820348926768376452e-01 -3.034224343592238360e-01
1.820351893402311627e-01 -3.034207106698896261e-01
1.820447169153055766e-01 -3.033659715260717538e-01
1.791252237905840983e-01 -2.968228660446028400e-01
1.780242081589277492e-01 -2.919084015252803033e-01
1.771438546084665167e-01 -2.880902151473205830e-01
1.752339102227044310e-01 -2.767629518826548729e-01
1.708924533995586914e-01 -2.696283973632908060e-01
1.706003752591868095e-01 -2.661541315186463641e-01
1.679075503807705427e-01 -2.653910725616052124e-01
1.633727617117233522e-01 -2.596790375976017473e-01
1.615797286782337805e-01 -2.552483856534320528e-01
1.601864489132564517e-01 -2.510872150478699050e-01
1.592194698084834215e-01 -2.497478885734254750e-01
1.588752781980599105e-01 -2.433328363278015882e-01
1.573312727239066511e-01 -2.428953390780150545e-01
1.558008682895330732e-01 -2.397277832688559096e-01
1.536732741681854642e-01 -2.352759609027698373e-01
1.515338691933786619e-01 -2.261199592563534477e-01
1.515974045073942289e-01 -2.237587228500662051e-01
1.513529700305577541e-01 -2.227846058538450469e-01
1.508911462169162665e-01 -2.217550352560578586e-01
1.504194728486335786e-01 -2.207995528041735989e-01
1.495655325445646167e-01 -2.173038306455582769e-01
1.480722027866809287e-01 -2.068929971775489152e-01
1.471057171832999277e-01 -2.041724369240603132e-01
1.465308897985579117e-01 -2.005820270675006400e-01
1.465228462948842680e-01 -1.991682459071349165e-01
1.458112361147750613e-01 -1.929296286549669337e-01
1.416425530864570126e-01 -1.894509840105098875e-01
1.395018877739476193e-01 -1.842697241688290577e-01
1.390607386672046697e-01 -1.814924396357237846e-01
1.346024392402590808e-01 -1.761345134743142193e-01
1.344604374602144103e-01 -1.736246728489310998e-01
1.309939449579569370e-01 -1.712390244507523140e-01
1.309679059556791147e-01 -1.712009105494638195e-01
1.309482282896369532e-01 -1.711721897993207786e-01
1.307613156274913258e-01 -1.709048413871328831e-01
1.291635246822987748e-01 -1.694875087500687660e-01
1.251213527601385822e-01 -1.667631369464039892e-01
1.228722040034803814e-01 -1.646266408423712746e-01
1.212955131224266597e-01 -1.595624863766750556e-01
1.176689467541479489e-01 -1.586232920402627644e-01
1.144364411573936674e-01 -1.578072090293178298e-01
1.173694177215806600e-01 -1.460364105566826221e-01
1.148336255861310690e-01 -1.455933926334083972e-01
1.117326208808197552e-01 -1.443303494071159487e-01
1.101060607827989285e-01 -1.432305591063312566e-01
1.090757889327265695e-01 -1.423737342747702361e-01
1.076151992264995222e-01 -1.409803084034455534e-01
1.059902515266560319e-01 -1.392099270393254706e-01
1.050086162250957328e-01 -1.380317860468347757e-01
1.028497830083984071e-01 -1.351071018354212117e-01
1.015806952531205232e-01 -1.329939817839372318e-01
1.014692563791638746e-01 -1.298730426626443779e-01
1.000921791042317932e-01 -1.284884281279391194e-01
9.662173449245357870e-02 -1.238568085184279521e-01
9.248252420992410239e-02 -1.092743710640542154e-01
9.197516920982827526e-02 -9.662548509446131084e-02
9.005258911400322586e-02 -9.374059252208906401e-02
8.919366109123645636e-02 -9.235726607324128146e-02
8.864405663228368260e-02 -8.960765135090943689e-02
8.831156251166434601e-02 -8.724077608945654538e-02
8.806177207539353513e-02 -8.681797949621657129e-02
8.709017533241804332e-02 -8.476706871408201671e-02
8.709225470144396630e-02 -8.220977399795934004e-02
8.294802168432832690e-02 -7.180736380012639475e-02
8.232924733400456829e-02 -7.098141017482541282e-02
7.824449388426019114e-02 -6.622433351626696996e-02
7.692217675666657151e-02 -6.555992371709072619e-02
7.401865132940278758e-02 -6.472885178579122767e-02
7.108361114773363576e-02 -6.361717754684412252e-02
6.669923580214599801e-02 -6.046162562272273944e-02
6.267752683589855600e-02 -5.752670682324692586e-02
5.028990000480890871e-02 -5.130025256305194986e-02
4.933961816602185080e-02 -5.061051983211880406e-02
4.726123657527276506e-02 -4.871828737451092822e-02
4.328102151910515061e-02 -4.691790900842262441e-02
4.045348593348029043e-02 -4.287725688947366387e-02
3.768864774923436078e-02 -3.877492244485756384e-02
2.991455292825555626e-02 -2.976528295938743116e-02
2.373539044200196485e-02 -2.368334175041064346e-02
1.880000287797522693e-02 -2.108250445714370674e-02
1.582695185404069116e-02 -1.853140862807748160e-02
8.554035757689381486e-03 -1.273663235803204966e-02
5.327583246141719305e-03 -9.464231966439431987e-03
3.234876101058452216e-03 -8.329419116660626704e-03
-5.138602954379809266e-04 -4.858445230399090729e-03
