-1.171498528252322775e-05 -6.810726796813394365e-04
-2.342997056504645550e-05 -1.362145359362678873e-03
-3.514495584756966801e-05 -2.043218039044017442e-03
-4.685994113009291101e-05 -2.724290718725357746e-03
-5.857492641261612012e-05 -3.405363398406696315e-03
-7.028991169513934957e-05 -4.086436078088035752e-03
-4.166837441770708181e-04 -4.409399940004920734e-03
-7.630775766590019342e-04 -4.732363801921805717e-03
-1.109471409140933484e-03 -5.055327663838690699e-03
-1.455865241622864925e-03 -5.378291525755575682e-03
-1.802259074104795933e-03 -5.701255387672459797e-03
-2.148652906586727158e-03 -6.024219249589344780e-03
-2.495046739068659033e-03 -6.059364205436914251e-03
-2.841440571550590041e-03 -6.094509161284484590e-03
-3.187834404032521482e-03 -6.129654117132054061e-03
-3.534228236514452056e-03 -6.164799072979623533e-03
-3.880622068996383064e-03 -6.199944028827193872e-03
-4.227015901478314505e-03 -6.235088984674763343e-03
-4.479689851700060545e-03 -6.581482817156694351e-03
-4.732363801921806584e-03 -6.927876649638627093e-03
-4.985037752143550889e-03 -7.274270482120557234e-03
-5.237711702365296929e-03 -7.620664314602489109e-03
-5.490385652587042968e-03 -7.967058147084420117e-03
-5.743059602808788140e-03 -8.313451979566351124e-03
-6.942668400890140458e-03 -3.000050039247592615e-02
-1.096328378573118746e-02 -4.061197745365881240e-02
-1.210681111401750928e-02 -4.207692618575911703e-02
-1.267074415446148294e-02 -4.251200460168320233e-02
-1.323467719490545660e-02 -4.294708301760728764e-02
-1.379861023534943026e-02 -4.338216143353136600e-02
-1.436254327579340392e-02 -4.381723984945545131e-02
-1.488912109870854303e-02 -4.420174604614652419e-02
-1.523551493119047577e-02 -4.434231565594893426e-02
-1.558190876367240331e-02 -4.448288526575135127e-02
-1.592830259615433952e-02 -4.462345487555376133e-02
-1.627469642863626706e-02 -4.476402448535617140e-02
-1.662109026111819807e-02 -4.490459409515858841e-02
-1.694133421363605216e-02 -4.523739952274120901e-02
-2.129449504382310843e-02 -6.960893650879679262e-02
-3.027727748155396512e-02 -8.860592272144462989e-02
-3.354271565470177269e-02 -9.203451683260213678e-02
-3.492829098462949672e-02 -9.212689260669912339e-02
-3.631386631455722075e-02 -9.221926838079612387e-02
-3.769944164448496560e-02 -9.231164415489312436e-02
-3.894444891212358456e-02 -9.260989552911162714e-02
-3.993241743729071536e-02 -9.328460514355232935e-02
-4.092038596245784615e-02 -9.395931475799301769e-02
-4.190835448762497001e-02 -9.463402437243371990e-02
-4.289632301279211468e-02 -9.530873398687443598e-02
-4.382891965460198463e-02 -9.579034612812220573e-02
-4.507453788049661791e-02 -9.598290919338434146e-02
-4.646011321042434888e-02 -9.619710855811414163e-02
-4.777800876777829608e-02 -9.645518776600330024e-02
-4.855446614454200088e-02 -9.706430571916731254e-02
-4.933092352130572650e-02 -9.767342367233132483e-02
-5.009808426342500509e-02 -9.822155515750319310e-02
-5.128771964770639097e-02 -9.832499713740135150e-02
-5.267329497763410806e-02 -9.893891630220290334e-02
-5.405887030756183209e-02 -1.002508720907911155e-01
-5.544444563748956306e-02 -1.004063513723595369e-01
-5.685773507383819897e-02 -1.009798977718393415e-01
-5.831022983146522815e-02 -1.022985128197163029e-01
-5.977852717603988897e-02 -1.025220785603571660e-01
-6.081770867348568893e-02 -1.026074284073610066e-01
-6.185689017093148195e-02 -1.026927782543648471e-01
-6.286077521097634124e-02 -1.030398828597114541e-01
-6.377946190557072514e-02 -1.040188092955406512e-01
-6.469814860016512292e-02 -1.049977357313698484e-01
-6.561683529475950682e-02 -1.059766621671990455e-01
-6.628920522382218683e-02 -1.068210357249869957e-01
-6.651792598922773303e-02 -1.083483176227482275e-01
-6.794883169812693247e-02 -1.104266806176398136e-01
-6.863959892970925014e-02 -1.125050436125313996e-01
-7.124957731602019062e-02 -1.141614925777504341e-01
-7.358999477099953390e-02 -1.146915441553831849e-01
-7.507596966965193741e-02 -1.148890136631881553e-01
-7.634470588742769959e-02 -1.151715342963437749e-01
-7.656558493862197778e-02 -1.158643015341319082e-01
-7.678646398981626986e-02 -1.165570687719200277e-01
-7.704642579923454138e-02 -1.172498395174050023e-01
-7.749490444243906095e-02 -1.179426271823688643e-01
-7.794338308564359441e-02 -1.186354148473327264e-01
-7.836082562718184319e-02 -1.193282025122965884e-01
-7.862856461950622211e-02 -1.200209901772604504e-01
-7.889630361183060103e-02 -1.207137778422243124e-01
-7.918703204926356987e-02 -1.214065655071881744e-01
-7.953185618740828133e-02 -1.220013831993288639e-01
-7.983307021396411629e-02 -1.225209739480517673e-01
-8.013428424051995125e-02 -1.230405646967746569e-01
-8.041110636223533503e-02 -1.235601554454975604e-01
-8.064705556232618089e-02 -1.240797461942204499e-01
-8.088300476241702675e-02 -1.245993369429433395e-01
-8.111895396250788648e-02 -1.251189276916662430e-01
-8.136616008394059740e-02 -1.256385184403891464e-01
-8.163222915464886376e-02 -1.261581091891120499e-01
-8.189829822535711623e-02 -1.266776999378349255e-01
-8.216436729606536871e-02 -1.271972906865578290e-01
-8.222967839317840699e-02 -1.277168814352807324e-01
-8.195858423723999253e-02 -1.282364721840036359e-01
-8.168749008130156419e-02 -1.287560629327265116e-01
-8.141639592536313585e-02 -1.292756536814494150e-01
-8.116031481508002854e-02 -1.297952444301723185e-01
-8.095178334166037992e-02 -1.302644506214432896e-01
-8.076704404977182172e-02 -1.306801232204216068e-01
-8.058230475788327740e-02 -1.310957958193999240e-01
-8.039756546599473308e-02 -1.315114684183782412e-01
-7.988492320679879688e-02 -1.317811361074949505e-01
-7.914997385112329531e-02 -1.319518174170444813e-01
-7.841502449544779374e-02 -1.321224987265940121e-01
-7.768007513977226441e-02 -1.322931800361435428e-01
-7.694512578409677672e-02 -1.324638613456930458e-01
-7.621376282147454551e-02 -1.326871990860391259e-01
-7.527376023488559220e-02 -1.330212434527801857e-01
-7.405887438537767098e-02 -1.334529718118841746e-01
-7.297231514884723602e-02 -1.339787489514111252e-01
-7.273468581355239937e-02 -1.351266949460440125e-01
-7.249705647825756272e-02 -1.362746409406768999e-01
-7.222778606675857305e-02 -1.372652560024785195e-01
-7.067383489198150737e-02 -1.370923733861914018e-01
-6.450193582792156100e-02 -1.349508204706849901e-01
-5.974763311546222450e-02 -1.353976245806837453e-01
-5.814262089294690294e-02 -1.362866418857861528e-01
-5.582331118942151366e-02 -1.364613310072143870e-01
-5.397230773627507278e-02 -1.371043263790214795e-01
-5.259277476492897618e-02 -1.382187922326290064e-01
-5.132344801607297002e-02 -1.384815755921206815e-01
-5.007643021913803227e-02 -1.387548268268661844e-01
-4.882941242220307371e-02 -1.399536405745078760e-01
-4.818278819357735970e-02 -1.447608255309065783e-01
-4.814061424656027738e-02 -1.532007625826079245e-01
-4.681091962236715032e-02 -1.545385630815347411e-01
-4.460476235907774589e-02 -1.532962973884815228e-01
-4.130330364704978136e-02 -1.527860785351338735e-01
-3.835054239582161989e-02 -1.539900042763533705e-01
-3.508744591981907690e-02 -1.548835725086068205e-01
-3.240301976304348769e-02 -1.560491750111363818e-01
-2.999925650127492627e-02 -1.570675622626919454e-01
-2.750420976220625466e-02 -1.596661469274841816e-01
-2.230080859651011743e-02 -1.612509132190262928e-01
-1.837386016897397598e-02 -1.631833172342514460e-01
-1.451862670655926051e-02 -1.656734611416416092e-01
-1.240974200342662495e-02 -1.662200374791014401e-01
-1.032800852453917215e-02 -1.648277620355334816e-01
-7.067081662201570719e-03 -1.635236713286075672e-01
-3.855860308474084400e-03 -1.629092206445667823e-01
-1.278849526779245530e-03 -1.636990578214352066e-01
2.516798895699678702e-03 -1.582051111343796834e-01
5.674926924672035397e-03 -1.429392160408325674e-01
1.488165868001030574e-02 -1.366110558914784556e-01
1.758249528696294306e-02 -1.378462321165418725e-01
2.227681625960740985e-02 -1.366006906473075933e-01
3.083183444833672779e-02 -1.431959961628791744e-01
3.426137279021740367e-02 -1.395555874669077989e-01
4.122146866703393919e-02 -1.379296573212382970e-01
4.988784281874474036e-02 -1.433545172366157416e-01
5.278769025676212368e-02 -1.443266038183525501e-01
5.598242997470016802e-02 -1.465201544191884198e-01
5.876808269131492818e-02 -1.499775275735283908e-01
6.387263211110215388e-02 -1.512679345487349114e-01
6.853632655727022460e-02 -1.524959061708180408e-01
7.212176881837241427e-02 -1.542378601986262310e-01
7.489291947822780682e-02 -1.554147205510056085e-01
7.867176128712155547e-02 -1.571522127884295295e-01
8.739286046162475508e-02 -1.626879947440552365e-01
1.012999912028956090e-01 -1.610725638572094998e-01
1.023387019467915660e-01 -1.581275380060280511e-01
1.021378823821664922e-01 -1.520581236301309092e-01
1.017180092130511998e-01 -1.473888918718258279e-01
1.002886510174650636e-01 -1.416878101151471392e-01
9.656215106086156463e-02 -1.242954627410022828e-01
1.018117420944232854e-01 -1.166897306918602412e-01
1.066171089083805396e-01 -1.138577534737217484e-01
1.096909887650766580e-01 -1.052581724726240620e-01
1.107206852439240885e-01 -1.006479699906403513e-01
1.113431829971928272e-01 -9.710874730965923796e-02
1.139045874166281364e-01 -9.497293969207896980e-02
1.190742561966288554e-01 -9.457726983751504890e-02
1.236348183718965071e-01 -9.381494125729956945e-02
1.267242879808758993e-01 -9.273206489611912628e-02
1.286654416363731124e-01 -9.037591273844275408e-02
1.304920487691078046e-01 -8.900968421361982186e-02
1.319683479955216510e-01 -8.823696047064279180e-02
1.311052461737001740e-01 -8.700065621154171036e-02
1.290509631049650552e-01 -8.291700937144907968e-02
1.299769888814466534e-01 -6.712654564310492622e-02
1.304957438182291485e-01 -5.114560345309913242e-02
1.325279556330880570e-01 -4.407191143302968683e-02
1.165629392120908492e-01 -4.015273987889659418e-02
8.893848766545833784e-02 -2.475495703473604495e-02
9.076858248053049083e-02 -2.232429211103581154e-02
9.061783549467315735e-02 -2.210746444969522578e-02
7.102785889360488381e-02 -2.811302316475027679e-02
8.028722405274174578e-02 -5.333878945979802361e-02
6.209784913587068633e-02 -5.607728077968950758e-02
4.718221449156941028e-02 -4.715097824484801997e-02
3.936462415583755897e-02 -3.336596239811601833e-02
3.304281562012556517e-02 -2.501052328733961022e-02
2.106466703264225221e-02 -1.704852086624929902e-02
4.156725989783186838e-03 -1.405798233902900291e-04
