-1.363436417160275929e-02 -2.050280864211856055e-02
-1.282891456626423024e-02 -3.514767195791752841e-02
-8.742539615795142868e-03 -4.074466410435959723e-02
-1.156143310985535862e-02 -4.680520494081629596e-02
-1.193525174751225958e-02 -4.637400660328989954e-02
-1.221350772591852166e-02 -4.605303941971763265e-02
-1.249176370432478721e-02 -4.573207223614535188e-02
-1.277001968273104929e-02 -4.541110505257307806e-02
-1.304827566113730963e-02 -4.509013786900080423e-02
-1.327012148266198607e-02 -4.484993995153086638e-02
-1.344098120085137488e-02 -4.468274502457651037e-02
-1.361184091904076368e-02 -4.451555009762215437e-02
-1.378270063723015595e-02 -4.434835517066779836e-02
-1.395356035541954649e-02 -4.418116024371344236e-02
-1.412442007360893877e-02 -4.401396531675908635e-02
-1.437219917619921884e-02 -4.377369306214247413e-02
-1.474783392753179281e-02 -4.341105623614593262e-02
-1.512859679833648135e-02 -4.304346873675694157e-02
-1.550935966914117163e-02 -4.267588123736795747e-02
-1.589012253994586191e-02 -4.230829373797896642e-02
-1.616775173883121947e-02 -4.175556087705049185e-02
-1.630541381154033964e-02 -4.095155931117556297e-02
-1.644307588424945635e-02 -4.014755774530063409e-02
-1.658073795695857652e-02 -3.934355617942570521e-02
-1.671840002966769323e-02 -3.853955461355077633e-02
-1.707599995720084779e-02 -3.828912721249019130e-02
-2.410545281869110740e-02 -4.780016867471795911e-02
-2.878382292270514550e-02 -6.052455543155461914e-02
-3.347848753364606605e-02 -6.236283218578126536e-02
-3.474292380044222833e-02 -6.122353513188862062e-02
-3.489304616335045517e-02 -5.728039853329760372e-02
-3.489472010347111769e-02 -5.380656242382511611e-02
-3.475179866258677752e-02 -4.895690599066866017e-02
-3.879315058282029050e-02 -4.816051949802220566e-02
-4.100864879521291112e-02 -4.727285668017521675e-02
-4.191955500296831033e-02 -4.668266439806121465e-02
-4.283046121072370260e-02 -4.609247211594721949e-02
-4.374136741847909488e-02 -4.550227983383322433e-02
-4.402689555616682432e-02 -4.514978488193987366e-02
-4.414405267499017099e-02 -4.486128536510593234e-02
-4.426120979381352460e-02 -4.457278584827199797e-02
-4.437836691263687128e-02 -4.428428633143805665e-02
-4.449552403146022489e-02 -4.399578681460411533e-02
-4.502114420885187929e-02 -4.357228321444682473e-02
-4.565673520970425087e-02 -4.311243236108708299e-02
-4.629232621055661551e-02 -4.265258150772734819e-02
-4.692791721140900096e-02 -4.219273065436759951e-02
-4.756350821226136560e-02 -4.173287980100786471e-02
-4.810678656187729330e-02 -4.145764720765447719e-02
-4.862521150539109854e-02 -4.123211953045664846e-02
-4.914363644890490379e-02 -4.100659185325881972e-02
-4.966206139241871598e-02 -4.078106417606099099e-02
-5.018048633593252122e-02 -4.055553649886316225e-02
-5.054545593382212681e-02 -4.025269662413148708e-02
-5.092795693953851288e-02 -3.987019561841510101e-02
-5.133252531096930277e-02 -3.946562724698431113e-02
-5.173709368240009265e-02 -3.906105887555352124e-02
-5.181492241776728541e-02 -3.918138009332824273e-02
-5.165199563182445996e-02 -3.968846206104386515e-02
-5.148906884588163452e-02 -4.019554402875948756e-02
-5.132614205993880907e-02 -4.070262599647510304e-02
-5.104622433029626372e-02 -4.120970796419072546e-02
-4.917287270696373003e-02 -4.415485437403410263e-02
-5.051383462709946315e-02 -4.925703695356425937e-02
-5.237775671880845474e-02 -4.979253527371649973e-02
-5.271703296103054381e-02 -4.979253527371649973e-02
-5.269536172653427331e-02 -5.028562831465250432e-02
-5.214129296387844115e-02 -5.150603359096907891e-02
-5.158722420122260205e-02 -5.272643886728565349e-02
-5.113177404675395277e-02 -5.446656613489352095e-02
-5.087188536277841011e-02 -5.656815732676497704e-02
-5.063939458223402218e-02 -5.844819523033672332e-02
-5.040690380168962731e-02 -6.032823313390854592e-02
-5.024412610386030237e-02 -6.154721084357283462e-02
-5.011781371083576936e-02 -6.242040322103944300e-02
-4.999150131781125023e-02 -6.329359559850601669e-02
-4.986518892478672416e-02 -6.416678797597258344e-02
-4.996003198841915405e-02 -6.479960483188551557e-02
-5.029814690082452106e-02 -6.561400920427726269e-02
-5.060669519126054228e-02 -6.685605561907931316e-02
-5.017100961376400742e-02 -6.960563228202661101e-02
-4.988868841669900911e-02 -7.220472904145744386e-02
-5.047793460061753001e-02 -7.349517962282831052e-02
-5.096609671114415985e-02 -7.456425583668366275e-02
-5.136747396492988282e-02 -7.563727462795372114e-02
-5.164084355502276957e-02 -7.671610872091047528e-02
-5.191421314511566326e-02 -7.779494281386727106e-02
-5.235030584639829149e-02 -7.852466920075411305e-02
-5.377764768144967233e-02 -7.897812007722536387e-02
-5.171737500184444419e-02 -8.234821884899393152e-02
-5.066472127820197818e-02 -8.468014925759771716e-02
-5.019213114462301589e-02 -8.621663578061336541e-02
-5.005666794665491331e-02 -8.796304288183459663e-02
-4.997889722134853802e-02 -8.956666103985896910e-02
-4.663352856737384283e-02 -9.190213141649304640e-02
-3.358423220003037279e-02 -7.897871236671784312e-02
-2.820985287194812882e-02 -8.933675949436366281e-02
-2.690926911422118761e-02 -9.158623842034153972e-02
-2.727258635082985619e-02 -9.437076964359156217e-02
-3.007033754778368553e-02 -9.820535158650990637e-02
-2.713813826121008049e-02 -1.082179881224364371e-01
-2.627116485569901475e-02 -1.111630679900000446e-01
-2.540419145018800104e-02 -1.141081478575634855e-01
-2.550277207720947487e-02 -1.169210102013476388e-01
-2.696725840878932967e-02 -1.195468331212484886e-01
-2.843174474036926774e-02 -1.221726560411494772e-01
-2.989623107194920235e-02 -1.247984789610504797e-01
-3.136071740352906062e-02 -1.274243018809513295e-01
-3.231937740305994289e-02 -1.292986649108228969e-01
-3.256247820115550778e-02 -1.301099871206526370e-01
-3.323775819586542030e-02 -1.323636599257353719e-01
-3.487074772798913480e-02 -1.354380446251532422e-01
-3.641438145164937329e-02 -1.380046056406692978e-01
-2.341210483437786843e-02 -1.304417965425954673e-01
-1.197742438456502259e-02 -1.337502037590273252e-01
-1.088898138776031241e-02 -1.359145383618129144e-01
-8.957470728358630715e-03 -1.374694088825452742e-01
-5.694762348084799614e-03 -1.381960478701642903e-01
-4.676586463933980579e-03 -1.427727730616251967e-01
-4.591164053601972696e-03 -1.455028116200816901e-01
-5.184279230188779466e-03 -1.469489963417744405e-01
-5.241634702769573662e-03 -1.480534690758510963e-01
-3.400479340349967482e-03 -1.495877557309573946e-01
-5.350706257427590741e-03 -1.537710648158892024e-01
-3.225125986788125298e-03 -1.559210521988866338e-01
-3.565062685967224781e-03 -1.636374132507793233e-01
-4.297305851757175603e-03 -1.698943305577015894e-01
-5.322164404625940280e-03 -1.728720962278896545e-01
-1.603760587395558707e-03 -1.727906627428290320e-01
2.087098156911013601e-03 -1.633473078710011572e-01
5.761793086217388560e-03 -1.702551183750826147e-01
8.807023328533752915e-03 -1.715824603455311514e-01
1.238431281984829838e-02 -1.734407388332950273e-01
1.396974177658592831e-02 -1.742870392588920514e-01
1.512912678908663426e-02 -1.747215106880729008e-01
1.628851180158741654e-02 -1.751559821172537779e-01
1.739959813403719330e-02 -1.755397139294277709e-01
1.696512670485634047e-02 -1.742997779973830819e-01
1.687088676528032335e-02 -1.660767417253607436e-01
2.875298504523992119e-02 -1.467368840215824144e-01
3.935341400737892015e-02 -1.522519966600837660e-01
4.221248748161695458e-02 -1.559631219075824915e-01
4.584286001581919928e-02 -1.601248611815744016e-01
4.706349101221678904e-02 -1.616195651118372822e-01
4.743694217758182008e-02 -1.622602778819034752e-01
4.815338922638365271e-02 -1.629088265245814127e-01
4.943387103085742501e-02 -1.637362881264984860e-01
5.014563596801920736e-02 -1.656921282505502968e-01
5.421557985091234044e-02 -1.711412890929062125e-01
6.159393681895947853e-02 -1.808090413260543816e-01
6.784995937148063927e-02 -1.866310447924369453e-01
6.871401211714765755e-02 -1.873449863483397371e-01
6.902532288279490669e-02 -1.877460518826935820e-01
6.930723247929219955e-02 -1.881304750754757005e-01
6.958914207578947853e-02 -1.885148982682578189e-01
6.987105167228678526e-02 -1.888993214610399651e-01
7.033025626648262141e-02 -1.878827937849205099e-01
7.079889144566242631e-02 -1.867917474455616511e-01
7.126752662484221734e-02 -1.857007011062028201e-01
7.173616180402202225e-02 -1.846096547668439614e-01
7.141219965355508070e-02 -1.837619540867244661e-01
7.104607807066010139e-02 -1.829271973246497096e-01
7.067995648776513595e-02 -1.820924405625749531e-01
7.031383490487017052e-02 -1.812576838005001967e-01
7.047437876391793310e-02 -1.804316156815030658e-01
7.066293674221796328e-02 -1.796060097243718789e-01
7.088196873721294700e-02 -1.786469725014417087e-01
7.124686872302958551e-02 -1.758851997310779680e-01
7.160199593221945602e-02 -1.722349782758333947e-01
7.135302848864273628e-02 -1.697705750088944476e-01
7.042419170966940367e-02 -1.671773158221982469e-01
6.732672036036742302e-02 -1.608951905480708877e-01
6.519434726961045867e-02 -1.520053947629559921e-01
6.831746312875446037e-02 -1.509199759637963600e-01
7.081678980662492462e-02 -1.527611534467838705e-01
6.036791111262576615e-02 -1.449746828348535410e-01
5.706763072199039222e-02 -1.146928916180745550e-01
5.846111093337125197e-02 -1.123910501477075052e-01
6.061214385178385206e-02 -1.093428268571171313e-01
6.279658334218370108e-02 -1.082414952436876188e-01
6.371457720562634375e-02 -1.062103628008187611e-01
6.511786698600711965e-02 -1.017627244407580400e-01
6.686251843643836734e-02 -9.012952949987237949e-02
6.663493977629658671e-02 -8.414220819472899293e-02
6.817466763967530707e-02 -7.562975408629514507e-02
6.849727987119785810e-02 -7.170169152615307739e-02
6.737790961177558824e-02 -6.767568495990605726e-02
6.937434458951394212e-02 -6.099452450355311722e-02
8.024892909906822247e-02 -4.636977939285307632e-02
8.273948158595020863e-02 -4.347039660083101137e-02
8.461768709390452003e-02 -4.114186869672804142e-02
8.549516397708849247e-02 -3.847671676135477198e-02
8.618547602631235205e-02 -3.565889995208091495e-02
8.598762831235889914e-02 -3.379553599089218929e-02
8.334613951595576387e-02 -3.267225039094492911e-02
3.063973089817817810e-02 -3.510329358423321805e-02
8.340260384565716459e-03 -2.737858269510440659e-02
2.255321464554342712e-03 -2.275813010667292191e-02
9.006447922973022336e-04 -2.028327870862527832e-03
