-2.437841638900152888e-03 -2.431809536588029706e-03
-3.320992174832561664e-03 -6.902650915954545476e-03
-3.415091919359024113e-03 -1.256947393896541004e-02
-3.608757912540527715e-03 -1.774922102066763333e-02
-7.402192611077956612e-03 -2.029422722746804242e-02
-8.798827025025747484e-03 -2.176230844500187667e-02
-8.941928626098856817e-03 -2.267302426598367254e-02
-1.065356991741098040e-02 -2.419954667794396719e-02
-1.216921751534074184e-02 -2.594780192378313283e-02
-1.225759801912085223e-02 -2.857303469324359857e-02
-1.896671140075819814e-02 -3.408374873518845577e-02
-3.133293128969499852e-02 -4.357317682535580272e-02
-4.062953928748758853e-02 -4.769188187926913514e-02
-4.571317126448545126e-02 -4.975456997961504035e-02
-5.564720797437181649e-02 -5.301366726865568146e-02
-6.882312015313594988e-02 -5.726251642021678440e-02
-6.935258812244812776e-02 -5.783861838142207584e-02
-7.060174777767706800e-02 -5.900304022739782245e-02
-7.468382581227175909e-02 -6.081745986752427197e-02
-7.507156559846925314e-02 -6.375753829618492630e-02
-7.483731024345585681e-02 -6.726332711616843374e-02
-7.637654892790715633e-02 -6.935572305594311926e-02
-7.681975182342573594e-02 -7.253108449006388792e-02
-7.768502487253241273e-02 -7.854453425636888364e-02
-7.822755166280098704e-02 -8.418577687965754508e-02
-8.931729210063030222e-02 -8.793022242889052265e-02
-8.985117590742765226e-02 -8.965271058372811797e-02
-8.939001071514053598e-02 -9.168245227544040421e-02
-9.027294793492027236e-02 -9.276161133401449044e-02
-9.093395251833610859e-02 -9.581924504930219855e-02
-8.750708632244820484e-02 -1.030705261835120345e-01
-8.595978566204530436e-02 -1.093756872917860667e-01
-8.700486244243425815e-02 -1.152656123123700915e-01
-8.915058891958597964e-02 -1.167153631781181478e-01
-8.941194475682487375e-02 -1.168634625679518257e-01
-9.013659592742227777e-02 -1.172618743750384052e-01
-9.130852619668616832e-02 -1.179076591840113597e-01
-9.203470990667307616e-02 -1.183676940064171818e-01
-9.271233657669365746e-02 -1.191519839525850555e-01
-9.441602100313101209e-02 -1.260644100336720808e-01
-9.421375743507948153e-02 -1.314940401824226390e-01
-9.400637164697189796e-02 -1.324585227051309766e-01
-9.356192602555850335e-02 -1.342538364176631416e-01
-9.340256527977450207e-02 -1.363777954853682972e-01
-9.637218504951743092e-02 -1.391800754291384890e-01
-1.038348604113838447e-01 -1.422883645952218445e-01
-1.025772777067785330e-01 -1.445279539185985451e-01
-1.053628527338587029e-01 -1.473133658774100074e-01
-1.066020779364493798e-01 -1.486168226488313870e-01
-1.072256103736966559e-01 -1.495629003032028781e-01
-1.077399323085612148e-01 -1.502236601929100857e-01
-1.165528462034224610e-01 -1.513407529993609779e-01
-1.160625828333823883e-01 -1.566122422367390021e-01
-1.181029211983480737e-01 -1.593471508416470228e-01
-1.183408337923165798e-01 -1.620937460729346968e-01
-1.205547210550161064e-01 -1.645499829191635066e-01
-1.231555280982974676e-01 -1.657972600760633797e-01
-1.277086847509637246e-01 -1.646946421874347366e-01
-1.307442237731399060e-01 -1.655522216031815319e-01
-1.329737620784214314e-01 -1.666521785349285578e-01
-1.351141165137833833e-01 -1.681349188321838994e-01
-1.358060636589961678e-01 -1.694655313860349011e-01
-1.347221373298556901e-01 -1.722289458160163045e-01
-1.323252165496331956e-01 -1.753894536759331990e-01
-1.323252159027777097e-01 -1.753894553191226446e-01
-1.323251916218620428e-01 -1.753895169934754361e-01
-1.323212720741839821e-01 -1.753993271360332062e-01
-1.323212720566646627e-01 -1.753993271792458619e-01
-1.323212720155437783e-01 -1.753993272806733394e-01
-1.323122962666977709e-01 -1.754207597215414749e-01
-1.322885804135867927e-01 -1.754714066412644824e-01
-1.320631789129297629e-01 -1.757504973730159292e-01
-1.244717860040922969e-01 -1.762546395440869051e-01
-1.190272349844656435e-01 -1.792485182517351006e-01
-1.124199428963540415e-01 -1.822010039743713339e-01
-1.076171212884772799e-01 -1.981866402124194126e-01
-1.075586411607176579e-01 -1.981847999997956300e-01
-1.044710680745052633e-01 -1.903369865276512696e-01
-1.044710679989540592e-01 -1.903369864663843058e-01
-1.044710679720416424e-01 -1.903369864445601245e-01
-1.044710679460396502e-01 -1.903369864234742692e-01
-1.044710679309394791e-01 -1.903369864112290366e-01
-1.044710679103521417e-01 -1.903369863945340856e-01
-9.398577687498900490e-02 -1.758448597468496299e-01
-9.122696331488000521e-02 -1.757019110639504444e-01
-9.074970366337531402e-02 -1.759771667664052353e-01
-9.051299557024911069e-02 -1.762244951004654225e-01
-9.037188379725637211e-02 -1.764297201562629591e-01
-9.031133425372636636e-02 -1.765342485453167687e-01
-9.020305598394859348e-02 -1.767489625335182946e-01
-7.216735599498803888e-02 -1.576800158013287323e-01
-6.658878216389051141e-02 -1.560413320328725151e-01
-6.606043000573760815e-02 -1.560103013848713471e-01
-6.600421971836555046e-02 -1.560105196916706793e-01
-6.600396385778038721e-02 -1.560105224726141271e-01
-6.600249188937920564e-02 -1.560105387902712692e-01
-6.599686167745803800e-02 -1.560106062261676085e-01
-6.599566176120948147e-02 -1.560106216293082326e-01
-6.599305621477379036e-02 -1.560106563264487822e-01
-6.593845615476980060e-02 -1.560117822366343387e-01
-4.436943221545496668e-02 -1.466412956352334818e-01
-4.236792893023606787e-02 -1.472173646019982740e-01
-3.875682121160370364e-02 -1.428773407835882969e-01
-3.869698361525669705e-02 -1.427049902241214752e-01
-3.847182413466274792e-02 -1.377444452065051117e-01
-3.721356757710877344e-02 -1.366961314926729842e-01
-3.439805559814133884e-02 -1.362700359384044768e-01
-3.092538492869745942e-02 -1.364103804259217401e-01
-2.956087581123278268e-02 -1.366421099572736886e-01
-2.830729901733471457e-02 -1.369094522621248644e-01
-2.326184190912889554e-02 -1.348624666943699646e-01
-1.775338755200395885e-02 -1.308880056534621472e-01
-1.200339126654354806e-02 -1.295244611884155406e-01
-4.880225032144112213e-03 -1.259547550340599786e-01
2.502108794472084757e-03 -1.258503185471567809e-01
5.613673755837291640e-03 -1.246134171943603791e-01
8.550018794813919049e-03 -1.234003879962822930e-01
1.070831395024662326e-02 -1.224850450145218705e-01
1.471220313154185909e-02 -1.207224512074024370e-01
1.971347508865799875e-02 -1.155459562795118217e-01
2.234652817918317269e-02 -1.131201841342208553e-01
2.366306056024022539e-02 -1.125154359594382342e-01
2.757835869146921248e-02 -1.114914741473408549e-01
3.069901624831874315e-02 -1.071935433480316474e-01
3.411804179179220298e-02 -1.080739696358757190e-01
3.697007112905684872e-02 -1.091198698900192332e-01
3.842817321152556392e-02 -1.085635892815228903e-01
4.825128090578063855e-02 -1.112669067583960808e-01
6.049831804551689118e-02 -1.104024796181194562e-01
6.467379009483226193e-02 -1.080191388549452264e-01
6.695345975143697503e-02 -1.065280609978683096e-01
6.822254670133845456e-02 -1.057590759765705546e-01
7.028624771023546380e-02 -1.038914844485525069e-01
6.935458124876803243e-02 -9.608953824195595739e-02
7.006666449449076850e-02 -9.156481161339208308e-02
7.019628784655611298e-02 -9.012392172177703664e-02
6.993582101705742016e-02 -8.756331593741352448e-02
6.940952416343876274e-02 -8.522817384565800625e-02
6.907413021837355283e-02 -8.099852299079317308e-02
6.989909155580960320e-02 -7.710500021392160952e-02
7.171672517623627063e-02 -7.516182676589032441e-02
7.346782830457908309e-02 -7.368861553627362171e-02
7.401000074873273493e-02 -7.323011877729045105e-02
8.164339512099746954e-02 -7.088509800369302560e-02
8.397746105429358676e-02 -6.263606627399308235e-02
8.460076649323497455e-02 -6.222197166864461282e-02
8.560994243914944735e-02 -6.076071092446617278e-02
8.803584273802896043e-02 -5.704570668853337079e-02
9.100489709660700144e-02 -5.353385463562838897e-02
9.631624786880517430e-02 -5.003020171897879648e-02
9.968015427696390318e-02 -4.754465494033853490e-02
1.003065092687834420e-01 -4.605328251322405447e-02
1.006566046208264009e-01 -4.553343375541116234e-02
1.006949237712195383e-01 -4.548365108334021661e-02
1.140027500845517544e-01 -3.319987921023798833e-02
1.119041904507112190e-01 -3.251574900857228528e-02
1.066413258624804572e-01 -3.141410605959347319e-02
1.009396838809721864e-01 -3.063825645411977563e-02
7.542727829028174347e-02 -3.105905879481290002e-02
7.541593454794033591e-02 -3.105740635362401469e-02
7.540609281637461470e-02 -3.105598095554296806e-02
7.540609276025944663e-02 -3.105598094743776405e-02
7.540609271628297139e-02 -3.105598094108585200e-02
7.540609265061663791e-02 -3.105598093160109527e-02
7.540609258952878091e-02 -3.105598092277763941e-02
7.540609246923109243e-02 -3.105598090540199682e-02
5.833265770870261352e-02 -3.461325033809431462e-02
5.833265692286217219e-02 -3.461324870884375376e-02
5.833265679402215714e-02 -3.461324844172524590e-02
5.833265477165216345e-02 -3.461324424883924222e-02
4.938937009461893957e-02 -3.273047503884277815e-02
4.757413361148279951e-02 -3.268200835944066324e-02
4.745796784186347844e-02 -3.267860686852232938e-02
4.696594331474816808e-02 -3.266384168708448554e-02
2.657053713692748842e-02 -3.861810883563424751e-02
1.959024062252480089e-02 -3.795167707326447398e-02
1.731756276200562689e-02 -3.518779379122036199e-02
1.722652468778479093e-02 -3.382620681765425436e-02
1.705421187985532022e-02 -3.216739271921907617e-02
1.639757208758560458e-02 -3.022096978671235876e-02
1.484502711295201428e-02 -2.672295003585003353e-02
3.505435564608207211e-02 -3.712488429109607121e-03
3.445815532164068357e-02 -3.944644828690120619e-03
3.420483595291101686e-02 -4.094228604592839438e-03
2.830644087514497600e-02 -8.643693002868041778e-03
2.715030334871604972e-02 -8.366638934054562021e-03
2.601652715562673135e-02 -7.213444417212711707e-03
2.523814540327417102e-02 -5.728054959487615880e-03
2.449797474799738153e-02 -3.746803524806744008e-03
2.393438024409905510e-02 -1.803601683376765494e-03
2.354475012639440507e-02 -1.136382008741811925e-04
2.385349350039686275e-02 3.317076230495876691e-03
2.417046824967180110e-02 6.659015214317826406e-03
2.379671281071886468e-02 7.596572323110885490e-03
2.331348202299459924e-02 8.193649652055037466e-03
1.260410992400802337e-02 -6.498939970926045744e-04
1.118236719735420971e-02 3.375593639354614365e-04
1.016560978127742029e-02 1.451594508705953291e-03
2.466497186818602475e-03 4.174010545773478194e-04
