9.747329262366207859e-04 -4.833919872361098179e-03
-2.033245006688374178e-03 -6.653549269910438539e-03
-3.476874505797300768e-03 -7.026059617479758594e-03
-3.778631147180269451e-03 -1.014676210203770655e-02
-2.143488646736681387e-03 -1.326396088320400471e-02
-2.723475812289601300e-04 -1.616479358986299894e-02
-1.570062527760472367e-03 -1.837230335141446652e-02
-3.125919692361591243e-03 -2.022480575942319642e-02
-2.614936559720528169e-03 -2.373619469564983500e-02
-5.408549346931214134e-03 -2.565886656077626810e-02
-6.780030981025109496e-03 -3.011252934361482655e-02
-1.071995363705076365e-02 -3.643220572624485121e-02
-1.167534037114627624e-02 -3.870532027123227414e-02
-1.203146928111590436e-02 -4.103561856176615730e-02
-1.222040154238450936e-02 -4.371574029664319211e-02
-1.311317013007437526e-02 -4.731099851047949889e-02
-1.374703941592929704e-02 -4.973868737122297268e-02
-1.402381969856615271e-02 -5.204116180634276584e-02
-1.369745721409992845e-02 -5.593663491834711954e-02
-1.597151751703696290e-02 -5.906573218739890468e-02
-1.714126939684677831e-02 -6.123580426480922795e-02
-1.791406161639585645e-02 -6.470732020331809720e-02
-1.841644060815655903e-02 -6.803941696039883524e-02
-2.736482003730156959e-02 -7.494200147018464930e-02
-2.942606405947453818e-02 -8.179101197589726258e-02
-2.989461697831265197e-02 -8.416073211244128049e-02
-3.052848626416757721e-02 -8.658842097318476816e-02
-3.060686667343138004e-02 -8.882141649065167233e-02
-3.072709185697162018e-02 -9.135860877802187696e-02
-3.466633108456088075e-02 -9.829434860292415865e-02
-3.616654053833381899e-02 -1.003055482655984404e-01
-3.696048845292605745e-02 -1.021284682321778881e-01
-3.738066862603938584e-02 -1.051867251953557542e-01
-3.911739500335264380e-02 -1.065234211652602847e-01
-4.084483732718083293e-02 -1.078865935845698537e-01
-4.152334866627640370e-02 -1.102928620569052776e-01
-4.208447834703951673e-02 -1.126950445374758081e-01
-4.203724500799400216e-02 -1.148839025375679862e-01
-4.167807641134044921e-02 -1.183223463134678854e-01
-4.570764134508055465e-02 -1.280076022822205228e-01
-5.150956777633006189e-02 -1.414479795730350931e-01
-5.327901254893121358e-02 -1.445337441643823051e-01
-5.636596336055366141e-02 -1.538365291748277075e-01
-5.710881417642899027e-02 -1.576687419952732261e-01
-5.933348547063780482e-02 -1.604092342679618310e-01
-6.027995225923138412e-02 -1.626866539881895168e-01
-6.064270028155227532e-02 -1.650192732920946481e-01
-6.286263471038382178e-02 -1.673497437181421521e-01
-6.572935463467292905e-02 -1.715628445845233940e-01
-6.643518156081668069e-02 -1.747806377349332696e-01
-7.095564707896868939e-02 -1.808211926868096286e-01
-7.581106516089680669e-02 -1.795534682676203364e-01
-7.847964539413615492e-02 -1.815362681788857124e-01
-7.875874299241245047e-02 -1.844039180402190226e-01
-8.053255951932256074e-02 -1.896372629061965909e-01
-8.316978335099178832e-02 -1.955001436900195289e-01
-8.538854861365018090e-02 -1.981939670938120956e-01
-8.743244345710142473e-02 -2.001582282883316855e-01
-8.899294264844508084e-02 -2.019974924716379239e-01
-9.135192819970176792e-02 -2.057949710949771582e-01
-9.227090424117664891e-02 -2.069860562739954668e-01
-9.340012321881319135e-02 -2.094834700028360974e-01
-9.881588901670146363e-02 -2.113825259737107387e-01
-9.460189924600738431e-02 -2.128751693258442712e-01
-9.145668266193425489e-02 -2.133316743578705377e-01
-8.835059480160518952e-02 -2.181237265472045495e-01
-8.589351753787524690e-02 -2.209378452517361535e-01
-8.603254377926276841e-02 -2.246920280651568957e-01
-8.654160869069671413e-02 -2.255908981940234204e-01
-8.426428556658055458e-02 -2.298194915384863812e-01
-8.139978090573263270e-02 -2.337531732517144079e-01
-8.087976623273776533e-02 -2.391326941108240511e-01
-7.897750541426894200e-02 -2.466117565763364106e-01
-8.301965057276951276e-02 -2.489127665303519643e-01
-8.232248313607604118e-02 -2.507103786759763420e-01
-8.006868026771031543e-02 -2.508482917845205051e-01
-7.079214300283948047e-02 -2.555335072361049620e-01
-6.900574994890072700e-02 -2.571126138462996313e-01
-6.804510609617174521e-02 -2.604663277819411760e-01
-7.074942160702549221e-02 -2.624319264519612283e-01
-6.968392286091740218e-02 -2.635434521519235407e-01
-6.547164757259048284e-02 -2.632099957305227833e-01
-6.191626572429347053e-02 -2.638197223651008727e-01
-5.590681817580953061e-02 -2.683361845062688933e-01
-5.916863625636394064e-02 -2.732225493969291374e-01
-6.592813033798586297e-02 -2.766472745978248993e-01
-7.031223960093929692e-02 -2.789048510425692906e-01
-7.068821575785240452e-02 -2.812421088350868237e-01
-6.867702317143839497e-02 -2.827422981086392118e-01
-6.657049269600753827e-02 -2.832437661219678882e-01
-6.189361911568845576e-02 -2.845740977539690242e-01
-5.964213726069398508e-02 -2.847053917501620179e-01
-5.216313736704852877e-02 -2.828031302111883027e-01
-4.822353617866603770e-02 -2.827509311433333283e-01
-4.441377464095765115e-02 -2.829001721296417471e-01
-3.451882979502431809e-02 -2.835888689482706226e-01
-2.996448789441774271e-02 -2.868780634757384096e-01
-2.630689833457317342e-02 -2.892192783846717630e-01
-2.475354446514913681e-02 -2.893502660841286156e-01
-2.258510650319514937e-02 -2.871270488617103656e-01
-2.263296413254710371e-02 -2.827551975499903447e-01
-2.055186149650679514e-02 -2.804734995917999019e-01
-1.573819335022034333e-02 -2.816221607095488744e-01
-1.432770279786579198e-02 -2.833998849633532768e-01
-1.289842705218624715e-02 -2.851041252782893221e-01
-8.910800469845015295e-03 -2.880053785818898482e-01
-7.179918361815386223e-03 -2.891509008915318368e-01
-7.315875796310001775e-03 -2.850995564735456789e-01
-2.819016082299477706e-03 -2.816811509942168112e-01
3.538333331232404195e-03 -2.839073646013956509e-01
5.889533846067999262e-03 -2.843230382660457689e-01
8.078404950120465777e-03 -2.842757776705194250e-01
1.035771066052904206e-02 -2.844864202940451947e-01
1.253636176952875776e-02 -2.856382752803194869e-01
1.491556129984894855e-02 -2.858584877091674414e-01
1.802042546060279166e-02 -2.885717278913748629e-01
1.943967782833424737e-02 -2.957745424363522613e-01
2.102278386448979547e-02 -3.003951342901049482e-01
2.272981820098543201e-02 -3.020020682938437950e-01
2.511200496126766990e-02 -3.045602661721272808e-01
2.819060207447802655e-02 -3.104386529026706421e-01
2.953323646841910302e-02 -3.086980826721782423e-01
2.971080266184887228e-02 -3.064303073354436857e-01
2.827231994201668402e-02 -3.002738565269481019e-01
2.983746116010287108e-02 -2.984478305683443966e-01
3.114118571960654627e-02 -2.963421846360530520e-01
3.123943159074465958e-02 -2.941023138756149735e-01
3.287264577987083353e-02 -2.928092571298182012e-01
3.143675092184004122e-02 -2.911073378282534319e-01
2.908985905172324637e-02 -2.866803307859522865e-01
2.519969664944551879e-02 -2.836334972462317139e-01
2.557154616971731020e-02 -2.804585751777370350e-01
2.327837369911127385e-02 -2.717800098631383832e-01
2.324436849465800689e-02 -2.695865133744338449e-01
2.365793964553036116e-02 -2.665305738864970908e-01
2.481987332072300295e-02 -2.617122969976490299e-01
2.600472918972055250e-02 -2.605170853415910148e-01
2.974067445969147058e-02 -2.514768519693187376e-01
3.207657094423117805e-02 -2.489053004596223917e-01
3.266396424853428709e-02 -2.456250653259625938e-01
3.398554887926244494e-02 -2.435280226678914750e-01
3.629320365156822603e-02 -2.401346958955337396e-01
3.767438377196354743e-02 -2.387370300926755229e-01
3.881800212704565600e-02 -2.348830332653508157e-01
3.974549377131640637e-02 -2.306667291928673202e-01
4.168855695850835069e-02 -2.247725096642382292e-01
4.323951291712884587e-02 -2.224613341478884621e-01
4.577412047067434125e-02 -2.204141080915041351e-01
4.175086534241560093e-02 -2.124982039157563563e-01
3.545575860038239352e-02 -2.069976906537557837e-01
3.465894958318019997e-02 -2.004899647955198372e-01
3.102006749804328903e-02 -1.870630565428284264e-01
2.958155647317000161e-02 -1.809065250134505587e-01
2.738439657723024459e-02 -1.712735091114008235e-01
2.718077293531997660e-02 -1.657162385002420024e-01
2.591395327523235079e-02 -1.642000489377254124e-01
1.925881779749678488e-02 -1.474866742992402835e-01
1.886771349971514897e-02 -1.454183957742895550e-01
1.598682100888907526e-02 -1.382825843481136630e-01
1.591208655888623480e-02 -1.343211759935495353e-01
1.341161303179273616e-02 -1.314256455479988761e-01
1.220381278259920210e-02 -1.255670247398780470e-01
1.073579597017431699e-02 -1.237946969367030303e-01
1.032304519455759170e-02 -1.203305346734150905e-01
9.745923354245162804e-03 -1.168422468449776680e-01
7.531269045605974884e-03 -1.146559629643197908e-01
7.931286349054392226e-03 -1.115825678735828663e-01
5.686935025052214376e-03 -1.071938438403677446e-01
1.625422217376387788e-03 -9.781355086565916845e-02
3.020674999300346567e-03 -9.332182071907979548e-02
3.568576545471234106e-03 -9.092427672712166675e-02
3.057593412830174068e-03 -8.741288779089503858e-02
2.716294977511381041e-03 -8.398304375108525677e-02
4.002748784949100927e-03 -8.176461677820254237e-02
3.652278894082290964e-03 -8.188751019045495405e-02
1.366795532366391714e-03 -8.013451424412219859e-02
-7.362130344754456036e-04 -7.771600514652553249e-02
-2.120955627119562766e-03 -7.302576585709508183e-02
2.765876829085480403e-03 -7.031715943950642145e-02
6.087343129757307597e-03 -7.241981645486873786e-02
8.424028518935146662e-03 -7.575884164559379408e-02
1.087028475729189501e-02 -7.758916511024573082e-02
1.388291238615144314e-02 -7.978525144833990834e-02
1.288207990324982677e-02 -7.383919075023880063e-02
1.185364877610950093e-02 -6.768743238426908060e-02
1.178260931808601704e-02 -6.324947066991887246e-02
1.247408194334369974e-02 -5.639065131439153361e-02
1.295069252144503448e-02 -5.311218823538567391e-02
1.211292562351442247e-02 -4.724999344707268845e-02
1.191669296864809532e-02 -4.245500327016616532e-02
1.088524658023296357e-02 -3.682406716769002358e-02
9.378753998950932480e-03 -3.199840024940818484e-02
3.709781627966170052e-03 -2.328573934198682055e-02
2.836464084635524196e-03 -1.655982493880634246e-02
2.486225523594202177e-03 -1.312568280001656824e-02
2.438992184548700610e-03 -1.093682479992439359e-02
2.488013113833599955e-03 -7.095365557020216589e-03
3.558635379232443288e-03 -1.677847610970251710e-03
2.427709040964059952e-03 -6.338622095946451441e-04
