-2.932825618339671148e-03 1.390349042263734755e-03
-1.167767275828444397e-03 -4.175833135306569223e-03
3.137914242825473599e-03 -1.673002135810706600e-02
4.654619040049249971e-03 -2.502189735386979239e-02
4.777163982525913996e-03 -2.939150514157713723e-02
5.186057179181358980e-03 -3.436111098478959736e-02
5.534773504540855052e-03 -4.058138469343604282e-02
4.170768867048771367e-03 -4.487505495733882382e-02
2.054110695616020131e-03 -4.828444244413904185e-02
-4.444567502037282151e-04 -5.149705689038346079e-02
-3.988447719030777626e-03 -5.491916821956818739e-02
-9.993036063677279007e-03 -6.087584718282427337e-02
-1.402638724670156323e-02 -6.413257950752826453e-02
-2.099190109822422073e-02 -5.936742070338552751e-02
-2.306064088507705709e-02 -6.801044743844986140e-02
-2.864363925239659173e-02 -7.116545438056649797e-02
-3.030427832112079709e-02 -7.243167299857095065e-02
-3.272699097991186440e-02 -7.437307502534953874e-02
-3.829927637428429815e-02 -7.815816118697993531e-02
-4.139149582213754591e-02 -8.039779813634380379e-02
-4.274861808675340519e-02 -8.144916378215251440e-02
-4.511468982266529648e-02 -8.325430288063652429e-02
-4.810216546989647818e-02 -8.513069989311236596e-02
-4.894184179298018134e-02 -8.595709800839129722e-02
-5.148658655199644246e-02 -8.733345280309626202e-02
-5.715425512641193750e-02 -9.046669665429693530e-02
-6.008352559276162325e-02 -9.257696767817745476e-02
-5.950578303221384924e-02 -9.533065954301131462e-02
-6.226749601844819987e-02 -9.747143747516086310e-02
-6.812824306070766611e-02 -9.869493885285432477e-02
-6.836718686434602177e-02 -9.952928239663499932e-02
-6.903504309693241081e-02 -1.010340572368892409e-01
-7.353353587161576277e-02 -1.053570308562907509e-01
-7.663548431889281864e-02 -1.081251637432945473e-01
-7.704603382498380337e-02 -1.084379741927322116e-01
-7.789301252552403854e-02 -1.090325646594920844e-01
-7.976037850350833902e-02 -1.101089863212940528e-01
-9.019256895905686244e-02 -1.049946267390902965e-01
-9.564122568008116831e-02 -1.063344207492530891e-01
-9.727510637536831983e-02 -1.078420808638936579e-01
-9.821341910265746211e-02 -1.088831469478722808e-01
-9.882613033262310775e-02 -1.100104065080859256e-01
-9.898040250044348731e-02 -1.113265646051570246e-01
-9.931946054478683894e-02 -1.126629224158485210e-01
-1.001174981776759010e-01 -1.141969893080846399e-01
-1.008920374713709184e-01 -1.159723883772821040e-01
-1.039268294696176487e-01 -1.268996553601969834e-01
-1.026358886532071218e-01 -1.343437330532920304e-01
-1.038825619727686972e-01 -1.350087899621519594e-01
-1.044484283444244849e-01 -1.357515315354054786e-01
-1.003605426434548697e-01 -1.416671667148330094e-01
-1.005142195690168494e-01 -1.425325441742990029e-01
-1.007690421773925066e-01 -1.431823272646669809e-01
-1.010477219491801859e-01 -1.436173852298316955e-01
-1.014605802753006658e-01 -1.440568404988943618e-01
-1.031913121146680185e-01 -1.450351734459295328e-01
-1.058637158966688058e-01 -1.456734857537378136e-01
-1.083851284848458552e-01 -1.460091367089434156e-01
-1.113045814647554421e-01 -1.467249553627552605e-01
-1.144090346570201533e-01 -1.480992771699168042e-01
-1.161905382684154386e-01 -1.488900751075309115e-01
-1.187907446266745354e-01 -1.496347591384309395e-01
-1.097406107351803217e-01 -1.708770107849121034e-01
-1.099221583666700613e-01 -1.715751990579509612e-01
-1.100247313445801983e-01 -1.718862458550282357e-01
-1.102848936514606165e-01 -1.725680504678921146e-01
-1.106875362956358799e-01 -1.734752567889880359e-01
-1.108705640576648499e-01 -1.738550567138210656e-01
-1.109856267819446796e-01 -1.740868758649982140e-01
-1.115199682826466671e-01 -1.751212385228193280e-01
-1.119086276573881822e-01 -1.765381364846776713e-01
-1.113008059526488513e-01 -1.802665871284917787e-01
-9.698756292156222869e-02 -1.865731932200238585e-01
-9.430112281676582275e-02 -1.890087000909922710e-01
-8.632167282079827864e-02 -1.942065353529154048e-01
-8.316141354741757308e-02 -1.964761200416713927e-01
-7.784308355436334037e-02 -1.965917551780599626e-01
-7.167469678839875902e-02 -1.980991898364745374e-01
-6.820015741200821657e-02 -2.014835483756516610e-01
-6.546540057980473892e-02 -2.040641606371188521e-01
-6.555736178206864051e-02 -2.068028586207549258e-01
-6.535968057301712320e-02 -2.091158146693264108e-01
-6.416272351082252801e-02 -2.101468574972472636e-01
-6.163263012344818298e-02 -2.112290552915964126e-01
-5.385745710499065253e-02 -1.996674380977414565e-01
-5.354036538884129892e-02 -2.002853001888474649e-01
-5.318204184837472398e-02 -2.010259276877406354e-01
-5.283420053001967182e-02 -2.016992220178013273e-01
-5.239363773637108201e-02 -2.023671581366091876e-01
-5.175676462267522066e-02 -2.028826554106158975e-01
-5.042327027865199651e-02 -2.031365010021725093e-01
-4.880204019495157364e-02 -2.035421655605770264e-01
-4.756930154142628708e-02 -2.051079776655853337e-01
-4.683641298099634753e-02 -2.074262316441800591e-01
-4.674227249901359571e-02 -2.100542967355154833e-01
-4.466463503745848190e-02 -2.078750791500498796e-01
-3.591985501546673953e-02 -2.057996303352996881e-01
-3.265584778876931549e-02 -2.035519884024858950e-01
-3.153639574109329963e-02 -2.025637220469850841e-01
-2.595531894870543865e-02 -2.032839810450607354e-01
-2.256310379944160768e-02 -2.041007386777999866e-01
-2.122990023386450362e-02 -2.030737890335122531e-01
-2.004924348410120835e-02 -2.024647557948550114e-01
-1.900307958397378164e-02 -2.021090936542926930e-01
-1.779490613595155826e-02 -2.018307327750705482e-01
-1.638782264334004077e-02 -2.016354931895985303e-01
-8.957152550654521456e-03 -2.030711895218903773e-01
-1.153054976024611971e-04 -2.017003332930280002e-01
3.519875291652283054e-03 -2.078868709414909977e-01
7.201347213713357211e-03 -2.114058973466591274e-01
9.058697940831413747e-03 -2.124692931395684714e-01
9.986025092120496063e-03 -2.131009529627693744e-01
1.065684943007601769e-02 -2.136055111060034539e-01
1.689770483163477444e-02 -2.233177677647465165e-01
1.984428271076540268e-02 -2.254752151825401285e-01
2.047053751196668825e-02 -2.259163011774702468e-01
2.087035482344110765e-02 -2.262006021227457586e-01
2.350860379380861898e-02 -2.283353369766802643e-01
2.537041903101973014e-02 -2.306716756754138842e-01
2.200496886040875094e-02 -2.184612746760058455e-01
2.199079334994724633e-02 -2.183673538138561909e-01
2.195166902409887572e-02 -2.181172216489512261e-01
1.962498841965389443e-02 -2.021529273401902194e-01
2.256064593090484349e-02 -1.948411616928205081e-01
2.326767999865889808e-02 -1.939169528209514215e-01
2.526012029727841071e-02 -1.903575774177113100e-01
3.057880768376813191e-02 -1.807110913003787400e-01
4.147157787258933664e-02 -1.783939067309197324e-01
5.069620432460378301e-02 -1.751554962968369378e-01
5.664712191951201681e-02 -1.742584333058319335e-01
5.930394333261149176e-02 -1.718842470627435504e-01
6.564743944596149183e-02 -1.702564306686149276e-01
6.985860620941450327e-02 -1.684989363649250504e-01
5.817881676552885684e-02 -1.419579282535364528e-01
6.135816260121479404e-02 -1.292622443276859878e-01
9.615781637629236545e-02 -1.219201878809339085e-01
9.621790462367728336e-02 -1.219131234424370713e-01
9.626675286359835659e-02 -1.219072813080109563e-01
9.633071677199622762e-02 -1.218994956612841907e-01
9.708130296824406258e-02 -1.217959925319039155e-01
9.872058517260871857e-02 -1.214733242142630315e-01
9.986890187453943690e-02 -1.211245118338707127e-01
1.002459108623550005e-01 -1.209723170784714336e-01
1.004851248229600841e-01 -1.208609994366971613e-01
1.008123902377202619e-01 -1.206831620697877139e-01
1.011824306932598699e-01 -1.204276185048597653e-01
1.014869964182223555e-01 -1.201343198080402491e-01
1.018283685365679037e-01 -1.191967991948440497e-01
1.015740174281628411e-01 -1.183752088724319279e-01
1.014201764104075004e-01 -1.181099905454860016e-01
1.012756804529824778e-01 -1.178939922978733262e-01
1.002856594681365981e-01 -1.167441667764265306e-01
9.822537257510202680e-02 -1.149317097081687944e-01
9.577757442917125830e-02 -1.131074346763852601e-01
9.508866470592998443e-02 -1.126244777911214884e-01
9.397770941355629293e-02 -1.118570182459980300e-01
9.237280571403978791e-02 -1.108163366803669725e-01
8.831936430626732837e-02 -1.098201891416679954e-01
8.151696895733734349e-02 -1.089863363442423877e-01
8.027968670341704971e-02 -1.087365394865635604e-01
8.024607185294319045e-02 -1.087211270302217009e-01
8.024086711019629004e-02 -1.087186447726370964e-01
8.023389629495476794e-02 -1.087152778363233152e-01
6.461611184333225510e-02 -1.045182691898437627e-01
6.433053051004027079e-02 -1.039223726049689767e-01
6.419268939938557739e-02 -1.036424819789058677e-01
6.404243110139509754e-02 -1.033469927958294010e-01
6.397002512799784824e-02 -1.032090930079264807e-01
6.389828850322699927e-02 -1.030758291793335141e-01
6.380209840107246844e-02 -1.029030148531222821e-01
6.064437197064690560e-02 -1.014073418053931530e-01
5.759642322068263959e-02 -9.679505755280577717e-02
6.174989329888468104e-02 -8.689580106378311242e-02
6.098392404869840133e-02 -8.545283724056954022e-02
6.065841021681254996e-02 -8.507553996992979484e-02
5.912697696766033156e-02 -7.564189450744303322e-02
5.302372361970489334e-02 -7.022529336293448221e-02
5.244587478480516873e-02 -6.815329349385197688e-02
5.238710000000613293e-02 -6.547122603412759700e-02
4.483541173195566137e-02 -6.212973649254185243e-02
4.365159266511841468e-02 -5.802436774462407104e-02
4.139789855829386495e-02 -5.260293283189815261e-02
3.878785175704638211e-02 -4.698541477449069692e-02
3.713723257163822900e-02 -4.050468399711752016e-02
3.301489190032866339e-02 -4.259801522565101473e-02
3.075603369010306010e-02 -4.262119685463874874e-02
2.952711839256460385e-02 -4.150138959521987303e-02
2.864176213035710475e-02 -3.996205868164128677e-02
2.769804207455563161e-02 -3.805284868102878221e-02
2.349957769623279083e-02 -3.460202411486056756e-02
2.034140838129146547e-02 -2.982269599824807424e-02
1.933570605880534712e-02 -2.422341683814398239e-02
1.532501168011927636e-02 -1.871346145720356388e-02
1.312903845017788715e-02 -1.324158958171254251e-02
1.077577116889090122e-02 -1.079927898413471539e-02
8.532629940525280829e-03 -9.277348544141304429e-03
6.122680363289769064e-03 -6.784790921922955256e-03
3.694026947916698687e-03 -3.491399273683124405e-03
1.553739782072286000e-03 -6.898287804803467701e-04
