-4.973822669242161827e-03 -5.866411498394186359e-03
-9.844876659862670382e-03 -7.541830194785311380e-03
-1.030527260459030564e-02 -8.137341185716013073e-03
-1.056930982160561236e-02 -8.545754798400044885e-03
-1.085057188990436704e-02 -9.026846603687917192e-03
-1.119926386106939557e-02 -9.617384627166670683e-03
-3.045282932766499306e-02 -1.756229146041528646e-02
-3.169524848587777083e-02 -1.923983502208177071e-02
-3.220970020288217717e-02 -2.002282442680706001e-02
-3.250672911877478671e-02 -2.048617977684817973e-02
-3.278150128254103679e-02 -2.091666193184789704e-02
-3.379019543974495776e-02 -2.244476734457572648e-02
-3.782043716872075106e-02 -2.643995475680618532e-02
-4.322889080255104544e-02 -2.931368890251363074e-02
-4.400675128317899781e-02 -3.063288307819676815e-02
-5.330405190769578472e-02 -3.720647450870737116e-02
-5.464231155336792684e-02 -3.912330788437744927e-02
-5.548148517133783680e-02 -4.031833617822066368e-02
-5.577297029965658931e-02 -4.072529583677880066e-02
-6.458792279373831713e-02 -4.670686394167328226e-02
-6.503933043078624632e-02 -4.722157647263890146e-02
-6.542895719795331633e-02 -4.771465470588084901e-02
-6.704957558358216885e-02 -5.041265557457581814e-02
-6.745687609696825182e-02 -5.378961076864845897e-02
-6.678311899207024782e-02 -6.196755418826207368e-02
-6.878042127146480333e-02 -6.438309635414442289e-02
-7.014869951315705343e-02 -6.621859891689439725e-02
-7.034315323100673312e-02 -6.812344633202896405e-02
-6.957367075241122079e-02 -7.090574710497790645e-02
-7.221536814035266205e-02 -7.502851378992113351e-02
-7.356393378248635151e-02 -7.768065599304564695e-02
-7.315267425067543960e-02 -8.069080278921181293e-02
-7.393821520268700764e-02 -8.350980022317396056e-02
-7.596004982720368226e-02 -8.627658456535644560e-02
-7.682219206920377907e-02 -8.906788096863905990e-02
-7.672056636759537473e-02 -9.097946196928055618e-02
-7.638490219826489513e-02 -9.287861693327370549e-02
-7.606066202053150815e-02 -9.491406433960139499e-02
-7.602651718619589383e-02 -9.685914676270605816e-02
-8.374535205034853991e-02 -1.124216607828737585e-01
-8.305064972530483425e-02 -1.156274940420516928e-01
-8.253105215998356170e-02 -1.176215431174481990e-01
-8.198514008421278754e-02 -1.200460784836580308e-01
-8.540906693638981861e-02 -1.295067220174807021e-01
-8.466573655826878375e-02 -1.305604122136408418e-01
-8.399737367793989884e-02 -1.310369603793335447e-01
-8.237190160901887437e-02 -1.320629787113156983e-01
-8.048695139909746443e-02 -1.337486427170955228e-01
-7.975016147511311548e-02 -1.355642356675290927e-01
-7.947709322408678945e-02 -1.367432278235123644e-01
-7.945866737769745336e-02 -1.381520207269729128e-01
-8.173814970425742621e-02 -1.556804061715413023e-01
-8.017223522231393951e-02 -1.646108955088478598e-01
-7.804290374874989222e-02 -1.708641924824465252e-01
-7.339648648732166603e-02 -1.749388666283771543e-01
-7.347054870439653773e-02 -1.764619708526794228e-01
-7.326262243253184314e-02 -1.777650715325491682e-01
-7.256030861659137909e-02 -1.787142848482750623e-01
-7.155343392489023346e-02 -1.794894832724785172e-01
-6.661648556224167295e-02 -1.881631453092845740e-01
-6.604172185954593211e-02 -1.906397211449588902e-01
-6.424053019689260347e-02 -1.931418490242818864e-01
-5.943854375335308471e-02 -1.969162658674866728e-01
-5.742669616026740975e-02 -1.983667531825635821e-01
-5.489824635854744644e-02 -2.006634980166089044e-01
-5.393625384789293986e-02 -2.025902673010826494e-01
-5.360561917599254711e-02 -2.048725550451205579e-01
-5.175887889125528607e-02 -2.069718266705502518e-01
-4.846427864813537129e-02 -2.093384662160271414e-01
-4.735628439148340668e-02 -2.116412037595141737e-01
-4.195320848640862743e-02 -2.185181030834535965e-01
-3.304929165768551169e-02 -2.247004758616517883e-01
-2.980651463326720527e-02 -2.298273432345247225e-01
-2.524728443559891289e-02 -2.349213357500324340e-01
-2.158798666397184277e-02 -2.377372521042274145e-01
-1.827568336445660122e-02 -2.394870428488664882e-01
-1.709507696405399013e-02 -2.397894822544901494e-01
-1.484755195628191873e-02 -2.398997790074562098e-01
-9.515276930777109496e-03 -2.391232645330262085e-01
-8.154263540670562277e-03 -2.392170854775331756e-01
-4.265158610976043860e-03 -2.414530790732732635e-01
-2.825509355671128320e-03 -2.424142361734362150e-01
-1.938896404920085591e-03 -2.427676160629739510e-01
2.296853362412187675e-03 -2.422514789794074086e-01
5.613326574269950249e-03 -2.442644425064529057e-01
7.696073837935048928e-03 -2.460752073476343282e-01
1.116126191101639124e-02 -2.460444409695451695e-01
1.750911661491400678e-02 -2.448985461217957627e-01
2.064679105210152216e-02 -2.465181221692172853e-01
2.221422396065341962e-02 -2.477580370912683683e-01
2.391081282546117515e-02 -2.485783141108141581e-01
2.630047711289234744e-02 -2.486432904260113264e-01
3.951117744538931720e-02 -2.413515622689778317e-01
4.633730209618355106e-02 -2.403241821542195511e-01
5.026049503356572190e-02 -2.397510206033960922e-01
5.309558960431695618e-02 -2.392775825891327868e-01
6.374478318145646027e-02 -2.325157286279024016e-01
6.481242380429141914e-02 -2.323724428141187015e-01
6.660801730904378215e-02 -2.321051552883725000e-01
6.737874337377920686e-02 -2.323898441962968797e-01
6.856274626151459550e-02 -2.332320965567467042e-01
6.999979194957274553e-02 -2.345696703333019217e-01
7.058374585567224468e-02 -2.350921039259281919e-01
7.146555961476556973e-02 -2.356749684524823418e-01
7.570255388973934352e-02 -2.317306578830425623e-01
8.132682523801908203e-02 -2.298156673844198583e-01
8.298182465021991527e-02 -2.296614914103714544e-01
8.464994791427034315e-02 -2.294957777602402993e-01
8.838996349402650221e-02 -2.285680166177714856e-01
1.090248115603841272e-01 -2.055384785490624033e-01
1.120454671504798327e-01 -2.043350967703577437e-01
1.133978754988293619e-01 -2.043848624021577520e-01
1.171430835094878775e-01 -2.039353410630815600e-01
1.242608706978429872e-01 -1.976548333988057404e-01
1.292841127092776987e-01 -1.943233495660259824e-01
1.318866033337953159e-01 -1.907700605443754249e-01
1.335976224520328548e-01 -1.883671578732148133e-01
1.417292838978612413e-01 -1.772246328077778654e-01
1.430545653526407446e-01 -1.757346325143760712e-01
1.481884109912264269e-01 -1.710014734181058149e-01
1.480096619230412414e-01 -1.699119531532193028e-01
1.475485849972641428e-01 -1.673051114205303114e-01
1.553255656035986143e-01 -1.516723186623967767e-01
1.553841240671257340e-01 -1.508084040366497458e-01
1.553397703441248834e-01 -1.505806433988110538e-01
1.552576170318525350e-01 -1.503191960575291919e-01
1.551530678393861218e-01 -1.500662160317434157e-01
1.549853748191563907e-01 -1.497018581322171193e-01
1.547234675492731582e-01 -1.489688613918551952e-01
1.610867806700686244e-01 -1.391829302301605120e-01
1.604049314774617097e-01 -1.387395574827691991e-01
1.600145655849436743e-01 -1.384746553576912675e-01
1.596949512723408737e-01 -1.382450122851175411e-01
1.592962063181714016e-01 -1.379313167442873522e-01
1.580344446218367171e-01 -1.362233672275081353e-01
1.574091229274114101e-01 -1.338542853037351932e-01
1.574749415607129832e-01 -1.323461966241503418e-01
1.583440589285625977e-01 -1.303619852221623854e-01
1.604861736525844407e-01 -1.273911745201638246e-01
1.608554758029320519e-01 -1.211880775923103448e-01
1.618303946773063939e-01 -1.193042351212242058e-01
1.641483951825548071e-01 -1.105785479800407145e-01
1.635807946533571477e-01 -1.076485064030560518e-01
1.621960812613636449e-01 -1.006789573684303968e-01
1.617946683171486988e-01 -9.757186563650335764e-02
1.624825703798675469e-01 -9.409359792901522690e-02
1.653418062866342242e-01 -9.077262618335586730e-02
1.650516070954865522e-01 -8.640220678959464884e-02
1.631418374425778750e-01 -7.286236676416983638e-02
1.604842671363454210e-01 -5.829854218650184355e-02
1.576698171400595094e-01 -5.353821766525589804e-02
1.548982391317692275e-01 -5.067571284330026071e-02
1.518252227176926650e-01 -3.704424113455635770e-02
1.476743644293907753e-01 -3.739975314716947885e-02
1.453629247733888574e-01 -3.597837560066843854e-02
1.446405974029702224e-01 -3.543739811237414661e-02
1.438383488639509988e-01 -3.493879197925443131e-02
1.429714502347915750e-01 -2.556630789117547015e-02
1.417172457055504708e-01 -2.471038076539662509e-02
1.411682827528441819e-01 -2.425763257100912312e-02
1.405549020044613850e-01 -2.357581812391830456e-02
1.377948724307687112e-01 -1.878570514942147496e-02
1.342018567320896472e-01 -1.856226917769966678e-02
1.322944494340745070e-01 -1.754477690232551443e-02
1.307442664464691373e-01 -1.656600402978952377e-02
1.286930730436198489e-01 -1.515833188870250627e-02
1.271804624843373976e-01 -1.407523477288954820e-02
1.226732979658180650e-01 -1.075907348944579733e-02
1.157400860321087660e-01 -5.712703630676160133e-03
1.088713402954614995e-01 -2.963828512430664256e-03
1.029886553161920015e-01 -9.914283230673297601e-04
1.004486366792492341e-01 1.156234111654794909e-03
9.903225160238159075e-02 2.472981872398790758e-03
9.715203175673912950e-02 3.961104757584617449e-03
9.253410122171137897e-02 4.729136588531250747e-03
8.300061461936604490e-02 2.798589713938376931e-03
8.048153261071366860e-02 2.908501413762213262e-03
7.778174120026273841e-02 4.573022835472406906e-03
6.859720244536390843e-02 2.358400231992677752e-03
6.558497121806491914e-02 4.542274838781431255e-03
6.523938041695277745e-02 4.706751028005573025e-03
6.438585191214629688e-02 4.977507786265058208e-03
5.468883476443486824e-02 -8.038524739615149741e-04
5.254979845674438710e-02 7.176003200263540369e-04
5.099915398967209967e-02 2.044315099162586236e-03
4.815540087882388964e-02 4.516070926471297750e-03
4.761560472638889235e-02 4.955504701195496964e-03
4.662259833778812507e-02 5.703151550809700855e-03
4.039080271317283671e-02 1.833170810974273264e-03
3.824165518832151056e-02 2.720479489632576710e-03
3.741175455657727578e-02 3.487854039605324530e-03
3.494606506265161144e-02 4.819336329054101260e-03
2.706197881247989628e-02 4.352336970634020259e-03
1.277958090385118012e-02 -3.163050815531806299e-03
1.115877786113628201e-02 -3.378761408532151775e-03
9.620866932663535431e-03 -3.541951949551849256e-03
8.118249791698188902e-03 -3.726013552001464311e-03
5.101143713299749818e-03 -3.841306207210841428e-03
2.654162687654722935e-03 -1.932899074594119802e-03
