-1.876760015700533425e-03 -1.373416544026070246e-02
-3.224801258062516898e-03 -1.479599492548758742e-02
-4.459618831753103287e-03 -1.569174435531568712e-02
-4.470616614561941440e-03 -1.569955639658892829e-02
-4.531231845127186263e-03 -1.574258551712351059e-02
-5.352804997132840775e-03 -1.632433903831162492e-02
-1.901772665817115168e-02 -2.217213655073518169e-02
-1.902104922845932952e-02 -2.217497030481544243e-02
-1.902365936465965149e-02 -2.217719947790588661e-02
-1.902691338165487037e-02 -2.217998214847052840e-02
-1.903502369234268826e-02 -2.218693394108220071e-02
-1.905897208157591310e-02 -2.220757461077174644e-02
-1.907495145094696004e-02 -2.222141693100945434e-02
-1.907568346234717743e-02 -2.222205201351119472e-02
-1.907600462967651983e-02 -2.222233067626939312e-02
-3.764850651816677857e-02 -3.153956238791433275e-02
-3.662537443163645795e-02 -3.628768851145988683e-02
-3.671577198853578916e-02 -3.785701238900141680e-02
-3.686656243897790813e-02 -3.881460672884446544e-02
-3.660129291261165346e-02 -3.965226012019091445e-02
-3.654775870764916113e-02 -3.974366775283413172e-02
-3.617482400640831264e-02 -4.038762807894012014e-02
-3.596315276117207499e-02 -4.100088471663961009e-02
-3.591671407494517049e-02 -4.137734651976376216e-02
-3.595459610430707525e-02 -4.197966059399211441e-02
-3.599805753825369159e-02 -4.218501941651160020e-02
-3.604917628826389414e-02 -4.236508360722968103e-02
-3.610453385003106752e-02 -4.252367566386148351e-02
-3.617900697644865077e-02 -4.270261152386097686e-02
-3.634267186522851384e-02 -4.301745149398183282e-02
-3.644933143126437292e-02 -4.318717783381036124e-02
-3.666250195086054320e-02 -4.347496116427071455e-02
-3.682724650088971263e-02 -4.366471848270640777e-02
-3.691131450339159292e-02 -4.375369500293938702e-02
-3.692507880134848763e-02 -4.376784161646380539e-02
-3.729529025081431554e-02 -4.411343383018383191e-02
-3.729663234699983482e-02 -4.411458403887329877e-02
-3.730417435165560291e-02 -4.412103594007587420e-02
-4.442607989705796290e-02 -5.223372889164680510e-02
-4.250021688338098680e-02 -5.678732431370056566e-02
-4.185537752083427071e-02 -5.891347205884425037e-02
-4.146756105333106179e-02 -6.048520159631212006e-02
-3.994417269577855284e-02 -6.434287940872615574e-02
-3.900431812104943746e-02 -6.614489311213085643e-02
-4.183554431477702618e-02 -7.296025862810949503e-02
-3.744560650525342177e-02 -7.305531649539705186e-02
-3.572081873948615427e-02 -7.550546386884926520e-02
-3.221174812328803094e-02 -8.085723550230848600e-02
-2.871602438300635551e-02 -8.654115524878193411e-02
-2.700390609887842047e-02 -8.951370111367561166e-02
-2.532409614300981313e-02 -9.275357596413837113e-02
-2.284051733110609508e-02 -1.084685235557565075e-01
-1.936494963389696206e-02 -1.154064626258532733e-01
-1.265002046583641598e-02 -1.215147137952455603e-01
-1.058884040327610736e-02 -1.334267022558318083e-01
-1.220051815379505876e-02 -1.392005712181429711e-01
-1.313019804242902128e-02 -1.406778871075054782e-01
-1.271435317397313913e-02 -1.410447263841305698e-01
-1.128739648621892612e-02 -1.416832629521923570e-01
7.988854126142364009e-03 -1.639035827862051764e-01
9.419092864843254739e-03 -1.665649249358862327e-01
1.026114987457845719e-02 -1.676930304616491008e-01
1.282902671947324519e-02 -1.683412045300562709e-01
1.368784319361007230e-02 -1.693459833018663430e-01
1.514112850050887242e-02 -1.716181564624391087e-01
1.625693219207306750e-02 -1.734295496951007154e-01
1.839072533953389071e-02 -1.753974845105283342e-01
2.140404336061694016e-02 -1.783744938925998225e-01
2.411701018481243047e-02 -1.822587870441179925e-01
2.566295624274362447e-02 -1.845569617716579236e-01
2.898472609925422869e-02 -1.893826215753146025e-01
3.250824936494515344e-02 -1.939627300784600161e-01
3.541290825769487227e-02 -1.963799126910612813e-01
3.808815483049096673e-02 -1.996340771276215731e-01
4.129763479750868382e-02 -2.017966486110336910e-01
4.410947276885488627e-02 -2.021871330188562133e-01
4.449366912801388380e-02 -2.021344492850977170e-01
4.551062310091925217e-02 -2.012010978697858221e-01
5.085146594917745733e-02 -2.018486147821349497e-01
5.274657532487606743e-02 -2.023509352622057111e-01
5.729025109053013931e-02 -2.049053802115932132e-01
6.070839187064262094e-02 -2.075226538569688028e-01
6.140246406015268527e-02 -2.084410558500461585e-01
6.188483326719856903e-02 -2.091287753055638965e-01
6.240707665062073667e-02 -2.099199225411995384e-01
6.305142823540063612e-02 -2.109716629367515972e-01
6.356446943749721745e-02 -2.118872384113325291e-01
6.444043372836744110e-02 -2.137290299121790971e-01
6.542421853328921066e-02 -2.169709536544597861e-01
6.577943973464434047e-02 -2.190205247858154347e-01
7.272193311523003634e-02 -2.135349180206614073e-01
7.838166666295443008e-02 -2.077639785953198925e-01
8.950317504263274881e-02 -1.959784616571942917e-01
8.964882551125706589e-02 -1.958656868417864017e-01
1.206679537720951045e-01 -1.586543892966639779e-01
1.230476952766077908e-01 -1.575606993160314218e-01
1.272898008512624857e-01 -1.562533371675574878e-01
1.283517588250459029e-01 -1.562202029632160372e-01
1.289370274473466693e-01 -1.563031290577943377e-01
1.296318127411996979e-01 -1.565487220599617313e-01
1.300197691998560001e-01 -1.567962947021314668e-01
1.308291611046780989e-01 -1.581008097103429322e-01
1.311705135354363227e-01 -1.589482762915549185e-01
1.316386987975026457e-01 -1.592526012788398337e-01
1.325001889709209457e-01 -1.596368279497904497e-01
1.339156022997408935e-01 -1.601569549859769293e-01
1.349430007316328728e-01 -1.604924015931685488e-01
1.360157620487139063e-01 -1.608104408677176744e-01
1.376457902455509863e-01 -1.612248067283415520e-01
1.386873302199931324e-01 -1.614345811149584253e-01
1.393965289839903532e-01 -1.615435219053336369e-01
1.400931082932837246e-01 -1.616131205797494141e-01
1.430956666886321615e-01 -1.607540438431444840e-01
1.470245058226445634e-01 -1.598496065430819735e-01
1.471697554424415688e-01 -1.571017199862225489e-01
1.492758479748508005e-01 -1.512242773413956520e-01
1.501457085954069903e-01 -1.499023264640579889e-01
1.521735003894390537e-01 -1.442705619845183751e-01
1.541927401758118321e-01 -1.410350069172328080e-01
1.543326403956452042e-01 -1.403263090532326229e-01
1.543353123617579314e-01 -1.403125651678961694e-01
1.544472732328261710e-01 -1.397408768514189770e-01
1.547267884266843863e-01 -1.384636479159226108e-01
1.548243426088884434e-01 -1.380975577731118065e-01
1.548260550121564327e-01 -1.380915438033066267e-01
1.692331586233988827e-01 -1.040187573723187070e-01
1.681423301345428001e-01 -1.024309464932298824e-01
1.672974571277996703e-01 -1.011407765958057814e-01
1.650542263113857766e-01 -9.744390446615841528e-02
1.634511355066643468e-01 -9.451967672699247702e-02
1.631970999239002185e-01 -9.402533714725551384e-02
1.623191526031188825e-01 -9.220621085762498170e-02
1.642768457527677139e-01 -8.255971044937700232e-02
1.633572525232911410e-01 -8.167317708999854986e-02
1.587905914361247006e-01 -7.473096894479092089e-02
1.566548845710256932e-01 -6.721005801321747186e-02
1.552586412839019603e-01 -6.432683920476990613e-02
1.542088345168518559e-01 -6.110619026941659787e-02
1.540964589514933758e-01 -6.031233556397377904e-02
1.537767749935225470e-01 -5.679945296837599078e-02
1.536690807380874380e-01 -5.545225085587596192e-02
1.564959368027441788e-01 -4.845504258461974523e-02
1.524836311955575230e-01 -4.647341861472222696e-02
1.469626725728027661e-01 -4.507638268797038716e-02
1.455021645637098460e-01 -4.373541291116515850e-02
1.453778943851115613e-01 -4.360011603382883683e-02
1.453429451690870788e-01 -4.356169472432164236e-02
1.453349242347054260e-01 -4.355285566913176531e-02
1.451559730157324091e-01 -4.335382170737674123e-02
1.446713297218275296e-01 -4.280866207364379672e-02
1.421301056062297952e-01 -4.183192653979241060e-02
1.384467904170720853e-01 -4.183995958197432585e-02
1.351413132493758662e-01 -4.007266588655732792e-02
1.311909135087914180e-01 -3.839198567641759902e-02
1.262035521299461893e-01 -3.790067910038703858e-02
1.259494850605993310e-01 -3.758677857487736224e-02
1.224855257116591878e-01 -3.768049147460251352e-02
1.172804943741837524e-01 -3.471872829986453329e-02
1.142606473296753355e-01 -3.206383531118119773e-02
1.110995420045407522e-01 -2.655713150640569634e-02
1.090694264338705061e-01 -2.619144011534809205e-02
1.070947182968176453e-01 -2.576165144793552200e-02
1.051218333728967669e-01 -2.536735592631667729e-02
1.046289153105503383e-01 -2.529132905624929123e-02
1.021338982609559243e-01 -2.519448250208300433e-02
9.956916803751876544e-02 -2.536129397972414559e-02
9.770880831753631091e-02 -2.519700250588560037e-02
9.043523320248114672e-02 -2.182617972743677165e-02
8.214066113451660989e-02 -1.864179925566958676e-02
8.028092799631995902e-02 -1.606736050005237726e-02
7.710606654093341006e-02 -1.448696743401830037e-02
7.606399019305352949e-02 -1.291810022435658893e-02
7.502709350208494610e-02 -1.033329045905589418e-02
7.445554152005331994e-02 -7.320925056232053564e-03
7.230912094497940479e-02 -7.696127522264189016e-03
7.019912451765018824e-02 -6.302101102941677808e-03
6.967409493868889636e-02 -5.737969958022428631e-03
6.600368397539423115e-02 8.360096785503647390e-04
6.574443090773235410e-02 1.959583754444494709e-03
6.329798202795808293e-02 7.888811078445813127e-03
6.307786128790816849e-02 8.456838851579107086e-03
5.898177894752550110e-02 9.529964353871550262e-03
5.194891490094077219e-02 8.775843853324966429e-03
4.917193555604321142e-02 1.041618894806181812e-02
4.789015981679890094e-02 1.213778767702102836e-02
4.550216284705684011e-02 1.588634845937331175e-02
4.513408718394119890e-02 1.638807319334256371e-02
4.440279820928542953e-02 1.718809030560058959e-02
4.280842538395699531e-02 1.770187204045003959e-02
4.153335660696399340e-02 1.811503170178104666e-02
4.122227368333176295e-02 1.847552736170447740e-02
4.067570463161750138e-02 1.933355221993329764e-02
4.039031089356901610e-02 1.987197639576286298e-02
4.023312924503587990e-02 2.018899094634803854e-02
3.992404031473375386e-02 2.084297114637590279e-02
3.969065796015296826e-02 2.134916280201920938e-02
3.949636694203680770e-02 2.175263877690605113e-02
1.718213885769365092e-03 1.050109890571739859e-03
1.718213885769365092e-03 1.050109890571739859e-03
