-3.434380026897481536e-03 -1.170020998873421607e-03
-5.503440135097113252e-03 -2.310595663672351807e-03
-5.750743735155577040e-03 -2.570081488146395369e-03
-6.331959473785789966e-03 -3.182483490759481070e-03
-7.080672632975544036e-03 -3.925712168808871000e-03
-7.364149348529614413e-03 -4.183556289188367430e-03
-7.969194305226289313e-03 -4.699051448433486620e-03
-1.988416497865648155e-02 -3.040133713460849846e-03
-2.020274193337179280e-02 -3.273154831875596093e-03
-2.033400568386796101e-02 -3.342967274356040564e-03
-2.202472325582691126e-02 -3.580409594722402510e-03
-2.530707558636883722e-02 -3.854586745994436053e-03
-2.925504664922543366e-02 -3.629594932950965924e-03
-3.323414880275211980e-02 -3.070542002995952334e-03
-3.774446975915676794e-02 -6.420176261538396503e-03
-4.027999934101263863e-02 -1.170600033251100250e-02
-4.131562078694369505e-02 -1.655482775169507537e-02
-4.217162146478851265e-02 -2.173324119445629865e-02
-4.163480625406714569e-02 -2.705939843474369777e-02
-4.216306214433465649e-02 -3.200216518927382486e-02
-4.142380387322638219e-02 -3.828072897370208422e-02
-4.201538217079393150e-02 -4.111419744278765886e-02
-4.245583056221180485e-02 -4.319929815249045485e-02
-4.128780963081635225e-02 -5.163583581700943032e-02
-4.063255857005512034e-02 -5.899327814056970487e-02
-4.089915708556239593e-02 -6.135572320275943514e-02
-4.126222613983174248e-02 -6.398066688205260311e-02
-4.170568710731099860e-02 -6.661620441963994610e-02
-4.303646909607192206e-02 -7.190514334258309159e-02
-4.609441165184498257e-02 -7.679073454630060136e-02
-4.683500984967358532e-02 -7.843958105262864577e-02
-4.816044596549024642e-02 -8.155664998715288216e-02
-5.872840657293766642e-02 -9.157119812655918623e-02
-7.150772920870729354e-02 -9.870167824456217709e-02
-7.269287059610436696e-02 -9.978209651876333852e-02
-7.782009006450271715e-02 -1.053670993670344919e-01
-8.617933175856580530e-02 -1.140879809829869751e-01
-9.025353984743526847e-02 -1.179094138750694104e-01
-9.350011294059773492e-02 -1.199364479832066843e-01
-9.498557675672135436e-02 -1.214138535301877847e-01
-9.566983543942676749e-02 -1.225382880742279523e-01
-9.623845424244335811e-02 -1.231798650152867436e-01
-9.666385085436077218e-02 -1.237303484603679837e-01
-9.691026268836641644e-02 -1.241095617899578979e-01
-9.726251882503696156e-02 -1.246847958277928631e-01
-1.035539092156863572e-01 -1.255762085118305726e-01
-1.045420388286066316e-01 -1.286640406821321636e-01
-1.057744371681081791e-01 -1.323733106410758809e-01
-1.177311085034140892e-01 -1.385384253050612746e-01
-1.243422835309217211e-01 -1.410000679015598612e-01
-1.249821355974844311e-01 -1.434523880110552541e-01
-1.266426309678366779e-01 -1.465554188911994404e-01
-1.325469448733659350e-01 -1.485216404875972229e-01
-1.326475845002396681e-01 -1.491361563336700835e-01
-1.330017510808411685e-01 -1.497551942238675993e-01
-1.342419787201004633e-01 -1.508458029021117752e-01
-1.353642340126551824e-01 -1.516302838720783308e-01
-1.360112041554832896e-01 -1.520853094781698944e-01
-1.381433644255937176e-01 -1.538559430078706991e-01
-1.386159456968432679e-01 -1.672554031338799874e-01
-1.383169427694038722e-01 -1.684209914372817585e-01
-1.383155846404222067e-01 -1.684362814728568580e-01
-1.383045881399041499e-01 -1.686961566566983484e-01
-1.383064249974855220e-01 -1.687834293629438820e-01
-1.383074074302313439e-01 -1.688062978903302480e-01
-1.383086881597088702e-01 -1.688306081420095917e-01
-1.241309406945339117e-01 -1.992553550651889327e-01
-1.242035830483860237e-01 -1.994013364222609330e-01
-1.244826773094767497e-01 -2.000030085795653778e-01
-1.247043960708197619e-01 -2.005269715225796445e-01
-1.250924163395875643e-01 -2.015522786271125577e-01
-1.221116301671853199e-01 -2.076219828728529948e-01
-1.181930758515584434e-01 -2.116762869876807063e-01
-1.108296116205613469e-01 -2.098182299451308852e-01
-1.085491698053382276e-01 -2.101545883701494977e-01
-1.075731716844511021e-01 -2.102766704679570331e-01
-9.865969448070144310e-02 -2.043727962658397068e-01
-9.544200759678213297e-02 -2.031640370209551461e-01
-9.510670636214929585e-02 -2.031194884067766548e-01
-9.502795515997707054e-02 -2.031078703823390175e-01
-9.501984202118141098e-02 -2.031066435103440482e-01
-9.485374478862393377e-02 -2.030801713540360820e-01
-9.450719649964045566e-02 -2.030152444024298231e-01
-8.662337305997877546e-02 -1.994686005234755644e-01
-7.140375252912681270e-02 -1.893178652941409357e-01
-7.129231168231889293e-02 -1.893446669145350814e-01
-7.126661555360094824e-02 -1.893508969582090307e-01
-7.124073777821854359e-02 -1.893571890091963472e-01
-7.119421823188049059e-02 -1.893685438172873492e-01
-7.098902440971369132e-02 -1.894192348607808829e-01
-5.507497870783254618e-02 -1.719967173652967862e-01
-4.675233333338461167e-02 -1.703613894672407481e-01
-4.598172575640374626e-02 -1.703230879218635418e-01
-4.591951518237456092e-02 -1.703233575584879311e-01
-4.591396271330858841e-02 -1.703233970648947437e-01
-4.183046231466250320e-02 -1.689692348344739858e-01
-3.257479735238692081e-02 -1.695069974970004889e-01
-2.748242603120198968e-02 -1.711376355201806310e-01
-2.489922047301770455e-02 -1.748260048031915481e-01
-2.277743681456024724e-02 -1.746195894210349486e-01
-2.155162485745238526e-02 -1.748816677498639671e-01
-2.087316458616959511e-02 -1.750551821667279129e-01
-1.982147855979773943e-02 -1.753367257673753843e-01
-1.795461631439159572e-02 -1.757857372575243327e-01
-1.630433401657403053e-02 -1.742599422598191672e-01
-1.405203350647615812e-02 -1.726480810767141438e-01
-5.688126694953325735e-03 -1.721403553052651136e-01
3.993468888720620551e-03 -1.722136486631059837e-01
7.585508459081970710e-03 -1.716940206432625016e-01
1.033963185175307276e-02 -1.719162507388163896e-01
1.314014856417609380e-02 -1.723764387176423829e-01
1.556008115227749955e-02 -1.704259697017578290e-01
1.827064294224438334e-02 -1.695695585961338181e-01
2.595835070797861133e-02 -1.701096241463504466e-01
3.483588457395855181e-02 -1.702655003458565242e-01
3.981234294160502368e-02 -1.736985885750598202e-01
4.049997440120098324e-02 -1.738760246153055189e-01
4.549422243933615856e-02 -1.762656513566351058e-01
4.820262598188945757e-02 -1.754424486977532449e-01
5.086962597373460848e-02 -1.717915852422046696e-01
5.304449073239211887e-02 -1.702565023422349666e-01
5.379383881707239246e-02 -1.699058643835172633e-01
5.706423828111441277e-02 -1.684956426495093640e-01
5.983771529114084026e-02 -1.651878479185112658e-01
6.096950677404846392e-02 -1.652415992821910928e-01
6.309123365951486984e-02 -1.640050902358671792e-01
6.695684239286621431e-02 -1.561720525201988341e-01
7.315884662612408273e-02 -1.542756978866451911e-01
7.930331579647730000e-02 -1.466189695880488197e-01
8.486483665175519053e-02 -1.425655094923328481e-01
8.689067565966288043e-02 -1.401648912127863300e-01
9.111108621711037914e-02 -1.370873401902613642e-01
9.111624766515361018e-02 -1.370796290181378052e-01
9.112006628596319713e-02 -1.370739115229644978e-01
9.112141242491825222e-02 -1.370718934887768525e-01
9.112486893722249182e-02 -1.370667058152597595e-01
9.112621444097555867e-02 -1.370646841415711359e-01
9.115122678431217262e-02 -1.370268776042767034e-01
9.150094018348617353e-02 -1.364885680797909007e-01
9.191542858290278895e-02 -1.359933533678234219e-01
9.969153583567094690e-02 -1.336602738730160445e-01
1.019623982452547012e-01 -1.310991569462321704e-01
1.022280228892493287e-01 -1.293905315203161266e-01
1.062179825331516780e-01 -1.259912728574024143e-01
1.173859690559046209e-01 -1.227603303827737996e-01
1.255454973931654505e-01 -1.184817397663452121e-01
1.332748592031246515e-01 -1.166854202642701316e-01
1.333172725036629591e-01 -1.165403858836000783e-01
1.392842584522428484e-01 -1.145375849901359433e-01
1.426411935280706422e-01 -1.115120268984503560e-01
1.449318116918983934e-01 -1.084245309640742561e-01
1.469254960554699507e-01 -1.058262398040643731e-01
1.469260216795398588e-01 -1.058256210607574632e-01
1.469264978008182898e-01 -1.058250606528050308e-01
1.470541661680228596e-01 -1.056770370590263963e-01
1.479212886439028873e-01 -1.013780213620931597e-01
1.382383914126485147e-01 -9.665442652116169875e-02
1.163779976802901128e-01 -1.033659141875395843e-01
9.092047124461213881e-02 -9.578414394033261947e-02
9.067372270125143019e-02 -9.562443876919693442e-02
9.060724583396302656e-02 -9.558439178461158869e-02
9.058835184312924449e-02 -9.557322025856232472e-02
9.058269592191203756e-02 -9.556989375622260141e-02
9.056166810951428447e-02 -9.555759701973168263e-02
9.055945134974664745e-02 -9.555630713437546220e-02
9.055831937824203315e-02 -9.555564893509747859e-02
8.429251823945219102e-02 -9.274483291315130384e-02
8.206490284074943742e-02 -8.850087099798757684e-02
8.209791428725751739e-02 -8.763465234056810882e-02
8.215597497782535508e-02 -8.662302459094818607e-02
8.102796512656763872e-02 -8.435711067280685094e-02
7.969791311520316168e-02 -8.267184510168217038e-02
7.995884187995552783e-02 -8.065933451739899784e-02
7.887857959489234794e-02 -7.975455441364340259e-02
7.783334663844815315e-02 -7.931406966196478947e-02
7.556494858532257497e-02 -7.631600011250452842e-02
6.850497263075953913e-02 -7.301755551670453814e-02
6.792032324619187711e-02 -7.269810561950029726e-02
6.641116841493323320e-02 -7.178716988084307693e-02
6.114095544858317438e-02 -6.906822900215675576e-02
5.936430367293275834e-02 -6.597287370436745457e-02
5.734603371719979026e-02 -6.234546497669131437e-02
4.875415731687929993e-02 -5.553501610496949098e-02
3.276798360759953371e-02 -4.861279686159496877e-02
2.834902175861961707e-02 -4.677208678589356988e-02
2.486290026157339864e-02 -4.490807854067279531e-02
2.011333025639458830e-02 -4.288264487936918612e-02
1.788271514379565982e-02 -4.103443818549744326e-02
1.750917214570577723e-02 -3.946754241326888568e-02
1.270715355988005606e-02 -3.609848832558160137e-02
1.171741719856370101e-02 -2.928319826955178007e-02
1.099717915387353473e-02 -2.030717092056117876e-02
1.083529922366196184e-02 -1.159573376544260209e-02
1.019558929994039860e-02 -8.226153928571918947e-03
9.315510706204515809e-03 -8.026656267285096902e-03
8.119462775616006350e-03 -7.150988016384974590e-03
6.629649791080352746e-03 -5.220001612967486819e-03
5.018749043821793716e-03 -3.899935227669738737e-03
1.951124182220828097e-03 -2.607440616258092664e-03
