-1.740478313918564484e-03 -3.830621514136258506e-03
-2.699820847206429921e-03 -5.409050815222218173e-03
-4.213054404999793182e-03 -1.361845588193525726e-02
-3.299934751743732395e-03 -1.520910430271021734e-02
-2.626348280595524384e-03 -1.726629054012611408e-02
-2.199745741117035275e-03 -2.029870949992263959e-02
-5.896309639259860076e-03 -2.909079820462178237e-02
-5.411495923642828561e-03 -3.104035567781335964e-02
-1.271389187670296343e-02 -4.057007672230814044e-02
-1.244409731184185214e-02 -4.102664084002204808e-02
-1.226073907054472077e-02 -4.144406873451292328e-02
-1.192096785525681088e-02 -4.278501331690021114e-02
-1.191791463066538791e-02 -4.280333902478649505e-02
-1.191724083237546625e-02 -4.280740408540017333e-02
-1.190853170601888916e-02 -4.286062768961761832e-02
-2.866004077103018535e-02 -5.228094577306472562e-02
-2.866217265232097813e-02 -5.229299643447513773e-02
-2.866313705047533397e-02 -5.229834842100628683e-02
-2.866421031189126875e-02 -5.230423480326969882e-02
-2.866562979750482409e-02 -5.231191101444129798e-02
-2.866875677712499640e-02 -5.232840557404183635e-02
-2.868191001203826418e-02 -5.239241729599488501e-02
-2.895797138817129968e-02 -5.308841498136256803e-02
-3.268465573567889276e-02 -5.494108953192400335e-02
-3.047741525701902487e-02 -6.045701095299070571e-02
-3.000638385790767651e-02 -6.132313085802795771e-02
-2.985698583505230416e-02 -6.191003248608048515e-02
-2.840325870687377893e-02 -6.433234696213277481e-02
-2.102094252164288940e-02 -7.286697686486495740e-02
-2.122248720662094773e-02 -7.601597355683573087e-02
-2.145698947100132745e-02 -7.804450463014542261e-02
-2.186550374698973190e-02 -8.200730825870997109e-02
-2.170185591816262832e-02 -8.495877023627947111e-02
-2.117236273585145975e-02 -8.659865021003405883e-02
-5.194344700473650048e-04 -8.921677617199612331e-02
2.864803654113402191e-04 -9.005270932819971208e-02
4.941293919473725704e-03 -9.206455736689010683e-02
5.407360339796311692e-03 -9.275355812492516727e-02
6.310121289822272217e-03 -9.393228248062508723e-02
7.096001791725932428e-03 -9.496156992488112569e-02
1.555077160008522426e-02 -1.000011545824714410e-01
1.626660140946947428e-02 -1.006163036846200315e-01
1.707870658912365863e-02 -1.021111633753592762e-01
1.829318001787207798e-02 -1.046383580497398241e-01
1.891593763069822354e-02 -1.058044832863763440e-01
1.937400888827379986e-02 -1.064708222701029744e-01
2.043615415591949411e-02 -1.074170755245513059e-01
2.220113297307730812e-02 -1.100183030208047447e-01
1.176254987228536261e-02 -1.263752350411649350e-01
1.176254873962858868e-02 -1.263752345422652079e-01
1.176254693249807748e-02 -1.263752337462792918e-01
1.176254230385947314e-02 -1.263752317074952891e-01
1.176253533961269838e-02 -1.263752286399156544e-01
1.176253059774858521e-02 -1.263752265512228246e-01
1.176252684073152144e-02 -1.263752248963242175e-01
1.176225137333289199e-02 -1.263751035326838856e-01
1.176225133518640602e-02 -1.263751035158740821e-01
1.176213413087227183e-02 -1.263750518636785614e-01
1.176206988662920581e-02 -1.263750235472826389e-01
1.176206634524613014e-02 -1.263750219862982971e-01
5.773438657780019349e-04 -1.198751734525407842e-01
5.773438657660438355e-04 -1.198751734525295848e-01
5.767350026531129588e-04 -1.198746025649264774e-01
5.767322906785383617e-04 -1.198746000217356805e-01
5.767287040517386602e-04 -1.198745966583229655e-01
5.767246772034369121e-04 -1.198745928820792311e-01
5.767217090426709136e-04 -1.198745900986326884e-01
5.767197776705770829e-04 -1.198745882874514418e-01
5.767182093523161258e-04 -1.198745868167296752e-01
5.767172552779879042e-04 -1.198745859220269050e-01
5.765176666008020329e-04 -1.198743987448306625e-01
5.765166392484859671e-04 -1.198743977813191558e-01
5.765152100130868824e-04 -1.198743964408972434e-01
5.765103658815251856e-04 -1.198743918977760031e-01
5.764927663342480756e-04 -1.198743753917629329e-01
5.764923085101668039e-04 -1.198743749623835814e-01
5.764734963112938017e-04 -1.198743573189113704e-01
5.764657391056527292e-04 -1.198743500435844461e-01
5.764613897693471236e-04 -1.198743459644179277e-01
5.764579527344897711e-04 -1.198743427408771184e-01
5.764559876675928079e-04 -1.198743408978695107e-01
5.764545583502721660e-04 -1.198743395573325377e-01
5.764521119601921781e-04 -1.198743372628950227e-01
5.764496844844214365e-04 -1.198743349861943613e-01
5.764480587091488917e-04 -1.198743334613976141e-01
5.764449231490859950e-04 -1.198743305205870330e-01
5.764424206418887605e-04 -1.198743281735073357e-01
5.764399116866046700e-04 -1.198743258203772422e-01
5.764382693262724107e-04 -1.198743242800184849e-01
5.764367781238732185e-04 -1.198743228814286993e-01
5.764344266690068922e-04 -1.198743206760112950e-01
5.764260226532026644e-04 -1.198743127939082553e-01
5.764164249161870396e-04 -1.198743037921793236e-01
5.764140103541751190e-04 -1.198743015275523655e-01
5.764115475892730598e-04 -1.198742992177130873e-01
5.764080069012181371e-04 -1.198742958968796873e-01
5.763888548232300483e-04 -1.198742779339306563e-01
5.763862228059576237e-04 -1.198742754653194520e-01
5.763748373754438818e-04 -1.198742647867064581e-01
5.763720998904770920e-04 -1.198742622191584506e-01
5.763607087403132276e-04 -1.198742515351099575e-01
5.763572370200413953e-04 -1.198742482788841407e-01
5.763423528404709034e-04 -1.198742343185258685e-01
5.763342846202557102e-04 -1.198742267510377185e-01
5.763308534613836029e-04 -1.198742235328156824e-01
5.763252443347702259e-04 -1.198742182717788124e-01
5.763185270246465059e-04 -1.198742119713115534e-01
5.763146504474565010e-04 -1.198742083352864335e-01
5.763123907281132155e-04 -1.198742062157857058e-01
5.763080705507905637e-04 -1.198742021636749061e-01
5.763016998707573601e-04 -1.198741961882798523e-01
5.762985015401651291e-04 -1.198741931883910428e-01
5.762964512353235336e-04 -1.198741912652958597e-01
5.762940492876384053e-04 -1.198741890123729142e-01
5.762911750085530482e-04 -1.198741863164201893e-01
5.762898679619956905e-04 -1.198741850904643941e-01
5.762883074948367719e-04 -1.198741836268095023e-01
5.762847700740519842e-04 -1.198741803088483465e-01
5.762596955595371316e-04 -1.198741567897847055e-01
5.760508379684550848e-04 -1.198739608775153120e-01
5.751034184934273978e-04 -1.198730719389762972e-01
5.736526321613688410e-04 -1.198717099364525890e-01
5.723571624514970334e-04 -1.198704929588502305e-01
5.705090085242708843e-04 -1.198687554965980895e-01
5.692006377678049964e-04 -1.198675245713455989e-01
5.672365947467170868e-04 -1.198656753545596643e-01
5.623043888477401555e-04 -1.198610239115362186e-01
5.610846073715005300e-04 -1.198598718840226118e-01
5.583037036546626515e-04 -1.198572429459898447e-01
5.505808549333752371e-04 -1.198499237840608689e-01
5.484893592663860496e-04 -1.198479369493212626e-01
5.472137573469292634e-04 -1.198467241992294957e-01
5.461979239209301075e-04 -1.198457578856960692e-01
5.454086343768555639e-04 -1.198450067460786472e-01
5.445278132646687698e-04 -1.198441681616369686e-01
5.435317589670655026e-04 -1.198432194403580980e-01
5.430111827433823117e-04 -1.198427234207177505e-01
5.421073563462055871e-04 -1.198418619333374291e-01
1.153694052188646985e-01 -1.285065223430081893e-01
1.215716886272535657e-01 -1.096215375520231544e-01
1.250265800212351230e-01 -1.013319510389970174e-01
1.293619157936922170e-01 -9.569404918334735444e-02
1.133273896391109870e-01 -8.770149918135432265e-02
1.093063834763944447e-01 -8.301083994051207393e-02
1.111345852324578110e-01 -7.557310791891955204e-02
1.113655001956492807e-01 -6.617118585430505073e-02
1.119449777303981597e-01 -6.179469161513506670e-02
1.128460856181951605e-01 -5.420576091801099922e-02
1.174744856037327617e-01 -3.646899574560847485e-02
1.207118204336356804e-01 -3.536610835489469723e-02
1.035382795250579385e-01 -4.754747564269117682e-02
1.033523423691054405e-01 -4.728139004548924385e-02
1.032827673228245979e-01 -4.717353898177729238e-02
1.032573226491298873e-01 -4.713293190090921125e-02
1.032240428223783479e-01 -4.707886987694473446e-02
1.031641106361887300e-01 -4.697877769684796062e-02
8.954977048628436076e-02 -7.061415376653011611e-02
8.952291492999547851e-02 -7.062087324313048864e-02
8.794766412420969293e-02 -7.556108426224862618e-02
8.624346845743710577e-02 -7.660991623157162311e-02
7.709308705791897975e-02 -8.238378784477753958e-02
7.661744665118094821e-02 -8.213705632384932231e-02
7.603105649970789970e-02 -8.182279949965452770e-02
7.581309242192267595e-02 -8.171404380231449271e-02
7.540009618324106100e-02 -8.153249393410411106e-02
7.458474728809608156e-02 -8.129837778159240691e-02
7.422395160517786250e-02 -8.123369220739644347e-02
7.106437564068585067e-02 -8.011021112431859770e-02
6.899210322741458623e-02 -7.683707433335479342e-02
6.799293056714651728e-02 -7.448795312042054417e-02
6.738835926463911108e-02 -7.289885781997149095e-02
6.704998780060371366e-02 -7.185073839758311653e-02
6.662981139074203307e-02 -6.799767544777600425e-02
7.369158497045785738e-02 -5.271315147276476459e-02
7.330113490514822416e-02 -5.196421224696642915e-02
7.232601753349433837e-02 -5.054069658980481911e-02
7.067642878644819771e-02 -4.892324047475114790e-02
6.690474352451344919e-02 -4.180483362220283050e-02
6.000504033349322169e-02 -3.811796800360217619e-02
5.399312709760487744e-02 -3.180254219640833713e-02
5.351791769247146030e-02 -3.081710211863757098e-02
5.340358856470613785e-02 -3.056322509191964146e-02
5.329092921775028385e-02 -3.030944423415488434e-02
5.302912524635639002e-02 -2.971434672267375676e-02
5.232323997168044499e-02 -2.821591335958052726e-02
5.140209645954735979e-02 -2.696351650552748433e-02
4.990031498929149018e-02 -2.606028334469496013e-02
4.917300860845152249e-02 -2.537585545096159370e-02
3.593891564959264540e-02 -2.858334080916040063e-02
3.583310559997169437e-02 -2.854243709471123575e-02
3.415087221127499628e-02 -2.346125181872742507e-02
3.148817083463240768e-02 -1.813605423258400975e-02
2.699534867015956213e-02 -1.321544489345829153e-02
2.400911591293399330e-02 -1.150742257132980097e-02
2.447097255414404718e-02 -6.978462972668697702e-03
2.407834876855996162e-02 -3.619942412161393248e-03
2.328805587021048895e-02 -2.756126457608390652e-03
1.543482118740240223e-02 -3.037861360369416806e-03
9.437227848790754117e-03 -1.108642661678629383e-03
