-4.718363235619935613e-03 -2.400255462083919749e-03
-7.993617582129014867e-03 -4.242001737163757571e-03
-8.919052450952057176e-03 -5.103088037520089881e-03
-1.152372709269388305e-02 -6.881073008218637280e-03
-2.356339900097084369e-02 -9.081189265558746795e-03
-2.463822061427224652e-02 -1.021152859394203888e-02
-2.545682013133748409e-02 -1.120871448552789203e-02
-2.682347100105949428e-02 -1.322694377497695903e-02
-2.810883794596766294e-02 -1.622512140407277037e-02
-3.026135211716012019e-02 -1.908447116954923445e-02
-3.347477817757950336e-02 -2.424188015832087414e-02
-3.625095904249077405e-02 -2.894696471689088557e-02
-3.786173011355786072e-02 -3.033238457935268778e-02
-4.152206803720942530e-02 -3.139804506937037692e-02
-4.732727929683115675e-02 -3.186053224960867791e-02
-4.889998806038860918e-02 -3.489247924111057303e-02
-4.909109458209157117e-02 -3.837602082259037456e-02
-4.929596501563403982e-02 -4.183875838910179612e-02
-5.123880169758974340e-02 -4.411251057224330197e-02
-5.247324249059964751e-02 -4.608561282088674549e-02
-5.255689557113944060e-02 -4.779353841967613759e-02
-5.435577334804596317e-02 -4.946109562648101643e-02
-5.556549757239885590e-02 -5.150091501882968215e-02
-5.598778448162211596e-02 -5.547634870325746786e-02
-5.628528476836891503e-02 -5.908345206353325663e-02
-5.824730891044220538e-02 -6.095647494670897171e-02
-5.945825551228817868e-02 -6.257452717610963167e-02
-5.940402441856309362e-02 -6.407965948095438458e-02
-6.246871384832591162e-02 -6.738818188519098140e-02
-6.879398882166551377e-02 -7.071508149673397248e-02
-6.881807154592786691e-02 -7.201423225346886836e-02
-7.024364431561556932e-02 -7.391747739742675349e-02
-7.415868365511500693e-02 -8.517902131768967378e-02
-7.749642248511993958e-02 -8.805936636514698213e-02
-7.902104946933347085e-02 -8.868784519611037920e-02
-8.154634448436409722e-02 -8.905859293880701022e-02
-8.659359077212176736e-02 -8.879174660516207795e-02
-9.581901509830127728e-02 -8.805695972064926658e-02
-1.036181333307283764e-01 -9.200830674673585174e-02
-1.052282209013769843e-01 -9.467179105947447215e-02
-1.061696365693592797e-01 -9.681205107878164406e-02
-1.076003533186861011e-01 -9.807645540196432976e-02
-1.077733123923209912e-01 -1.003889251834785140e-01
-1.092959081436367802e-01 -1.020916182876511480e-01
-1.137839190209228163e-01 -1.061285635956398521e-01
-1.201821116834418668e-01 -1.115468259360170578e-01
-1.245956738425111621e-01 -1.263230355267573879e-01
-1.226593258015143684e-01 -1.385264965553089922e-01
-1.228149721339585887e-01 -1.406494925281868147e-01
-1.229695263665311206e-01 -1.420272083894364434e-01
-1.232746194082249280e-01 -1.436318059714605244e-01
-1.255596176099532391e-01 -1.458718899917362533e-01
-1.265111654706473909e-01 -1.505043723795142230e-01
-1.270335967137333211e-01 -1.565165325078460290e-01
-1.274681076677884328e-01 -1.625526441581433001e-01
-1.281483801152123458e-01 -1.670709321229890409e-01
-1.290281175391104207e-01 -1.682864663327664490e-01
-1.297689880728171707e-01 -1.683591657531089969e-01
-1.312285616652878462e-01 -1.738324058451123089e-01
-1.368850028249029016e-01 -1.807312933081606232e-01
-1.375718115958732835e-01 -1.839923953926214939e-01
-1.379234076615936666e-01 -1.869285186695531509e-01
-1.393326086605235492e-01 -2.002320235174750995e-01
-1.422889899828429783e-01 -2.052783757257848618e-01
-1.431685534014436600e-01 -2.065341356655806260e-01
-1.448994783334232872e-01 -2.079842764471585281e-01
-1.468743140849849138e-01 -2.123888965457265687e-01
-1.478065472946250847e-01 -2.131080348681700654e-01
-1.485681061323604613e-01 -2.140752984609474718e-01
-1.533288780860681266e-01 -2.206314283674174759e-01
-1.584904685011214454e-01 -2.253833183141718821e-01
-1.575059067279015457e-01 -2.281356991866367590e-01
-1.563142383326838469e-01 -2.299227542728297380e-01
-1.546641353821970322e-01 -2.317567172783781271e-01
-1.536255102867104816e-01 -2.329110585111150156e-01
-1.524200442560950386e-01 -2.375636487635985616e-01
-1.520173041466599262e-01 -2.379314579451122513e-01
-1.516177243947637032e-01 -2.382396659117316517e-01
-1.506575428390256322e-01 -2.424795834938794914e-01
-1.504232313713197711e-01 -2.491444313815930900e-01
-1.486882574823158720e-01 -2.546852406649340317e-01
-1.491811061308987441e-01 -2.611859757602407739e-01
-1.482542264758475725e-01 -2.641811589236495728e-01
-1.478394700392938743e-01 -2.647180090949834419e-01
-1.474726433321143504e-01 -2.651570226095811833e-01
-1.467971215179035838e-01 -2.668137896225029615e-01
-1.458845614975499139e-01 -2.699823153342870707e-01
-1.423021012427256593e-01 -2.743165877815937348e-01
-1.417941815018833596e-01 -2.771286898415369904e-01
-1.399277136893465334e-01 -2.779971159856192697e-01
-1.359733699942874130e-01 -2.805948896448962615e-01
-1.287568339500738401e-01 -2.758564830334266915e-01
-1.284738340653994448e-01 -2.758987765838871731e-01
-1.283959989603730145e-01 -2.759146251586955811e-01
-1.282946940369531219e-01 -2.759373839634321479e-01
-1.273338196368202502e-01 -2.752349058958832861e-01
-1.150129988121426361e-01 -2.682423581440037119e-01
-1.119603944883200836e-01 -2.685480631885648894e-01
-1.109299246985229748e-01 -2.685945200746111539e-01
-1.093898172815690323e-01 -2.685713712091141736e-01
-1.065378525342309812e-01 -2.663101740958341290e-01
-1.006176941407643244e-01 -2.608901488662138668e-01
-9.514833893685190058e-02 -2.569008272302536477e-01
-9.151967028766588852e-02 -2.555816411676248290e-01
-8.737817687464176364e-02 -2.553630933850181695e-01
-8.536262758295877495e-02 -2.535097243616684648e-01
-8.082765749420202372e-02 -2.523039061542847739e-01
-7.502589561299775889e-02 -2.444521074418802842e-01
-7.495938226846948771e-02 -2.444041654229896499e-01
-7.482003919151070104e-02 -2.443053712277113154e-01
-7.434563749220926554e-02 -2.439642893049673023e-01
-7.226267480206952087e-02 -2.377577426405696748e-01
-6.793149179996681164e-02 -2.328411946630440377e-01
-6.448590345694599213e-02 -2.299228323732417645e-01
-6.136215298254871914e-02 -2.273298696550481446e-01
-5.699770762123339274e-02 -2.225382799549158463e-01
-5.306660480890335735e-02 -2.182747369387280367e-01
-4.907245862939589587e-02 -2.184351783842419514e-01
-4.460170074481879104e-02 -2.181507872580419616e-01
-4.178794327692936239e-02 -2.137004218781234643e-01
-4.054180290213649923e-02 -2.120740182838962429e-01
-4.002519926981149695e-02 -2.116806284251262771e-01
-3.769878094246949946e-02 -2.070223948590619589e-01
-3.402116479004134442e-02 -2.040688396797122606e-01
-3.313628928889653796e-02 -2.032947644985595159e-01
-3.205425499763937119e-02 -1.981916689776714591e-01
-2.206235041221410453e-02 -1.802688867465029321e-01
-1.860144398578366179e-02 -1.666019544933480256e-01
-6.027751296952296549e-03 -1.820731601370660369e-01
-5.706801587001697311e-03 -1.818514604159833792e-01
-5.607087203452628191e-03 -1.817453201544757535e-01
-5.441441294962197014e-03 -1.815193245452182691e-01
-5.111395473237883257e-03 -1.807881789160745711e-01
-4.715203408833687666e-03 -1.788961150706965819e-01
-4.605097973421963531e-03 -1.779373479156319826e-01
-4.544264238196065418e-03 -1.772504008540528586e-01
-4.496756631436065084e-03 -1.766102519880572708e-01
-4.435830791620055946e-03 -1.756387652146444156e-01
-4.346280066519125386e-03 -1.738723519572853704e-01
-4.308681970913995872e-03 -1.722817794856417450e-01
-4.323568188617905872e-03 -1.714584481734693633e-01
-4.518053253927326388e-03 -1.700015332845473681e-01
-9.487462727840803578e-03 -1.631743552873582137e-01
-8.646688639292484865e-03 -1.603923477516832063e-01
-6.012773248791182870e-03 -1.585854597831348745e-01
-8.431351099944595692e-04 -1.589078978542788068e-01
2.958178055775014925e-03 -1.572284966484526758e-01
2.980822785210788910e-03 -1.537191507383997846e-01
3.490477303867505886e-03 -1.509143274483920605e-01
1.182027697201456021e-02 -1.479935000692171321e-01
1.488332383011776658e-02 -1.467269465796353367e-01
1.481758547703037297e-02 -1.462772231577602611e-01
1.488949838723761278e-02 -1.459555189363205829e-01
1.505125853553885597e-02 -1.456183427243230855e-01
2.795131619099672574e-02 -1.320532026532019731e-01
3.096150209963158956e-02 -1.292551904476702540e-01
3.095136558106854202e-02 -1.282231964033100358e-01
3.048237948388427335e-02 -1.261025655624434527e-01
2.891371837048834978e-02 -1.237057398007469361e-01
2.836424157004535304e-02 -1.213271090548563580e-01
2.837505858803372055e-02 -1.192815119749088409e-01
2.852441019597342156e-02 -1.177113823850498009e-01
2.897153815844174043e-02 -1.156038444364338169e-01
3.122205292488014830e-02 -1.125589619675800568e-01
3.223370848993931115e-02 -1.104117799250551729e-01
3.239165583113372965e-02 -1.096064036166248395e-01
3.249526734221444557e-02 -1.087091636572077719e-01
3.096720797738921477e-02 -1.061399895477289496e-01
2.864443607434945943e-02 -1.048743205982664711e-01
2.855323116987253801e-02 -1.047313736763317432e-01
1.953198041094634033e-02 -1.007331114608774059e-01
1.611456456566731990e-02 -9.017363753612012145e-02
2.103869257640134799e-02 -6.907835396193962030e-02
2.065508544426010451e-02 -6.466031035954118711e-02
2.027242399335621101e-02 -6.400083374500542543e-02
1.903107370735051748e-02 -6.341418786863645130e-02
1.851290020930744865e-02 -6.051826783741226512e-02
1.866152968793395595e-02 -5.757830295531968234e-02
1.892478664903256974e-02 -5.451221655495776947e-02
1.925451863055378798e-02 -5.099696950871237394e-02
1.961630189217652281e-02 -4.503232308090312358e-02
1.740051166002130195e-02 -3.536487142968293418e-02
1.946404071476260170e-02 -2.739681033686937328e-02
1.787876280085323732e-02 -2.691339138577139578e-02
1.742612515840688894e-02 -2.659222775880748860e-02
1.691972795975848348e-02 -2.611753723253585832e-02
1.623736271144840537e-02 -2.526398090493121515e-02
1.564168863738101337e-02 -2.382211169909697820e-02
1.553518112937614729e-02 -2.154237586918134745e-02
1.384598988062179549e-02 -1.926320996646859254e-02
1.318514489549616787e-02 -1.654492333233122114e-02
1.153731697744045034e-02 -1.347461688417865219e-02
1.070553393808015320e-02 -1.020280862123282631e-02
9.546013088388590612e-03 -7.983285805479906419e-03
8.437263438138933522e-03 -6.704795631053809407e-03
7.494908420233860509e-03 -5.686034368875931069e-03
6.324756466083250074e-03 -4.356112216936734727e-03
4.880049748010961350e-03 -6.114639356961807173e-04
3.900912392542398195e-03 -2.907985040931604327e-04
