-2.056780819201461247e-03 -6.999076846365756902e-03
-3.724000594380629230e-03 -7.463821326597447695e-03
-2.980572181047813369e-03 -8.956083308948347907e-03
3.023564507583366250e-03 -1.162499127262248307e-02
3.243026185736515559e-03 -1.291228832569559989e-02
7.768041082543054475e-04 -1.629396797756275939e-02
5.602275927020658464e-03 -2.072614674494264314e-02
7.979291451362752197e-03 -2.331981343542718563e-02
1.040441171232353579e-02 -2.600252391148760375e-02
1.168058669702647275e-02 -2.773412208819900360e-02
1.509741761839890166e-02 -2.899084474953448481e-02
1.611586763049511345e-02 -3.111327574107523516e-02
1.595625937095284524e-02 -3.251703599305146714e-02
1.101265827313079732e-03 -3.531589532374499601e-02
-1.407763070715467579e-03 -3.633819957714742171e-02
-1.593507840320512476e-03 -3.643854785659019629e-02
5.830156531151976101e-03 -4.223492975066608229e-02
6.174429781972597293e-03 -4.503595542146639208e-02
6.569627088465295611e-03 -4.663114193408027935e-02
7.255824342195118723e-03 -4.770243228366150001e-02
8.260840230151432831e-03 -4.838385006532850557e-02
1.023591383335903729e-02 -5.062502590188309309e-02
1.047305390540916384e-02 -5.250219993899807314e-02
1.000087975051843457e-02 -5.374606908585460863e-02
9.296051416320918331e-03 -5.511052402340814449e-02
-1.019745421828606446e-02 -5.496837641748343606e-02
-1.062379185254133836e-02 -5.582673543383347842e-02
-1.074643224784265459e-02 -5.619414352850616440e-02
-1.086433567308838291e-02 -5.669609934960730818e-02
-1.091055100857823805e-02 -5.700143476354690986e-02
-1.096234135400372435e-02 -5.757793100680640153e-02
-1.097753859460362524e-02 -5.784140175876249790e-02
-1.113492394360862670e-02 -5.950530875606138692e-02
-2.355168164347415730e-02 -6.611889901760539812e-02
-2.219196612303411462e-02 -6.643930278825520286e-02
-2.157493583701304563e-02 -6.679049034942170782e-02
-2.120806195829096075e-02 -6.709348152123896514e-02
-2.094763853299009757e-02 -6.738601687266847218e-02
-2.070527630071380618e-02 -6.780975382175497002e-02
-2.063381908016285321e-02 -6.896130562694671728e-02
-2.087367235587982844e-02 -7.028512833822879446e-02
-2.104693804985670672e-02 -7.147298979615415715e-02
-2.113568860161535098e-02 -7.265651911994069900e-02
-2.116146194569570871e-02 -7.601390804091363862e-02
-2.115562835476504644e-02 -7.682871744409702774e-02
-2.115338111409838240e-02 -7.749705304591608668e-02
-2.115377083907216821e-02 -7.780263615240286257e-02
-2.119071733030177679e-02 -7.959437261615914805e-02
-3.507745802156016224e-02 -9.407750689240171327e-02
-3.508555858846381520e-02 -9.411236291088470596e-02
-3.511295415618600341e-02 -9.423200434136476400e-02
-3.519641694902191781e-02 -9.461542474623646504e-02
-3.524473832905100634e-02 -9.485297207744558534e-02
-3.525959398060788536e-02 -9.492874403558147767e-02
-3.529068064603089333e-02 -9.509206111823576002e-02
-5.331068247283540090e-02 -1.037307705210109426e-01
-5.436860800530352034e-02 -1.038347311116731703e-01
-7.133836291517864359e-02 -1.073152068914607765e-01
-7.146934461432566388e-02 -1.078308345694286852e-01
-7.446230481413304569e-02 -1.114917058684561091e-01
-7.451227045267799776e-02 -1.123242828766254087e-01
-7.451186164342522844e-02 -1.123425013885543805e-01
-7.449481507893196408e-02 -1.127733500973845532e-01
-7.449118839018552263e-02 -1.128454072553844445e-01
-7.448417781456478926e-02 -1.129831626937337075e-01
-8.591748434404399004e-02 -1.281568167875337116e-01
-8.537667630043496714e-02 -1.286183977161720338e-01
-8.477687415522719427e-02 -1.292397301628026851e-01
-8.447039918180622442e-02 -1.296331773766331019e-01
-8.411071321890935260e-02 -1.302136042921224757e-01
-8.360238169606770686e-02 -1.316121611300749561e-01
-8.342784223871625715e-02 -1.325926379202408412e-01
-8.338652156457963815e-02 -1.329512142357527626e-01
-8.332367004622416584e-02 -1.366130491720388695e-01
-5.766512967594314421e-02 -1.425159775161521647e-01
-5.757674001988516421e-02 -1.425267227134311976e-01
-5.755223024515981195e-02 -1.425298352541670144e-01
-5.745855798653966284e-02 -1.425423438263640485e-01
-5.576878678202275286e-02 -1.430686676645915589e-01
-4.990312088474808255e-02 -1.561846930594238680e-01
-4.714656623240995326e-02 -1.564526866389221449e-01
-4.659170925236433974e-02 -1.568467109435211226e-01
-4.641440022569145313e-02 -1.569672180872790368e-01
-3.422383757120331382e-02 -1.547294819026850121e-01
-2.668399498312241935e-02 -1.578891857531686815e-01
-2.219841933687164565e-02 -1.625510069655638212e-01
-6.364289266966680070e-03 -1.551748839746949771e-01
2.686572860647102982e-03 -1.554750355988394894e-01
1.381769426065468376e-02 -1.548005106414990228e-01
2.438011352499803649e-02 -1.521768145192345933e-01
3.870459639727161227e-02 -1.476649518106246672e-01
4.418272112784245309e-02 -1.475994723536695752e-01
6.311755082232185787e-02 -1.425834473965052474e-01
7.635943642174376766e-02 -1.456886501835682746e-01
8.155268052813222091e-02 -1.485859714063095527e-01
8.449200880029641980e-02 -1.503206497562473154e-01
9.159733623577821782e-02 -1.476898567962372510e-01
9.456523980952107056e-02 -1.499469830019238281e-01
9.490264146574872717e-02 -1.511104181757582099e-01
9.497201450238185183e-02 -1.528373338794325742e-01
9.497201223471667120e-02 -1.528373237705137055e-01
9.497200806991455690e-02 -1.528373052040313540e-01
9.497200627837219800e-02 -1.528372972172625244e-01
9.497197021949525808e-02 -1.528371364446755865e-01
9.497196671936351808e-02 -1.528371208368468348e-01
9.497196234273447280e-02 -1.528371013200092998e-01
9.497196041105662734e-02 -1.528370927058338991e-01
9.497195870629025760e-02 -1.528370851034597244e-01
9.497195742718342326e-02 -1.528370793992487320e-01
9.497195670768951437e-02 -1.528370761906245878e-01
9.497195625857396406e-02 -1.528370741877602412e-01
9.497195585170256638e-02 -1.528370723732816738e-01
9.497195516300638296e-02 -1.528370693019693305e-01
9.520309155450029648e-02 -1.507740114635353623e-01
9.708767965945386269e-02 -1.492024937981842603e-01
9.929362937624368335e-02 -1.467904091241016007e-01
9.890257409090016938e-02 -1.462462092832672034e-01
9.844092730910421196e-02 -1.454068136552803536e-01
9.821740440870532773e-02 -1.448607084565367575e-01
9.816188069811165873e-02 -1.447033781311317935e-01
9.807237506916305358e-02 -1.444248235176689432e-01
9.774174775589623831e-02 -1.426498598838900622e-01
1.004086211788155075e-01 -1.346952187895642528e-01
1.002373433160402560e-01 -1.343928480286758209e-01
9.968311843269545003e-02 -1.345219918029394723e-01
9.929617051438646702e-02 -1.345857762473411934e-01
9.899248647468343598e-02 -1.345623267450682392e-01
9.862225855761620752e-02 -1.343989444003900191e-01
9.823068949681054707e-02 -1.339756974581330917e-01
1.069850170585183030e-01 -1.114658541141872877e-01
1.065844451501923168e-01 -1.109404986844113872e-01
1.065468812539985266e-01 -1.108878175998117971e-01
1.064849588861507129e-01 -1.107989129264177475e-01
1.061854261298776636e-01 -1.103216559524722445e-01
1.051340835001626922e-01 -1.069568645244642763e-01
1.048993170913392475e-01 -1.039399087952476292e-01
1.049323387879031594e-01 -1.023678988174216153e-01
1.053024224930398378e-01 -9.957433069061055741e-02
1.135418462168668319e-01 -9.351427084974667236e-02
1.147694945226096358e-01 -8.333024624713351869e-02
1.144693341909343715e-01 -8.120024409501840068e-02
1.133796409758271589e-01 -7.490412782657157598e-02
1.098235865991544213e-01 -7.107538986826472671e-02
1.069241705766934974e-01 -6.495238743259759695e-02
1.042179010236339576e-01 -6.159951861478896173e-02
1.042246178705299453e-01 -5.886088415492288922e-02
1.067020207642036256e-01 -5.731014101333249677e-02
1.113029109869963923e-01 -5.662179897177491150e-02
1.126244301326295577e-01 -5.508261266379782528e-02
1.114615842422470721e-01 -5.328282560735718432e-02
1.094594004069690402e-01 -5.178826050165190320e-02
1.064363091444461284e-01 -5.153866581489244258e-02
1.023089912662825812e-01 -5.094447243032169254e-02
9.952643754523617103e-02 -4.715961764003259032e-02
9.507495797888027012e-02 -4.099290605123294406e-02
9.508111718485288966e-02 -2.903737567353031207e-02
9.472023697957791810e-02 -2.902423496937258859e-02
9.289585187917717701e-02 -1.324372460563989426e-02
9.271238719985006038e-02 -1.313082120631450106e-02
9.236366697683004445e-02 -1.238547205685088838e-02
9.231274789951851578e-02 -1.215183637423123894e-02
9.206440873768070854e-02 -1.125071033004786634e-02
9.180093074214526472e-02 -1.073431586251401455e-02
9.168538188981675829e-02 -1.056945947380615036e-02
9.148322604292731530e-02 -1.032076802755864733e-02
9.120128949793798734e-02 -1.001026439014961363e-02
9.090848511125229625e-02 -9.696872269536483888e-03
9.028788134034126944e-02 -8.916515964299010291e-03
8.381922954144603588e-02 -1.001524203527136107e-02
8.381565389419470824e-02 -1.001599603063071421e-02
8.381522385269250808e-02 -1.001608687657468827e-02
8.381439533202307557e-02 -1.001626200059799188e-02
8.379959736034375828e-02 -1.001941255753222883e-02
8.378845669476575608e-02 -1.002181414687417296e-02
6.551217491133760895e-02 -2.541853641954332915e-02
6.526056548245080802e-02 -2.502125994700358375e-02
6.500604840716328603e-02 -2.473569138706524159e-02
6.215299657488666113e-02 -2.280798486448813028e-02
6.171406784267473300e-02 -2.246713466511538609e-02
5.989331188768726860e-02 -1.814935628052048375e-02
6.234744360467362606e-02 -1.229173869154710427e-02
6.126148063068506677e-02 -1.246152319273282141e-02
5.956338767027842540e-02 -1.273522298247967144e-02
5.859571738708118510e-02 -1.289680013274937045e-02
5.841219552113505187e-02 -1.292801368014816384e-02
4.119484110783438319e-02 -2.001821075734437627e-02
4.085948079997243909e-02 -1.990461296935202434e-02
3.470176817543169784e-02 -2.215653150994708470e-02
2.909559333713320622e-02 -2.098792907690487028e-02
2.381837770741953089e-02 -1.960525771204311291e-02
2.284740437443520678e-02 -1.830074854851038851e-02
2.045995292909701807e-02 -1.542710363289647411e-02
1.855525604303200765e-02 -1.360184343464858336e-02
1.761433115526877050e-02 -1.250325938992728238e-02
1.675282655255148911e-02 -1.075073210071179897e-02
1.623140192294818956e-02 -8.004741953141521552e-03
1.592122839420670455e-02 -6.685992126803045471e-03
8.169430147989886065e-03 -6.868804281294911031e-03
2.127825594880995881e-03 -3.128940961155701229e-03
