-1.970581504871351218e-03 -1.166214313467987514e-03
-3.396953136015577138e-03 -2.247814877012900992e-03
-3.837657360730542186e-03 -2.574472268265053359e-03
-5.153313355547376774e-03 -3.416830398071142496e-03
-1.339148496488386762e-02 -4.454700452061001285e-03
-1.406131531392211184e-02 -4.940261748275861890e-03
-1.432159264329197802e-02 -5.125856229529890569e-03
-1.775807417654257092e-02 -6.522291819808387348e-03
-2.208225700059219393e-02 -7.776453792632138755e-03
-2.244154223856349717e-02 -9.540383651811184390e-03
-2.637764965676131154e-02 -1.295075297552908053e-02
-2.958749371266044051e-02 -1.896254527850055327e-02
-3.208454612063508377e-02 -2.097267045680731648e-02
-3.949277255460533625e-02 -1.787271427706177418e-02
-3.975188210660179911e-02 -1.907729538528317448e-02
-4.005707600537850716e-02 -2.031320894628251689e-02
-4.041016319124782208e-02 -2.137587888909112804e-02
-4.125157200343661928e-02 -2.278165758539591607e-02
-4.456132843411469979e-02 -2.489516587299340361e-02
-4.604970047382092591e-02 -2.621617263509185697e-02
-4.654621321615094731e-02 -2.707085492500179921e-02
-4.673251980254270604e-02 -2.772161209651897995e-02
-4.685899186819798140e-02 -2.856024836287393218e-02
-4.717310470701368413e-02 -2.991515506066926358e-02
-4.836589721221183635e-02 -3.153658058495698718e-02
-5.179033481041663001e-02 -3.383136171522568847e-02
-5.343417340233189844e-02 -3.588747762545156650e-02
-5.372986986297018097e-02 -3.728850128683375981e-02
-5.651937101202909874e-02 -4.115187099886173649e-02
-6.062151577016792331e-02 -4.580629876939425194e-02
-6.109552306033052410e-02 -4.765286385983358991e-02
-6.176114190960796391e-02 -5.089245637206056549e-02
-6.443235835800456557e-02 -6.303091581756585515e-02
-6.837849913254887002e-02 -6.557796566734445942e-02
-6.900545087733535310e-02 -6.596484828013332580e-02
-7.074642539114875395e-02 -6.872392224903960123e-02
-7.320098715844639004e-02 -7.330134276607119803e-02
-7.497119762143306110e-02 -7.433137385312352241e-02
-7.647483535150688405e-02 -7.542487744687728646e-02
-7.771826847531075610e-02 -7.826903698114473507e-02
-7.872522577557708456e-02 -8.077400040018443972e-02
-8.339458175889663538e-02 -8.390832458671146354e-02
-8.898330167861259743e-02 -8.471550474080939697e-02
-8.916669822730766137e-02 -8.509589582840706989e-02
-8.929826943452436050e-02 -8.542625323652218439e-02
-8.951035311096421088e-02 -8.609027708772178100e-02
-9.032001112858314973e-02 -9.036857562373994124e-02
-9.237105969246778292e-02 -9.402917658087524277e-02
-1.022733366577989744e-01 -9.732632636150626015e-02
-1.023700679624707649e-01 -9.884637236229938673e-02
-1.027944264074324154e-01 -1.007941055426056637e-01
-1.082778365383888081e-01 -1.044579969767809591e-01
-1.167715660734088834e-01 -1.058409989258370237e-01
-1.170579235545796820e-01 -1.060054623798026008e-01
-1.177807907164854229e-01 -1.064321461755446674e-01
-1.200815939886833855e-01 -1.078687747425174509e-01
-1.222926083667855157e-01 -1.093292692247066350e-01
-1.235658489973123914e-01 -1.102001387756548767e-01
-1.271928512137155409e-01 -1.128253555559066978e-01
-1.302170679525920527e-01 -1.230950746467028012e-01
-1.311121661062017996e-01 -1.235934151768713907e-01
-1.319069586083694845e-01 -1.241262258847852656e-01
-1.338232769839851066e-01 -1.424504394460835155e-01
-1.349087214193246120e-01 -1.429399751165676413e-01
-1.354259623954453817e-01 -1.431587980553153394e-01
-1.358338516954341602e-01 -1.433462377823302714e-01
-1.362810248963106097e-01 -1.435866526208321448e-01
-1.365866690892959534e-01 -1.437867629628544752e-01
-1.368770905834864049e-01 -1.440197491198146607e-01
-1.382284180759821290e-01 -1.474004804484909115e-01
-1.373390769094277319e-01 -1.681425981744907872e-01
-1.316607731456613528e-01 -1.914391136780845548e-01
-1.279085972483327005e-01 -1.983743862507098554e-01
-1.232174977928585241e-01 -2.057823193975495957e-01
-1.198068321135275782e-01 -2.108092483849460241e-01
-1.170507340597848472e-01 -2.143128840611671637e-01
-1.144254280602603896e-01 -2.161308105122246304e-01
-1.121743241186270168e-01 -2.166144025573483733e-01
-1.109094449500988427e-01 -2.179250134424575158e-01
-1.100765942079589832e-01 -2.192328088847356471e-01
-1.096139110138692474e-01 -2.200436881277570977e-01
-1.088390508006871898e-01 -2.213130365320899462e-01
-1.075085120691626067e-01 -2.226008366153428286e-01
-1.038825382736241199e-01 -2.231494972622929396e-01
-9.769341744852845510e-02 -2.299636099683529944e-01
-9.403779905764460267e-02 -2.309429208364039421e-01
-9.308262551788604178e-02 -2.321956556112914904e-01
-9.207722483750148401e-02 -2.338623438837685309e-01
-9.081757668811427098e-02 -2.353131158331949746e-01
-8.823959719152751902e-02 -2.367317497068179288e-01
-8.137559891785431376e-02 -2.383568953105360544e-01
-7.311229238695317323e-02 -2.402583362809838641e-01
-7.002468869633401982e-02 -2.417910572605052877e-01
-6.865127509427600139e-02 -2.439650777697224826e-01
-6.761888074616134725e-02 -2.452258559515218261e-01
-6.103686376917488027e-02 -2.476873190530371194e-01
-4.551963435157824200e-02 -2.493043255180870110e-01
-3.606262671056910396e-02 -2.528511862794510234e-01
-2.952567779165750014e-02 -2.542656721400601838e-01
-2.295281703784324626e-02 -2.558217955497056884e-01
-1.701183449484105353e-02 -2.565988830000640597e-01
-1.461497511294249964e-02 -2.543349261578441989e-01
-1.206317855323602375e-02 -2.529235724652730832e-01
-8.106350245950940184e-03 -2.536469925594784236e-01
-5.471483684841544660e-03 -2.528143777367164446e-01
-3.288173606667580025e-03 -2.512785903697689616e-01
2.710913473846660385e-03 -2.507375734629643249e-01
1.153650170136292022e-02 -2.476241859535115719e-01
1.220317704496363606e-02 -2.478848189024144832e-01
1.317601475629082315e-02 -2.480277924424535430e-01
1.661246170536946967e-02 -2.466624200384107402e-01
2.012634065442926723e-02 -2.443837099394053913e-01
2.335289089462503492e-02 -2.422044404625403047e-01
2.818680256424327055e-02 -2.407796414603490531e-01
3.342893772688213666e-02 -2.399666074517961545e-01
3.667167595687939596e-02 -2.378405385701827524e-01
3.966592516679644242e-02 -2.358717965717315734e-01
4.136863561473876072e-02 -2.347888344134358984e-01
4.509819767105227584e-02 -2.324472775905385979e-01
5.005144252332973526e-02 -2.250794143641625389e-01
5.347250134059500920e-02 -2.224941977973594609e-01
5.495275887706595197e-02 -2.215775388374733590e-01
6.176256496654150552e-02 -2.167326804570372523e-01
6.803610383432774633e-02 -2.088545221621292414e-01
6.913708517281562382e-02 -2.081499372088548294e-01
7.266004459343791688e-02 -2.059170636258842724e-01
7.856139194978720153e-02 -1.895165995499098199e-01
8.257669027332982525e-02 -1.866349974624683383e-01
8.705819444245448124e-02 -1.871455531994042631e-01
8.826874314086853579e-02 -1.870532613082835638e-01
8.856541947561502592e-02 -1.866455052127447001e-01
8.861869181306360199e-02 -1.865396068988938727e-01
8.908414932101380024e-02 -1.849939622402464456e-01
8.988074737081915011e-02 -1.795001240780495222e-01
9.561633715336950723e-02 -1.740291339958352779e-01
9.708802827927041912e-02 -1.703616400215637872e-01
9.650921516500209074e-02 -1.668784465465203981e-01
9.472918815968107975e-02 -1.642993399781579045e-01
9.381813564576838016e-02 -1.616145183901380178e-01
9.420310311538979131e-02 -1.594143354524368283e-01
9.461066480823662750e-02 -1.585346648432542638e-01
9.506120557937271232e-02 -1.578287062255362694e-01
9.538580623277768955e-02 -1.574338667393284930e-01
9.648836680100264518e-02 -1.564860653088856191e-01
9.800799021187450721e-02 -1.555487186880277484e-01
9.897984698324452379e-02 -1.549191590988295564e-01
1.002196378542601074e-01 -1.536360367640411950e-01
9.871501670254706484e-02 -1.318914245244664774e-01
9.846871698704830200e-02 -1.177377616592518023e-01
9.850534747671832458e-02 -1.146168573458058448e-01
9.957201413662138123e-02 -1.096968631184788434e-01
9.398060730962824738e-02 -9.887429073645483124e-02
9.617071189696010935e-02 -8.899837411504343820e-02
9.508155591698108644e-02 -8.753858054769021735e-02
9.460462079072040620e-02 -8.670421351411354560e-02
9.577000806869850891e-02 -8.490779737786750825e-02
9.520471280728270980e-02 -8.489500300512579922e-02
9.309555063433216926e-02 -8.358947320973918182e-02
8.991245399003633398e-02 -7.964686817201892255e-02
8.830162212626979645e-02 -7.731423755583791135e-02
8.755763367973606881e-02 -7.619965765209631148e-02
8.737332765967199821e-02 -7.592063331177799357e-02
8.703569718206440042e-02 -7.540675289403145354e-02
8.396767373846043825e-02 -7.060516309984286865e-02
8.169494772078057798e-02 -6.692915139888389042e-02
8.143774787979242424e-02 -6.650779153688116119e-02
8.095397715779976966e-02 -6.571241668438206063e-02
8.061013548328330169e-02 -6.514474628366746789e-02
8.042856796198295799e-02 -6.484401633174710633e-02
7.991158250901883586e-02 -6.398297462021419746e-02
7.755070099067519485e-02 -5.985635776402177533e-02
7.565282199656306328e-02 -5.549787737394778347e-02
7.650280329145672797e-02 -4.901482817065037217e-02
7.397511642351813077e-02 -4.632797920198467728e-02
7.129316865611062815e-02 -4.548599391432723432e-02
6.704619806482704780e-02 -4.471176119693839185e-02
6.204011066626387294e-02 -4.271503091374544842e-02
6.178912974519972651e-02 -4.249055518635570100e-02
6.128400171235399291e-02 -4.197717146878854333e-02
6.019040387012797311e-02 -4.063592460147014140e-02
5.907604293926912997e-02 -3.877741905919609294e-02
5.871256065740563385e-02 -3.641041575992830237e-02
4.946773928414946453e-02 -3.063941216863536043e-02
4.003470644314251203e-02 -2.358642320801405609e-02
3.634484903280719992e-02 -2.296458519552597652e-02
3.340733545378801045e-02 -2.230249026718722841e-02
3.059806135562172930e-02 -2.109392769189396069e-02
2.953959264843336943e-02 -1.983454260175503830e-02
2.891425048732347569e-02 -1.847374900336130193e-02
2.336211640768790648e-02 -1.502621326462469202e-02
1.125032198534643875e-02 -1.093759750886200491e-02
1.062955300138409935e-02 -9.941185016407701538e-03
1.014745581510162996e-02 -9.034839465732356564e-03
9.437127688830452762e-03 -8.126646371654985823e-03
7.489519909244036003e-03 -7.882876831064151990e-03
9.131146858802890055e-04 -1.043997986351840115e-02
-1.848942209651898609e-03 -9.605567735853352829e-03
-3.367923441437568888e-03 -7.716651152755014953e-03
-3.136124338490603285e-03 -2.049794157432790944e-03
