-3.241445051963871924e-03 -3.742830210025209839e-03
-9.786188719874071296e-03 -3.895962124809433831e-03
-9.865695740448167037e-03 -3.944870477295621056e-03
-1.045306742676158779e-02 -4.267801538915145902e-03
-3.759923205817039538e-02 -1.637490086251430603e-03
-3.784806297301043093e-02 -1.801685498483879093e-03
-4.371976061000729802e-02 -2.066992534297848287e-03
-4.626831598611954449e-02 -4.246469000060100474e-03
-4.788943646208455862e-02 -6.372076891794392628e-03
-4.922830309588267089e-02 -8.219075784770355636e-03
-5.156551137059229434e-02 -1.114572949908799494e-02
-6.114932769199098173e-02 -1.514385690049776037e-02
-6.674743083119502596e-02 -1.717999564215588748e-02
-8.393174439354403327e-02 -1.003511626386276168e-02
-8.388281299001348890e-02 -1.260828718735095000e-02
-8.445953995633630196e-02 -1.437056196180623927e-02
-8.504548191871701135e-02 -1.552246249631495864e-02
-8.609819559274997647e-02 -1.720428720329500102e-02
-8.792878489353675442e-02 -1.936957360148521684e-02
-8.945882874917077121e-02 -2.064566964733727250e-02
-9.040523437942933616e-02 -2.124126620004972849e-02
-1.048550852606084799e-01 -2.282381266406567633e-02
-1.083470572548527050e-01 -2.645110178156023784e-02
-1.073631206790703757e-01 -2.953828821554087963e-02
-1.071546797906095944e-01 -3.162664826750306857e-02
-1.071552194204758029e-01 -3.239689498865654799e-02
-1.072016920531232015e-01 -3.321924829567837051e-02
-1.073161486919498586e-01 -3.409755837111292515e-02
-1.079181083297617721e-01 -3.583686682345322422e-02
-1.082996094970449102e-01 -3.869490519570708414e-02
-1.080864016118004284e-01 -4.098164147622014586e-02
-1.082380355595112947e-01 -4.401505870441826951e-02
-1.103537525654558482e-01 -5.312103160031542842e-02
-1.122808790718192451e-01 -5.647426946016685656e-02
-1.123511607428192838e-01 -5.658962378472882915e-02
-1.132646638448863569e-01 -5.980778011215869688e-02
-1.146778229952494232e-01 -6.345464813802954851e-02
-1.150584153821520295e-01 -6.418479535345726628e-02
-1.153450080131989269e-01 -6.473931175804471805e-02
-1.164734414897515558e-01 -6.784603340462636023e-02
-1.172694316296810091e-01 -7.053233668567016057e-02
-1.233000303096902367e-01 -7.560902268455510500e-02
-1.355398277089036041e-01 -7.591500490892784392e-02
-1.360827114317618436e-01 -7.663770078638780514e-02
-1.372071746934031555e-01 -7.808468881066478462e-02
-1.381710422820414674e-01 -7.991538785343202389e-02
-1.398264623881450286e-01 -9.517346852610841790e-02
-1.446910942005207312e-01 -1.080519344825608130e-01
-1.468410741462234381e-01 -1.110254584874535017e-01
-1.486908213507752707e-01 -1.133742226658617513e-01
-1.470064023474183523e-01 -1.180922724870495655e-01
-1.480147303963679495e-01 -1.196603325423277880e-01
-1.485952536060076157e-01 -1.218963453403087843e-01
-1.479052567745276492e-01 -1.270331062940677491e-01
-1.487436662317478397e-01 -1.317872200817186978e-01
-1.511419438691918304e-01 -1.360690863576433096e-01
-1.536846595998262732e-01 -1.390183579364606403e-01
-1.548729399966609355e-01 -1.400791941706323318e-01
-1.586146183148396671e-01 -1.423205278933947493e-01
-1.648678047575788397e-01 -1.610211366028244107e-01
-1.675518149404726653e-01 -1.637180956471681048e-01
-1.689892153897382399e-01 -1.648688902963639513e-01
-1.714659811607585349e-01 -1.668373893804007690e-01
-1.719111404525506814e-01 -1.694706965183830349e-01
-1.719685235806680257e-01 -1.695154497192811471e-01
-1.720966912857219699e-01 -1.696103878113796037e-01
-1.722349723474093652e-01 -1.697114809461987839e-01
-1.723227396042686932e-01 -1.697784885543633659e-01
-1.723943237177928411e-01 -1.698366333611684154e-01
-1.727556125354533789e-01 -1.702533873683841070e-01
-1.729856419529025857e-01 -1.710033684647846164e-01
-1.720304055476934157e-01 -1.735688472550422079e-01
-1.651696678468331514e-01 -1.770156950483158242e-01
-1.518028874854183141e-01 -1.931589500363211642e-01
-1.439514860764190551e-01 -1.937782320765502608e-01
-1.393894359201936772e-01 -2.042341395472888066e-01
-1.377434500718349164e-01 -2.058713403114587059e-01
-1.359943209752725035e-01 -2.074853543446403548e-01
-1.340753701819917543e-01 -2.095435166995879006e-01
-1.328587802447800115e-01 -2.117186979228365684e-01
-1.339264599825091551e-01 -2.158523360953485959e-01
-1.338010464471872107e-01 -2.181800787549608434e-01
-1.315572846369781335e-01 -2.191432369533226066e-01
-1.234547963157770489e-01 -2.199165360057391549e-01
-1.143881638588469946e-01 -2.207154452277270140e-01
-1.121290019072986727e-01 -2.211729278542384769e-01
-1.114413258002400764e-01 -2.216580832236768328e-01
-1.109035372235539635e-01 -2.220938755382441676e-01
-1.103069882833188908e-01 -2.225190110808557553e-01
-1.075602118857577477e-01 -2.232423433383279865e-01
-9.710275827783809710e-02 -2.239032747575330218e-01
-8.415088164772850654e-02 -2.269365751506412787e-01
-7.993969438354267543e-02 -2.272167193431320620e-01
-7.882909178241095938e-02 -2.281848468234340399e-01
-7.851830277510797595e-02 -2.285386326828734438e-01
-7.760175659054172059e-02 -2.293790747654487483e-01
-6.612947180575542983e-02 -2.223360604767840587e-01
-6.432730225134201951e-02 -2.235644602901206146e-01
-6.278354232828151082e-02 -2.287536524441912689e-01
-6.219975426568647575e-02 -2.281404716040481839e-01
-6.147060741346781210e-02 -2.274904241635867796e-01
-6.003721886740004399e-02 -2.265556598973340607e-01
-5.683141440989282478e-02 -2.266662495900420016e-01
-4.644491215411942348e-02 -2.315902721937724285e-01
-4.479057501019472615e-02 -2.306109194687039898e-01
-4.280305643499807133e-02 -2.299261339267385795e-01
-3.681211312835833138e-02 -2.293271127264646103e-01
-3.015968337312891628e-02 -2.303893891480312262e-01
-2.657301376578148633e-02 -2.319380426667612405e-01
-2.364819427905935981e-02 -2.337230978424912342e-01
-2.148974630977122657e-02 -2.344158371663378204e-01
-2.032935076102119001e-02 -2.339440640902520629e-01
-1.946799418855763714e-02 -2.333526168155433678e-01
-1.617959027627054874e-02 -2.334868456233523681e-01
-1.185363610878457756e-02 -2.325803848410499253e-01
-8.512012727959570452e-03 -2.309107233390294556e-01
-6.013905301805429551e-03 -2.284875937549284419e-01
-4.081327819896298469e-03 -2.282810572674759397e-01
5.539671483041569769e-04 -2.238233671977430395e-01
9.167227632793191125e-03 -2.172221548475673225e-01
1.048962755481714498e-02 -2.158885197638501785e-01
1.773207020266018979e-02 -2.102535135065848881e-01
2.448715792508568412e-02 -2.035789729090197453e-01
2.606717255830455146e-02 -2.032165684650360515e-01
4.032808750890225918e-02 -1.912964948700036083e-01
6.521030275628827977e-02 -1.854185681339112768e-01
6.889595071595938647e-02 -1.766431058400285969e-01
7.685237969750258191e-02 -1.710225051828297704e-01
7.685238386997716997e-02 -1.710224986458831753e-01
7.685238773384643618e-02 -1.710224925923780614e-01
7.685240507282584121e-02 -1.710224654269477951e-01
7.685241358755466601e-02 -1.710224520863795061e-01
7.685241610898105313e-02 -1.710224481358594839e-01
7.685241905475992397e-02 -1.710224435204491245e-01
7.685242476965996328e-02 -1.710224345663413359e-01
7.685243635077895763e-02 -1.710224164207471420e-01
7.685245478916120920e-02 -1.710223875302099572e-01
7.685250642142721356e-02 -1.710223066239169865e-01
8.105280157561690901e-02 -1.689126346246200838e-01
7.987572320026187223e-02 -1.665964604943508398e-01
7.984424864756922702e-02 -1.664581762334494952e-01
7.982899722585315438e-02 -1.663912388669072651e-01
5.555662131262081860e-02 -1.468908608199034072e-01
5.555766590178445180e-02 -1.468639770250050880e-01
5.555819980680484077e-02 -1.468508445658299189e-01
5.555825971144121023e-02 -1.468493943266158952e-01
5.555890958813058250e-02 -1.468339423723895587e-01
4.965723103253313203e-02 -1.326251176700867229e-01
5.154672302528730959e-02 -1.295937291240169820e-01
5.630416024292453359e-02 -1.261713016167556045e-01
5.944445849277441019e-02 -1.240748487501282110e-01
6.013105424165438723e-02 -1.228281002877566197e-01
6.019312273456846329e-02 -1.226379012846042921e-01
6.022526741384709448e-02 -1.225183507294127783e-01
6.025959239794918126e-02 -1.223550840793996286e-01
6.028496643246186726e-02 -1.221437500222183614e-01
5.910055736388473979e-02 -1.210816735330731558e-01
5.004604702332529631e-02 -1.236590134874590435e-01
4.684928431746068767e-02 -1.207650961802501921e-01
4.577520381008553380e-02 -1.189297447237780553e-01
4.580533174915753236e-02 -1.174780643215184023e-01
4.630347918470912455e-02 -1.163913785630918407e-01
4.653555828740586764e-02 -1.142566462483757816e-01
4.389357804544372771e-02 -1.051131532939095919e-01
4.215848778389267443e-02 -9.936123858250253682e-02
4.209093382731971672e-02 -9.886688083371411584e-02
4.032371288545990445e-02 -9.536158408944157838e-02
3.773744785399123225e-02 -8.984037018800902774e-02
3.766066060220510381e-02 -8.896138788455108803e-02
3.760299119938519119e-02 -8.779524197240988481e-02
3.548749174647674448e-02 -8.384937470381668978e-02
3.367803276302835241e-02 -7.994506007749589693e-02
3.262896874259388347e-02 -7.729151737241979347e-02
3.134670792260455668e-02 -7.510700886337588755e-02
3.097557311973460348e-02 -7.468200801837317215e-02
2.834834438023790121e-02 -7.011796323272903586e-02
2.448047839354544966e-02 -6.547914150901945618e-02
2.425544101532445262e-02 -6.317579531539707638e-02
2.418674081695318390e-02 -6.035832880737111716e-02
2.274242932023953431e-02 -5.774857838801461529e-02
2.014795204399519660e-02 -5.478765441797778940e-02
1.850372155367111318e-02 -5.177343752687096901e-02
1.358076204143072313e-02 -4.713521177588882172e-02
1.100456886122071903e-02 -4.039869365658748518e-02
1.062674253360816438e-02 -3.927771001674018603e-02
1.053811519548650787e-02 -3.904380493069356528e-02
1.038530400412585909e-02 -3.866397073858870992e-02
9.680163223218784044e-03 -3.719640843747885894e-02
9.090543993601313613e-03 -3.600052352999614375e-02
8.589824784889061107e-03 -3.439661824905890231e-02
8.139910585153349587e-03 -3.309127929030357407e-02
6.471252807987138388e-03 -3.037181506030161085e-02
1.429757262513620293e-02 -1.781273238588415228e-02
1.147680872429254935e-02 -1.398066080513307545e-02
8.909718081939993484e-03 -1.051081967907306278e-02
6.892609947882009057e-03 -8.625097863746820567e-03
4.835973662257372560e-03 -6.824363814047167305e-03
3.100950836556322365e-03 -5.295481442318583122e-03
1.779143907016108878e-03 -1.460667001357450956e-03
