-4.317347870472913502e-04 -4.729290786495602729e-03
-1.186152802070652079e-03 -9.225879596678558323e-03
-1.489994823019898020e-03 -1.461926145694407604e-02
-1.965032551296061990e-03 -1.978845132136962739e-02
-8.146469127023709192e-03 -2.277563663818172462e-02
-3.573878638162503261e-03 -2.648828039656237615e-02
-4.157580876011006052e-03 -3.280371265615441428e-02
-4.675348373880671392e-03 -3.352814527771547093e-02
-5.192412344350592728e-03 -3.421376416280551974e-02
-5.676294635186617844e-03 -3.481183846841258422e-02
-6.744307228886883138e-03 -3.591055804875662588e-02
-9.272933363006450116e-03 -3.784327314197134806e-02
-1.429427194181937325e-02 -3.842670052183450730e-02
-2.081849627641139955e-02 -3.693155581743672033e-02
-3.095920645201271845e-02 -3.238707642076597837e-02
-3.121937910006478828e-02 -3.285436314834314780e-02
-3.171633133830261547e-02 -3.373926081439253960e-02
-3.199719317357187925e-02 -3.420883285071008723e-02
-3.240672099008926749e-02 -3.483294391742502993e-02
-3.295755783662809857e-02 -3.554568240485168895e-02
-3.347310622229920929e-02 -3.608234930953949093e-02
-3.441469335900868010e-02 -3.679852011728235867e-02
-5.315976941335657374e-02 -3.534922717037105450e-02
-5.302966387021992162e-02 -3.645835228361475611e-02
-5.300317696488121566e-02 -3.739966802524062606e-02
-5.303872003064525470e-02 -3.808582652357241083e-02
-5.308530985415182979e-02 -3.852993904923471269e-02
-5.315694556404702842e-02 -3.901803994593191355e-02
-5.332106014676020467e-02 -3.983037573964667843e-02
-5.359923027259599904e-02 -4.084982543598984078e-02
-5.284735332119258611e-02 -4.414482788215438186e-02
-4.831050960390650961e-02 -5.099664496864828034e-02
-5.258403344828001952e-02 -5.222265356467742370e-02
-5.640057395082904296e-02 -5.386264731569574693e-02
-5.815814808488576487e-02 -5.355036769468888430e-02
-5.990586298175922669e-02 -5.285925479840151986e-02
-6.116936584583885367e-02 -5.252285360349157745e-02
-6.345450461021313882e-02 -5.223044349133958847e-02
-6.570007574011586804e-02 -5.226935742759226955e-02
-6.150468884287093457e-02 -6.399746417932614118e-02
-6.312886101667591898e-02 -6.678871373522962673e-02
-7.192158116945451818e-02 -7.052861569421570165e-02
-7.342246239509235550e-02 -7.256099429817132462e-02
-7.380910189167393110e-02 -7.382550821755504145e-02
-7.646719331860284130e-02 -7.573432796237873632e-02
-8.157058269118187821e-02 -7.749202318876177720e-02
-8.238547838198782836e-02 -7.861777326053362436e-02
-8.341460976208132927e-02 -7.970381053610861577e-02
-8.396915689893595658e-02 -8.012023140853392900e-02
-8.434761591464615127e-02 -8.035631944308729846e-02
-8.515025008447670019e-02 -8.076023824460917822e-02
-8.527874744631593062e-02 -8.081492416374000398e-02
-8.537161873237041065e-02 -8.085297061893445547e-02
-8.563884352875154871e-02 -8.095605970403109419e-02
-7.924703123365313406e-02 -9.609584726101642882e-02
-8.094264754269359097e-02 -9.686570630798094217e-02
-8.146555198724279856e-02 -9.703400685305976769e-02
-8.162513648318760195e-02 -9.708239219264266917e-02
-8.169258603824171294e-02 -9.710250084429943029e-02
-8.174207251044639244e-02 -9.711713439812458271e-02
-8.184487802840098580e-02 -9.714722980348036718e-02
-8.205969191806884722e-02 -9.720891667086924148e-02
-8.234044093050897628e-02 -9.728750082653114806e-02
-8.315504950356536473e-02 -1.109498813939979872e-01
-8.381355612747495853e-02 -1.113839243360593284e-01
-8.471523729390249835e-02 -1.121027132253561986e-01
-8.581547875326332731e-02 -1.180137316244757872e-01
-8.598699828139169665e-02 -1.200862175115664371e-01
-8.602461898382934846e-02 -1.204377045169384847e-01
-8.698191004159172568e-02 -1.325055742620138144e-01
-8.902312446525492695e-02 -1.345050323938615511e-01
-8.944541686397736169e-02 -1.358019936670694372e-01
-8.631790834892787145e-02 -1.355841315772154110e-01
-7.675596873951606725e-02 -1.312255351695984229e-01
-7.410134970086035278e-02 -1.317937146931011383e-01
-7.330005350654325569e-02 -1.321747648426759292e-01
-7.170869995365396210e-02 -1.326977715482646758e-01
-6.965148319547888323e-02 -1.346869821705925230e-01
-6.699202401909772064e-02 -1.384063886730076687e-01
-6.492206679016276905e-02 -1.420666242124709600e-01
-6.372462949297290347e-02 -1.444614663092062823e-01
-6.033946515314701775e-02 -1.485736625333044236e-01
-5.588135086431084142e-02 -1.535096336346949975e-01
-5.077835020163419533e-02 -1.583850230638007284e-01
-4.654176558541924663e-02 -1.598600316267992649e-01
-4.440327439945314369e-02 -1.617822198280750856e-01
-4.248134623119378256e-02 -1.638756089012055328e-01
-4.093891438838746788e-02 -1.664676061029062848e-01
-4.001511491222073391e-02 -1.688797816918650163e-01
-3.924065810495349499e-02 -1.704959310002242268e-01
-3.681385289262538441e-02 -1.733804741321375853e-01
-1.800769713420652049e-02 -1.578587524501396111e-01
-1.606213635748420659e-02 -1.581301104271891078e-01
-1.547349845248507591e-02 -1.582115313575311599e-01
-1.528772029410718075e-02 -1.582372219687885329e-01
-1.362675691186349472e-02 -1.584680799150889885e-01
-9.227222963395276950e-03 -1.591649651716055824e-01
-6.798392418751925820e-03 -1.597595135029488966e-01
-5.186301679405466714e-03 -1.602642826539646681e-01
-4.372056200591184320e-03 -1.606893984684915067e-01
-3.934733952767583733e-03 -1.611135258892499589e-01
-3.482098546572720554e-03 -1.614227026367270335e-01
-2.992308968672604749e-03 -1.615887803759415431e-01
-2.034668728327165398e-03 -1.617393225617459740e-01
-9.232673854260259967e-05 -1.618317506457133959e-01
1.056260312228175964e-02 -1.803100701592397770e-01
1.163200673194985692e-02 -2.040999222618697095e-01
1.163277897412795872e-02 -2.041016931697389736e-01
1.163365333823457651e-02 -2.041036979240995197e-01
1.169333615747867802e-02 -2.042396124368734966e-01
1.179882628724051967e-02 -2.044742834177711854e-01
1.242572644505174698e-02 -2.034973348231587098e-01
1.364977262966354798e-02 -1.905350233549107652e-01
1.465895088085421120e-02 -1.903479606863286155e-01
1.561185865217201880e-02 -1.904651521524041713e-01
1.688837955735421337e-02 -1.774587759908230478e-01
1.953622523624572171e-02 -1.740368923098717380e-01
2.105836895960307847e-02 -1.740515757116619100e-01
2.507391428392909821e-02 -1.775615695182707621e-01
2.579138804737819007e-02 -1.778597158336729656e-01
2.585842172774103706e-02 -1.778893736743870913e-01
3.446025110112217044e-02 -1.851909180626924722e-01
3.599094782886321647e-02 -1.844850791869149798e-01
3.564618489928267353e-02 -1.756701045951599982e-01
3.597075271517821693e-02 -1.755023325889776831e-01
3.632965707806910111e-02 -1.753423621913921537e-01
3.645682906689319547e-02 -1.690538259354859851e-01
3.648019978050955764e-02 -1.687775027055860022e-01
3.648815466955292880e-02 -1.687016625831066208e-01
3.649728667007834382e-02 -1.686209827272052431e-01
3.292172232916738828e-02 -1.569076822239572067e-01
3.294324546039642532e-02 -1.567235004822505884e-01
3.315624683752940033e-02 -1.558878616416381757e-01
3.090364376834706106e-02 -1.494750605313700798e-01
3.180051345439805638e-02 -1.463492920949361065e-01
3.194007477267307021e-02 -1.451421776016797449e-01
3.203875702023185196e-02 -1.436516484507001368e-01
3.210518256414712085e-02 -1.423069760645407633e-01
3.224833207702695881e-02 -1.390895227641345544e-01
3.340029197555729329e-02 -1.359930097279018479e-01
3.533122974140278511e-02 -1.339570456704563817e-01
3.639867815996609274e-02 -1.317090563497538835e-01
3.657278346619290826e-02 -1.293269284885605053e-01
3.723557392705114516e-02 -1.274658856559882647e-01
3.839942813125144655e-02 -1.262305200216654877e-01
5.300089670367012090e-02 -1.373213435726518272e-01
5.243899727583091475e-02 -1.347577241227857214e-01
5.172559150679846562e-02 -1.270576078027917388e-01
5.215463808581065341e-02 -1.245004750010802602e-01
5.341536856048323401e-02 -1.232444177221529158e-01
5.454888058552924412e-02 -1.219103644680089721e-01
5.437870245687955600e-02 -1.206945307248025179e-01
5.405132687184902029e-02 -1.198501448873293546e-01
5.097577741801826573e-02 -1.192251767082657399e-01
6.119727101718309276e-02 -1.046752396405986607e-01
6.324599676542988491e-02 -9.719799555700055216e-02
6.291372280315782328e-02 -9.673462035250074420e-02
6.129406096568320444e-02 -9.412439458699561889e-02
5.794091068826699026e-02 -8.771307921563320509e-02
5.604130622751315322e-02 -8.351824009471178756e-02
5.538010995115023177e-02 -8.034765796206520816e-02
5.841497930744887074e-02 -7.891651439672608959e-02
6.068428252812244073e-02 -7.857768218128917403e-02
5.420076194833602090e-02 -7.113428569237030541e-02
5.470451961213571024e-02 -6.974434699515537350e-02
5.475654086171329038e-02 -6.962293715405698524e-02
5.478907992272817606e-02 -6.954627611207091220e-02
5.483503119199594628e-02 -6.943711927064775968e-02
5.488591818882270629e-02 -6.931507295416980408e-02
5.503735482553154257e-02 -6.894529401591274753e-02
4.848812241030938525e-02 -6.683638782819804891e-02
4.826353890676769731e-02 -6.433943510596157322e-02
4.811073890122794655e-02 -6.116116767246375374e-02
4.808214741118324587e-02 -6.054717910982979068e-02
4.805904121383664657e-02 -6.007389489567020041e-02
4.788872052706884264e-02 -5.746395774420049590e-02
4.726764599527352728e-02 -5.479651240548971680e-02
4.903358241042845428e-02 -4.863200629985817147e-02
5.224075068520154380e-02 -4.257643567243942634e-02
4.613544845007853945e-02 -4.236986308333339640e-02
4.573566920413203729e-02 -4.217494035105322225e-02
4.556176993885665411e-02 -4.205301031254326388e-02
4.523501178265353778e-02 -4.179946195171298229e-02
3.404468662841413779e-02 -4.418236223731673851e-02
3.188950046588474169e-02 -4.321917384434862536e-02
3.021757024766815944e-02 -4.254173581186622422e-02
2.827932718379362609e-02 -4.169663583550402980e-02
2.770405299041516292e-02 -4.066030728018449336e-02
2.720508680587830491e-02 -3.935445991240557606e-02
2.396390341926959294e-02 -3.686728685448373288e-02
2.149493203371979910e-02 -3.332676558811362849e-02
2.024723824189219798e-02 -3.077175521747487971e-02
1.925137972621647139e-02 -2.854526925512229293e-02
1.857046084647171261e-02 -2.685641658424913966e-02
1.732407839119704321e-02 -2.650865949315221043e-02
1.090412818610269480e-02 -2.995567009932662006e-02
8.091502369583674845e-03 -2.676392635951123367e-02
4.464270972871986314e-03 -1.509782355215959736e-02
3.283119739577455842e-03 -1.376731468950772447e-02
