1.271230000985731174e-03 -6.939400838240771148e-03
6.901372609837337115e-04 -7.268258775394965780e-03
1.498353078368253521e-03 -1.053107772811271228e-02
5.728131249321766379e-03 -1.309249009766933446e-02
7.694379648887418079e-03 -1.436146317114890200e-02
7.051506450567239688e-03 -1.785845829203793964e-02
9.226930358939884266e-03 -2.184916162239897153e-02
7.726088030336359172e-03 -2.520250177530170346e-02
8.225316971382465661e-03 -2.737743549515260152e-02
8.521835692413213745e-03 -2.844368981873384578e-02
8.723630025125602566e-03 -2.968771201768240567e-02
8.677678427729823216e-03 -3.346079322543474288e-02
8.337673507340834581e-03 -3.715043542506776125e-02
8.301632959677500423e-03 -3.779764417299691370e-02
8.412564066217355363e-03 -3.901157413544257407e-02
1.075022833230396269e-02 -4.466721928788995599e-02
1.347731295880136466e-02 -5.281832765366290677e-02
1.502730938324392182e-02 -5.496796799357145380e-02
1.532353952160251352e-02 -5.644343083682386991e-02
1.494738137762474488e-02 -6.294366196665547586e-02
1.519784801867033602e-02 -6.406484049797120384e-02
1.657258099767878329e-02 -6.588080021467340730e-02
1.619531451704322653e-02 -7.021708400172720077e-02
1.438059605904939628e-02 -7.386611976486921749e-02
1.241615060196706206e-02 -7.942378770581665082e-02
1.255923026135364294e-02 -8.240998958695146259e-02
1.332172913729581451e-02 -8.445067509312774445e-02
1.487453316832536461e-02 -8.852867121266874695e-02
1.755746184530920795e-02 -9.467676291985920034e-02
1.763482671616935227e-02 -9.953717195901994053e-02
1.750841321326786909e-02 -1.025651125838325795e-01
1.809223510514067906e-02 -1.088759963635483885e-01
1.681010218395319333e-02 -1.147383382142308367e-01
1.755615692369898867e-02 -1.173116187506578340e-01
1.818519273507366099e-02 -1.194162850702581574e-01
1.985302886526607580e-02 -1.214351313072850186e-01
2.124173178234973342e-02 -1.242153802246636074e-01
2.163826371364995643e-02 -1.269318416336530364e-01
2.194678792706941661e-02 -1.302272107291446712e-01
2.258990994327519930e-02 -1.370119474416421623e-01
2.339315266965042231e-02 -1.446003861291303705e-01
2.374087845800318744e-02 -1.483681916126182720e-01
2.387288554868633589e-02 -1.533699572581472825e-01
2.629317851575994902e-02 -1.640989845710869866e-01
2.641171653947597259e-02 -1.676738402826441765e-01
2.620095559574401115e-02 -1.708692332006872538e-01
2.649241102560807165e-02 -1.716249693147420818e-01
2.686903136494127667e-02 -1.752673330049283329e-01
2.593131620195247497e-02 -1.809783649558189544e-01
2.596468589240974456e-02 -1.817838155530085154e-01
2.602369099608190656e-02 -1.821614648068491105e-01
2.000525857113745823e-02 -1.946390845622569254e-01
2.102037237532506861e-02 -2.000458016504743086e-01
2.160950203799479399e-02 -2.032219596364548964e-01
2.236453246063114728e-02 -2.116497394383946851e-01
2.177472288691641167e-02 -2.146134604856985428e-01
2.086409951547782762e-02 -2.175689313479113873e-01
2.048385036729642728e-02 -2.192600260282156766e-01
2.044601608579009119e-02 -2.197469935589933532e-01
2.047313922868288644e-02 -2.264277743419764732e-01
1.674119709143466819e-02 -2.330260458106586940e-01
2.342688516662900719e-02 -2.307938131007413463e-01
2.814547472233095565e-02 -2.332314361206783149e-01
3.110380762169105348e-02 -2.342126799164651885e-01
3.316222193428924880e-02 -2.358414026241890948e-01
3.387781443836859058e-02 -2.373806486331159482e-01
3.397637559272201346e-02 -2.391320681610134002e-01
3.640941696802824784e-02 -2.408878805302600568e-01
4.134411128993267792e-02 -2.430734741918076647e-01
4.351043189963776925e-02 -2.452547849661704249e-01
4.675139648318084318e-02 -2.493997311783694437e-01
5.061966332687294068e-02 -2.532457564268340011e-01
4.839894288031858921e-02 -2.581983809908313110e-01
4.901129324756110101e-02 -2.589082445948352462e-01
4.934782353945596500e-02 -2.590348495091114311e-01
4.978981041060169532e-02 -2.591158113314521172e-01
5.010906952056120439e-02 -2.589431881182133743e-01
5.288677794085860223e-02 -2.580347497814921565e-01
6.174215346020284212e-02 -2.577215202651160775e-01
6.476120909850714702e-02 -2.582752100011754814e-01
7.404863381728536698e-02 -2.606510850418940484e-01
7.614974639657602629e-02 -2.605689664268772132e-01
7.647483577310409952e-02 -2.605710612443101204e-01
7.663127370559148777e-02 -2.605735729635019204e-01
7.696231463620907542e-02 -2.605822530585515384e-01
7.808175986805564184e-02 -2.606495201873235135e-01
7.541643284629789834e-02 -2.803143067832001289e-01
7.752284308791623779e-02 -2.804569171657718130e-01
7.994126883625880808e-02 -2.797641682324588097e-01
8.214451218629129081e-02 -2.791961193538005648e-01
8.390588309425631164e-02 -2.788232685846953607e-01
8.553341023402123711e-02 -2.784947980571391146e-01
9.895189684257789386e-02 -2.686846763234024826e-01
1.037881757101297847e-01 -2.661310292449249326e-01
1.065298188996113976e-01 -2.649637356545330724e-01
1.075414486196092090e-01 -2.646426268883237398e-01
1.089918124842760017e-01 -2.643784408305900335e-01
1.104872676458500264e-01 -2.644325674865908304e-01
1.109138066092568015e-01 -2.645155260727781732e-01
1.115683061317580965e-01 -2.646941165734925105e-01
1.258392033927826503e-01 -2.550171394885011877e-01
1.261224935368309708e-01 -2.551343931241907281e-01
1.264289324618311783e-01 -2.552282046570367724e-01
1.269313925822827815e-01 -2.553399589011104975e-01
1.279054479185959825e-01 -2.554854506322692953e-01
1.295997169493981194e-01 -2.556729667109122750e-01
1.305369578329214630e-01 -2.557753099175563150e-01
1.459706407412802720e-01 -2.440811374717604398e-01
1.523819357249501794e-01 -2.424506799664561674e-01
1.564425809411359447e-01 -2.437408308941607926e-01
1.610091537617112378e-01 -2.492710251267098165e-01
1.651585036397351658e-01 -2.526185753141036994e-01
1.728252894843359533e-01 -2.558829569182312080e-01
1.760240849929933793e-01 -2.559820718550759322e-01
1.758525678154886640e-01 -2.551006986070706306e-01
1.758107943140104212e-01 -2.546904653867597124e-01
1.756398715668552046e-01 -2.542007724902280441e-01
1.749333489972276501e-01 -2.533130918426440004e-01
1.742003595843316655e-01 -2.525535571680196933e-01
1.738449125547199270e-01 -2.521939608983223557e-01
1.733680515328685778e-01 -2.517115316016522719e-01
1.723077748176597146e-01 -2.506135887527468076e-01
1.717881124572938067e-01 -2.500462942859990600e-01
1.710522893188592408e-01 -2.491629402323315701e-01
1.705683158074958461e-01 -2.484137485129648548e-01
1.708484929607640423e-01 -2.430803758663164504e-01
1.708325445097531869e-01 -2.396889025980176169e-01
1.686229151874282794e-01 -2.388555637758016381e-01
1.660380414961900863e-01 -2.369633289647362639e-01
1.623376183452416854e-01 -2.358896930194722408e-01
1.608616449879550492e-01 -2.357669329184402252e-01
1.594662604696896746e-01 -2.343577221229702634e-01
1.584659232734832446e-01 -2.323158240316770540e-01
1.575760305560879315e-01 -2.312469714349517369e-01
1.513637315618794887e-01 -2.244982232918879550e-01
1.490375900786957974e-01 -2.172908442490905090e-01
1.492412106522483239e-01 -2.136621859285369185e-01
1.485907710601377940e-01 -2.089263877709904571e-01
1.483566629196430009e-01 -2.068772711155496546e-01
1.481205681105195737e-01 -1.992069018875581299e-01
1.478542980512574656e-01 -1.982019841464639498e-01
1.489519082924779525e-01 -1.908340337073906046e-01
1.485940468206708442e-01 -1.880736675487411080e-01
1.467362178448205767e-01 -1.815973427329874712e-01
1.462017346422910813e-01 -1.788652704769142510e-01
1.455163178103937027e-01 -1.750163184257936544e-01
1.456454897388930747e-01 -1.737548342350697106e-01
1.463217497801393985e-01 -1.730318333659695840e-01
1.474271417787148541e-01 -1.714973322850144311e-01
1.454439681445977850e-01 -1.685040349321615949e-01
1.388545115392715024e-01 -1.651037727932762322e-01
1.311624358188916706e-01 -1.633817425340479690e-01
1.233369334161727310e-01 -1.535348169254658057e-01
1.164539166333428827e-01 -1.467432876851871848e-01
1.069124601294695054e-01 -1.359792410595223322e-01
1.025213025964424318e-01 -1.309177889966315900e-01
9.948517174416413034e-02 -1.286068876155251339e-01
8.682190346753046462e-02 -1.176346748360786870e-01
8.416392076629282404e-02 -1.156684873396755520e-01
7.927545617954288859e-02 -1.096933399036998519e-01
7.674174964573213242e-02 -1.089434291489169426e-01
7.305365089009074886e-02 -1.054433241353968376e-01
7.121197864988812465e-02 -1.033912674018910155e-01
6.806349429300045939e-02 -1.010737995232677267e-01
6.704766319153826482e-02 -9.927566958016921517e-02
6.333152314193996046e-02 -9.693958027685031786e-02
6.163733353110204677e-02 -9.495274610423577732e-02
5.619361365717574774e-02 -9.035855559794844782e-02
4.815867353518960003e-02 -8.337697046579349569e-02
4.666508717475432305e-02 -7.678768653872558581e-02
4.472878494498978147e-02 -7.438607542830946717e-02
4.387008094965234861e-02 -7.332881535067825585e-02
4.312916774053399821e-02 -7.177672964881635920e-02
4.298303590355155579e-02 -6.978565847429496483e-02
4.247675720862070098e-02 -6.979793842797588077e-02
4.178401319889201576e-02 -6.971157325160487472e-02
4.131579644035150017e-02 -6.962459827336188456e-02
3.958531128255601828e-02 -6.921576513549348997e-02
3.901541885888212824e-02 -6.904850300174758537e-02
3.744619478062612139e-02 -6.841602117543039985e-02
4.434674764740758474e-02 -5.485131127098735043e-02
4.353124415784651036e-02 -5.375338066069607762e-02
4.227363414087929178e-02 -5.188388505180131088e-02
4.116118418703276077e-02 -4.977740152374762750e-02
3.811495367121209982e-02 -4.259125877231283858e-02
3.357532078189542912e-02 -3.542586013860360428e-02
3.238622469760184253e-02 -3.347475407674892905e-02
3.090498188155881704e-02 -3.110164168862901424e-02
2.906159391756645352e-02 -2.886683273924746732e-02
2.792531578538291065e-02 -2.752857470632274692e-02
2.615617666145857514e-02 -2.521305346526221333e-02
1.761154958953599706e-02 -2.039092284407422948e-02
1.273317970241447973e-02 -1.682272815267547503e-02
1.110210313054054397e-02 -1.424681952605685691e-02
8.559136820410873092e-03 -1.026767466252334442e-02
4.938099159524611016e-03 -2.979556907334693014e-03
3.951873332982414923e-03 1.907735267774278692e-04
3.618246072189544148e-03 1.007522684903019560e-03
2.429634406104255653e-03 6.264416501204218401e-04
