-8.637616180021574774e-04 -8.726448859312929554e-04
-1.360857507668169260e-03 -2.009826478157698479e-03
-1.722482477484885404e-03 -2.897583469998733958e-03
-6.478082511841717905e-03 -5.416880495438375874e-03
-2.136746565437074030e-02 -9.932109507978282431e-03
-2.255228556628888215e-02 -1.224655904234386340e-02
-2.356103323051951873e-02 -1.400425913214915948e-02
-2.636647807679195002e-02 -1.734322983107420418e-02
-3.001727072163329346e-02 -2.029151204436947450e-02
-3.006656647377157002e-02 -2.312145569391745731e-02
-3.216197630075567221e-02 -2.641754317859751344e-02
-3.509090350105966566e-02 -3.065553900891862180e-02
-3.648124216045983692e-02 -3.264449667095858931e-02
-3.682506914685130389e-02 -3.314161303373097667e-02
-3.925473788125115326e-02 -3.681970014776298622e-02
-4.172088680952728418e-02 -4.150322166336796459e-02
-4.146548936383387396e-02 -4.850776683596063482e-02
-4.084902475675961792e-02 -5.509669130198840969e-02
-4.286807178349525543e-02 -5.762777324643092447e-02
-4.306475329610340297e-02 -6.250681776965205660e-02
-4.155097510188541371e-02 -6.952660809116739671e-02
-4.173861794154413302e-02 -7.218976220611639238e-02
-4.268314261083238498e-02 -7.315239115377658585e-02
-4.320897539221394551e-02 -7.388202328998282054e-02
-4.363493690790223173e-02 -7.461185786990987001e-02
-4.418843870257663925e-02 -7.529666026157511016e-02
-4.482762827826677898e-02 -7.574204662788297515e-02
-4.536616672847099824e-02 -7.599182924086865520e-02
-5.257977398778043709e-02 -7.765463159916395630e-02
-5.368954989989485616e-02 -7.856127684396403688e-02
-5.392530560153793034e-02 -7.894832516239171094e-02
-5.430499571147618526e-02 -7.972181197692426724e-02
-5.729082408595342207e-02 -8.263129479101861963e-02
-6.891393046717922410e-02 -8.062046019402567543e-02
-7.105366435162968619e-02 -8.102121624951878764e-02
-7.500707125383958285e-02 -8.177375885936037647e-02
-8.047127212174368105e-02 -8.278262514439688191e-02
-8.623444019424188201e-02 -8.402769206815008385e-02
-9.180084476000029137e-02 -8.819301289141216749e-02
-9.577197684408692013e-02 -9.543859657520366302e-02
-9.493989799608473779e-02 -1.003160432456088186e-01
-9.478239927621184835e-02 -1.011500801144662176e-01
-9.454102565979587147e-02 -1.024075648581098258e-01
-9.420637768902881404e-02 -1.041268135285376567e-01
-9.402397600606562933e-02 -1.050586692070950706e-01
-9.385909404891666641e-02 -1.059007631609885924e-01
-9.116596748158997676e-02 -1.200315694088473495e-01
-8.856627066737896015e-02 -1.300957023663448231e-01
-8.886203843753745502e-02 -1.306454529454550428e-01
-8.903491672035661331e-02 -1.312867510976138408e-01
-8.888384529074386253e-02 -1.322076211805496559e-01
-8.872405951173152616e-02 -1.328346987330878415e-01
-8.871357271363962405e-02 -1.331977887746517430e-01
-8.873515940662936308e-02 -1.335562823958812428e-01
-8.507946868339034963e-02 -1.371643873888479248e-01
-8.507941955855348459e-02 -1.371644197828247869e-01
-8.507941459575694976e-02 -1.371644230553981936e-01
-8.507940807512616443e-02 -1.371644273552401483e-01
-8.507934798212354877e-02 -1.371644669818131712e-01
-8.507925024814450010e-02 -1.371645314295322771e-01
-8.507922959390842865e-02 -1.371645450493290397e-01
-8.507922045267021782e-02 -1.371645510772340204e-01
-8.507920659046111500e-02 -1.371645602182343382e-01
-8.507920068726317064e-02 -1.371645641109128511e-01
-8.507919787470130668e-02 -1.371645659655683636e-01
-8.507919584633875931e-02 -1.371645673031081925e-01
-8.507918670972283715e-02 -1.371645733279613366e-01
-8.299493832841760288e-02 -1.385386439051751184e-01
-8.299492845548622766e-02 -1.385386505395105328e-01
-8.299488542909838618e-02 -1.385386794520760689e-01
-8.299481599692035139e-02 -1.385387261087161481e-01
-8.296591162613645154e-02 -1.385581598887051791e-01
-8.246854612030135590e-02 -1.388964688992896657e-01
-8.179761815899677657e-02 -1.393687777706483222e-01
-8.136644059904699078e-02 -1.396863713903099546e-01
-8.104093379715210377e-02 -1.399362887309643366e-01
-8.070856661126681042e-02 -1.402034350288531017e-01
-8.024903500787257393e-02 -1.406010723602641177e-01
-7.995461458112528008e-02 -1.408820078061555348e-01
-7.974457630917676509e-02 -1.411023255886592054e-01
-7.959275665532100641e-02 -1.412773455967266389e-01
-7.938552585464596356e-02 -1.415522843265986652e-01
-8.036211529863981906e-02 -1.440627540131463880e-01
-7.543851180948250856e-02 -1.408519791238493912e-01
-7.352496467764250976e-02 -1.414365399623665753e-01
-7.243000670639779259e-02 -1.422230584981799828e-01
-7.279395351211057075e-02 -1.486764838390087773e-01
-8.808734328263657931e-02 -1.808147337020248879e-01
-8.503480048267027247e-02 -1.980594518360705991e-01
-8.227259011706718195e-02 -2.034703531500512974e-01
-7.997380448435660594e-02 -2.044071272751142865e-01
-7.711657318814230111e-02 -2.062752567354801392e-01
-7.504745268619779364e-02 -2.083595819383054215e-01
-7.373095207253302363e-02 -2.111457957257524554e-01
-7.337330993312546346e-02 -2.139614414302254686e-01
-6.772059617233350259e-02 -2.164006277978101078e-01
-5.743525994930585854e-02 -2.198430629094546285e-01
-5.179405131157599484e-02 -2.207350290155646877e-01
-4.729414649310614838e-02 -2.232272911387620518e-01
-4.207419717939740039e-02 -2.232244083293364600e-01
-3.658365447696287909e-02 -2.222996883774469856e-01
-3.171587225011442829e-02 -2.212818778852778945e-01
-2.665735268682331918e-02 -2.201816320838975438e-01
-1.949609464218111238e-02 -2.210205102245327013e-01
-1.407498301543033681e-02 -2.221449934509949764e-01
-1.207775482069024797e-02 -2.218284838605228126e-01
-5.070318689999834269e-04 -2.231851061114295542e-01
1.132348681207813457e-02 -2.216501977071571039e-01
1.487671290825133205e-02 -2.227533910720751742e-01
1.797407142311712239e-02 -2.242830060066939579e-01
2.349623610322426961e-02 -2.234299498700025866e-01
2.786844550676563850e-02 -2.226222485587906197e-01
3.053375965180734133e-02 -2.221232820043516631e-01
3.525077747868324979e-02 -2.212462135510401273e-01
4.053067196091436619e-02 -2.202499586205553528e-01
4.343815047881541963e-02 -2.196808209415408164e-01
4.612621913009255781e-02 -2.191305012003463282e-01
4.880644285234262553e-02 -2.185444007392803312e-01
5.267577646189763180e-02 -2.175612756070071374e-01
5.653357936488383889e-02 -2.134858976281036325e-01
5.959873764573119653e-02 -2.123274656028457386e-01
6.175553416432912751e-02 -2.120347772327775548e-01
6.653275414983558789e-02 -2.098266174859952371e-01
7.019156365699905087e-02 -2.060850022216716704e-01
7.139282068674962511e-02 -2.060212111231216892e-01
7.418827604961325539e-02 -2.036916361000393194e-01
8.162665548058861686e-02 -1.976974501880145729e-01
8.702660262436257010e-02 -1.899922774234754363e-01
9.049420975167841996e-02 -1.849310134078638312e-01
9.323034142161537585e-02 -1.809137773641239511e-01
9.507070507765980061e-02 -1.781979957526661218e-01
9.572834587575858312e-02 -1.772244153386394461e-01
9.856595918012049651e-02 -1.729968710791259245e-01
1.036096834881139878e-01 -1.642463235134581645e-01
1.047989498916122031e-01 -1.587216523284271374e-01
1.056408707116130025e-01 -1.568422050215067809e-01
1.056596190362571602e-01 -1.557837097566902029e-01
1.054804635011343389e-01 -1.550921684344013229e-01
1.078234992078013488e-01 -1.486372440662392380e-01
1.075463065698068627e-01 -1.438238221204549139e-01
1.071492601617052287e-01 -1.415852403761828082e-01
1.064599341469238958e-01 -1.382582705371097898e-01
1.055606253311436454e-01 -1.338016834643278863e-01
1.055068637379332208e-01 -1.310334409597824490e-01
1.064105552470788196e-01 -1.299827789356880203e-01
1.068624889005240636e-01 -1.296888585840754171e-01
1.073896609105600697e-01 -1.292192015641007441e-01
1.072487086006714968e-01 -1.201680441680633704e-01
1.070414280871541529e-01 -1.132131841343514134e-01
1.088084952203372258e-01 -1.116957036838143458e-01
1.091404446466872485e-01 -1.083370446314341901e-01
1.082382989440222598e-01 -1.032620053777608959e-01
1.076031889403072928e-01 -9.999396107947922108e-02
1.071618303995322957e-01 -9.743041055188379762e-02
1.095607908198416303e-01 -8.859947584004677912e-02
1.088044511963281308e-01 -8.381793251099212139e-02
1.087732476224045758e-01 -8.364781758989670024e-02
1.075702651258963333e-01 -7.739282653766514641e-02
1.048380506162970016e-01 -6.289327469023117678e-02
1.021677297313138971e-01 -5.069429573830105257e-02
9.824262128407473815e-02 -4.312165509662708313e-02
9.865460116687006786e-02 -4.270521677950732398e-02
9.903865742455296439e-02 -4.228050338751066645e-02
9.509313490851040163e-02 -3.467727281634679776e-02
9.489952352928901491e-02 -3.306931334651461163e-02
9.484971529693489445e-02 -3.258973951910459910e-02
9.477795906696133421e-02 -3.195876998258762036e-02
9.469649888087930401e-02 -3.135990992269021421e-02
9.465425038845974581e-02 -3.109619924907665311e-02
9.455793464859670039e-02 -3.059214115217686811e-02
9.108039371074112822e-02 -2.653147643290897778e-02
8.872735061441505700e-02 -2.373359515081443702e-02
8.851297440524993898e-02 -2.149345733632871888e-02
8.558510545198158570e-02 -1.926417974218990609e-02
8.336018303615108649e-02 -1.773342294627176449e-02
7.638106736456942714e-02 -1.295426215670087908e-02
6.666132138452507405e-02 -8.502176223804069205e-03
6.490135037342156799e-02 -8.679562459519318471e-03
6.419074855326017959e-02 -8.292334909797796291e-03
6.240994124974276469e-02 -7.078769028541883647e-03
6.097370181703135744e-02 -6.028050672907109449e-03
5.985289613282988863e-02 -5.221441977376830787e-03
5.351334980876550768e-02 -2.352718868211384901e-03
4.152925043598790916e-02 3.053780970718962106e-03
3.532770814804477022e-02 2.539209923663608877e-03
2.995721289157135189e-02 1.576079067317149012e-03
2.795697669642952660e-02 1.958513576963109501e-03
2.756348233238201106e-02 2.277656732430024915e-03
2.728975049061792973e-02 2.559229593580555472e-03
2.685720257155389465e-02 3.016882285005018961e-03
2.628034214539668595e-02 3.522902365631921506e-03
2.601021040551570671e-02 3.723601349055151964e-03
2.580756433336708899e-02 3.860568111827011178e-03
2.524180506368266588e-02 4.180014027300862217e-03
2.412409132309226156e-02 4.471445854136680761e-03
1.643012423386639234e-02 -6.058249745241873997e-04
1.453115659266732314e-02 8.754033651372869094e-04
1.308200314550536821e-02 1.649534983780921336e-03
5.010660208542942577e-03 9.516590038060855367e-04
