-1.674587647669697555e-03 -8.399298786533077738e-04
-2.721118242862116503e-03 -1.682210088023959821e-03
-3.250603638790482228e-03 -2.073263857213475652e-03
-4.153834895307851639e-03 -2.555730187905629839e-03
-2.174240985227737788e-02 -9.280475183379034015e-04
-2.203657867284986374e-02 -1.213044420473560411e-03
-2.229368551531254322e-02 -1.425031026900702366e-03
-3.050137454106508980e-02 -2.201920888609529715e-03
-3.400509322752329894e-02 -4.165347100686868365e-03
-3.634965209013012177e-02 -5.541673519858688647e-03
-4.102731778921102357e-02 -8.329619910734113036e-03
-5.025270377838410296e-02 -1.378817772914455592e-02
-5.643935819804165449e-02 -1.737563139917853994e-02
-5.996794212647071909e-02 -1.943304695463654932e-02
-6.488723602035254001e-02 -2.240447727653836762e-02
-7.140061337653125229e-02 -2.712066787741094012e-02
-7.273471041952767058e-02 -3.097283592105090633e-02
-7.499838385670794250e-02 -3.205223011347305834e-02
-7.778865918311120287e-02 -3.467246574156288702e-02
-7.911347587504674594e-02 -3.867724622710645710e-02
-7.971471948323050061e-02 -4.229066807533580358e-02
-8.595348934603372348e-02 -4.622215032481791913e-02
-9.205523847810902216e-02 -5.158881285358798280e-02
-9.369933778470961039e-02 -5.671261803794458434e-02
-9.467282572158468301e-02 -6.150355191404613397e-02
-9.838717708557664920e-02 -6.497777804181933958e-02
-1.006709228826265651e-01 -6.742899090322591882e-02
-1.015816264899846166e-01 -6.960969459902391354e-02
-1.028917581703694961e-01 -7.349452533586722791e-02
-1.046449241126149871e-01 -7.966849784095440812e-02
-1.056285331880497391e-01 -8.346617323107360931e-02
-1.066617507045388713e-01 -8.763185774980122855e-02
-1.104634181307950352e-01 -1.026245799569573819e-01
-1.157418850806212485e-01 -1.067301523768409421e-01
-1.171324064706051327e-01 -1.085868908751836392e-01
-1.173937788204718335e-01 -1.097931668403881594e-01
-1.203004002852149229e-01 -1.132021213802092419e-01
-1.216649440538594140e-01 -1.138823545576332502e-01
-1.232106670890370514e-01 -1.152659875055449812e-01
-1.251331569721119141e-01 -1.206175238129204436e-01
-1.266496916342152446e-01 -1.250146720795348165e-01
-1.310122979664464227e-01 -1.275127395992844970e-01
-1.322330387887442338e-01 -1.301137490572774058e-01
-1.329557367969692316e-01 -1.321218217167829945e-01
-1.336823380498635139e-01 -1.344699272931857703e-01
-1.345988508028867492e-01 -1.378518427379928635e-01
-1.387486775278660434e-01 -1.533872267468553985e-01
-1.382873200749633602e-01 -1.666667131574955385e-01
-1.414808404147657739e-01 -1.682873521564010599e-01
-1.427289246262125888e-01 -1.697800999451329895e-01
-1.396427937490112570e-01 -1.757975204841593642e-01
-1.398405829977780179e-01 -1.772633602423105692e-01
-1.404270691770163060e-01 -1.782151574978750042e-01
-1.372302299470676556e-01 -1.853563860015750020e-01
-1.340999356283351651e-01 -1.918643268746646202e-01
-1.340444534234502272e-01 -1.926646634566190064e-01
-1.340698985006221200e-01 -1.928781281617972521e-01
-1.340818773375917483e-01 -1.929435397857991730e-01
-1.341441281602709368e-01 -1.931867482976855621e-01
-1.343521869639809074e-01 -1.936943459468174200e-01
-1.315086359704192298e-01 -1.967770471403857413e-01
-1.312592410511231322e-01 -1.969020464877226650e-01
-1.271403103917541633e-01 -2.040340153378169541e-01
-1.271957102170383491e-01 -2.041608059327638947e-01
-1.272422033288090892e-01 -2.042595424426433548e-01
-1.273440163478661291e-01 -2.044623826783600606e-01
-1.274573014617009226e-01 -2.046799440273211201e-01
-1.275133999887398673e-01 -2.047885458827975735e-01
-1.275702696615475251e-01 -2.049010921422209919e-01
-1.277545355813585748e-01 -2.052970422466499356e-01
-1.279292032910995247e-01 -2.057870374675512815e-01
-1.272289880705627374e-01 -2.075623572008256090e-01
-1.181673805585683329e-01 -2.109485056422759908e-01
-1.145860193030150548e-01 -2.160464756179912016e-01
-1.077353192193335196e-01 -2.227153838477524128e-01
-1.031660403674415499e-01 -2.283859034438371072e-01
-9.752761531468268075e-02 -2.304399184616682528e-01
-9.214274865344100618e-02 -2.315539638296674196e-01
-8.982151909162335024e-02 -2.326169275243066548e-01
-8.914103676188447900e-02 -2.340058443135975830e-01
-8.886228824268703474e-02 -2.351930946311351633e-01
-8.774997110470296457e-02 -2.367923912597743596e-01
-8.497517292253156662e-02 -2.383612808735536548e-01
-7.812301653101788590e-02 -2.404135985412909904e-01
-7.068870963153899012e-02 -2.421132694041878142e-01
-6.821424959727796777e-02 -2.430478885709457804e-01
-6.736508630062562619e-02 -2.442315128859777473e-01
-6.686556270897640875e-02 -2.460763838299607487e-01
-6.579063684991698358e-02 -2.475813338335497438e-01
-6.449917671118936269e-02 -2.487749939270650079e-01
-5.735723387920095562e-02 -2.478109229771062738e-01
-4.842107413297008778e-02 -2.480410652769872992e-01
-4.591336762627101775e-02 -2.488188101287421572e-01
-4.426246423221473492e-02 -2.493517263905803694e-01
-4.395048167302220699e-02 -2.494482442385904108e-01
-4.134069413552014793e-02 -2.500600243796338162e-01
-3.127935178544313799e-02 -2.476253928647467184e-01
-2.715889771557540230e-02 -2.487623008771565059e-01
-2.466714045290209489e-02 -2.495659569719039794e-01
-2.225168750028116982e-02 -2.502067957596668668e-01
-1.996549931202830017e-02 -2.499034939583990589e-01
-1.786342995444422169e-02 -2.480892158503189004e-01
-1.472874677691460299e-02 -2.473193024201100487e-01
-8.656952774039198065e-03 -2.488363020074441934e-01
-5.164692790927420153e-03 -2.489180198883526318e-01
-3.698896027204655323e-03 -2.477438076088263885e-01
-1.089475482006417324e-03 -2.463997109824302423e-01
1.445343942396594980e-03 -2.463372587552440651e-01
2.399715026752733890e-03 -2.467155108837357780e-01
3.295744633678563806e-03 -2.470967042302486538e-01
5.257678399400939409e-03 -2.466186795957399924e-01
7.327950206884855343e-03 -2.450909839753419861e-01
9.450360233406115279e-03 -2.442952537495235166e-01
1.663302955079328307e-02 -2.453372017303114272e-01
2.572866950605394790e-02 -2.465747961036587610e-01
2.855956428579929998e-02 -2.447743782259275691e-01
3.091822861836114947e-02 -2.431375505363236600e-01
3.278227428066590038e-02 -2.419404181998669190e-01
3.498230774561483097e-02 -2.406455777945176733e-01
3.916237638386405040e-02 -2.384796494319682825e-01
4.304596172336427884e-02 -2.374291469926345932e-01
4.666502257534598658e-02 -2.379565965578738507e-01
4.825834824237656279e-02 -2.297352988778039729e-01
5.019046684260579372e-02 -2.279475663704943200e-01
5.063882319132242960e-02 -2.277425348557858276e-01
5.126066326287168767e-02 -2.273998816024685177e-01
5.252677974143587364e-02 -2.266084815615908021e-01
5.455985905953166654e-02 -2.260168462484428153e-01
5.799494469566397747e-02 -2.271555149483553415e-01
5.874310373373494570e-02 -2.267726572848973443e-01
5.912249656736972420e-02 -2.256730543632211594e-01
5.927350323507559610e-02 -2.249623171240762443e-01
5.943507536123934093e-02 -2.240610887154545205e-01
6.044883835230607100e-02 -2.198229209598553113e-01
6.419491688661059514e-02 -2.158635439948401458e-01
6.727605180822668340e-02 -2.130870552334583612e-01
6.729858136846079975e-02 -2.127277874566679827e-01
6.733065471080239284e-02 -2.123211906752423828e-01
6.767657810209953828e-02 -2.109301369156213468e-01
7.258323825116858030e-02 -2.074375229224569017e-01
7.456187297250076174e-02 -2.043077642304494124e-01
7.530007549055545146e-02 -2.008225497847711538e-01
7.609616451418764471e-02 -1.974082876296928690e-01
7.735528902022059672e-02 -1.938460753511132006e-01
7.974327447903338528e-02 -1.909470519378166642e-01
8.158304722599207803e-02 -1.904513692057419327e-01
8.371638110774597130e-02 -1.879873669007566250e-01
8.714521779620110209e-02 -1.744146017891135825e-01
8.520023477674566748e-02 -1.643491563516689957e-01
8.883260760441459569e-02 -1.626416303930447727e-01
8.989413253801332992e-02 -1.611911589706031822e-01
8.956931777457761978e-02 -1.594768222224156595e-01
8.748551250611061314e-02 -1.575745719972607706e-01
8.760482460916395320e-02 -1.532382129673426630e-01
9.208495593998922146e-02 -1.374143255099287975e-01
9.323646837291231504e-02 -1.313866116411308849e-01
9.335879323432778876e-02 -1.296202992032690071e-01
9.279180995990825298e-02 -1.250458566866777255e-01
8.953757598242158278e-02 -1.201218526232577799e-01
8.773280778718137163e-02 -1.170287834307418701e-01
8.771342136787874111e-02 -1.146235438710202365e-01
8.844885785325105887e-02 -1.129710372812785385e-01
8.929199755139681505e-02 -1.106727895802335077e-01
8.561720250403961896e-02 -9.982677832603166490e-02
8.382379593112264382e-02 -9.358285264089430400e-02
8.413086737466668463e-02 -9.280592838744476658e-02
8.411858724694010192e-02 -9.163463805398398832e-02
8.364589211574581518e-02 -9.004152904660704670e-02
8.321377649397647402e-02 -8.905079049090418308e-02
8.272653856161564512e-02 -8.808278864595717184e-02
7.962666051490226160e-02 -8.296430367781891524e-02
7.809580241658192756e-02 -7.434414647561629619e-02
7.491467950655578134e-02 -6.809397129564896678e-02
7.240417772133403429e-02 -6.380201597278883918e-02
7.093216514260543282e-02 -6.131565673443410691e-02
6.843062306132231820e-02 -5.702682060146246901e-02
6.434775175086046572e-02 -4.985135333562341897e-02
6.259346259355344499e-02 -4.690140744368508086e-02
6.058215424188197196e-02 -4.458492392572450946e-02
5.693397190608834313e-02 -4.361110769801408021e-02
5.461767993627887618e-02 -4.021015672397681984e-02
5.279112587891446329e-02 -3.688511477675268657e-02
4.716877949368267903e-02 -3.214706329288408854e-02
4.163669596336717210e-02 -2.550572632634509271e-02
4.008661061624545219e-02 -2.534551838695421264e-02
3.884803155121306639e-02 -2.497417214605989963e-02
3.745002973540585700e-02 -2.386652671674094339e-02
3.641021756977804585e-02 -2.255457689802690610e-02
3.575598266983539414e-02 -2.105949339924078831e-02
2.825041829693007364e-02 -1.719505591224231369e-02
1.506573440174447179e-02 -1.263749632367434060e-02
1.404475113941859241e-02 -1.081249844123294800e-02
1.355757550936652865e-02 -9.370535313997842633e-03
1.246547227548794150e-02 -8.141394980662046074e-03
1.036087555629714926e-02 -7.505852294101921993e-03
6.912892781263824810e-03 -6.835474730467420296e-03
4.420214578843941963e-03 -5.913471908726724950e-03
2.958078472491262531e-03 -4.885877278381746749e-03
1.359110819889707087e-03 -2.324739858665247991e-03
