-1.663619750414723495e-03 -9.317862008973826996e-04
-2.395514868828527849e-03 -2.137951346666483194e-03
-2.998462565380073403e-03 -2.992574650296780416e-03
-4.923926605874468995e-03 -3.793571684353662637e-03
-1.869152517014191842e-02 -3.898325896202005196e-03
-1.933691965873990046e-02 -4.799587238736283470e-03
-2.007938969816033467e-02 -5.575307706748812084e-03
-2.390804999386968166e-02 -6.131723975133839509e-03
-2.879157905156309524e-02 -8.755319464850152417e-03
-3.010302276701408430e-02 -9.945984062508917908e-03
-3.222535071789852518e-02 -1.183273721032894119e-02
-3.885773998881991015e-02 -1.488688506220546895e-02
-4.010936134026508310e-02 -1.847247509299756313e-02
-4.110960038731482219e-02 -1.923670475338539951e-02
-4.574650561837378254e-02 -2.099189058273116110e-02
-4.938553439075361873e-02 -2.222422523896628449e-02
-5.087338629678998803e-02 -2.348528136946851849e-02
-5.277961597083778017e-02 -2.517199675122031716e-02
-5.595070569332571964e-02 -2.813173708386981428e-02
-5.704586241696067012e-02 -3.184549042591439810e-02
-5.721998363561752593e-02 -3.561004119669636953e-02
-5.898705620905554670e-02 -3.822140702097893278e-02
-6.150622417904674788e-02 -4.032423219895403532e-02
-6.199328627824641363e-02 -4.270187940006681809e-02
-6.266944900287563236e-02 -4.494292678512287059e-02
-6.510664266122241639e-02 -4.700244419620093483e-02
-6.645597929707375284e-02 -4.843041761480480767e-02
-6.684380646836234063e-02 -4.991722506850437835e-02
-6.824650847095481421e-02 -5.351200961751148566e-02
-7.093387625369787508e-02 -5.625489638374781692e-02
-7.143763680040542130e-02 -5.761030726515969230e-02
-7.193440308949124173e-02 -6.063824916543825855e-02
-7.300711038884978576e-02 -7.134698456125404542e-02
-7.480389425999556252e-02 -7.457027608138891428e-02
-7.519111459209404380e-02 -7.480172953269594027e-02
-7.585270860117340752e-02 -7.517731213633532805e-02
-7.666579566046621830e-02 -7.587510044603959503e-02
-7.722710389773798645e-02 -7.667667826658423891e-02
-7.753543654702914345e-02 -7.742718688017785622e-02
-7.739406477363081072e-02 -8.072766237578644921e-02
-7.688938177658644069e-02 -8.751967790016083881e-02
-7.836440615771907148e-02 -8.924231311309457904e-02
-7.874403487575425131e-02 -9.170579709400399071e-02
-7.577421119212578160e-02 -9.767110589659759590e-02
-7.647973887535909621e-02 -9.869452846347118169e-02
-7.877353931224249928e-02 -1.007844608739821846e-01
-8.020537383987132174e-02 -1.089068909974108684e-01
-8.279431285946922681e-02 -1.153355362221208935e-01
-8.472108417087534371e-02 -1.180323156735599427e-01
-8.542576617862790433e-02 -1.213949746195690654e-01
-8.581275921275391405e-02 -1.250041370525873385e-01
-8.607570898938823878e-02 -1.284036447121028879e-01
-8.632430790357172035e-02 -1.314472352644783237e-01
-8.676092328708187584e-02 -1.349259066292980980e-01
-8.780215170514397982e-02 -1.384764353954115457e-01
-9.139096303939080179e-02 -1.424355353231975263e-01
-9.268542453476631693e-02 -1.466571966659060422e-01
-9.360813179296807729e-02 -1.474363928912227895e-01
-9.617420443305384203e-02 -1.505888880140926200e-01
-9.821905276566134102e-02 -1.589758546395529104e-01
-9.916531371950029761e-02 -1.597431703609217823e-01
-9.993842003413147546e-02 -1.603196882437237236e-01
-1.016083708878774972e-01 -1.635953809702582751e-01
-1.018927120845870976e-01 -1.672006047141720297e-01
-1.019759465574000407e-01 -1.679817038000741003e-01
-1.023583289122783208e-01 -1.694693331759720700e-01
-1.033551596291063662e-01 -1.709336343367045818e-01
-1.040387835589684229e-01 -1.715177960491978126e-01
-1.046862840790787896e-01 -1.719896765621559409e-01
-1.042333461604797035e-01 -1.765091525686899310e-01
-1.073897763624654667e-01 -1.825943860226883764e-01
-1.075437513881638968e-01 -1.836381372400986700e-01
-1.075467814904192132e-01 -1.838272335853312622e-01
-1.075470146328732363e-01 -1.839118539731176005e-01
-1.116212615236907013e-01 -1.906071403346168425e-01
-1.107655186387926233e-01 -1.916682037170816810e-01
-1.101874492494307745e-01 -1.920857145548754419e-01
-1.096723875383061042e-01 -1.925069175569513180e-01
-1.087267224308238606e-01 -1.952964872663978113e-01
-1.093452973239614767e-01 -2.029268852213909624e-01
-1.094040000446099004e-01 -2.107810726593997430e-01
-1.056044168655452808e-01 -2.159883344857665421e-01
-1.021182883507482653e-01 -2.241443491975466940e-01
-1.002742380314701753e-01 -2.238822337948052910e-01
-9.793625539214244335e-02 -2.252809709093331336e-01
-9.600430283354732808e-02 -2.274431693909086116e-01
-9.381150134295131171e-02 -2.301148802397136317e-01
-9.116961625284546178e-02 -2.334029782115777385e-01
-8.847507625751900584e-02 -2.365494979049104496e-01
-8.345685440381327147e-02 -2.381727337122864496e-01
-7.844659928345172617e-02 -2.428582496027109627e-01
-7.198348564815415518e-02 -2.432489373921659093e-01
-7.020129443953537773e-02 -2.440452192408551491e-01
-6.938446146107676848e-02 -2.451849243729810335e-01
-6.978218202369186607e-02 -2.466758811234368576e-01
-6.241038699410765556e-02 -2.484167535380088498e-01
-4.448758032015254216e-02 -2.499273875304841019e-01
-3.412334004431269441e-02 -2.509429336978316605e-01
-2.856232336529011123e-02 -2.513919599781089809e-01
-2.200487830155783628e-02 -2.478578302888437557e-01
-1.453144946984526523e-02 -2.485439160853077922e-01
-1.124753772421873202e-02 -2.467664270588791897e-01
-8.676710855200399017e-03 -2.446608426130101877e-01
-5.435476777605188423e-03 -2.452158259653557937e-01
-2.864988141369927219e-03 -2.436542798816200006e-01
-2.036699836928761425e-04 -2.412716662457069505e-01
3.331177732530713441e-03 -2.382112003537572298e-01
6.096888021438822899e-03 -2.375298207475892154e-01
6.763069240359996688e-03 -2.378231459283366156e-01
7.474353426092725759e-03 -2.379445784903892191e-01
1.166286153701936480e-02 -2.350440440950694321e-01
1.611635107488734731e-02 -2.345026437389336194e-01
1.771217610334620621e-02 -2.267605598489507990e-01
1.859602935587007649e-02 -2.252541610868098731e-01
1.952319139637343284e-02 -2.245600532681584771e-01
2.056078271090704124e-02 -2.238407682636680274e-01
2.149706288864236536e-02 -2.231150658280262322e-01
2.889725597854740993e-02 -2.272814077301696933e-01
3.260608337299566312e-02 -2.275925962886105880e-01
3.640098956287906445e-02 -2.278344154999463744e-01
3.981875364126769706e-02 -2.280285751130913530e-01
4.267676348866248498e-02 -2.278024744674890523e-01
4.713353256189700691e-02 -2.246536593974463314e-01
5.155113927805161228e-02 -2.210423795865731345e-01
5.372858197860851809e-02 -2.209644759232628763e-01
5.627635451883975654e-02 -2.206533881615363457e-01
5.965714165799759078e-02 -2.178815840483472877e-01
6.596895327478059790e-02 -2.162189236252219371e-01
7.273993087411673164e-02 -2.107112125143000003e-01
7.659247613468903038e-02 -2.073743063991058677e-01
7.904266728911749085e-02 -2.052264013876828053e-01
8.025130253762154109e-02 -2.041281859525434506e-01
8.193487208444365233e-02 -2.024312158773425296e-01
8.248373025576395678e-02 -1.992156649351822795e-01
8.603491646992281194e-02 -1.956064312789681514e-01
8.714875805885737015e-02 -1.938517440747306586e-01
8.723355072273722421e-02 -1.928390816492188409e-01
8.729956553812531772e-02 -1.917564668803724837e-01
9.202457872669871086e-02 -1.852284167029200068e-01
9.289958648294194266e-02 -1.789270997202390134e-01
9.571306287514456945e-02 -1.760415461844073437e-01
9.724329335768853999e-02 -1.730581768933897591e-01
9.750115422185176572e-02 -1.699654440014651546e-01
9.810427753866485245e-02 -1.669331833864013126e-01
9.958039052886140385e-02 -1.651071869469497855e-01
1.004035057306191386e-01 -1.645059063343824735e-01
1.016131094521221662e-01 -1.631003756509187275e-01
1.028768428654878997e-01 -1.560472023272507502e-01
1.040341958641935738e-01 -1.502310434976171505e-01
1.064371296988540078e-01 -1.478928592270344622e-01
1.079943723658153831e-01 -1.454956455607636923e-01
1.079673754212605447e-01 -1.427937430388163675e-01
1.069620049692740771e-01 -1.410796997449953183e-01
1.057799363941683418e-01 -1.397937685002662023e-01
1.088200355839222810e-01 -1.330457116876911372e-01
1.091459513465473513e-01 -1.314232255208724887e-01
1.092838260548503609e-01 -1.305360568761678164e-01
1.097689895220578110e-01 -1.257143361301673590e-01
1.083289694055508540e-01 -1.198385999600246193e-01
1.064215173605013720e-01 -1.167621484168843565e-01
1.064713856400536091e-01 -1.143247202019951059e-01
1.077205166114038742e-01 -1.123869866688267521e-01
1.099648088337295687e-01 -1.106328047029354750e-01
1.075890994673876500e-01 -1.035748679581596221e-01
1.077600013451295163e-01 -1.001992412325050513e-01
1.079228318419544891e-01 -9.870853631377700388e-02
1.080671462070348227e-01 -9.738880802486689359e-02
1.081850214367800628e-01 -9.607737260451458539e-02
1.082376782313822644e-01 -9.494450569360503300e-02
1.081379411651196831e-01 -9.340774028113130178e-02
1.067955223748212057e-01 -9.075784306330324236e-02
1.051424733524449068e-01 -8.848107182730573228e-02
1.080993823928180914e-01 -8.317880606970851076e-02
1.072154218288834532e-01 -8.222778432226643397e-02
1.066522265189937535e-01 -8.166440990530646205e-02
1.058970869728342312e-01 -8.060170860878748678e-02
1.056720054652277863e-01 -7.650728521254786252e-02
1.058172125247601458e-01 -7.180827647604609565e-02
1.050649214091137901e-01 -7.044970549571973051e-02
1.036108270729188541e-01 -6.882671442653252869e-02
1.025513481433385082e-01 -6.326189530274298201e-02
9.821636370554347184e-02 -5.782836872295157166e-02
9.531230800371943979e-02 -5.224173153051522162e-02
9.335583646974175698e-02 -4.747211849489495900e-02
9.282365089684796455e-02 -4.690360226678406963e-02
9.247875330253067794e-02 -4.649234794144449512e-02
9.165318646243947320e-02 -4.491800439456546806e-02
9.138161717705128861e-02 -4.062090569046658550e-02
8.614475065243119845e-02 -3.423663306864010297e-02
7.861501851864187429e-02 -2.520707093865226858e-02
7.050491132049679921e-02 -1.562202741666922010e-02
6.414630478133219460e-02 -1.270337068338708332e-02
6.322406283683389139e-02 -1.140064132916245900e-02
6.220510025288469858e-02 -1.010496483070334739e-02
6.062972579306403348e-02 -9.309768434915710600e-03
5.764053602630060669e-02 -9.230368863500273968e-03
5.419506461600305525e-02 -4.852239748218741683e-03
4.747087955244625596e-02 -3.805469461875731364e-03
2.710755754970203824e-02 -2.364614477001738581e-03
