-2.911754070787140811e-03 -2.520527988862382874e-03
-4.638234509980724077e-03 -5.660280633451764305e-03
-5.588727848259264844e-03 -7.821093790642471080e-03
-6.857546848467090811e-03 -1.068575079477289413e-02
-1.336795907319489850e-02 -1.350925432122200565e-02
-1.577557753431647891e-02 -1.489043691701400808e-02
-1.630542013542739602e-02 -1.557084876191295979e-02
-1.793562553593237158e-02 -1.742973322633200456e-02
-2.481042675825499699e-02 -1.902577968374153869e-02
-2.528001245353298301e-02 -1.975392565985835056e-02
-2.565509318069911573e-02 -2.064065983617281372e-02
-2.656052658466297525e-02 -2.161824003993558646e-02
-2.936079341636938303e-02 -2.116153000566290548e-02
-3.445825375560895854e-02 -1.890293308908487166e-02
-3.518698785851560873e-02 -2.145904994019114803e-02
-3.532272495634071474e-02 -2.622769553240965681e-02
-3.666858780970860127e-02 -3.039441013491673768e-02
-3.867728294421424878e-02 -3.527379317370396561e-02
-4.373035218334146712e-02 -4.102983028018994394e-02
-4.959787432977383337e-02 -4.355436151616522145e-02
-4.986572265131018755e-02 -4.405519258590560872e-02
-5.697335213960795508e-02 -4.676772612089248604e-02
-6.525588241095660325e-02 -5.139915107605816380e-02
-6.445625892518631883e-02 -5.512974567167065743e-02
-6.481678241436056309e-02 -5.809786234319232190e-02
-6.531384199147795278e-02 -5.954765508995764345e-02
-6.583789169473153180e-02 -6.083317777353972056e-02
-6.631523188954563386e-02 -6.185792733545551758e-02
-6.960510096640720734e-02 -6.540411861475789457e-02
-7.376880984493638937e-02 -6.902794067402050204e-02
-7.481012857873228783e-02 -7.016342111851496532e-02
-7.706416757061418377e-02 -7.168622065304405822e-02
-8.921644487848044702e-02 -8.146839647679852969e-02
-9.301218135772137963e-02 -9.647346879463655767e-02
-9.338380901791407118e-02 -9.732270640804051298e-02
-9.499929285826258507e-02 -1.010812791456668358e-01
-9.698337848733533384e-02 -1.116784266849704665e-01
-9.728600900004973073e-02 -1.123452958703504562e-01
-9.748236405223334455e-02 -1.127777189200190738e-01
-9.897249981993372359e-02 -1.213086732235687387e-01
-1.012211344623611814e-01 -1.271402168315813042e-01
-1.020992664161488456e-01 -1.294908945025777247e-01
-1.027306400330861985e-01 -1.321488413578226495e-01
-1.028462358792223141e-01 -1.348917251076587054e-01
-1.033474104310868752e-01 -1.372116389657763447e-01
-1.039507949418483485e-01 -1.392377763840693117e-01
-1.076294707185300598e-01 -1.556296068800116228e-01
-1.083971351275146017e-01 -1.672585795751607984e-01
-1.092005719684150666e-01 -1.689707490672292256e-01
-1.098587129066343482e-01 -1.706411854580966725e-01
-1.091717767678724027e-01 -1.733849894815769344e-01
-1.092045761387206021e-01 -1.748112553798829849e-01
-1.095079271264534498e-01 -1.756210321255861906e-01
-1.087689617854071950e-01 -1.786837483043911268e-01
-1.094815400198933808e-01 -1.814155758333380053e-01
-1.109912770652141112e-01 -1.842347821295146626e-01
-1.125121925876763629e-01 -1.855794050102125559e-01
-1.140738279081419254e-01 -1.853868241119903948e-01
-1.178814400275163682e-01 -1.901914143669309887e-01
-1.244204703824603325e-01 -2.061721464090189027e-01
-1.261084378338199752e-01 -2.080025813704016457e-01
-1.270182462425192838e-01 -2.083374473824961270e-01
-1.284174879139063086e-01 -2.092901597310944661e-01
-1.294443274637389063e-01 -2.108998260324125573e-01
-1.299828246673431498e-01 -2.110362130200711950e-01
-1.306583466094920765e-01 -2.111887705095772949e-01
-1.307764065730761538e-01 -2.192404392684892400e-01
-1.308445827772305448e-01 -2.194144662812329560e-01
-1.309085198734152855e-01 -2.195752971955939326e-01
-1.318221633941918380e-01 -2.218262260095929805e-01
-1.325082294787472137e-01 -2.240371151036706643e-01
-1.315019167607216488e-01 -2.280478626701413214e-01
-1.205128387867449857e-01 -2.309417840508457553e-01
-9.709140676938859960e-02 -2.386291469164125711e-01
-8.700271294864711513e-02 -2.426722094210366776e-01
-8.253017586892502644e-02 -2.465601671726928290e-01
-7.622382252026500826e-02 -2.496381473329088163e-01
-6.997325460453097945e-02 -2.527122084837538640e-01
-6.637253450140781497e-02 -2.541218754632993959e-01
-6.521674596409229863e-02 -2.558610252628886195e-01
-6.510972918257139364e-02 -2.574129979083592534e-01
-6.500689822500127502e-02 -2.588342652287811130e-01
-6.428437721742148725e-02 -2.595028148771947873e-01
-6.313457849689738111e-02 -2.601271085585673548e-01
-6.184790032059692133e-02 -2.610007134927925798e-01
-6.087454393804554026e-02 -2.620712129473370955e-01
-5.997603871916182966e-02 -2.637748333607929929e-01
-5.936937087489068537e-02 -2.668113484548164660e-01
-5.969106493430743204e-02 -2.687842062568234214e-01
-5.935193132379702752e-02 -2.689802471098514114e-01
-5.625000457910924595e-02 -2.683329383561022241e-01
-5.245337371149397937e-02 -2.690883246158810027e-01
-5.091643113917185964e-02 -2.702988216425615264e-01
-5.025323858403682453e-02 -2.725943456656313435e-01
-5.185535502253547230e-02 -2.787519416299302222e-01
-4.747744127654333901e-02 -2.782586879799028301e-01
-3.252306701012817186e-02 -2.741329981020299011e-01
-2.668080819224630251e-02 -2.761242609502649881e-01
-2.351378021236986970e-02 -2.797420921667322924e-01
-2.256584395330934675e-02 -2.815708891407471826e-01
-2.238378144473754036e-02 -2.816934552794949087e-01
-2.236489005302632824e-02 -2.817045359235910151e-01
-2.235801871842957311e-02 -2.817085044420805096e-01
-1.329653556734021469e-02 -2.929185567234524057e-01
-1.208355067284866760e-02 -2.911584292617866998e-01
-1.053337314586188719e-02 -2.883982528344462559e-01
-8.987057256548339548e-03 -2.875223086531561445e-01
-7.747598868824366256e-03 -2.879385716417353636e-01
-6.881835194327247211e-03 -2.884980913152129789e-01
-6.042301677579049214e-03 -2.889385055919561074e-01
-4.981708765994939843e-03 -2.889827180761900816e-01
-2.211478684215153947e-03 -2.843279595784372615e-01
1.921186030777053506e-03 -2.778603181382329201e-01
4.846870478527808175e-03 -2.754328070647388826e-01
7.327712866282015854e-03 -2.744587431193700744e-01
9.649518263545875385e-03 -2.725621088446141260e-01
1.182917935267889520e-02 -2.708780175807422030e-01
1.408422184067004319e-02 -2.708768018287976975e-01
1.674640929107391873e-02 -2.705583053617380274e-01
1.885554687378728986e-02 -2.685153518002050821e-01
1.991125482122861959e-02 -2.675487975942457131e-01
2.036060146055966580e-02 -2.672897042349419716e-01
2.285867509226056915e-02 -2.642744512547390290e-01
2.502563306351225300e-02 -2.619971813112624837e-01
2.548555098732014842e-02 -2.617738942244250411e-01
2.698196485197296851e-02 -2.611824620844339084e-01
2.955961281880268438e-02 -2.597988925802158788e-01
3.187344256255688485e-02 -2.573863112790247265e-01
3.318120799698210527e-02 -2.568687456545969416e-01
3.452671876936546508e-02 -2.382320514039381887e-01
3.699270711265067318e-02 -2.375368243479853425e-01
3.878995703660659961e-02 -2.375194112699829663e-01
3.900622711597930697e-02 -2.371719102134992041e-01
3.950585886783276879e-02 -2.362970429199943712e-01
4.215189885221395927e-02 -2.348379382434264695e-01
4.254201932430178718e-02 -2.340018233782875101e-01
4.254569877439471487e-02 -2.339763862300012209e-01
4.258200792612448771e-02 -2.337953680692434477e-01
4.271600800203573245e-02 -2.334624345927716893e-01
4.292366358790605796e-02 -2.331722008370580579e-01
5.152790376901868197e-02 -2.310692981350044028e-01
5.156929794988833471e-02 -2.247724513714280392e-01
4.927236741740394221e-02 -2.143386842715432894e-01
4.882009965941624952e-02 -2.083101396211882728e-01
4.958686174664933555e-02 -2.051256834988227640e-01
4.972099815972316761e-02 -2.047531085866018397e-01
4.994870434261081821e-02 -2.041574867427424778e-01
5.123269211989286975e-02 -1.982173675792137935e-01
5.271737765683590787e-02 -1.932245572859463967e-01
5.365600732718390359e-02 -1.911398920365931786e-01
5.454457685264350875e-02 -1.879581077657613286e-01
5.357110292993398637e-02 -1.830472188587490834e-01
5.146713922602454833e-02 -1.793288829724659639e-01
4.981526191762270656e-02 -1.759817873269875488e-01
5.060388043356642274e-02 -1.698865261031524965e-01
5.109894563042464283e-02 -1.645726624838544927e-01
5.097373714623543162e-02 -1.644160349193538040e-01
5.053040671895789315e-02 -1.639147283861853432e-01
4.954292713941987891e-02 -1.619883097267721117e-01
4.966924795420635946e-02 -1.589108689969109256e-01
4.940227794361488900e-02 -1.563294421785680344e-01
4.956643876720388114e-02 -1.549404795114257549e-01
5.004721696976767442e-02 -1.533791275793229270e-01
4.314848636194166392e-02 -1.385595001404137383e-01
4.274825442978718443e-02 -1.335542608476524007e-01
4.263038990326113720e-02 -1.326156820408166681e-01
4.057215530930458058e-02 -1.279542111300521201e-01
4.113742802882079663e-02 -1.245298581914430214e-01
4.154964256167992254e-02 -1.214232691883121301e-01
4.150281315025365625e-02 -1.169688522675340764e-01
4.015848745336816905e-02 -1.103756204903921928e-01
3.815734421238038687e-02 -1.047453058107886137e-01
3.680790285289562563e-02 -1.014171092656705325e-01
3.534880747669381235e-02 -9.792468650656122042e-02
3.512216549923222186e-02 -9.737648170274743054e-02
3.268107637147219663e-02 -9.210457500035590384e-02
2.999472257128643279e-02 -8.651913338702017786e-02
2.921021085955505942e-02 -8.362051389665772771e-02
2.761862095238256168e-02 -7.964920483057894018e-02
2.417842822524116433e-02 -7.300265553107777861e-02
1.912091269939952820e-02 -6.324956375045369394e-02
1.691034065574924944e-02 -5.068427134081109064e-02
1.726129794334192377e-02 -4.057937937426860098e-02
1.475406989814362184e-02 -3.715795581800672431e-02
1.412041905338843814e-02 -3.699762187421754694e-02
1.362536199788872207e-02 -3.677635350992539826e-02
1.285717540912551318e-02 -3.588070989150844020e-02
1.275650614205565796e-02 -3.292766081824236024e-02
1.160492547803321402e-02 -2.836255888092946778e-02
9.307593790461997363e-03 -2.382506706752674994e-02
6.437643595669954172e-03 -1.982230790740029808e-02
5.423193924812362739e-03 -1.613247903537363970e-02
5.164534282491817403e-03 -1.267618893293207330e-02
4.687980468371855634e-03 -1.116439773778720758e-02
4.356958896738357366e-03 -1.023396039284459047e-02
4.256839184495216956e-03 -9.948876753509073440e-03
3.717600212065865894e-03 -7.116792461384293875e-03
2.216056261078116693e-03 -1.333538604900543715e-03
1.867208031547170017e-03 -7.835542349589083404e-04
