-1.646459275829794192e-03 -1.198033021520336335e-03
-2.843841352136554021e-03 -2.327214816938711749e-03
-3.534788342256677072e-03 -2.893549278667451995e-03
-4.913488623243619617e-03 -3.626907747989311509e-03
-1.683403591491246590e-02 -4.264118384281061734e-03
-1.733447169451460962e-02 -4.837505599677984110e-03
-1.787141294152597842e-02 -5.376979975153825357e-03
-2.283710589698157226e-02 -7.031766971536750413e-03
-3.176507623235954453e-02 -7.164943190572995758e-03
-3.227231715263530198e-02 -7.731330108361286757e-03
-3.317939603932554965e-02 -8.575571506202939523e-03
-3.522961777520244170e-02 -9.845393122126807825e-03
-3.727954019981617045e-02 -1.020508138875411523e-02
-3.973367018330734718e-02 -9.634288041864579044e-03
-4.140546707196598314e-02 -1.035938566987270985e-02
-4.263085661444321328e-02 -1.147775811741467283e-02
-4.311376864846488272e-02 -1.190990903915794923e-02
-4.374597468283641238e-02 -1.243111147079489949e-02
-5.080566720914068968e-02 -1.357307801475788299e-02
-5.083900654235928157e-02 -1.583702146482543482e-02
-5.144332289945390685e-02 -1.776879588962664708e-02
-5.343867768738548574e-02 -1.990842239471053016e-02
-5.591657639308297845e-02 -2.184863299281894489e-02
-5.727000444722961381e-02 -2.288936078658459009e-02
-5.879741659291031625e-02 -2.413536552245411707e-02
-6.438053935998606925e-02 -2.627588429185419294e-02
-6.710040264768131479e-02 -2.721277449604555046e-02
-6.729969403883580281e-02 -2.871419820253352448e-02
-6.760196998939072000e-02 -3.099341648841848901e-02
-6.888053437978906846e-02 -3.208779364599062545e-02
-6.932009504051171722e-02 -3.241975086331511102e-02
-7.029777359075067844e-02 -3.313651609699262007e-02
-7.539157427332192352e-02 -3.708002275365520489e-02
-7.934736277064283194e-02 -3.923957617873831405e-02
-8.130668400536089635e-02 -3.896026371841762592e-02
-8.364328735733560227e-02 -4.253297657053238534e-02
-8.660630833291749209e-02 -5.029747353741050725e-02
-8.803125059379644790e-02 -5.120595578592788966e-02
-8.925713075044021394e-02 -5.207088537369662651e-02
-8.990645044346931569e-02 -5.544250041125329403e-02
-9.215867679825974490e-02 -5.868307185547107230e-02
-9.477571926925876244e-02 -6.096513461994570310e-02
-9.649534498247962222e-02 -6.233382466757419332e-02
-9.739951315826299305e-02 -6.303170322372883549e-02
-1.000672838704812218e-01 -6.503581138312029830e-02
-1.033762995967839327e-01 -6.748178481547208174e-02
-1.067822644115542091e-01 -7.279031861543847071e-02
-1.094776633410160654e-01 -7.686577482175280251e-02
-1.125485363612702822e-01 -7.902671328628393943e-02
-1.131233644856306092e-01 -8.290662654992751734e-02
-1.135844196502385495e-01 -8.686107663970331350e-02
-1.171528447458848043e-01 -9.142078587263005596e-02
-1.199871163693645021e-01 -9.757788307878663414e-02
-1.208023245138891144e-01 -1.058232971489882074e-01
-1.218706482152035336e-01 -1.147346707760986406e-01
-1.234352449702051102e-01 -1.217705715953705248e-01
-1.247439993391476765e-01 -1.241181514661178903e-01
-1.256824510371693793e-01 -1.246132887738192890e-01
-1.287063345277854876e-01 -1.288528115517001693e-01
-1.305180506367944748e-01 -1.447006291393818922e-01
-1.308217891563653312e-01 -1.470129265695140630e-01
-1.309327802700399057e-01 -1.478575706718855964e-01
-1.317955702098335680e-01 -1.563673444566042181e-01
-1.282234695475945596e-01 -1.672602951595768273e-01
-1.283177319453880361e-01 -1.679943090274340078e-01
-1.285224552128091946e-01 -1.692516250039045322e-01
-1.288988099017196187e-01 -1.713202827516255022e-01
-1.291441576905722477e-01 -1.727720990567200299e-01
-1.292889015951969311e-01 -1.737380587816002575e-01
-1.294475856681800430e-01 -1.749900552020555722e-01
-1.256512942029042734e-01 -1.861657461721880902e-01
-1.254555343233893228e-01 -1.913618141440314724e-01
-1.245845000895912658e-01 -1.925763408312226588e-01
-1.233169705282981532e-01 -1.939914822952087947e-01
-1.225032259011225866e-01 -1.949369269248740766e-01
-1.212962014497317997e-01 -2.023785278236069074e-01
-1.204959994574456433e-01 -2.033536821853417498e-01
-1.196918172351072313e-01 -2.042254827094409642e-01
-1.187687649626142511e-01 -2.053198363240170687e-01
-1.185638040029048934e-01 -2.074289446236954326e-01
-1.188294694216431163e-01 -2.104170957864507641e-01
-1.172267507402382641e-01 -2.130303444747615182e-01
-1.152124106250384389e-01 -2.159019963808505027e-01
-1.105236596811235567e-01 -2.166470008960802163e-01
-1.054980227047294244e-01 -2.176601712086881912e-01
-1.035906931378286766e-01 -2.192522141785111511e-01
-1.018636791994716601e-01 -2.214716190389365291e-01
-1.012539401315475651e-01 -2.249856503028045684e-01
-1.012840767454477875e-01 -2.270699195473761811e-01
-1.006345726018824938e-01 -2.276747164665729739e-01
-9.861745516253769828e-02 -2.279417698455375452e-01
-9.619728749187723971e-02 -2.286713071860416446e-01
-9.400194083480085949e-02 -2.315103840336010521e-01
-9.238231573604746560e-02 -2.339332858313922792e-01
-9.096895325538637000e-02 -2.358261394234140995e-01
-8.544641499909326476e-02 -2.392034053489573431e-01
-7.506961383553403810e-02 -2.405650959517194043e-01
-6.979185384719469032e-02 -2.411740596257765379e-01
-6.495218319142520569e-02 -2.461651337311516197e-01
-6.267407185228739130e-02 -2.470815603134665639e-01
-6.104345769802056731e-02 -2.472964304860650608e-01
-5.984906426903414955e-02 -2.474127620089729696e-01
-5.806075632664838698e-02 -2.476913352417216552e-01
-5.551387669629773841e-02 -2.480570236929118266e-01
-5.357637533394459667e-02 -2.471191668105159334e-01
-5.178171942715472514e-02 -2.452840942744568264e-01
-4.848093688514917149e-02 -2.440552336340819362e-01
-4.506373468043879671e-02 -2.442624309366378810e-01
-4.344672097134028022e-02 -2.445761156369500589e-01
-4.183723670901391689e-02 -2.449020771031548693e-01
-3.981161822214143720e-02 -2.449312810842389498e-01
-3.781052265004958279e-02 -2.432848905430987640e-01
-3.572155496328139473e-02 -2.416332772561609887e-01
-3.113625927409929134e-02 -2.422134597411176871e-01
-2.480403979704023584e-02 -2.376241646263791973e-01
-1.763249000758973506e-02 -2.319525086224628330e-01
-1.115961767552985096e-02 -2.268331015047295174e-01
-6.773572995184672790e-03 -2.234114438829723770e-01
-1.146008725183977981e-03 -2.190485101537898438e-01
1.049580677554616363e-02 -2.096483473207652326e-01
1.499617350098743015e-02 -2.019012512062226539e-01
1.613409039757233987e-02 -2.011319663972307437e-01
1.876655688811275369e-02 -1.990623952063595159e-01
2.171363030163440261e-02 -1.922951582430747486e-01
2.311289195944000313e-02 -1.912607636638434527e-01
2.598205802392540911e-02 -1.891874369775939368e-01
3.155376180125685215e-02 -1.830006128940410426e-01
3.591606224299255523e-02 -1.769935604814631136e-01
3.829214720702931590e-02 -1.752341116673948318e-01
3.987725883865600451e-02 -1.739538916177132688e-01
4.050652216649865828e-02 -1.733995380856735991e-01
4.118912740757255803e-02 -1.727458460876858393e-01
4.239694859585821374e-02 -1.713032363957146531e-01
4.295029165177535052e-02 -1.672373456682415827e-01
5.141038821872372100e-02 -1.606107328523206645e-01
5.443422076860979925e-02 -1.559656118176768191e-01
5.477855503115595937e-02 -1.542025787537064374e-01
5.465826142360274975e-02 -1.526425093135382882e-01
5.439601968900627249e-02 -1.501129204078365253e-01
5.997769320423932543e-02 -1.448964363744164596e-01
6.885680086280614176e-02 -1.383209707240948827e-01
7.466391861773950811e-02 -1.334493980690514559e-01
7.681852423365115312e-02 -1.311977243711796026e-01
7.722937046369682257e-02 -1.275340802409202778e-01
7.924325876300380989e-02 -1.256767717173942200e-01
8.045381404237407497e-02 -1.248590557406272783e-01
8.194838039489925341e-02 -1.235676311381653791e-01
8.305080934933987968e-02 -1.194532112219696685e-01
8.740412488879957531e-02 -1.149428833608614198e-01
9.265282275896236097e-02 -1.105702394971385394e-01
9.502001283597150127e-02 -1.041749493125714021e-01
9.593403180247743467e-02 -9.687895429205665987e-02
9.618942009679432026e-02 -9.380657773101831742e-02
9.638164685676472998e-02 -9.159658732719667962e-02
1.007546942419476205e-01 -8.302983449363017521e-02
1.018033867797586839e-01 -8.006891911187645483e-02
1.014768831908227087e-01 -7.947412976212087088e-02
1.005816884848552001e-01 -7.837335314963378430e-02
9.871733516618805271e-02 -7.670941291080850266e-02
9.845857990629709733e-02 -7.477821535635945094e-02
9.872036461288363762e-02 -7.277713563230966964e-02
9.902257986063214834e-02 -7.098507891419623961e-02
9.935191424924673387e-02 -6.861946328112668303e-02
9.997046522268925040e-02 -6.382410420618693514e-02
1.018335094908955768e-01 -5.990379242859031339e-02
1.050018910515055082e-01 -5.795169173278932190e-02
1.040812755537728757e-01 -5.505100753960028709e-02
1.015308030594104655e-01 -4.970938285815261481e-02
1.018955390997473703e-01 -4.860303589452544953e-02
1.021745293273847721e-01 -4.722364742086371248e-02
9.795936546920581967e-02 -4.171771328763338588e-02
9.437393118215492427e-02 -3.676039300256458975e-02
9.421268572248076012e-02 -3.222772194983145738e-02
9.393610308750513505e-02 -3.077366635615051693e-02
9.367429613240763064e-02 -3.041023319889373314e-02
9.264736729682951366e-02 -2.924281685974675082e-02
9.150362389033193933e-02 -2.777179803331073643e-02
9.107756976416664374e-02 -2.721568124817324436e-02
9.058317367443863288e-02 -2.666992608163732889e-02
8.490805268941006845e-02 -2.504000699837657593e-02
8.388819612414739890e-02 -2.378425490753014251e-02
8.307622810807439862e-02 -2.249082646774056005e-02
8.142986049332802401e-02 -2.062495322448340898e-02
7.643818081888736904e-02 -1.912874778586559979e-02
7.384695937451429826e-02 -1.900544274173794970e-02
7.202031488443402796e-02 -1.882416110941626669e-02
7.034045608515296366e-02 -1.792479156155207462e-02
6.952358289320612061e-02 -1.641932555692712098e-02
6.821138351409934686e-02 -1.444694025557217813e-02
5.835202829162050575e-02 -1.202771324681610465e-02
3.134911749654070018e-02 -7.719759926184521955e-03
3.146276685674673224e-02 -6.418995984479310829e-03
3.084565590757144815e-02 -5.433856741225984166e-03
2.789498801468536307e-02 -3.784147097368906199e-03
2.154130219352468761e-02 -2.632770799905355483e-03
1.010667061013962621e-02 -1.178976590276650674e-03
3.395476877137725870e-03 -4.344114510532712074e-03
2.472050503662565589e-03 -3.363596718051403006e-03
1.692878271720387601e-03 -2.168418268968182010e-03
