-8.906357833051586209e-03 1.308783046575432958e-04
-1.107318473553603466e-02 -1.200695826660381311e-03
-1.120064324798914629e-02 -1.648783314756384821e-03
-1.171888833796057988e-02 -2.318399117015632060e-03
-1.308876428878237401e-02 -3.153436353808821563e-03
-1.372265446505167158e-02 -3.503257189907996519e-03
-1.400075440751388962e-02 -3.651339730889950966e-03
-2.164607007611493023e-02 -4.187086752599040833e-03
-2.335859299000134920e-02 -5.410582757436663455e-03
-2.369361699488896009e-02 -6.505990020680293973e-03
-2.457174059227580296e-02 -7.805637319418224328e-03
-2.745164628382278441e-02 -9.582386352306824367e-03
-3.538626447956211285e-02 -8.064335519995436199e-03
-4.001551080554218570e-02 -9.772069400207304343e-03
-4.971114660887563513e-02 -1.142108378373351239e-02
-5.325353483751495143e-02 -1.680039348935923396e-02
-5.429100936065088534e-02 -2.150689685348537716e-02
-5.640372943296814712e-02 -2.695813949879513269e-02
-5.884035493697867963e-02 -3.293392718801694402e-02
-6.096253911172946210e-02 -3.892833878558320249e-02
-6.040375564959994670e-02 -4.575976602952342570e-02
-6.168716212481129696e-02 -4.919315823370638829e-02
-6.283973184851548988e-02 -5.201182160372021940e-02
-6.401871860600820419e-02 -5.671649559794100098e-02
-6.287402827209735701e-02 -6.108639803862688650e-02
-6.319475217082812235e-02 -6.182247400754537631e-02
-6.264585110154426151e-02 -6.441049927461650615e-02
-6.230020494901337275e-02 -6.772022926937618093e-02
-6.361276615780744881e-02 -7.183272711402320654e-02
-6.553391880120140733e-02 -7.666849205421738533e-02
-6.614584941835043030e-02 -7.857485638661027005e-02
-6.501621654581614396e-02 -8.332225460759738744e-02
-6.709988959725615709e-02 -8.919031668721413841e-02
-6.996838630143736859e-02 -9.076108389747687688e-02
-7.053858158160122849e-02 -9.101008604107256594e-02
-7.103754150330809924e-02 -9.138481359411726457e-02
-7.437462980392230139e-02 -9.535627427816523172e-02
-7.763116372622673456e-02 -9.582095948590886592e-02
-8.053972014726218376e-02 -9.720492897737810500e-02
-8.132051534656600800e-02 -9.927167845550412262e-02
-8.429964150250121580e-02 -1.018299452266167859e-01
-9.221772249655808829e-02 -1.054420109501523484e-01
-9.580012043659784371e-02 -1.078038330551109730e-01
-9.588422768828278042e-02 -1.086580735144448140e-01
-1.050433930653496967e-01 -1.095455051894203835e-01
-1.083966799060216146e-01 -1.137452185822470374e-01
-1.136029159257375271e-01 -1.182873755311179137e-01
-1.144874465999513730e-01 -1.203808871892089322e-01
-1.149007270439904999e-01 -1.213649898509190223e-01
-1.150938257091816269e-01 -1.217755613101000195e-01
-1.155480809011309867e-01 -1.225772867333352611e-01
-1.189929566331158345e-01 -1.245275958399768707e-01
-1.211013440250379575e-01 -1.282102870305633635e-01
-1.215222168257475421e-01 -1.325566191126517079e-01
-1.211438254388381153e-01 -1.370768827891353792e-01
-1.219553869575167870e-01 -1.392466652515860492e-01
-1.224919901466470090e-01 -1.406078408198625784e-01
-1.226603025744046338e-01 -1.410469413016015305e-01
-1.236030175019719873e-01 -1.442261058305313315e-01
-1.239027526844879851e-01 -1.530290937154988873e-01
-1.240511319740826290e-01 -1.534222389799715647e-01
-1.241376815272199619e-01 -1.536560284073724969e-01
-1.245764553182065748e-01 -1.549146951379296033e-01
-1.155133464780365576e-01 -1.696671891185736469e-01
-1.155074501743196536e-01 -1.696826988708572959e-01
-1.154938158956815425e-01 -1.697185567730228606e-01
-1.154690770230772795e-01 -1.697835883421731362e-01
-1.154681441857496188e-01 -1.697860394987958932e-01
-1.154672033613267368e-01 -1.697885115568832093e-01
-1.154212155544301899e-01 -1.699092165387392772e-01
-1.153382102939954357e-01 -1.701260912906283895e-01
-1.153089489424851538e-01 -1.702021085625037289e-01
-1.152618502452703309e-01 -1.703238369604699876e-01
-1.009873491950472324e-01 -1.707211278424103085e-01
-1.009088559765161514e-01 -1.707730793202423270e-01
-1.008898401894227498e-01 -1.707859982607647653e-01
-1.008695462574691754e-01 -1.707999324244571793e-01
-1.006629388631858496e-01 -1.709508963664353454e-01
-1.005649568792422038e-01 -1.710287218134233511e-01
-1.004879548271894185e-01 -1.710929558056890620e-01
-1.004441802313001814e-01 -1.711307433584708659e-01
-1.004119835614245004e-01 -1.711591476959800073e-01
-1.003178212146287746e-01 -1.712453264480067738e-01
-1.002292700919786145e-01 -1.713308466287621623e-01
-1.001325509783461826e-01 -1.714295946595078834e-01
-1.000536895728623560e-01 -1.715144026012902501e-01
-9.996486792626604889e-02 -1.716146331621648258e-01
-9.985322733171432541e-02 -1.717478378410032813e-01
-9.976687053502135416e-02 -1.718565045226430055e-01
-9.970379696858591712e-02 -1.719390290567605895e-01
-9.964529854601111847e-02 -1.720179793807182778e-01
-9.957970801973156649e-02 -1.721092910540898691e-01
-9.949291417906509782e-02 -1.722347044699430729e-01
-9.942191758192955864e-02 -1.723412148709086433e-01
-9.936795186143591863e-02 -1.724245576703205829e-01
-9.931015476145824139e-02 -1.725161141771669182e-01
-9.925237854077816058e-02 -1.726100232604509677e-01
-9.916501635225744016e-02 -1.727565707434418896e-01
-9.906049431299050745e-02 -1.729391195338600695e-01
-9.903316435922218663e-02 -1.729881483391936536e-01
-9.902829873173100983e-02 -1.729969333825922828e-01
-9.902709276525395454e-02 -1.729991134236945616e-01
-9.902400100916064485e-02 -1.730047072041934475e-01
-9.899936983153745373e-02 -1.730495165023876181e-01
-9.899530114096685707e-02 -1.730569602078298186e-01
-9.899287307868152863e-02 -1.730614080259549048e-01
-9.891226588378093654e-02 -1.732114620338943700e-01
-9.870132592057702381e-02 -1.736258612361498144e-01
-9.817778497211429589e-02 -1.747789901592150530e-01
-9.724581945749115330e-02 -1.770590088287115060e-01
-9.721785653151822360e-02 -1.771274443576097701e-01
-9.720725391776691149e-02 -1.771534092307088526e-01
-9.718371812627472905e-02 -1.772110881852869413e-01
-9.489429791100079115e-02 -1.821337790568363646e-01
-9.278457637987919115e-02 -1.818317887646359599e-01
-9.143883767564012222e-02 -1.820243001599973487e-01
-8.873270968527442737e-02 -1.829145946455326410e-01
-8.186689252856511889e-02 -1.856726689848270662e-01
-7.781540512875720350e-02 -1.847290356075664552e-01
-6.971029019045216213e-02 -1.758666996608928557e-01
-6.616612906168187203e-02 -1.722371479982346687e-01
-6.444203045041083100e-02 -1.717750544883110131e-01
-6.071917724966680030e-02 -1.724645410393614298e-01
-5.863039231325520989e-02 -1.715096988445587722e-01
1.965379302728507277e-02 -2.432806891012434525e-01
2.267614714019046407e-02 -2.397390959111697639e-01
3.367209954099874974e-02 -2.384288168015958886e-01
5.978190344639307263e-02 -2.386346123833322785e-01
8.933708148221194967e-02 -2.309117021648652845e-01
1.014905624462967004e-01 -2.236412943054717772e-01
1.077358646370953354e-01 -2.204661987291760550e-01
1.122662916166489305e-01 -2.184870753895790940e-01
1.159693159217926456e-01 -2.138292774390380402e-01
1.220103945964576275e-01 -2.002557933698077275e-01
1.243389195431994082e-01 -1.916819563831889950e-01
1.257877496757019431e-01 -1.884046321750928177e-01
1.261648540832601695e-01 -1.876277079157946948e-01
1.266295253535915655e-01 -1.867260302163969432e-01
1.302188615521550907e-01 -1.785630134675262326e-01
1.289629078989548983e-01 -1.718239435182284114e-01
1.293466434045029145e-01 -1.707748857029518785e-01
1.297446166608825502e-01 -1.697166118870947760e-01
1.264458400009752237e-01 -1.641075759466333051e-01
1.259096122849008847e-01 -1.626766336822233205e-01
1.258394643295553672e-01 -1.622262256859460239e-01
1.258362925230132046e-01 -1.621663911723685014e-01
1.258346999544243117e-01 -1.620752238242270105e-01
1.239094386966479167e-01 -1.577867472870882748e-01
1.225424239608741556e-01 -1.524484581753254298e-01
1.227904756368580624e-01 -1.517124550245810000e-01
1.223903546419981142e-01 -1.488345824711305443e-01
1.200819567529605447e-01 -1.435472945464168759e-01
1.171595264674704651e-01 -1.378399215833866209e-01
1.073018737142485690e-01 -1.315159733683771426e-01
1.062738081172306115e-01 -1.291462013107454176e-01
1.042683026868545110e-01 -1.261251736604170615e-01
1.024366632802404253e-01 -1.248531751939595535e-01
9.687681218472853073e-02 -1.227448321221459582e-01
9.041721589121715086e-02 -1.167337374402641487e-01
8.713212193865599309e-02 -1.140427829195626297e-01
8.668949490088188881e-02 -1.129849993795698226e-01
8.654987321476161066e-02 -1.126841092964977753e-01
8.608079667028271931e-02 -1.118438932065749930e-01
7.973731134632075501e-02 -1.027465475768207376e-01
7.754410544433813779e-02 -9.826438648408930554e-02
7.726580608675719108e-02 -9.783088983678853157e-02
7.687304292187283061e-02 -9.731478461709912320e-02
6.867385754187771418e-02 -8.884464802943145556e-02
6.843253170089276527e-02 -8.829917028140789326e-02
6.798241741469052135e-02 -8.724410783366627620e-02
6.496576662578683325e-02 -8.195523012664596152e-02
6.150771221873257283e-02 -7.827255232845664601e-02
6.070957192441337608e-02 -7.624363062101700839e-02
6.026404804353786143e-02 -7.500446882387945546e-02
6.014115513963276538e-02 -7.463194928043441478e-02
6.074820655767489141e-02 -6.460371513971946422e-02
5.747853949018528336e-02 -5.709115372361434765e-02
5.644616604771764828e-02 -5.379869351966882346e-02
5.668076674231411344e-02 -4.923116541177881972e-02
5.256376083300749041e-02 -4.557679883916964519e-02
4.839626366603416024e-02 -4.225141390174051020e-02
4.738329581778755878e-02 -3.969750700518279163e-02
4.613803075265010545e-02 -3.694976258821320442e-02
4.395303254467419762e-02 -3.496593151225685370e-02
4.325964170818157734e-02 -3.480018805091853601e-02
4.272144206509682213e-02 -3.446312372219908354e-02
4.133213064664592595e-02 -3.148866540474642289e-02
3.768238659181633032e-02 -2.883333479398204890e-02
3.681217558045517257e-02 -2.688652315478904514e-02
3.534870117449213922e-02 -2.460658846677084288e-02
3.252173352697271258e-02 -2.257663537173394339e-02
3.204491686592445682e-02 -2.139077439373037598e-02
3.120574663992881775e-02 -2.029083870718826482e-02
2.825526712147869227e-02 -1.835760005009538787e-02
2.367514298719200147e-02 -1.641741853561080183e-02
1.708751838172100843e-02 -1.395444899743386244e-02
1.146457489363978538e-02 -1.030849926790066221e-02
7.147867970199643303e-03 -6.444312909957921297e-03
2.037313541076803819e-03 -8.065979472209656607e-04
