-2.112838051819309823e-03 -1.907820176723506339e-04
-2.564013793371713781e-03 -7.615614475962501117e-04
-2.830225249931259297e-03 -1.124282896953793026e-03
-3.569637061526403400e-03 -1.573125799844921936e-03
-3.600830964280614388e-02 1.041489128461362684e-02
-3.612842669647250288e-02 1.010340075508237533e-02
-3.631387838141412333e-02 9.860577654167727510e-03
-3.691903043686254465e-02 9.430052687691909893e-03
-3.770423468025597968e-02 9.085379860787218612e-03
-3.836746704373385913e-02 8.841348686822873490e-03
-3.897268874044335779e-02 8.640205272069245365e-03
-4.177350575317638481e-02 8.197240083678334829e-03
-5.221243526106675997e-02 1.166201782627767844e-02
-5.476620808476140995e-02 1.080058555072560371e-02
-5.953065291423266514e-02 9.444197164210519843e-03
-6.315472994114659788e-02 7.198521482303341622e-03
-6.357398939736454146e-02 6.231952763648348353e-03
-6.425010879134740449e-02 5.020320694407724021e-03
-7.005121479972342691e-02 3.089293718013795889e-03
-7.284719075610891770e-02 2.175252312961840385e-03
-7.457640881545958556e-02 1.688031485374558464e-03
-7.970549421872007156e-02 4.545683662555233782e-03
-8.002179144607336758e-02 3.889438455794036464e-03
-8.069474181784362654e-02 3.437237276200945900e-03
-8.258996501004504942e-02 2.761278343521572556e-03
-9.057055049257395352e-02 4.864892854947660628e-04
-9.363211088984640940e-02 -1.317373940398005282e-03
-9.401369832252261249e-02 -2.024267600878436584e-03
-9.618949943267811331e-02 -4.555504185852402195e-03
-1.009412532519392142e-01 -6.110620886148721009e-03
-1.016330878584775638e-01 -6.915567090149850327e-03
-1.024619635812070717e-01 -8.189332181213879527e-03
-1.070095546378379281e-01 -1.420315557645037557e-02
-1.119794718706225434e-01 -1.559740398316347525e-02
-1.145739397399796328e-01 -1.596148324200333257e-02
-1.183296059641172210e-01 -1.845422194401981700e-02
-1.220222553794435422e-01 -2.489884041939568332e-02
-1.232576673561533304e-01 -2.707924531971724405e-02
-1.245862267263334183e-01 -2.956006873032379634e-02
-1.259687539373437748e-01 -3.582927992267998657e-02
-1.258924725635745812e-01 -4.154863238195885544e-02
-1.268975745058468774e-01 -4.319095546209500425e-02
-1.276803658346854220e-01 -4.442769381676273804e-02
-1.283346750941602166e-01 -4.548356782437480011e-02
-1.289516201413627439e-01 -4.652123084599792124e-02
-1.298636379571178889e-01 -4.821323478298192994e-02
-1.304804730915016531e-01 -5.413613719226191556e-02
-1.373803395403704886e-01 -6.195590960161279082e-02
-1.388888372318168030e-01 -6.468027862049532950e-02
-1.397559226989442405e-01 -6.763444601478472984e-02
-1.382922264994269068e-01 -7.286707529234016933e-02
-1.403301350362173572e-01 -7.643471372564675237e-02
-1.418848722187804612e-01 -8.092976444933540348e-02
-1.382817928198564472e-01 -9.622794965937446487e-02
-1.346571049757950278e-01 -1.089171869377634910e-01
-1.343229376755339377e-01 -1.135686783505971686e-01
-1.347011701545162143e-01 -1.142298621649149304e-01
-1.351613883507881975e-01 -1.146616957982821844e-01
-1.361601358694648212e-01 -1.154812059132692137e-01
-1.373147918070574403e-01 -1.172529456057114089e-01
-1.376398119861674540e-01 -1.180830251836291062e-01
-1.378083498645260585e-01 -1.187026697414858695e-01
-1.367692568120428276e-01 -1.260583526524768627e-01
-1.375781691249090555e-01 -1.275749276966348655e-01
-1.378987643457041390e-01 -1.279571839605884165e-01
-1.383375565428433818e-01 -1.285588986901901876e-01
-1.375791923680465823e-01 -1.370093773915078972e-01
-1.378142722308932089e-01 -1.374529253480460123e-01
-1.379622721590263446e-01 -1.376824061099320984e-01
-1.388251570309307070e-01 -1.389209740012656014e-01
-1.374060208152247664e-01 -1.453852899936749488e-01
-1.344717214211459122e-01 -1.554980061886740983e-01
-1.327523237638751907e-01 -1.584271075362992387e-01
-1.308168886133160014e-01 -1.595635873356202883e-01
-1.279164078507241398e-01 -1.663299827628032523e-01
-1.239390748916191776e-01 -1.787954199820847301e-01
-1.212254046092074017e-01 -1.802468073400495252e-01
-1.187169687970776877e-01 -1.816298068571237934e-01
-1.167955537088188334e-01 -1.833266285067667034e-01
-1.157785219879822192e-01 -1.852489042956921850e-01
-1.155877675414377082e-01 -1.870772017628285488e-01
-1.143685315230478367e-01 -1.892288472728951843e-01
-1.111682548937626136e-01 -1.911949453614328054e-01
-1.054842739909280652e-01 -1.941353572330891675e-01
-9.923983354829368775e-02 -1.975168418020781802e-01
-9.549546023658125882e-02 -2.003664173541040150e-01
-9.369442554121540367e-02 -2.048178108613975812e-01
-8.175965785169671263e-02 -2.126784460096853291e-01
-8.005599500865476226e-02 -2.174208120252822951e-01
-7.415335410526498194e-02 -2.217439018335463363e-01
-6.483804556048824996e-02 -2.270002142601219297e-01
-5.437015998681044016e-02 -2.327771003663264837e-01
-4.823092941350651253e-02 -2.362617313271526409e-01
-4.357393128860151399e-02 -2.388485987001397748e-01
-4.137621259989212458e-02 -2.399905395281999865e-01
-3.982842112379973015e-02 -2.406947981630398470e-01
-3.391745288947415476e-02 -2.391217839015010449e-01
-3.207094941847896119e-02 -2.399218995131010834e-01
-3.084165575515589175e-02 -2.405997637882539564e-01
-2.936869887584661609e-02 -2.407490261268937504e-01
-2.765667058681596860e-02 -2.402318688845740680e-01
-2.591273360864146044e-02 -2.395891372652063644e-01
-2.286129027505494696e-02 -2.398873734947485903e-01
-1.789745682497764778e-02 -2.405951121902433210e-01
-1.384380032157296429e-02 -2.395767331480033735e-01
-9.715352905765166011e-03 -2.383590872918927295e-01
-1.668090440632241309e-03 -2.361021014000539153e-01
8.041473406614048358e-03 -2.299191042401033391e-01
8.971690013814362027e-03 -2.296205948275161501e-01
9.870750453761277868e-03 -2.293807819602753373e-01
1.166836807482222148e-02 -2.288954639800007129e-01
1.362266890539522678e-02 -2.269485720953367813e-01
1.619616031723323385e-02 -2.243274910581598558e-01
1.984534113041347414e-02 -2.232404796547782511e-01
2.375476740780953916e-02 -2.220896463187884140e-01
2.662722466002398827e-02 -2.206743878849909135e-01
2.839053318893984892e-02 -2.189907093863553977e-01
2.945956407409951530e-02 -2.172430156667110590e-01
3.033570650855570844e-02 -2.153953493448223788e-01
3.322828924674645773e-02 -2.098928108471149745e-01
3.617229338446657089e-02 -2.085992964848238929e-01
3.794580358280755239e-02 -2.081317774500853202e-01
4.081189633223357427e-02 -2.057574324858426895e-01
4.431636746769837543e-02 -2.028714087631860175e-01
4.574458034176455412e-02 -2.025788744075790737e-01
4.795843165043120471e-02 -2.016069946588526229e-01
5.191685087455025216e-02 -1.974688154151080233e-01
5.885290332729185836e-02 -1.953814150662457061e-01
6.641384903291271125e-02 -1.933353971923535974e-01
6.969534354329566528e-02 -1.904980673244263123e-01
7.181708756660110105e-02 -1.884121787687237093e-01
7.527514640939141077e-02 -1.875664995736955054e-01
7.846034789546695032e-02 -1.844932830677366575e-01
8.055385999767193661e-02 -1.804268746502892817e-01
8.214084465143273173e-02 -1.773056295961279449e-01
8.295722549884791686e-02 -1.757934722749087963e-01
8.343718361396106065e-02 -1.749534135164453608e-01
8.405636876172568883e-02 -1.739424024087527221e-01
9.117960570463297387e-02 -1.666319329566173235e-01
9.109169626163640676e-02 -1.614484519392967998e-01
9.253781533227066480e-02 -1.586988789933551913e-01
9.368440682409094611e-02 -1.566507620240429888e-01
9.483673548184380631e-02 -1.546200427086045215e-01
9.637944532095457650e-02 -1.518848080037987214e-01
9.802960927449372308e-02 -1.488451987620106054e-01
9.882331250667827915e-02 -1.472803155055023294e-01
9.955268456229862672e-02 -1.457172392058156962e-01
9.924111011520628245e-02 -1.372603439024677185e-01
1.020433206759661232e-01 -1.326096812622380716e-01
1.029785099335654291e-01 -1.300724397028169832e-01
1.020149049111478967e-01 -1.238671800407736834e-01
1.018075285685928894e-01 -1.148270008855229174e-01
1.010982678855619488e-01 -1.093928618411797032e-01
1.001118334654252234e-01 -1.058596049226662450e-01
9.911205596373137694e-02 -1.023228735833185549e-01
9.822969282517968193e-02 -9.937598060743581263e-02
9.789229031383123170e-02 -9.832765988787676992e-02
9.690510030248214446e-02 -9.566402487786353215e-02
9.274717905031500120e-02 -9.205156889688949351e-02
9.195057124822403338e-02 -8.911470040986864405e-02
9.151192526909979197e-02 -8.678625312275004000e-02
9.173924402314533044e-02 -8.567634520596299763e-02
9.230404018624530083e-02 -8.455315334230519009e-02
8.843866132547295589e-02 -7.674597659136622729e-02
8.757808632962023332e-02 -7.384590830449085097e-02
8.702602524025014608e-02 -7.190757182219627286e-02
8.640227900312325016e-02 -6.970923159955041970e-02
8.580374246990413178e-02 -6.764767629456064357e-02
8.544980901413024021e-02 -6.647505121602545475e-02
8.490375875273889483e-02 -6.477238579003803676e-02
8.279231641103688977e-02 -6.095732358664236739e-02
7.960251155467323869e-02 -5.767110429812209726e-02
7.885980683507361200e-02 -5.502886261591208306e-02
7.710923563020666283e-02 -5.303696503553794600e-02
7.570656640083296696e-02 -5.212398891797429684e-02
7.254441234134960392e-02 -5.052328814649278965e-02
6.985986983348881074e-02 -4.748741165426772354e-02
6.973677533111168059e-02 -4.570599776879678833e-02
6.864447584806028513e-02 -4.359411821395559050e-02
6.175603760093693190e-02 -3.934206932576352761e-02
5.673598718099160526e-02 -3.592725490785967507e-02
5.605633751922563246e-02 -3.371664344601854602e-02
5.600013501765700036e-02 -3.175808546302724689e-02
5.259315645910180026e-02 -3.126215636522120672e-02
4.769076348364006263e-02 -3.283546182881597747e-02
4.396176383234375040e-02 -3.342125831517758078e-02
4.245733744256384445e-02 -3.271844472475662902e-02
4.206348986136749374e-02 -3.168808302655169717e-02
4.187893192009415483e-02 -3.002613668304970895e-02
3.108738611551213615e-02 -2.746164837979061385e-02
1.748499708476456901e-02 -1.986871807599241077e-02
1.434032244314566683e-02 -1.641871285542712694e-02
1.426467764166438300e-02 -1.390419787744719832e-02
1.246714886984024752e-02 -1.211726660076053660e-02
1.004522714276328589e-02 -1.070464241789411373e-02
6.995865290843030632e-03 -9.079406608927207203e-03
4.385386389854665709e-03 -7.558218486300923369e-03
2.462806764879706557e-03 -6.129021805591298652e-03
7.312922438319134589e-04 -2.543601851770344729e-03
