-3.682886220893261814e-03 -5.228928468013316344e-03
-6.070125233478402410e-03 -7.373332300530837866e-03
-7.712513470450186454e-03 -1.010119022053963984e-02
-7.602301501278467197e-03 -1.053740058419105896e-02
-7.517520741763831539e-03 -1.076328490758970795e-02
-7.302439609822127670e-03 -1.179663894311129210e-02
-8.542969589954194087e-03 -1.349421279681482441e-02
-1.291988822751875127e-02 -1.645276803530038717e-02
-1.289756911359151922e-02 -1.687045471417031664e-02
-1.288348964864307819e-02 -1.706222753103480219e-02
-1.286063250798371096e-02 -1.732538979420443492e-02
-1.279478971299210024e-02 -1.792181561136191315e-02
-1.273224416269114548e-02 -1.837519201335645336e-02
-1.272344949134284614e-02 -1.843327929360021392e-02
-1.270846930340247677e-02 -1.852959146993244516e-02
-1.260963720026169778e-02 -1.909738254423722428e-02
-1.245988326658292907e-02 -1.980378749022328189e-02
-1.239453768990209093e-02 -2.007841271628445917e-02
-1.234337710037444920e-02 -2.028464896667567588e-02
-1.230225185535654443e-02 -2.044620645977108034e-02
-1.227105517361992519e-02 -2.056679533508372001e-02
-1.224611612060806133e-02 -2.066222668055760561e-02
-1.220569658110895114e-02 -2.081552942324955968e-02
-1.215162035015044870e-02 -2.101914547683642054e-02
-1.210175653565641676e-02 -2.120701676722907408e-02
-1.205875862535488174e-02 -2.137074485630185636e-02
-1.203381640406464559e-02 -2.146722877853582401e-02
-1.201141679627739864e-02 -2.155535439385773341e-02
-1.199128243316624834e-02 -2.163621914324410922e-02
-1.196724868564089106e-02 -2.173559737400679662e-02
-1.194469219052638441e-02 -2.183291904149621543e-02
-1.192214222091187402e-02 -2.193623054211741794e-02
-1.189788183919422357e-02 -2.205897616719110915e-02
-1.188174559276905864e-02 -2.215368269055231071e-02
-1.187324311555982941e-02 -2.221249390391125816e-02
-1.186507874666410320e-02 -2.228272160340895661e-02
-1.186095051248335641e-02 -2.233256843473041542e-02
-1.185886211619812010e-02 -2.237378787428906390e-02
-1.185827870991636168e-02 -2.241624657487718483e-02
-1.185978617738210616e-02 -2.245980296612637081e-02
-1.186266822009743142e-02 -2.249197878541684889e-02
-1.186587598570840695e-02 -2.251481391741028820e-02
-1.187227649201193398e-02 -2.254606631245032952e-02
-1.279172143648196758e-02 -2.180802761385606039e-02
-1.279172537534631338e-02 -2.180801408613355225e-02
-1.279172684141287493e-02 -2.180800905094781167e-02
-1.279172949708017558e-02 -2.180799992996402051e-02
-1.279173381168096681e-02 -2.180798511095570838e-02
-1.279174331021086693e-02 -2.180795248556399030e-02
-1.279175261049429746e-02 -2.180792053902173844e-02
-1.279175883090253284e-02 -2.180789917072243830e-02
-1.279176170983578088e-02 -2.180788928072036406e-02
-1.279176524399738661e-02 -2.180787713954142337e-02
-1.279177100636587350e-02 -2.180785734299202361e-02
-1.279177552087932580e-02 -2.180784183288063047e-02
-1.279178054682687110e-02 -2.180782456510876183e-02
-1.279178334322402660e-02 -2.180781495719719132e-02
-1.279178602511526174e-02 -2.180780574253184459e-02
-1.279178816348746500e-02 -2.180779839521150565e-02
-1.279178956034113072e-02 -2.180779359564605571e-02
-1.279179058819849245e-02 -2.180779006391590433e-02
-1.279179164414962107e-02 -2.180778643562898342e-02
-3.905644430557060273e-03 -1.323171705423306990e-02
-2.346994316152067449e-03 -1.271018166437374274e-02
-2.034800364767767877e-03 -1.262837922147165906e-02
-1.870617283727001945e-03 -1.258886225970735212e-02
-1.579452258982836114e-03 -1.252513790412036407e-02
-1.181985964511759069e-03 -1.245242407988829056e-02
2.494173342301128117e-04 -1.236964561268556230e-02
6.787084625474693825e-04 -1.242326829878421385e-02
6.986220342717952341e-04 -1.242698282582009595e-02
7.060889777882945655e-04 -1.242840547979828791e-02
7.112151521754103613e-04 -1.242939160587698197e-02
7.182641346617630023e-04 -1.243076021702966411e-02
7.452807299835286685e-04 -1.243614131831565807e-02
7.697353427558812017e-04 -1.244119884279713296e-02
7.730723894824478946e-04 -1.244190282782061188e-02
7.733655072645848625e-04 -1.244196482339917677e-02
7.739619279628198517e-04 -1.244209104821999978e-02
7.796255938749104475e-04 -1.244329500531419185e-02
7.896626990437425990e-04 -1.244545231413697259e-02
8.085575365528768939e-04 -1.244959585715674395e-02
8.560659770962827193e-04 -1.246049392081326548e-02
9.813125135553202576e-04 -1.249258712367803947e-02
1.101589910608002021e-03 -1.252815387274321818e-02
1.231143935467692973e-03 -1.257189912512248972e-02
1.379845061733335227e-03 -1.262939518839370154e-02
1.588990265442474618e-03 -1.272424339395985399e-02
1.773196076207110821e-03 -1.282225274746154157e-02
1.906430787405445724e-03 -1.290216051531939238e-02
2.023429811300293639e-03 -1.297892117137282308e-02
2.107500182716317335e-03 -1.303804423727728326e-02
2.312713670789630967e-03 -1.319700015216063518e-02
2.774125780907507610e-03 -1.363695345589737047e-02
2.989484433917896991e-03 -1.388450221361921776e-02
3.118093125476945841e-03 -1.404547775138479532e-02
3.187950480143569160e-03 -1.413693232845866267e-02
3.484358979467406820e-03 -1.455294042658226289e-02
3.758298849200982297e-03 -1.496191576713352955e-02
6.235176929361025897e-03 -1.478762109510851214e-02
7.745210097595726408e-03 -1.509863211872882610e-02
9.578481429094206148e-03 -1.647886780845050220e-02
1.045962103058384329e-02 -1.707387774113386034e-02
1.106271205481189172e-02 -1.730645958075172422e-02
1.264247811935965103e-02 -1.702022576356246319e-02
1.452247869582693265e-02 -1.716380925331030885e-02
1.580191437934357762e-02 -1.822280346057235378e-02
1.682919412261637757e-02 -1.948225666010121315e-02
1.802897183984702653e-02 -2.141151860183915928e-02
1.864800313756635741e-02 -2.273479414796127779e-02
1.899609187127544382e-02 -2.372082247762470272e-02
1.765497163735712388e-02 -2.965590233485793786e-02
1.765212075585094464e-02 -2.965887105648994451e-02
1.765181307204206212e-02 -2.965919124396178969e-02
1.765155272597206809e-02 -2.965946213739584572e-02
1.765070769162773931e-02 -2.966034120074535069e-02
1.678869083505917653e-02 -3.041998833998054569e-02
1.675353227437661671e-02 -3.044602584565577960e-02
1.673618861723276049e-02 -3.045874577532197217e-02
1.665616296514670427e-02 -3.051638881177815357e-02
1.526775404488226080e-02 -3.127078896227163118e-02
1.502407518065869245e-02 -3.136056002223899797e-02
1.498013145995956939e-02 -3.137557403442522985e-02
1.483860825509780712e-02 -3.142159030220949972e-02
1.436093978072752221e-02 -3.155242846710233640e-02
1.406486937816652828e-02 -3.161667777372544064e-02
1.363616225923997526e-02 -3.169105903081360226e-02
1.322243095533227365e-02 -3.174726261497196750e-02
1.266894584640219056e-02 -3.181163013613393792e-02
1.229629364131188188e-02 -3.185961741261508773e-02
1.210779104822397485e-02 -3.188967658670343458e-02
1.179171658489187001e-02 -3.195692050497511011e-02
1.162255843046686513e-02 -3.200576071137661849e-02
1.147841766860644222e-02 -3.205547941607406887e-02
1.044415823399266231e-02 -3.259793359653479633e-02
1.044410442389741983e-02 -3.259796570923431669e-02
1.044408774800789121e-02 -3.259797566097212551e-02
1.044407208678111050e-02 -3.259798500715454378e-02
1.044405230274191888e-02 -3.259799681367325785e-02
1.044402780961975821e-02 -3.259801143036443472e-02
1.044399294070425498e-02 -3.259803223886167944e-02
1.044398071112925298e-02 -3.259803953699079437e-02
1.044396979000154421e-02 -3.259804605427455565e-02
1.044396154446328162e-02 -3.259805097486593445e-02
1.044394387967087848e-02 -3.259806151644505795e-02
1.044392939262235066e-02 -3.259807016165641724e-02
1.044391676316753018e-02 -3.259807769831939150e-02
1.044390186566905923e-02 -3.259808658841869405e-02
1.044387059538578674e-02 -3.259810524890761896e-02
1.044379985562556186e-02 -3.259814746229788146e-02
1.044370614444985884e-02 -3.259820338275221802e-02
1.044171287511024178e-02 -3.259939257344008495e-02
1.043625154777794856e-02 -3.260264825104092906e-02
1.043256135338200760e-02 -3.260484590252334114e-02
1.042668815520536585e-02 -3.260833981714041097e-02
1.038374756717807927e-02 -3.263372363290632794e-02
5.914674081654233695e-02 -1.484398693363657984e-01
5.914642258745384656e-02 -1.484402978993960009e-01
5.914593205555875033e-02 -1.484409583950240807e-01
5.914527086050404975e-02 -1.484418484769448321e-01
5.914488013160439789e-02 -1.484423743523509143e-01
5.914452439186170668e-02 -1.484428530639288202e-01
5.914382527174412429e-02 -1.484437936547895187e-01
5.914092058554746428e-02 -1.484476987830624650e-01
9.661023674274127337e-02 -1.607042072498215401e-01
9.662660648343279757e-02 -1.605656408664115908e-01
9.663951708898890769e-02 -1.604781443792744067e-01
9.665983714033225815e-02 -1.603601960763562928e-01
9.672494796187366961e-02 -1.600607064563452919e-01
9.678078178282621680e-02 -1.598507562953298544e-01
9.681600253143166079e-02 -1.597308237549344978e-01
9.687314397184716708e-02 -1.595503386092471110e-01
1.423795989197735867e-01 -1.306046568372743744e-01
1.417295174742157216e-01 -1.304360120039051441e-01
1.406721617752789977e-01 -1.302001616895187286e-01
1.396940641222970958e-01 -1.297245272225257817e-01
1.392901996265989983e-01 -1.293094936423075658e-01
1.360782685441639661e-01 -1.275895924645890633e-01
1.245558682686759705e-01 -1.267885300083543831e-01
1.493509913240105014e-01 -5.000374133601259014e-02
1.523094751811254477e-01 -2.505978702887954462e-02
1.436774352302288837e-01 -1.791107264826632961e-02
1.236327085600067849e-01 -2.000587158102055257e-02
1.172620387236626982e-01 -1.581352079642123903e-02
1.109390633652625469e-01 -7.321669009736183481e-03
8.497790088528189845e-02 -3.156641004873252804e-03
7.564831893375635608e-02 -1.682098909943598370e-04
7.950034921445611746e-02 1.511504560730905430e-02
5.955109640189863024e-02 2.747040204940136982e-03
5.390097719365369994e-02 5.922661583684673582e-03
5.061974773677212214e-02 6.150798597514505611e-03
4.559882872265218212e-02 7.845292593807702899e-03
4.290246667443300271e-02 9.200819805162074871e-03
4.219670528872995069e-02 1.021263844256908686e-02
4.164935109125576101e-02 1.198535028142256285e-02
4.087528631114011046e-02 1.409991664026625721e-02
3.699109848900782038e-02 1.693414972236700899e-02
5.829799555806518090e-03 2.855514880498718827e-04
5.547106164749011741e-03 2.128612339083562656e-03
