-1.683751882926929743e-04 -7.041526002283280761e-04
-5.745770181153582240e-04 -1.071588164794938383e-03
7.126132083697150205e-03 -1.365574340622329602e-02
5.803529913064021939e-03 -1.680901976896730099e-02
3.705470632858456816e-03 -1.971904555320258892e-02
5.771430471878953583e-03 -2.476390348409369252e-02
4.776786554740214581e-03 -2.703571563701659061e-02
2.821937575048343635e-03 -2.786372140221304514e-02
6.446152710443307180e-04 -2.848258494071433805e-02
3.436477964307378154e-03 -3.415343744451146413e-02
3.023232371272407178e-03 -3.688544191656015214e-02
-6.151826028999771547e-04 -3.904662519220350458e-02
-4.620362929917319617e-03 -3.949899046308145284e-02
-1.308270487421058989e-02 -3.545159647252327934e-02
-1.431974910788174141e-02 -3.564367897361083587e-02
-1.531596952391239483e-02 -3.602700973157054593e-02
-1.539288048013842496e-02 -3.606382148946531835e-02
-1.559631070706280105e-02 -3.616466031944090553e-02
-1.649091835041051335e-02 -3.662581498151862291e-02
-2.527794195596703639e-02 -3.463626059201143498e-02
-2.527830480316645492e-02 -3.463619623751132415e-02
-2.531144285922365053e-02 -3.463031743424337811e-02
-3.995683480917746472e-02 -3.238309132772538429e-02
-3.976712041311763340e-02 -3.498554928025882776e-02
-3.923527161936248703e-02 -3.805712075008780421e-02
-3.904261642229443774e-02 -3.878918338783750308e-02
-3.762469879216457508e-02 -4.166969647337070981e-02
-3.552712783033577792e-02 -4.706210289738412683e-02
-3.613039266103746511e-02 -4.923301774538632603e-02
-3.700543974549910103e-02 -5.182375531978788974e-02
-3.734682352067580924e-02 -5.282360148888670670e-02
-3.839072927761977283e-02 -5.448220661566040290e-02
-4.686052593941052863e-02 -6.436771701657320599e-02
-4.948371188251957792e-02 -6.858742005467388658e-02
-4.980663675498271659e-02 -6.901224985970969006e-02
-5.097268968997097777e-02 -7.165485673560131885e-02
-5.400262021592253797e-02 -8.625667160192976302e-02
-5.447422634490804022e-02 -8.735088751432877607e-02
-5.486542003199254558e-02 -8.827660662328870589e-02
-5.692986133644492575e-02 -9.593634788463732688e-02
-5.799320478630552028e-02 -1.028765148885786157e-01
-5.857567103718387680e-02 -1.047867929788460079e-01
-5.924364981513469131e-02 -1.060423710456555452e-01
-5.988847079293929676e-02 -1.070774852454111636e-01
-6.143451979253705675e-02 -1.088904783822527145e-01
-6.472899930036346561e-02 -1.104514289961522483e-01
-6.463795013275033807e-02 -1.131224499947913742e-01
-6.376622856483088464e-02 -1.155496847354004902e-01
-7.908732433980213139e-02 -1.161330133993726393e-01
-7.965988400949272630e-02 -1.177631996435736100e-01
-8.008123679133653805e-02 -1.189352117299714989e-01
-8.046559223227836566e-02 -1.200925003828166443e-01
-8.081906760713408744e-02 -1.213851470359824103e-01
-8.109834075100923190e-02 -1.228034621165694368e-01
-8.131129259030071832e-02 -1.241974969931986528e-01
-8.156837834002673981e-02 -1.258849026915919433e-01
-8.158390038610824346e-02 -1.259737122763594508e-01
-8.162168674580250194e-02 -1.261813189939852420e-01
-8.192975415351894108e-02 -1.274360513102004155e-01
-8.067402765428577371e-02 -1.341725657617861278e-01
-8.067397805923590126e-02 -1.341728217103768661e-01
-8.067396745636311317e-02 -1.341728764408890162e-01
-8.056409797752908664e-02 -1.356073647958691286e-01
-8.056359399374266039e-02 -1.356450289974312218e-01
-8.056351804694975027e-02 -1.356509621216937522e-01
-8.056044372962949118e-02 -1.359608219998888201e-01
-8.055777672036550097e-02 -1.362783785230526346e-01
-8.055744340431560124e-02 -1.363123627497385415e-01
-8.055727839508973476e-02 -1.363285708937445051e-01
-8.055121247823002206e-02 -1.367310989833447621e-01
-8.052273695198380876e-02 -1.374245961209656919e-01
-8.049162300510637191e-02 -1.377749351396699296e-01
-7.655529797247358215e-02 -1.375119071508575097e-01
-6.665716261477752647e-02 -1.344643408119965966e-01
-6.238276943604063179e-02 -1.333870575498606326e-01
-5.501571163871574188e-02 -1.675113518797143874e-01
-5.366394379752952026e-02 -1.680978212516339998e-01
-5.218667510815837296e-02 -1.688438573687187083e-01
-5.110766227662263961e-02 -1.696243630643311517e-01
-5.060591344623624477e-02 -1.704966747203021660e-01
-5.057611898951509810e-02 -1.714035303116911713e-01
-4.510231915136996700e-02 -1.747216372626652914e-01
-4.071798366236022149e-02 -1.806826901149276576e-01
-3.456204451314262571e-02 -1.830249453534013859e-01
-2.788272062048724118e-02 -1.854512263207644118e-01
-2.503936036907804599e-02 -1.871580341134072012e-01
-2.270144243566579040e-02 -1.888939728725119449e-01
-2.232622430554886614e-02 -1.905812141063306653e-01
-2.125066147244644710e-02 -1.919821033119436804e-01
-1.966893874215616678e-02 -1.931336553671343936e-01
-1.634272591837734878e-02 -1.943537805377326955e-01
-1.246640269718446437e-02 -1.954119240321745277e-01
-9.955200063342205599e-03 -1.984285946020639124e-01
-8.925205615963842723e-03 -2.041081221340542984e-01
-6.236824716191774476e-03 -2.075903331275165964e-01
-2.126986864146141777e-03 -2.131980716449003721e-01
6.784000063474692616e-03 -2.123277914579784487e-01
1.204221864998849569e-02 -2.123951402147184753e-01
1.703964867189460691e-02 -2.239119578875199967e-01
1.999263278677838873e-02 -2.248827668795234103e-01
2.240607652683588094e-02 -2.250522353665296571e-01
2.458538185252284042e-02 -2.235249091296251933e-01
2.716668916136940823e-02 -2.225894809636269067e-01
3.131704766726085137e-02 -2.233921615202158484e-01
3.509462293540217825e-02 -2.193940940900943604e-01
4.001564169902777773e-02 -2.152439744725467285e-01
4.819538348977453479e-02 -2.112175083397111464e-01
5.626565065234723217e-02 -2.107163984913534016e-01
5.883949945303851292e-02 -2.117486017906709261e-01
6.176000969998794027e-02 -2.125718252260058727e-01
6.465223799070557442e-02 -2.130649440807341755e-01
6.649061277361927036e-02 -2.133227869207988125e-01
6.724238147641421748e-02 -2.134248710664093107e-01
6.955169831228982802e-02 -2.137520184684995050e-01
7.430192369109271666e-02 -2.173725480882589822e-01
7.542209752737441542e-02 -2.110222916895858614e-01
7.700472182217971140e-02 -2.100344961083654427e-01
7.871122405985031545e-02 -2.100342547796903991e-01
8.091462179448050129e-02 -2.094776283551252616e-01
8.308458431448120796e-02 -1.981641524157572720e-01
8.443464469043879261e-02 -1.966897684510936495e-01
8.496252921082414478e-02 -1.966578229148915891e-01
8.677813987892664394e-02 -1.944022557885721481e-01
8.901330063696955008e-02 -1.933818887947015841e-01
8.983727127140124502e-02 -1.932175795566760668e-01
9.172300140522453293e-02 -1.923261531635589161e-01
9.533425035056303232e-02 -1.903299030034329431e-01
1.025497544041115011e-01 -1.892755741044434004e-01
1.141945215289401627e-01 -1.923943673038124302e-01
1.170789771778573823e-01 -1.924056707253015142e-01
1.177538980436685090e-01 -1.918295000789932425e-01
1.181051654132034834e-01 -1.915626771713676291e-01
1.187836097682756636e-01 -1.907992727475839034e-01
1.170128087614599882e-01 -1.750288025814071002e-01
1.161158707245042304e-01 -1.656678729799830330e-01
1.343850120685099458e-01 -1.541615169301018273e-01
1.291323024543094555e-01 -1.534201230725299459e-01
1.244547746714215614e-01 -1.493058335241255474e-01
1.220947498145563137e-01 -1.458338372267000693e-01
1.219554189368385333e-01 -1.436141700323325943e-01
1.219339701261117348e-01 -1.432414199447255287e-01
1.216709918594280626e-01 -1.418266340762198707e-01
1.171479069935906225e-01 -1.350782457918922042e-01
1.171843369379389488e-01 -1.337372428328025831e-01
1.173149315113484192e-01 -1.334282235072734579e-01
1.173723461165489534e-01 -1.333136214407855402e-01
1.174475612967222082e-01 -1.331749568154118046e-01
8.474824363467547972e-02 -7.562002741791445937e-02
1.577345059762694929e-02 -4.723487051170668569e-03
1.577345418989585524e-02 -4.723492542028705915e-03
1.577345566303513594e-02 -4.723494793747957075e-03
1.577345845176139280e-02 -4.723499056357208757e-03
1.577346209109450198e-02 -4.723504619116244280e-03
1.577346240426924853e-02 -4.723505097806337052e-03
1.577351733005704845e-02 -4.723589050319726944e-03
1.577351739360692215e-02 -4.723589147451611077e-03
1.577353986595555688e-02 -4.723623494658385144e-03
1.577354097076536302e-02 -4.723625183255674917e-03
1.577354211303674814e-02 -4.723626929107760213e-03
1.577354298189060158e-02 -4.723628257066273331e-03
1.577354361213011494e-02 -4.723629220325376021e-03
1.577354392015848164e-02 -4.723629691116243250e-03
1.577354405696361137e-02 -4.723629900209305559e-03
1.577354414216584205e-02 -4.723630030432444254e-03
1.577354424979523703e-02 -4.723630194933260869e-03
1.578947483064150475e-02 -4.747815550237866403e-03
1.578947501178074725e-02 -4.747815823424057086e-03
1.578947529758991525e-02 -4.747816254468711916e-03
1.578947577947276137e-02 -4.747816981222740401e-03
1.578947684878889701e-02 -4.747818593916188802e-03
1.578947999062841126e-02 -4.747823332285999037e-03
1.578948457494603469e-02 -4.747830246109459827e-03
1.578949290995802085e-02 -4.747842816463934169e-03
1.578949558479404019e-02 -4.747846850469631362e-03
1.578952797290353316e-02 -4.747895695313713096e-03
1.578952841764198062e-02 -4.747896366019391592e-03
1.578952857014537595e-02 -4.747896596008209513e-03
1.578952865854099316e-02 -4.747896729316721312e-03
1.578952872896650581e-02 -4.747896835524699488e-03
1.578952902337232497e-02 -4.747897279514977191e-03
1.583994379746522796e-02 -4.822459493714911262e-03
1.583994383535816675e-02 -4.822459548722585025e-03
1.583994388435785994e-02 -4.822459619853493480e-03
1.583994395733100136e-02 -4.822459725785703533e-03
1.583994400191743659e-02 -4.822459790510051809e-03
1.583994403185738642e-02 -4.822459833972682873e-03
1.583994405806389560e-02 -4.822459872015625801e-03
1.583994408606265863e-02 -4.822459912660310467e-03
1.584069672039520663e-02 -4.823552194184014402e-03
1.584069672288332745e-02 -4.823552197794019926e-03
1.584069672697405867e-02 -4.823552203729243593e-03
1.584069673291532351e-02 -4.823552212349404601e-03
1.584069673963444183e-02 -4.823552222098148080e-03
1.584069675690712165e-02 -4.823552247159005983e-03
1.584069684080371271e-02 -4.823552368884225297e-03
9.970707209425368200e-03 -8.911165139459834711e-03
8.692852858664851939e-03 -7.594109950803562548e-03
7.674246253866108709e-03 -6.562566796088484776e-03
6.384283417688482905e-03 -5.535563085262992268e-03
