-9.562188776257458597e-03 6.005623032973188063e-04
-1.076255789271557753e-02 -7.258933976912236184e-04
-1.122181453760934776e-02 -1.276323088904354145e-03
-1.221863672904519894e-02 -2.298595706046739802e-03
-2.525395899038700501e-02 -3.121189748426849483e-03
-2.551068479391224719e-02 -3.412522802985583706e-03
-2.576481032306011942e-02 -3.702936972428403847e-03
-3.477739314200367637e-02 -4.664109453319336546e-03
-3.542439053232568358e-02 -5.011403011754439647e-03
-3.568823080772483974e-02 -5.163311309812151050e-03
-3.647074220844052916e-02 -5.597660936802732572e-03
-3.776639693950296917e-02 -6.162452472022417367e-03
-4.196233071103425832e-02 -5.230868176824985706e-03
-5.235150576351886575e-02 2.492978946484443199e-03
-5.254819132219198941e-02 1.089156367518216793e-03
-5.242241871502099915e-02 -9.760227437172948892e-04
-5.205591199185020251e-02 -4.400900768319486282e-03
-5.211259704744899968e-02 -7.483618289956056602e-03
-5.279069001772028480e-02 -9.429634667596492950e-03
-5.349117049972721555e-02 -1.119312885909160525e-02
-5.407581394121731971e-02 -1.255235653568000445e-02
-5.463453829309427440e-02 -1.373945788313897520e-02
-5.515223201902466621e-02 -1.471844613219941596e-02
-5.369192632058102793e-02 -2.147344675227538455e-02
-5.839245724175307073e-02 -2.814928726372594239e-02
-7.037144505580693321e-02 -3.430492786753563256e-02
-7.791440228729111517e-02 -3.739965227999389463e-02
-7.799866009443585935e-02 -3.831209495606510695e-02
-7.909772184245103532e-02 -4.019627881858924001e-02
-8.530209318716912292e-02 -4.055344012707154389e-02
-8.590012997830781538e-02 -4.250078692981661826e-02
1.829571719703181054e-02 -4.087851469236451069e-02
1.829571747059005257e-02 -4.087851527005959690e-02
1.829571761404921379e-02 -4.087851557301369620e-02
1.829571779287823829e-02 -4.087851595066091526e-02
1.829571805980851132e-02 -4.087851651435798345e-02
1.829571858886767585e-02 -4.087851763161112068e-02
1.829571938069699671e-02 -4.087851930377136428e-02
1.829572055769372596e-02 -4.087852178930731495e-02
1.829572638687300759e-02 -4.087853409898820761e-02
1.829573067707359474e-02 -4.087854315859115739e-02
1.829573357399104719e-02 -4.087854927592435295e-02
1.829574192549452555e-02 -4.087856691118953861e-02
1.829575219684021620e-02 -4.087858859972830911e-02
1.829576177913102078e-02 -4.087860883257373595e-02
1.829594323039502451e-02 -4.087899183385046431e-02
1.830171204852456754e-02 -4.089104333038798972e-02
1.830533402069900797e-02 -4.089849141776982083e-02
1.830596168325231143e-02 -4.089977325981404566e-02
1.830665695885785177e-02 -4.090119019945512302e-02
1.830733343606273308e-02 -4.090256584535679335e-02
1.830808781731196877e-02 -4.090409647631376017e-02
1.831038057879241787e-02 -4.090872660313243231e-02
1.831328379892106090e-02 -4.091454359985549627e-02
1.831812072767037558e-02 -4.092412618793678930e-02
1.831833958195469916e-02 -4.092455666479351967e-02
1.831834034332135638e-02 -4.092455816191054030e-02
1.831834077272739489e-02 -4.092455900627379323e-02
1.831834162448038247e-02 -4.092456068111664791e-02
1.831834264481521993e-02 -4.092456268744488340e-02
1.831834341567957491e-02 -4.092456420322481553e-02
1.831834395445866223e-02 -4.092456526264472150e-02
1.831834500419757608e-02 -4.092456732677798165e-02
1.831834585343738997e-02 -4.092456899665941616e-02
1.831834634524925204e-02 -4.092456996371952871e-02
1.831834710765964380e-02 -4.092457146286068714e-02
1.831834815372225186e-02 -4.092457351974707752e-02
1.831834878976409606e-02 -4.092457477040142150e-02
1.831834932054990372e-02 -4.092457581408825984e-02
1.831835005395410221e-02 -4.092457725618214165e-02
1.831835073315767407e-02 -4.092457859169860990e-02
1.831835149530153597e-02 -4.092458009029737581e-02
1.831835210026928548e-02 -4.092458127983945870e-02
1.831835272245704166e-02 -4.092458250323898622e-02
1.831835331714208592e-02 -4.092458367255831508e-02
1.831835392568623155e-02 -4.092458486912656235e-02
1.831835443301170485e-02 -4.092458586666900683e-02
1.831835492384359040e-02 -4.092458683177913059e-02
1.831835545214265115e-02 -4.092458787055853336e-02
1.831835596371806860e-02 -4.092458887645325505e-02
1.831835640144034716e-02 -4.092458973713172798e-02
1.831835686029170338e-02 -4.092459063935446895e-02
1.831835730204469173e-02 -4.092459150795622197e-02
1.831835767861245134e-02 -4.092459224838593951e-02
1.831835802917683789e-02 -4.092459293768559853e-02
1.831835836757292335e-02 -4.092459360305861216e-02
1.831835872559679779e-02 -4.092459430702417855e-02
1.831835906685959706e-02 -4.092459497803258711e-02
1.831835937247623322e-02 -4.092459557895113814e-02
1.831835964420393259e-02 -4.092459611323515101e-02
1.831835988515958386e-02 -4.092459658701334824e-02
1.831836010950358209e-02 -4.092459702812865918e-02
1.831836032819857130e-02 -4.092459745813637612e-02
1.831836053687416546e-02 -4.092459786844326181e-02
1.831836071928597681e-02 -4.092459822710898393e-02
1.831836088321854572e-02 -4.092459854943989589e-02
1.831836102804096020e-02 -4.092459883419551081e-02
1.831836116526441155e-02 -4.092459910400964712e-02
1.831836129716706008e-02 -4.092459936336170084e-02
1.831836140722593181e-02 -4.092459957976361112e-02
1.831836149747964604e-02 -4.092459975722383125e-02
1.831836157050543631e-02 -4.092459990080982157e-02
1.831836163947083915e-02 -4.092460003641211486e-02
1.831836170692563090e-02 -4.092460016904415215e-02
1.831836175774019179e-02 -4.092460026895756303e-02
1.831836179899536815e-02 -4.092460035007494668e-02
1.831836183549001226e-02 -4.092460042183201224e-02
1.831836186503635680e-02 -4.092460047992706879e-02
1.831836188885568872e-02 -4.092460052676146626e-02
1.831836190747669624e-02 -4.092460056337474117e-02
1.831836192153541917e-02 -4.092460059101749037e-02
1.831836193208012664e-02 -4.092460061175086372e-02
1.831836194001800616e-02 -4.092460062735858717e-02
1.831836194675339619e-02 -4.092460064060195191e-02
1.831836195286804317e-02 -4.092460065262477908e-02
1.831836195895048675e-02 -4.092460066458428886e-02
1.831836196608110229e-02 -4.092460067860475420e-02
1.831836197559694526e-02 -4.092460069731514161e-02
1.831836198756499681e-02 -4.092460072084713740e-02
1.831836200281207472e-02 -4.092460075082644810e-02
1.831836202303661898e-02 -4.092460079059264538e-02
1.831836204981356769e-02 -4.092460084324239106e-02
1.831836208130174781e-02 -4.092460090515552540e-02
1.831836211985535950e-02 -4.092460098096092902e-02
1.831836216982391657e-02 -4.092460107921078172e-02
1.831836222557338065e-02 -4.092460118882722958e-02
1.831836228941619710e-02 -4.092460131435706611e-02
1.831836236755170558e-02 -4.092460146798964499e-02
1.831836246180154962e-02 -4.092460165330670530e-02
1.831836256665491866e-02 -4.092460185947268542e-02
1.831836267063854246e-02 -4.092460206392849881e-02
1.831836282468562657e-02 -4.092460236682052277e-02
1.831836296339340447e-02 -4.092460263955183253e-02
1.831836310849067895e-02 -4.092460292484623868e-02
1.831836328046968637e-02 -4.092460326299613566e-02
1.831836350701170069e-02 -4.092460370842907619e-02
1.831836371951573242e-02 -4.092460412625990168e-02
1.831836395136886980e-02 -4.092460458213514896e-02
1.831836419861227958e-02 -4.092460506827080846e-02
1.831836446856006592e-02 -4.092460559904793904e-02
1.831836481783311391e-02 -4.092460628579551452e-02
1.831836516967681738e-02 -4.092460697759690152e-02
1.831836546307770083e-02 -4.092460755448644460e-02
1.831836583410780678e-02 -4.092460828401114914e-02
1.831836625510831207e-02 -4.092460911178743416e-02
1.831836690470417875e-02 -4.092461038902880932e-02
1.831836737698336673e-02 -4.092461131762704235e-02
1.831836779500806839e-02 -4.092461213954874666e-02
1.831836830671898161e-02 -4.092461314567533842e-02
1.831836909664666044e-02 -4.092461469882922864e-02
1.831836973756623133e-02 -4.092461595900123011e-02
1.831837033811331214e-02 -4.092461713979106408e-02
1.831837101026700942e-02 -4.092461846137078474e-02
1.831837178012205719e-02 -4.092461997504657362e-02
1.831837258694226159e-02 -4.092462156139915069e-02
1.831837338043209099e-02 -4.092462312153834214e-02
1.831837480806296214e-02 -4.092462592850058117e-02
1.831837568879768688e-02 -4.092462766016753684e-02
1.831837652447823941e-02 -4.092462930324676507e-02
1.831837747707715583e-02 -4.092463117620119550e-02
1.831837867629055108e-02 -4.092463353403017617e-02
1.831838046561390376e-02 -4.092463705208702202e-02
1.831838187731061815e-02 -4.092463982766538638e-02
1.831838299055502106e-02 -4.092464201644020749e-02
1.831838426666651878e-02 -4.092464452542333986e-02
1.831838670852201437e-02 -4.092464932636948050e-02
1.831838839936855007e-02 -4.092465265073346598e-02
1.831838943865997729e-02 -4.092465469407081252e-02
1.831839197718413206e-02 -4.092465968500526990e-02
1.831839619400756763e-02 -4.092466797552776064e-02
1.831840115753204448e-02 -4.092467773398375530e-02
1.831841463354862490e-02 -4.092470422760589865e-02
1.831841476226326801e-02 -4.092470448065194111e-02
1.831841487057333379e-02 -4.092470469358361340e-02
9.986460784447289199e-03 -4.356535315147513909e-02
6.048670547502696740e-03 -4.157613676301746136e-02
3.826809359912004306e-03 -3.997381176622569893e-02
9.118990377507012191e-03 -3.286294365364027248e-02
8.513055639131003605e-03 -3.231115565316875632e-02
8.028707739831627763e-03 -3.191967572297322447e-02
7.719338926345170777e-03 -3.168544963378274598e-02
7.313021469246661771e-03 -3.139291373780233457e-02
1.280423476283154994e-03 -3.118743490638976879e-02
-5.900998833155320089e-03 -2.763570015903122484e-02
-7.102806969285969767e-03 -2.629995132716378414e-02
-7.650417116018708164e-03 -2.550575212884379633e-02
-7.872658057784330532e-03 -2.504112564924650119e-02
-7.884101201315225904e-03 -2.415901703053142599e-02
-7.306854437984055921e-03 -2.308050276532712733e-02
-7.342268779113492357e-03 -2.284080395084675530e-02
-7.438285923481090418e-03 -2.256959903722906280e-02
-9.112705803081683209e-03 -2.057285132431718039e-02
4.337533032479768194e-03 -8.807786880768591481e-03
3.509757390864765968e-03 -6.370048388507781184e-03
2.866325277803747750e-03 -4.843553995314334865e-03
2.326872406339786700e-03 -3.925765924229251622e-03
1.769954375463316703e-03 -3.266141850342676230e-03
1.062898145639454978e-03 -2.747703233762717294e-03
-6.703941282509370434e-04 -2.458354695736015075e-03
