-7.007047681026189190e-03 -6.328607541752613239e-03
-1.208592449872231481e-02 -9.663914539427699568e-03
-1.340252408256525744e-02 -1.243089750983119614e-02
-1.443507555566215031e-02 -1.320203700366390405e-02
-1.688984540874393162e-02 -1.600186358835647971e-02
-1.984154445522041260e-02 -1.904420398526301614e-02
-3.181931535217954327e-02 -2.961465206070992839e-02
-3.169548120283725845e-02 -3.140438650232262041e-02
-3.136688059560749364e-02 -3.264681573316792484e-02
-3.115868013974116418e-02 -3.337870489629310433e-02
-3.102097071117611987e-02 -3.424088569251126923e-02
-3.096901742503965077e-02 -3.667504299419638292e-02
-3.259036574582634821e-02 -3.965771305843083377e-02
-3.373929417158613026e-02 -4.069682324899764198e-02
-3.409122483195023423e-02 -4.126247461164038455e-02
-3.399609448200586331e-02 -4.268124733955826894e-02
-3.308690791166486733e-02 -4.413414685152819428e-02
-3.265139857137963619e-02 -4.471822746986589547e-02
-3.268396611572986499e-02 -4.566235042915797043e-02
-4.857320274286101858e-02 -5.266116238124387422e-02
-4.862727449495674037e-02 -5.282626114216875529e-02
-4.875496660398485893e-02 -5.324984766978742984e-02
-4.944818307523460993e-02 -5.484031019982963523e-02
-5.070931625652704694e-02 -5.655292264808783886e-02
-5.188475596613906921e-02 -5.928731394753470468e-02
-6.333738081959966459e-02 -6.393311212800022181e-02
-7.361242552397689876e-02 -6.421438507717207311e-02
-7.458371807632818706e-02 -6.451833262450352990e-02
-7.640757392430799766e-02 -6.513062293084795340e-02
-8.236591254969478915e-02 -6.764168205842656378e-02
-8.199775385756483126e-02 -6.888545839119376846e-02
-8.098661631318364307e-02 -7.106733475031920544e-02
-7.974280104870731800e-02 -7.302460423070331053e-02
-7.872765747405274794e-02 -7.412355168868224597e-02
-7.625593323654469846e-02 -7.552582981860064826e-02
-7.536727537394385945e-02 -7.666204168562738841e-02
-7.258348221980419346e-02 -7.768909912721347344e-02
-7.193547517274700986e-02 -7.854140424513880725e-02
-7.164663716270742999e-02 -7.907852646938401397e-02
-7.123455518412674659e-02 -8.033793332484279182e-02
-6.205380144924521613e-02 -8.200901344805068549e-02
-6.182682877859099757e-02 -8.238356628547849336e-02
-6.150316664638023206e-02 -8.283828527361249139e-02
-6.094788165787932976e-02 -8.346857161208212639e-02
-6.048738563326596512e-02 -8.388575893138225381e-02
-5.987365509617715437e-02 -8.431529246968288982e-02
-4.630205342341459779e-02 -7.907105675535378020e-02
-4.585442126015335657e-02 -7.942522020405633210e-02
-4.567060487278219033e-02 -7.959295290457669980e-02
-4.540705531059863187e-02 -7.985996381886401041e-02
-4.507106147368060423e-02 -8.025310809413738200e-02
-5.438457360767118276e-02 -9.235017387736049743e-02
-5.251093771940791577e-02 -9.730329759433041514e-02
-5.204505195297025322e-02 -9.809353839004497644e-02
-5.126382595502540496e-02 -9.963190221766256294e-02
-7.710792123924815888e-02 -1.082661489703951457e-01
-7.724058360631722020e-02 -1.085855607502563547e-01
-7.729058967472703101e-02 -1.087006684534360945e-01
-7.749491576866174292e-02 -1.091520182297784081e-01
-8.015992923673606607e-02 -1.151578116348744713e-01
-8.014497336649296921e-02 -1.170447422971571255e-01
-7.969346168030749800e-02 -1.182886986841923810e-01
-7.869696145291771305e-02 -1.202498583871922933e-01
-7.831128367842345173e-02 -1.210435731995427450e-01
-7.755661768920152355e-02 -1.227921291752061134e-01
-7.699678396953814341e-02 -1.244624018488545147e-01
-7.686568636919022257e-02 -1.264766772116267812e-01
-7.432934808485988643e-02 -1.277279626948327751e-01
-7.112196131336226412e-02 -1.298919610767789168e-01
-6.901500457779409514e-02 -1.314887793265308857e-01
-6.781003457422435377e-02 -1.320246924119524157e-01
-6.727440849679644508e-02 -1.325264167205078836e-01
-6.698396513425203258e-02 -1.329093350526958095e-01
-6.668542379894558392e-02 -1.332546070713391262e-01
-5.637891604228807002e-02 -1.271944016949539680e-01
-5.192464934935765025e-02 -1.255555653638943392e-01
-5.089749834875844509e-02 -1.258636891155877069e-01
-4.906447374666948053e-02 -1.253096621568119962e-01
-4.499826115037149771e-02 -1.245534475129021906e-01
-4.302943672479384030e-02 -1.235552758785332661e-01
-4.165232215458094384e-02 -1.231974779613242421e-01
-4.021983574739910333e-02 -1.241780021394095213e-01
-6.047676259754284495e-02 -1.478920056143002981e-01
-5.984408397581478939e-02 -1.477945230376984942e-01
-5.947787577466253500e-02 -1.478837580729200629e-01
-5.914956768057706010e-02 -1.480187241138921639e-01
-5.877453331329690611e-02 -1.481727843303920766e-01
-5.801195491621431721e-02 -1.482676806819877013e-01
-5.419985757644802532e-02 -1.458709515186705774e-01
-5.197131435662555310e-02 -1.455013243224685671e-01
-5.067959208774119872e-02 -1.458728966596646304e-01
-4.938514130861324652e-02 -1.462992423176457113e-01
-4.374889226771248862e-02 -1.440970771122397076e-01
-4.071831806098188955e-02 -1.442563060695492005e-01
-3.881866071548147057e-02 -1.444533210595790873e-01
-3.178594704819135558e-02 -1.383973563214754565e-01
-2.049540142860094977e-02 -1.338927002553761125e-01
-1.544141105776980667e-02 -1.319651221628976301e-01
-1.479486289176439387e-02 -1.321797921828142264e-01
-1.121069168329626511e-02 -1.318603337177400303e-01
4.554765247577493778e-03 -1.243510418737756446e-01
5.971861422881665632e-03 -1.236915388360254470e-01
6.138752361144955878e-03 -1.236149687988535723e-01
1.070174391644723375e-02 -1.216227896707414990e-01
1.571185485890120442e-02 -1.206001661341898068e-01
3.028185406130533622e-02 -1.139656205072877848e-01
3.523902862255505475e-02 -1.110691530336962163e-01
3.758227334186463320e-02 -1.106094411972939479e-01
4.204937952451758693e-02 -1.089816211294114545e-01
4.977851730309364175e-02 -1.044278226882792010e-01
5.747704693934889419e-02 -9.931642045852465128e-02
5.976647931446155138e-02 -9.574104173438756360e-02
6.340858378691047181e-02 -9.525928544521723718e-02
7.098256439687711250e-02 -8.989862359528807967e-02
8.269634291493625777e-02 -9.601396488973247545e-02
8.319961901865219334e-02 -9.620718088860658046e-02
8.320207036069514339e-02 -9.620805306124481648e-02
8.320321303871075491e-02 -9.620845939924278778e-02
8.320515200976476289e-02 -9.620914858043856654e-02
8.321133044231755760e-02 -9.621134193958312542e-02
8.668194748117886983e-02 -9.895215181922302483e-02
9.599373719141483796e-02 -9.487595590485471686e-02
9.547731650700758133e-02 -9.279898972892311471e-02
9.531147471910933477e-02 -9.256384374126017112e-02
9.520290451583468538e-02 -9.241281702919398877e-02
9.504633949865676223e-02 -9.219470253595926645e-02
9.481057479180353409e-02 -9.185408308442398473e-02
9.446336909585313635e-02 -9.126088413438354641e-02
9.476667037096925261e-02 -8.823502134592813018e-02
9.419185417757941492e-02 -8.526281782806570397e-02
9.456175020871893100e-02 -8.353693542454258825e-02
9.509227505996736829e-02 -8.165724717466248117e-02
1.116213386559812976e-01 -6.115408386057694101e-02
1.095542136959103824e-01 -5.969786125292041168e-02
1.068516873557182750e-01 -5.763302561362670245e-02
1.057260915450237287e-01 -5.601115835091382417e-02
1.050689754782836438e-01 -5.513154636048470808e-02
1.045237352688672128e-01 -5.450909291590187722e-02
1.043839531180091873e-01 -5.436519056657508620e-02
1.019030134620418776e-01 -5.259811361288068560e-02
9.459698923059690900e-02 -4.845954796569323930e-02
9.288185335415417854e-02 -4.546073317478620257e-02
9.293687616251021522e-02 -4.351151183116925419e-02
9.249153997640095770e-02 -3.979425342382449798e-02
9.367282107061437879e-02 -3.702158825692512117e-02
9.566133138361017363e-02 -3.301547300827403775e-02
9.609342798708744859e-02 -2.768907062549368428e-02
9.601468609674911059e-02 -2.547789249892785240e-02
9.769375572537415675e-02 -1.907371240808197407e-02
9.757650144716675800e-02 -1.448657159840382666e-02
9.699390672342642072e-02 -1.331656044254504734e-02
9.647624710233523859e-02 -1.221778696192477205e-02
9.583318620951623845e-02 -8.616849627178114340e-03
8.948414338621572817e-02 -9.963530245320503451e-03
8.745233831484595932e-02 -7.942524605792386158e-03
8.659947597454442647e-02 -7.413655211524444559e-03
8.455448134983084563e-02 -6.554456706769410529e-03
7.965997851646858252e-02 -4.252875744524295225e-03
7.776401154407429350e-02 -2.069323800430243870e-03
7.545828636065138317e-02 1.099304500030587849e-03
7.471719685588985860e-02 2.235620701856471607e-03
7.192117060802026562e-02 1.002737773736302879e-02
6.347865206767744350e-02 7.903834964489781650e-03
6.244825819353848340e-02 9.545191377240894517e-03
6.243881322236956993e-02 1.220640419299745885e-02
6.195871380102555004e-02 1.392093124733665907e-02
6.132839800056100882e-02 1.507216755765230891e-02
5.834453555161461802e-02 1.841798626963293134e-02
5.316590872935361700e-02 2.145183137947173635e-02
5.165067377396528187e-02 2.396312324583209016e-02
5.100321120560962623e-02 2.509412278797872042e-02
5.061301762642175101e-02 2.577844132906313007e-02
4.629500789677990641e-02 1.784232030417389273e-02
4.622144687610573593e-02 1.766255625051914996e-02
4.027217183293429342e-02 9.525121689801051674e-04
4.007760640540620339e-02 8.267576449981791200e-04
3.999693534782081117e-02 7.740651803130589679e-04
3.982658312718979909e-02 6.606355646916179216e-04
3.706529070836231399e-02 -3.175319188839835060e-03
3.699627813013762340e-02 -3.214732640090575688e-03
3.688811353628190792e-02 -3.275566871860755187e-03
3.618591241855067392e-02 -3.666812328566979376e-03
9.781316717206682901e-03 -2.524030485153814021e-02
6.430465953920052984e-03 -2.632823580580386305e-02
4.971109024223577602e-03 -2.605254176301678368e-02
4.644944849472754100e-03 -2.573469557696105373e-02
4.346726865549915136e-03 -2.551719567215087955e-02
2.384452403071718376e-03 -2.590763334536269960e-02
-6.323619506468287389e-04 -2.603673115036802058e-02
-2.516245867973573944e-03 -2.486949785687077655e-02
-3.808595980439733429e-03 -2.337117470961888599e-02
1.861780592523479662e-03 -1.296612206214167555e-02
1.486743462347515747e-03 -1.182605789066635583e-02
1.445723544622337133e-03 -1.069969445627640126e-02
1.035655271180479673e-03 -8.592672838658397053e-03
1.150169556037249812e-03 -5.903748716657348378e-03
9.277002421611455722e-04 -4.881366280645815445e-03
8.633378901557366017e-04 -4.756848004304630589e-03
8.689006757068569280e-04 -1.586609943966862252e-03
