-1.270729875281926755e-03 -1.601532722325710659e-03
-2.202199705499436819e-03 -3.236918826241677594e-03
-3.135078490314178491e-03 -4.249541657106950358e-03
-6.691512370896448257e-03 -5.851289341889340592e-03
-2.315557359450232458e-02 -8.950180823706820055e-03
-2.441831537290694784e-02 -1.043323448869741890e-02
-2.512352239788640668e-02 -1.139777241961781318e-02
-3.390035967024127017e-02 -1.489506235553123177e-02
-4.101009095255873232e-02 -1.653537602233121767e-02
-4.227470947884476998e-02 -1.753548667715104994e-02
-4.354461394442563776e-02 -1.934005423502847820e-02
-4.513921376883105879e-02 -2.149570102319216594e-02
-4.678619528099237090e-02 -2.177391136847328657e-02
-4.823528491936935475e-02 -2.190167062852720753e-02
-5.027019056165324407e-02 -2.290082764720485775e-02
-5.163214653631556517e-02 -2.454453223882367349e-02
-5.218619838879085676e-02 -2.551078076166947428e-02
-5.298116115736199727e-02 -2.679597434955521829e-02
-6.301174994550054476e-02 -2.928942701608209381e-02
-6.500038960607394667e-02 -3.121807833040837060e-02
-6.537102343552311789e-02 -3.245553682006499518e-02
-6.811192966764346990e-02 -3.431656974904897378e-02
-7.314748598927016399e-02 -3.546646943568969312e-02
-7.503150418848868186e-02 -3.580959435836043175e-02
-7.757379277463709311e-02 -3.623921739986519369e-02
-9.308706271015391998e-02 -3.844881420858444615e-02
-9.724442177508235696e-02 -4.077853814767146839e-02
-9.744097687157375620e-02 -4.170655898914516629e-02
-1.009267373872626272e-01 -4.455809596606846029e-02
-1.092134385584999368e-01 -4.638439150272868211e-02
-1.101878045055870309e-01 -4.743793035898778016e-02
-1.113371865357242058e-01 -4.889314613755735284e-02
-1.168596135782145606e-01 -5.643979073868179985e-02
-1.203143468392721682e-01 -6.133920319935273757e-02
-1.208956046331186723e-01 -6.234120431422056352e-02
-1.214187824433343027e-01 -6.839231743240507810e-02
-1.241402919654679277e-01 -7.217296902199575592e-02
-1.266372287527557650e-01 -7.275636894629705642e-02
-1.288670178330322824e-01 -7.359666362314659649e-02
-1.284289962560068721e-01 -7.638269162223351727e-02
-1.288086948617220562e-01 -7.835600648363066911e-02
-1.295955510699534075e-01 -7.955995979515698147e-02
-1.302526812655545319e-01 -8.046748423116711901e-02
-1.311246450725015722e-01 -8.163020932792475204e-02
-1.320813627237860388e-01 -8.290236061755491825e-02
-1.334367496746083070e-01 -8.475141137361215382e-02
-1.349644391481778505e-01 -9.806967817583081559e-02
-1.344129747390398200e-01 -1.089673568435120116e-01
-1.354961673163733171e-01 -1.106618039933207481e-01
-1.362646000387167933e-01 -1.114598444041166037e-01
-1.368795854421467062e-01 -1.121241025075606773e-01
-1.374260367891089740e-01 -1.132495300775488573e-01
-1.371497637860372987e-01 -1.158429053173207074e-01
-1.353678803816424081e-01 -1.229677343322407024e-01
-1.298604619397445981e-01 -1.311949897418468736e-01
-1.297516238204636518e-01 -1.319756133979280710e-01
-1.297323477692741145e-01 -1.321112864459530467e-01
-1.296982907294420839e-01 -1.323491638974433060e-01
-1.295122887718535842e-01 -1.336093984045669258e-01
-1.225783746375031236e-01 -1.474250514143935764e-01
-1.224732469118637729e-01 -1.479062122073486474e-01
-1.223504443532796027e-01 -1.484972219133787186e-01
-1.218605761466866888e-01 -1.511688476888644883e-01
-1.216663358330333511e-01 -1.525201945085567778e-01
-1.215876342783517167e-01 -1.531809368176373365e-01
-1.215412501578844867e-01 -1.536257517650176652e-01
-1.094500192631995689e-01 -1.698392862718350882e-01
-1.095570760142075689e-01 -1.700434963633846441e-01
-1.096034690514944426e-01 -1.701407618624241336e-01
-1.096390061220664791e-01 -1.702305168585077633e-01
-1.096830988890609010e-01 -1.704267255242958856e-01
-1.084658812673093276e-01 -1.721453923673375852e-01
-1.044262656745823109e-01 -1.751948400225983027e-01
-9.696598584076049354e-02 -1.806533148361116614e-01
-9.107851120366376729e-02 -1.889859188289720049e-01
-8.659985814668465232e-02 -1.924319060958852301e-01
-8.084122800593855629e-02 -1.965103262753453983e-01
-7.625011253701768910e-02 -1.961133317810276611e-01
-7.469093913168889376e-02 -1.968954454376876939e-01
-7.407469982030417954e-02 -1.973441998791174157e-01
-7.363858335842009273e-02 -1.976926842790549532e-01
-7.291991097366466723e-02 -1.983041646491580656e-01
-7.188322679783887281e-02 -1.991526642297705985e-01
-6.882892921023188448e-02 -1.994373751728512056e-01
-6.541370257713749470e-02 -1.995377897099254172e-01
-6.443749372834975397e-02 -2.001402033016657644e-01
-6.371200683990928260e-02 -2.007482313390350492e-01
-6.309260202983051069e-02 -2.013829841945355414e-01
-6.252182126955915797e-02 -2.019500814323067217e-01
-6.122306803986766327e-02 -2.025882044649607028e-01
-5.472152587616181674e-02 -2.021659967514525258e-01
-4.629416456375751165e-02 -2.009951029006648571e-01
-4.469764043798657438e-02 -2.019101264891430825e-01
-4.384674880538369512e-02 -2.028985750257067122e-01
-4.318565878152604703e-02 -2.034578401844236717e-01
-4.215908373841542600e-02 -2.040481650530880375e-01
-3.516684965332951551e-02 -2.007546282334307930e-01
-3.344861922958037442e-02 -2.020432720786660141e-01
-3.200666990057262490e-02 -2.029423813584995406e-01
-3.077342652288520691e-02 -2.033460284555345110e-01
-2.965071372280471060e-02 -2.032043493120962996e-01
-2.874054627130250353e-02 -2.028144372398360262e-01
-2.689944393646575074e-02 -2.029410906462305597e-01
-1.643998047187573974e-02 -2.102620476526947113e-01
-1.438437560816104369e-02 -2.106234049820365217e-01
-1.374437999775904480e-02 -2.102815707759148334e-01
-1.144857716769261298e-02 -2.101813337719735664e-01
-8.181956693450011600e-03 -2.121199603257354349e-01
-4.041911770088949668e-03 -2.136723699374123986e-01
2.255113928331859731e-03 -2.164859344060658664e-01
9.061833828088521406e-03 -2.163624283956982752e-01
1.313480203598839033e-02 -2.158301615745867319e-01
1.762503285247770182e-02 -2.151751332336118427e-01
2.463054896524210016e-02 -2.140961287058259777e-01
3.150695737414361403e-02 -2.130249763952209996e-01
3.602895911212135316e-02 -2.123365197438696894e-01
4.030275255092239522e-02 -2.116999201998425451e-01
4.468142986391294980e-02 -2.110322833220672489e-01
5.052241854441602564e-02 -2.100000041882081336e-01
5.524049366072398409e-02 -2.052983402335138430e-01
5.917254646356961273e-02 -2.038339624927252292e-01
6.197406986822134867e-02 -2.035468242494167523e-01
6.658958743056267449e-02 -2.011250096471427495e-01
6.952816083902671473e-02 -1.976031486664230341e-01
7.088415751318992430e-02 -1.971702847213112897e-01
7.352625130311890578e-02 -1.968325801027049349e-01
7.634989346857855297e-02 -1.935336035082975692e-01
7.933462889478705427e-02 -1.910157407665704354e-01
8.157060100451049567e-02 -1.908347816742498593e-01
8.245615934482534992e-02 -1.904010753211972107e-01
8.289520482046662531e-02 -1.900690820192707520e-01
8.337715927751405964e-02 -1.896149047554209488e-01
8.416485402398167504e-02 -1.886756953733968456e-01
8.534379205602195262e-02 -1.868815150521477286e-01
8.735797570449128913e-02 -1.849515123655573745e-01
9.303995168415810091e-02 -1.822925466778971826e-01
9.338067675182520899e-02 -1.818524948663136076e-01
9.379015800483894716e-02 -1.812994146529541828e-01
9.551438169368425823e-02 -1.788101542319310011e-01
9.740913397367510773e-02 -1.760711090603121476e-01
1.022164623886240159e-01 -1.730387525398253412e-01
1.036375019102583755e-01 -1.690988663633580247e-01
1.033368534330575544e-01 -1.636731411999345909e-01
1.063225642476213623e-01 -1.582793347058384925e-01
1.096834377855666481e-01 -1.535164411359283831e-01
1.113755419582045519e-01 -1.513346578510802454e-01
1.140852813028102458e-01 -1.480306408160230736e-01
1.187510098752102838e-01 -1.395646595935484680e-01
1.173690005260140667e-01 -1.339960552425032980e-01
1.172020353316467894e-01 -1.327003464296404867e-01
1.169936039351033019e-01 -1.304333134608792744e-01
1.168715122280186702e-01 -1.275796607224042034e-01
1.175544224546064553e-01 -1.255374272346524711e-01
1.184781941597571747e-01 -1.245480879454267387e-01
1.252346553501680337e-01 -1.204937009419600191e-01
1.252269981222058903e-01 -1.203102065567343143e-01
1.251892132500119492e-01 -1.200602018519188324e-01
1.250473393213146767e-01 -1.195126507079939393e-01
1.247013600054426019e-01 -1.183491893908523718e-01
1.246185030495622070e-01 -1.170662146559987016e-01
1.253233332260499933e-01 -1.152287291657703161e-01
1.274553651823414624e-01 -1.124357759058446232e-01
1.279419651608882103e-01 -1.068785073193228297e-01
1.309365730445530007e-01 -9.571043183155038270e-02
1.301857427476016960e-01 -9.058111415908570718e-02
1.295977103274593700e-01 -8.679360834365697219e-02
1.288883757945556707e-01 -8.223912308434434826e-02
1.283684028850780590e-01 -7.882450972168067449e-02
1.279559219230555489e-01 -7.604783812092556772e-02
1.273782002394701629e-01 -7.247154952960517538e-02
1.179649791860484520e-01 -6.145756377631563655e-02
1.145043255251853576e-01 -5.252204659748580667e-02
1.133938302317711311e-01 -4.341287091518722385e-02
1.118762365366165190e-01 -3.959555817826491270e-02
1.109938854032047340e-01 -3.928103893650645301e-02
1.088408441472279303e-01 -3.783275846764982270e-02
1.070545723186508702e-01 -3.547240511242536615e-02
1.069630091786966108e-01 -3.395277700941010113e-02
1.064962754018313196e-01 -3.210269896979309201e-02
1.032366172476800598e-01 -2.949107690927906672e-02
1.007252318781188261e-01 -2.665384320675329849e-02
1.002473417180723275e-01 -2.368765145462582364e-02
9.258092914901192017e-02 -1.748935388672224686e-02
8.346770291185436064e-02 -1.085979962891114869e-02
8.112777994815115190e-02 -9.117046073642656387e-03
7.951197993513331452e-02 -7.891099895111636231e-03
7.698640455343085109e-02 -5.949488325061098003e-03
7.449119421081218384e-02 -4.031356691334716733e-03
7.225427852064486567e-02 -2.344504203174109774e-03
6.886466549373412849e-02 2.721885711262379132e-05
5.545427574345284522e-02 1.287804001746903435e-03
5.482901828347875456e-02 1.853888482030544320e-03
5.434123694792271364e-02 2.259566113556638230e-03
5.298528087607799753e-02 3.051101866748575329e-03
4.759927043906040517e-02 2.873014523420772126e-03
3.884710558006732040e-02 5.777916491687521555e-03
3.442122694938327954e-02 5.275194902411512246e-03
3.069727502658722157e-02 4.765665074329304522e-03
1.638770846690622979e-02 2.528392805825514355e-03
