-5.602413908449815471e-04 -1.165631964790226748e-03
3.735800812891891228e-04 -4.835593770392766950e-03
-6.548552029824312960e-04 -7.620871266687481542e-03
-2.759777238143318150e-03 -1.079611560000884492e-02
-9.365049345476305839e-03 -1.459498849535280883e-02
-1.353478600937647533e-02 -1.462520089630115969e-02
-1.414158353450518067e-02 -1.484825500489919507e-02
-1.703953896183152059e-02 -1.591251143361335427e-02
-2.088750302657780070e-02 -1.619913538334742664e-02
-2.130833675349336556e-02 -1.634181560407001188e-02
-2.180759769857632327e-02 -1.651442654953819839e-02
-2.381439514636674026e-02 -1.716314089579441815e-02
-3.016753233970262058e-02 -1.541982719977002397e-02
-3.961482781398309450e-02 -1.158413810701660641e-02
-4.278885412373258090e-02 -1.346622690445648668e-02
-4.595583875762876414e-02 -1.559230236082346545e-02
-4.755045287001249954e-02 -1.660502763669544427e-02
-4.871869640006251667e-02 -1.731030640822259561e-02
-6.186052884619922670e-02 -1.698564836095765515e-02
-6.217413823678955703e-02 -1.990093517816453328e-02
-6.337849638594349189e-02 -2.241261693591727749e-02
-6.646843497154833469e-02 -2.555880218631197479e-02
-7.259808197863741597e-02 -2.780493517564759653e-02
-7.304924609271969127e-02 -2.854016332455653476e-02
-7.412693076301900275e-02 -2.960795163716985548e-02
-8.173197622271964613e-02 -3.149942222260893737e-02
-8.359608273075531948e-02 -3.270231030917057635e-02
-8.187098000500735162e-02 -3.767117740492918060e-02
-8.371289068904647079e-02 -4.029619620201326663e-02
-8.607947034300884870e-02 -4.390729076248701263e-02
-8.671077316452387163e-02 -4.541894148664827463e-02
-8.758174413056278584e-02 -4.774531868176217636e-02
-9.195068085519503276e-02 -5.676495446839608522e-02
-9.559093284933779799e-02 -6.276352826278631947e-02
-9.600989720772884484e-02 -6.388443379609359818e-02
-9.622323146990739706e-02 -6.434002054893703249e-02
-9.740303888116286224e-02 -6.567469815498880314e-02
-1.010968671843199274e-01 -6.495783805815384671e-02
-1.063243178237076175e-01 -6.089583172036921316e-02
-1.053074775982653227e-01 -6.551025732798204659e-02
-1.050788114859528000e-01 -6.838870015492444498e-02
-1.049728119079507416e-01 -6.958706157804626924e-02
-1.047052931948235649e-01 -7.102916467719559701e-02
-1.047141619599365053e-01 -7.269265672615395080e-02
-1.055708606869124599e-01 -7.415138315422999116e-02
-1.071486835265189896e-01 -7.555703816347955626e-02
-1.072506374489931302e-01 -8.332646026902063019e-02
-1.080389562614348098e-01 -9.030567795495209049e-02
-1.100479807837066587e-01 -9.192413232289761704e-02
-1.116112453492746348e-01 -9.283599544948706317e-02
-1.126266152580015223e-01 -9.328852702175220724e-02
-1.163573653567373800e-01 -9.353245162672305102e-02
-1.251882520456654158e-01 -9.659085308724024710e-02
-1.173729233748985606e-01 -1.083944587840367513e-01
-1.136885254479899354e-01 -1.160084517903636342e-01
-1.130496282864587587e-01 -1.188866151474590321e-01
-1.131520154824104257e-01 -1.202862842606623461e-01
-1.138111162774051582e-01 -1.221090399861174541e-01
-1.142485556389510465e-01 -1.267238574298269194e-01
-1.164134341605286144e-01 -1.312264029695541789e-01
-1.180029222311601150e-01 -1.316374888059253234e-01
-1.194926182225922451e-01 -1.314438825976041725e-01
-1.208365946263131041e-01 -1.332235707578844353e-01
-1.222070063356002212e-01 -1.343969773638575560e-01
-1.231082164872867452e-01 -1.347695937992730020e-01
-1.243155620427166819e-01 -1.351044889607828647e-01
-1.216351467617468179e-01 -1.439758565848711369e-01
-1.217114205730814441e-01 -1.444014135860329229e-01
-1.217962367840933896e-01 -1.448416683082121292e-01
-1.224202992459997447e-01 -1.477339120578253784e-01
-1.229910351334418950e-01 -1.506009872790672610e-01
-1.226686167206163386e-01 -1.534732714684245436e-01
-1.205845285997781402e-01 -1.532184786818878985e-01
-1.156220692019139795e-01 -1.532370472612559764e-01
-1.123149789588816921e-01 -1.564492997536724161e-01
-1.088000444989932480e-01 -1.665341141040015682e-01
-1.047246260159859499e-01 -1.668459927265690257e-01
-1.001168034491136394e-01 -1.695527091342163561e-01
-9.684257358422489192e-02 -1.720090976669919891e-01
-9.542722924039909183e-02 -1.752207397894281482e-01
-9.486268643513214027e-02 -1.780658428350936351e-01
-9.513936641534850858e-02 -1.810383836600060192e-01
-9.410200622750085342e-02 -1.817143400456264768e-01
-8.934317084161777500e-02 -1.816738563283671892e-01
-8.390558371485387634e-02 -1.831253863166008300e-01
-8.135066810959130923e-02 -1.848527152513889937e-01
-7.981967481095651740e-02 -1.875097723517305526e-01
-8.502515757576940836e-02 -1.965437613767944680e-01
-8.330603493647206759e-02 -1.995874260948019840e-01
-7.782897666596208519e-02 -2.019924336659762454e-01
-6.951375660430800241e-02 -2.108707387084989560e-01
-6.331677551828192307e-02 -2.124361854467916866e-01
-6.047731008552448967e-02 -2.145002769365430273e-01
-5.907455796385765318e-02 -2.177283023729670863e-01
-6.061471093839452401e-02 -2.247777480172389042e-01
-5.762029252507362698e-02 -2.222705186225132079e-01
-4.984919470553115378e-02 -2.206696719996324163e-01
-4.650004330455626694e-02 -2.226495306629406867e-01
-4.387751805309454689e-02 -2.244492561281689613e-01
-4.134607559945096406e-02 -2.250101691070676146e-01
-3.903316342459767913e-02 -2.250685995716766863e-01
-3.763254683746362905e-02 -2.247973348213174183e-01
-3.626114278302364907e-02 -2.244615570488726619e-01
-2.870672263111350569e-02 -2.293012832265519940e-01
-2.761778369102204506e-02 -2.270935191899399186e-01
-2.546830870961230842e-02 -2.253763560977719849e-01
-1.625610382982889748e-02 -2.267269374994767828e-01
-5.198662912454873539e-03 -2.268841080836635771e-01
-2.479765613204803435e-04 -2.308899003242100567e-01
2.940722752560104292e-03 -2.355543308200768737e-01
4.117259658692573425e-03 -2.361857240325458407e-01
4.896392816498354450e-03 -2.362501539506201842e-01
5.426432627058587477e-03 -2.247841290295299332e-01
6.162678110597802177e-03 -2.240899735842372398e-01
6.771666052067470964e-03 -2.235421141429068115e-01
7.878426745538910994e-03 -2.214266842723021378e-01
1.415767646738343676e-02 -2.220661776496371531e-01
2.300527033799729115e-02 -2.229603115797243462e-01
3.376263123203260968e-02 -2.275013650208824456e-01
3.637863957537557785e-02 -2.268700347308650611e-01
3.914372551705436187e-02 -2.268446947131270708e-01
4.217608967740284903e-02 -2.274048478100891835e-01
4.550836179000735532e-02 -2.221554666725565064e-01
4.789945185606953731e-02 -2.164870090852812623e-01
4.852293525902234145e-02 -2.159991413393930748e-01
5.056721959928571486e-02 -2.121206202492736947e-01
5.778231804099591418e-02 -2.059518781721399738e-01
6.432683914218784160e-02 -2.004308207322316460e-01
7.016466679277796881e-02 -1.975485496634374893e-01
7.335043967421327193e-02 -1.926020545742530565e-01
7.791194677388078860e-02 -1.914719097543179649e-01
8.157970352674724646e-02 -1.903408027825879145e-01
8.450483697133806538e-02 -1.885157737033125169e-01
8.545531628706516669e-02 -1.868714129995002471e-01
9.192756042641331282e-02 -1.835663688499946378e-01
9.354114996556461836e-02 -1.826835928807815090e-01
9.566389612048493973e-02 -1.815295632723394614e-01
9.950042059658646687e-02 -1.800444995228534240e-01
9.499801300379409619e-02 -1.745164026627639420e-01
9.480683317408195032e-02 -1.722400067395022383e-01
9.501319466828328508e-02 -1.714295179701051386e-01
9.525629565368198826e-02 -1.708551800613012372e-01
9.550402734826611562e-02 -1.704264665357158037e-01
9.619334744467220033e-02 -1.696570273041930754e-01
9.839517558939431252e-02 -1.689817549815660069e-01
1.019744479695677275e-01 -1.690018250044263148e-01
1.050856913927256386e-01 -1.688750760069813450e-01
1.021693103334785357e-01 -1.589983298361314079e-01
1.031096346338835207e-01 -1.524232315774011193e-01
1.037519706077039139e-01 -1.500965321486776305e-01
1.036958781747195080e-01 -1.446446361436382610e-01
1.070550763081776213e-01 -1.385116354704505615e-01
1.063538112941496971e-01 -1.376164101052096411e-01
1.052894282299494666e-01 -1.370369661359853442e-01
1.048594865204195148e-01 -1.368703792508208228e-01
1.045011861362514921e-01 -1.367577108854363122e-01
1.009781855613754997e-01 -1.373400609054735155e-01
9.555903495625278632e-02 -1.364342020947827139e-01
9.441096122968040127e-02 -1.284165884728201146e-01
9.215851603435003259e-02 -1.225518722840814312e-01
9.218239089389176910e-02 -1.176389710064668082e-01
9.100134519179053916e-02 -1.144217622222710451e-01
9.158963133722355932e-02 -1.124425677564471482e-01
8.521149206823720734e-02 -1.000459085637224188e-01
8.215881872109670470e-02 -9.336548454557040688e-02
8.282381798893945213e-02 -9.273160422714081530e-02
7.904132738760395738e-02 -8.698627906569580959e-02
7.608119400791907294e-02 -7.798541816200213472e-02
7.804982288663908641e-02 -7.488275838493281544e-02
8.106648039623944035e-02 -7.248550356421126772e-02
7.558360847646658498e-02 -7.003979538658224036e-02
7.286281854395855462e-02 -6.754491541029267188e-02
7.349807539307652571e-02 -6.500655222990874005e-02
7.217040374478116138e-02 -6.386156661473123275e-02
6.857189812843748900e-02 -6.370608789309893660e-02
6.400590261496484634e-02 -6.004004510537173933e-02
5.906336180181963325e-02 -5.474813010410588265e-02
5.891032918607143343e-02 -5.149661652226476122e-02
5.917070315259032043e-02 -4.768889823370870557e-02
5.532030000935879432e-02 -4.501823919557617487e-02
5.302881796516119989e-02 -4.165778229522959508e-02
5.730262469502821893e-02 -3.303215807780902208e-02
5.184210306159917764e-02 -2.801198445326339576e-02
4.284232765986327462e-02 -2.357243316328192298e-02
3.961949656318428797e-02 -2.259318152909407795e-02
3.715782454700022885e-02 -2.175835763293082134e-02
3.441279156392804822e-02 -2.008278082881255477e-02
3.284861358727232672e-02 -1.820696078351697472e-02
3.174687904670314698e-02 -1.616573262935330421e-02
3.089080276168943567e-02 -1.355851190166388470e-02
1.438819665737300565e-02 -1.381040013241326310e-02
1.352417485161420095e-02 -1.166906818753980085e-02
1.356183282666057789e-02 -9.353737825876487846e-03
1.275969384039257748e-02 -8.015784204255475137e-03
1.073362946325837411e-02 -8.064877281017684627e-03
6.770094251795170590e-03 -8.362315106976986670e-03
4.346312065936501663e-03 -7.466353702957066046e-03
2.741576931274209566e-03 -6.550744399539397932e-03
1.245810538221968269e-03 -2.956439280926151641e-03
