-2.269474834710397473e-02 -6.253845127898480932e-03
-4.255307466332237248e-02 -8.834858685248147409e-03
-4.256138585474503189e-02 -9.061352432273954427e-03
-4.257127681005160036e-02 -9.249369700119065493e-03
-4.259685929640535246e-02 -9.452064570660370993e-03
-4.269469234075264075e-02 -9.777523209986911309e-03
-4.395743825899948304e-02 -1.125402960646161923e-02
-4.495930094483360090e-02 -1.192421994344526441e-02
-5.198612589778874027e-02 -1.437156858612299339e-02
-5.217589845023358486e-02 -1.460525338998763280e-02
-5.240162005376929055e-02 -1.489218851926717505e-02
-5.289570478178063501e-02 -1.553816802657863143e-02
-5.821338539503789072e-02 -1.809052886947133676e-02
-6.234430253555797025e-02 -2.056437436957483239e-02
-6.414904752747348227e-02 -2.243151777892961676e-02
-6.500074017158689876e-02 -2.519504231180837509e-02
-6.483543371031338931e-02 -2.620072572659419563e-02
-6.479545750191005593e-02 -2.675539062729454312e-02
-6.480122740514258906e-02 -2.715261122644373540e-02
-6.487828894848832184e-02 -2.775362208477846065e-02
-6.498591468625268541e-02 -2.817155297994846860e-02
-6.507805287462122001e-02 -2.843834062387734160e-02
-6.750473568233808508e-02 -3.165543451907205930e-02
-6.948852330298162239e-02 -3.622706864228807805e-02
-7.286768754585437602e-02 -4.294450673778115596e-02
-7.642206443753166156e-02 -4.679049015427978742e-02
-7.870639300791285042e-02 -4.974011347365511065e-02
-7.917856452633684206e-02 -5.276415413178273811e-02
-7.842301938729422106e-02 -5.653547466272997035e-02
-8.270995651102291957e-02 -6.447360981408953307e-02
-8.606938992110613196e-02 -6.818754029529836003e-02
-8.826914477743778853e-02 -7.264317105491548132e-02
-8.782232940755320405e-02 -7.439749450861500579e-02
-8.820490849397556732e-02 -7.576599886622627233e-02
-9.184621938169175437e-02 -7.993977666226297074e-02
-9.277471644713401744e-02 -8.317949987433830017e-02
-9.246329996606926505e-02 -8.455914323968574675e-02
-9.240478085846022538e-02 -8.537740446480603096e-02
-9.677244878216798019e-02 -9.394646037066073374e-02
-9.674184825489064166e-02 -1.037129287968824448e-01
-9.634152732237802330e-02 -1.131037344994289678e-01
-9.604171061095267969e-02 -1.188558442283911415e-01
-9.564244490611979732e-02 -1.265138404440297459e-01
-9.475833166874295110e-02 -1.452506096492631738e-01
-9.440201287147334530e-02 -1.503813615312759033e-01
-9.388248845004135146e-02 -1.539617913904175461e-01
-9.089753834016237044e-02 -1.548208052843258464e-01
-8.882097435846630917e-02 -1.612519657952131147e-01
-8.762236028854908376e-02 -1.683739772672350477e-01
-8.544789871116566238e-02 -1.699644856498270795e-01
-8.406461073028774489e-02 -1.711187229820143874e-01
-8.283176722460285080e-02 -1.797400332747383367e-01
-8.008437033756148071e-02 -1.849002421685925490e-01
-7.416230623389506726e-02 -1.897071349814284935e-01
-7.191044368519632080e-02 -1.959306124686075457e-01
-7.193892752522666745e-02 -1.986427624203588593e-01
-7.089783031921836898e-02 -2.016706547012405704e-01
-6.966774098464632858e-02 -2.035102819483258774e-01
-6.728475586360155303e-02 -2.061166540411419057e-01
-5.502715566333981484e-02 -2.176374975760488606e-01
-5.537296046383596848e-02 -2.208183194676712202e-01
-5.407374829497282182e-02 -2.216034411812425331e-01
-5.054335790511165633e-02 -2.215234364496508623e-01
-4.867602739711063969e-02 -2.227142956100423565e-01
-4.699946412392945472e-02 -2.242437535896651957e-01
-4.585416490841454779e-02 -2.253594770284796101e-01
-4.426164121750036928e-02 -2.269218676037803861e-01
-4.218992438751757029e-02 -2.288563568548344085e-01
-3.527945903937673711e-02 -2.309118074000583998e-01
-3.199527638618718250e-02 -2.331133519219213135e-01
-2.924476264523109478e-02 -2.359595541952342335e-01
-2.914606834314893702e-02 -2.383668146390245379e-01
-2.899376411878202067e-02 -2.395134819455261854e-01
-2.841532468876039122e-02 -2.402735263158154444e-01
-2.755977593608645304e-02 -2.406126529051259566e-01
-2.653204666148476984e-02 -2.407128380140949597e-01
-2.625411182753110625e-02 -2.407147640020415313e-01
-2.506403483758955220e-02 -2.406598676547029303e-01
-1.610237813119395206e-02 -2.431438564207338004e-01
-1.146315271572847551e-02 -2.445902005001593937e-01
1.265500446272264067e-02 -2.438250182577203218e-01
1.543053409137442288e-02 -2.437150396764787563e-01
1.579135502216707024e-02 -2.436993465456419594e-01
1.927227974033340896e-02 -2.435050087533560947e-01
2.522526521760869861e-02 -2.393198551113848438e-01
2.865980280463818058e-02 -2.381543478957433291e-01
3.163223399930504415e-02 -2.377874180410855798e-01
3.426432427199768704e-02 -2.376032356573389570e-01
3.786948761302572075e-02 -2.374372793150575367e-01
4.047203801551539637e-02 -2.373343198499839324e-01
4.269370958922688586e-02 -2.372312698462493430e-01
4.541003325475638508e-02 -2.370136534876957357e-01
5.329219630418083331e-02 -2.316151464559319528e-01
5.482697464718377933e-02 -2.316119621137316398e-01
5.786995344328010188e-02 -2.303671072935072617e-01
6.330572416586022211e-02 -2.247364302407027781e-01
7.201936604168573952e-02 -2.154590784546387694e-01
7.304254603087950715e-02 -2.152792993174318381e-01
7.321460669144939926e-02 -2.153061259914965941e-01
7.339044562329631594e-02 -2.153372248433408631e-01
8.405636642961204774e-02 -2.046074953411067543e-01
8.419946198161185058e-02 -2.046110974526487991e-01
8.431514860545134826e-02 -2.046149336407838137e-01
8.453454430799951791e-02 -2.046239449576648939e-01
8.484701272884928591e-02 -2.046381598113106159e-01
8.538040671106496282e-02 -2.046419950514487829e-01
8.591563580627244179e-02 -2.045749794307942793e-01
8.638107765973816743e-02 -2.044136537171605816e-01
8.768371159279346461e-02 -2.032174144740138688e-01
9.732568356535757637e-02 -1.887194035735065001e-01
9.799664451998635339e-02 -1.887137632896500883e-01
9.877470525728763995e-02 -1.886944820708266746e-01
1.003849967977557822e-01 -1.884146017933857054e-01
1.023026791527220369e-01 -1.871160704124917029e-01
1.032396594656554839e-01 -1.860191892767168453e-01
1.043108826019692043e-01 -1.846273951937364155e-01
1.044668804323426459e-01 -1.844349227548272852e-01
1.105660702574681187e-01 -1.794905629604064135e-01
1.105188005578319060e-01 -1.792389173409489611e-01
1.105054081614983003e-01 -1.791578016796218642e-01
1.104874279919580982e-01 -1.790332949601593504e-01
1.104809513621524131e-01 -1.783316334681689375e-01
1.152495808015580464e-01 -1.691553023374710307e-01
1.152322656879264523e-01 -1.686290321932557568e-01
1.152221955380794000e-01 -1.684051325870453419e-01
1.151940637211589652e-01 -1.678888331878879703e-01
1.151517556185012725e-01 -1.672446044780763197e-01
1.150883372455887427e-01 -1.663839059319495439e-01
1.188578397796106190e-01 -1.583656031855717183e-01
1.193359530443845046e-01 -1.495112321870882000e-01
1.192813476054586097e-01 -1.485073480592513373e-01
1.192491817317418018e-01 -1.478802513197122193e-01
1.235467844057963616e-01 -1.366591103158602827e-01
1.236444978817463347e-01 -1.360485701443641671e-01
1.236218118361195467e-01 -1.324359145771266955e-01
1.232734863545753151e-01 -1.270272030432226529e-01
1.232310300959084948e-01 -1.246848097267912459e-01
1.235100904910162167e-01 -1.216150467182437467e-01
1.268333432189888144e-01 -1.177365238686412796e-01
1.275354510542536235e-01 -1.086098964038529902e-01
1.273745142053078205e-01 -1.056124299818704260e-01
1.270467178539816389e-01 -9.922984247280397518e-02
1.257965465234535396e-01 -9.470367515812314063e-02
1.215773890174317168e-01 -9.036018743835869116e-02
1.212278442413167040e-01 -8.750273349319291627e-02
1.212159096861804841e-01 -8.461853393494637998e-02
1.212217961278978934e-01 -8.206498795386522882e-02
1.211644460537950746e-01 -8.005253901000755623e-02
1.152193963855205061e-01 -6.817050473604314986e-02
1.147211987212192474e-01 -5.662691962519143807e-02
1.133126854554666746e-01 -5.436931369464492736e-02
1.119407117686623820e-01 -5.295979430945749883e-02
1.093275348551286663e-01 -5.059496275488548772e-02
1.069487813385107816e-01 -4.842339019739858030e-02
1.040075595110856455e-01 -4.287711318109969222e-02
1.022185653804627697e-01 -3.921222127643902988e-02
1.011969240349250426e-01 -3.829827414577974959e-02
9.611940258262989534e-02 -3.379755686594560632e-02
9.463624050206596861e-02 -3.226880679395680018e-02
9.288341828997631611e-02 -2.597081511309126331e-02
9.245050792348248614e-02 -2.543583083022488145e-02
9.142869695107133654e-02 -2.457058950525214600e-02
9.062741889490812108e-02 -2.391993213120569006e-02
9.000858573902803528e-02 -2.334956731441694550e-02
8.940986348019643037e-02 -2.276955674508229430e-02
8.879123143834280474e-02 -2.221273777896095800e-02
8.787210485683392969e-02 -2.162129421179494540e-02
8.235327653060611763e-02 -2.120249780433681314e-02
7.934265963680568745e-02 -1.844063723397538004e-02
7.733249692449517543e-02 -1.692424704703796370e-02
7.193778275735614181e-02 -1.650841246202822826e-02
7.016210842753067833e-02 -1.518788767967982171e-02
6.918070522590277771e-02 -1.415387690601961970e-02
6.785197263203091023e-02 -1.283043648829249039e-02
6.555376937439288954e-02 -1.203801020047116921e-02
5.990728783739039665e-02 -1.064207370464608643e-02
5.883021617675526782e-02 -9.780690085462017541e-03
4.996200891995063176e-02 -2.447373018150527605e-03
4.145380447307311922e-02 -2.747467584131818834e-03
3.772083788845215918e-02 -2.538410374715139944e-04
3.722443364201828003e-02 3.187850274254309360e-04
3.680278064038119967e-02 7.815277399643372680e-04
2.931065535334913957e-02 -2.309577724897809471e-03
2.884590495578461325e-02 -1.945580950971564005e-03
2.824056254453109760e-02 -1.402468723789924293e-03
2.693840926601400593e-02 -1.423604256466316418e-04
2.670234768548456969e-02 7.399035950303816636e-05
2.629566835572843750e-02 4.088869465741695936e-04
2.037874979377852711e-02 -3.550545692352873386e-03
1.922163287452658548e-02 -2.851924550986080584e-03
1.869906395355582299e-02 -2.391515038698308754e-03
1.770031145133206182e-02 -1.454321513026291977e-03
1.658824260067512726e-02 -4.962833733692988353e-04
6.496077079923120480e-03 -4.773724172845849635e-03
4.984035990136807120e-03 -4.316287330134542348e-03
3.814923011972963865e-03 -3.562506442046769421e-03
3.399271702345276272e-03 -3.215964304792847620e-03
2.937263173144733213e-03 -2.784506467121262638e-03
2.184489832412728552e-03 -1.980722037023293150e-03
