-2.338840778705668540e-03 -6.426439717250880153e-03
-6.570572396749071314e-03 -8.880595664302026390e-03
-7.025771642901668633e-03 -1.006202852341670645e-02
-7.158231552299086815e-03 -1.055940562079115547e-02
-7.313355739343128936e-03 -1.129549398486344967e-02
-7.496894026732083167e-03 -1.231342136958247721e-02
-1.720062093798899183e-02 -1.972920310377428155e-02
-1.761261361056040697e-02 -2.088235865938848496e-02
-1.788551865093567297e-02 -2.190982969781020764e-02
-1.799290569132401540e-02 -2.231060102459568248e-02
-1.811737731755973940e-02 -2.274852933135508223e-02
-2.054693275059368135e-02 -2.576798243678145306e-02
-2.512392125301868978e-02 -3.265221590242672195e-02
-2.904044349301114838e-02 -3.546145250677549404e-02
-3.097972821853907724e-02 -4.013456457194494731e-02
-3.639954431697165621e-02 -5.570671190233670439e-02
-3.921762643100186463e-02 -6.409883646522726575e-02
-4.174757986067335197e-02 -7.137910644322452425e-02
-4.284258447661658253e-02 -7.428970434077784846e-02
-4.784044626918555060e-02 -8.291309310856219417e-02
-4.748083195620806524e-02 -8.355723028021580512e-02
-4.694623345707902434e-02 -8.477115815065523752e-02
-4.732359006543411517e-02 -8.780795866461642285e-02
-4.824641514597853564e-02 -9.060489021370837781e-02
-4.723628071843415099e-02 -9.787254996510900973e-02
-4.794517350648306447e-02 -9.985056761115643220e-02
-4.841062530471653552e-02 -1.017487895524457897e-01
-4.757294764794941372e-02 -1.044323474239230720e-01
-4.765403861663906199e-02 -1.091326595731462040e-01
-4.950235971001669399e-02 -1.148381442884807285e-01
-5.112985550354700454e-02 -1.195178977905343859e-01
-5.261926456523611378e-02 -1.267061067097720872e-01
-5.126904734373097933e-02 -1.300097524055137121e-01
-5.252707712290544118e-02 -1.340306361627255360e-01
-5.228061818038064190e-02 -1.371804884045397799e-01
-5.088409301041654786e-02 -1.404918233231244318e-01
-4.930947584190530780e-02 -1.435695531098163946e-01
-4.781617045721462539e-02 -1.464371152896580819e-01
-4.603720923944931709e-02 -1.501841274140323090e-01
-4.645948773788612096e-02 -1.595339606119435538e-01
-4.308437514313128575e-02 -1.667899691053033318e-01
-4.190235966383848432e-02 -1.690099306382974176e-01
-4.008537503919252371e-02 -1.726358353039775251e-01
-4.044097241417834998e-02 -1.827258101665129308e-01
-3.938900059715300106e-02 -1.850229710326600219e-01
-3.862823639782716340e-02 -1.864407356287017259e-01
-3.780048276071266283e-02 -1.879919613014449931e-01
-3.630844169575099534e-02 -1.910969101994665353e-01
-3.456024500475724653e-02 -1.943079516005362661e-01
-3.067014301302972007e-02 -1.955637386045100123e-01
-2.789403683063541167e-02 -1.971775861954371545e-01
-2.748316034440297789e-02 -2.039688049059229236e-01
-2.802069277577337592e-02 -2.079629071516599093e-01
-2.744191900509904830e-02 -2.090210079315767133e-01
-2.678284435148543460e-02 -2.105814342216669188e-01
-2.635578979727677337e-02 -2.110546221933198574e-01
-2.051982624670925862e-02 -2.147138203761670416e-01
-2.195801405720407620e-02 -2.192455562520536638e-01
-2.024033863733829680e-02 -2.202456445303096755e-01
-1.514826662830720885e-02 -2.234159629437911798e-01
-1.458600396236988707e-02 -2.247812599186234106e-01
-1.343080879679723477e-02 -2.259017699416046299e-01
-1.055416817722044411e-02 -2.269615033205288068e-01
-8.637687711904925431e-03 -2.276553644557011979e-01
-7.309752291421525890e-03 -2.288137645879104176e-01
-6.789148170037112053e-03 -2.298166219921099207e-01
-6.273958768783271904e-03 -2.310011556529039944e-01
-4.991464932340226868e-03 -2.322480130015739108e-01
-1.300481798729707407e-03 -2.335991389320923595e-01
6.778975644211933816e-04 -2.347410374242199782e-01
1.664033026357325919e-03 -2.366220490797078246e-01
3.703194894819905169e-03 -2.386167505097284147e-01
6.998192336430958047e-03 -2.399767580120897026e-01
1.160166350847284880e-02 -2.415079021677666860e-01
1.624833987653318684e-02 -2.447704358378734735e-01
2.096334492016701037e-02 -2.482309852038055431e-01
2.145503928205210603e-02 -2.484046430739098865e-01
2.191070529477818010e-02 -2.485606017943256807e-01
2.667256946385571439e-02 -2.501589755078785227e-01
3.109020933702334732e-02 -2.536323639234717153e-01
3.974666544601915957e-02 -2.545612153710841152e-01
4.099918890341164995e-02 -2.550811108057705612e-01
4.159478527576247753e-02 -2.553612295157399736e-01
4.252998927080422348e-02 -2.559832104154770027e-01
4.440275625374563023e-02 -2.590100444491621468e-01
4.917204562305631244e-02 -2.573904967043655900e-01
5.304310964641158893e-02 -2.558431749584897941e-01
5.550119792147871489e-02 -2.563181356863617477e-01
5.780155421939236343e-02 -2.572169951462348059e-01
6.084487249200501435e-02 -2.567354845182698853e-01
6.538914520986692513e-02 -2.547356895857578185e-01
7.026816629875427822e-02 -2.522618197306257803e-01
8.745558983580678514e-02 -2.391098098944964279e-01
8.892785992488461133e-02 -2.396851558792162384e-01
8.966313547808915652e-02 -2.400902495005409754e-01
9.028802075828414042e-02 -2.404278878929376750e-01
9.470662741963770115e-02 -2.351022536008522401e-01
9.475585644699671684e-02 -2.350286709000232732e-01
9.479442349188209327e-02 -2.349743525890980733e-01
9.491906430468130540e-02 -2.348171737167586703e-01
1.038456929138516088e-01 -2.250949167011538077e-01
1.039691486456935654e-01 -2.250453481400633560e-01
1.040341046349710918e-01 -2.250195186246547185e-01
1.042683706127156967e-01 -2.249276237377245413e-01
1.048350257058894702e-01 -2.247114312808871917e-01
1.156282818259174866e-01 -1.985800232171801016e-01
1.158139544544171951e-01 -1.985281149540749357e-01
1.159436364660896696e-01 -1.984910615416234092e-01
1.160716720983089173e-01 -1.984533749255066037e-01
1.161819653006096464e-01 -1.984197234894862494e-01
1.162849057932259511e-01 -1.983870707070923278e-01
1.164008607670691947e-01 -1.983485392306609252e-01
1.166128877966377958e-01 -1.982719726807419536e-01
1.177723191948356063e-01 -1.971667639055632582e-01
1.180918599096049959e-01 -1.869569410566791767e-01
1.205962624953544754e-01 -1.798495844462436599e-01
1.218792957097637047e-01 -1.750412070160897171e-01
1.205911236950782672e-01 -1.703668309029906791e-01
1.217610972845272060e-01 -1.656982790872021938e-01
1.272759369427748921e-01 -1.599776911746348673e-01
1.273929658216689242e-01 -1.596455109980341736e-01
1.275718161974374043e-01 -1.590908228152180526e-01
1.337512154151621058e-01 -1.512682964686393461e-01
1.338365287550630778e-01 -1.510089906153538053e-01
1.338682537453593224e-01 -1.509098329952512363e-01
1.339268760945018510e-01 -1.507236632594645409e-01
1.340233870962652951e-01 -1.504121695871042663e-01
1.395307027797303701e-01 -1.442865405795920042e-01
1.400526947598240146e-01 -1.430730435751566276e-01
1.425045981803701733e-01 -1.383756845856756734e-01
1.451765370833337787e-01 -1.365193806120526543e-01
1.462439300471549686e-01 -1.345574973087831916e-01
1.488253802416108496e-01 -1.276933993871449957e-01
1.492052786350691052e-01 -1.265636491489440241e-01
1.507668124958630729e-01 -1.217958999439190254e-01
1.536464584461054161e-01 -1.098368756286558084e-01
1.523297923213292604e-01 -1.080594603621177763e-01
1.531566190514174197e-01 -1.043191477945845241e-01
1.545681618362462206e-01 -1.012371935156431701e-01
1.572681878105980091e-01 -9.662873000290041203e-02
1.556885834969990723e-01 -9.390354826133019694e-02
1.546434960918586232e-01 -9.147739002301312483e-02
1.551713166230896113e-01 -8.755545918514476278e-02
1.582741236749634628e-01 -7.909965424995335503e-02
1.571598316040166976e-01 -7.584227905967605432e-02
1.567619678744953671e-01 -7.239919831000131423e-02
1.572694863750873362e-01 -7.128735531433820494e-02
1.582012504587890223e-01 -7.038576526741517625e-02
1.574502684382853290e-01 -6.517772678361588579e-02
1.532031250299332459e-01 -5.685455467130660911e-02
1.507925137517790171e-01 -5.232272180064624634e-02
1.488077250473113511e-01 -4.849719396248389908e-02
1.458719309624607885e-01 -3.550326056579258122e-02
1.424249860676721213e-01 -3.451257676261503676e-02
1.380669840829097661e-01 -2.611645640940064503e-02
1.359571740476455126e-01 -2.126884355520566178e-02
1.349623284343287599e-01 -1.952948163370201232e-02
1.283383105475258690e-01 -1.571400866760383139e-02
1.252884959671595466e-01 -1.488248122714011697e-02
1.220219113342770750e-01 -7.684004481399801453e-03
1.191041195054929197e-01 -8.825168642569401756e-03
1.170890151182984729e-01 -8.364597469636102234e-03
1.150105522655905377e-01 -7.843667735877650829e-03
1.134695536747238193e-01 -6.691142533365749753e-03
1.140694591247893158e-01 -3.817245467247971143e-03
1.146977491506642188e-01 -1.839934736503912212e-03
1.143812043837752201e-01 -8.771510479941642575e-04
1.109621330788376076e-01 6.563094622123216877e-04
1.078099876717979466e-01 3.707892057925623458e-03
1.061191490092385642e-01 5.524765624306864943e-03
1.032223481183435071e-01 6.819800411244717961e-03
1.016854226275547557e-01 7.349131905282246802e-03
1.009690664323204395e-01 7.583843538766125297e-03
1.001657700934197176e-01 7.844416960130167968e-03
9.864325641046717275e-02 8.346464693985965536e-03
9.581660630602736872e-02 9.455260224022097801e-03
9.368648621906215668e-02 1.095462338008207533e-02
8.578013787960779568e-02 1.587865907770776019e-02
7.973187183718198623e-02 1.485580045324918011e-02
7.243469386027122370e-02 1.728032598517155113e-02
7.141645024449502777e-02 1.758081421857657714e-02
6.975239112357742299e-02 1.795523450106102648e-02
6.429648882116394126e-02 1.663270275106572618e-02
6.276717302920645225e-02 1.701570420839952635e-02
6.191553697055660055e-02 1.733484600177394655e-02
5.910449098735585244e-02 1.818826155834242508e-02
5.837279725367867933e-02 1.821436627106478093e-02
5.309703015760396799e-02 1.679837969763993064e-02
4.447144331602916750e-02 1.684184179427799383e-02
3.416046571758403483e-02 1.250815875158965175e-02
3.337886278610155411e-02 1.273085576663393788e-02
3.271441001295579548e-02 1.309230572643939154e-02
3.232772374989821562e-02 1.336063182134149784e-02
3.204622607330234740e-02 1.356788430101872785e-02
3.180791048331363391e-02 1.373991447947461864e-02
3.125536578507431135e-02 1.406167841799277340e-02
2.796382395178177716e-02 1.378941819112091023e-02
3.538194263433225469e-03 -1.588647520317487769e-03
3.069002497833786276e-03 -1.043864764760496500e-03
