6.687424937533966232e-04 -2.848042984399779421e-03
3.676311835877736633e-04 -4.269097050167467745e-03
1.495079861563137743e-03 -8.264889754872615027e-03
2.300865906464069199e-03 -1.117782785300668741e-02
2.130756116296357236e-03 -1.267068546152117815e-02
2.779889452249145049e-03 -1.630652862600348932e-02
3.824035895125809346e-03 -2.087617221623452174e-02
3.139178447837409364e-03 -2.395965626164162435e-02
-1.676661472356147722e-02 -2.204858410762684101e-02
-1.692720282119978409e-02 -2.219383131270571963e-02
-1.737329669646357072e-02 -2.253366645810023911e-02
-1.903083321192951954e-02 -2.318636912425910829e-02
-2.133072748004339811e-02 -2.300792054336378220e-02
-2.456105574140405798e-02 -2.192039838298024540e-02
-2.615160757514507078e-02 -2.157780723329283390e-02
-2.626360350749085831e-02 -2.176922914841569051e-02
-2.626383791897862405e-02 -2.197092201158672153e-02
-2.622692215148235417e-02 -2.219308902225422542e-02
-4.575839319353503659e-02 -2.257554474195168359e-02
-4.562153095843804462e-02 -2.402588707066622559e-02
-4.566211321771546094e-02 -2.523286625814517153e-02
-4.572640774278070169e-02 -2.574048568990981375e-02
-4.584179523339436402e-02 -2.635230665796929259e-02
-4.603497142790342195e-02 -2.707824716501925494e-02
-4.639243832471501988e-02 -2.796677124269619438e-02
-5.576664314017728413e-02 -2.958993341491409149e-02
-5.587445511690913857e-02 -3.010500360389706601e-02
-5.605568143146348603e-02 -3.068034912898583849e-02
-5.677134763019185681e-02 -3.165877526562493188e-02
-5.914200142368962465e-02 -3.235957497844716563e-02
-5.781530726700371409e-02 -3.792411594119098756e-02
-5.126102121838392589e-02 -4.702042654125593996e-02
-5.284418960839702695e-02 -4.844287960673851479e-02
-5.432496551858628786e-02 -4.891025489901508483e-02
-5.488433779740001933e-02 -4.894008950327848745e-02
-5.539021686554803509e-02 -4.891227766513434744e-02
-5.619838625429023071e-02 -4.879660225646392097e-02
-5.774389629224604276e-02 -4.852976172765952056e-02
-5.912206924969968386e-02 -4.862174925554439003e-02
-5.731953719061926023e-02 -5.486036647766547730e-02
-5.811216062245341818e-02 -5.662780252190877800e-02
-5.992545640604088342e-02 -5.753760343655432707e-02
-6.115971839227861417e-02 -5.785153329123793320e-02
-6.181054580336914350e-02 -5.797300116785867458e-02
-6.225702646143393276e-02 -5.804311376601541117e-02
-7.100818590463674196e-02 -5.820578722877883110e-02
-7.165525000959854784e-02 -6.109785779740395384e-02
-7.364735465392986680e-02 -6.468637526779756619e-02
-8.046637428811617698e-02 -6.758903036384723839e-02
-8.480188068425874304e-02 -6.908984343027105290e-02
-7.747285130997944025e-02 -7.138345272690552190e-02
-7.747284148203416321e-02 -7.138345517223597392e-02
-7.747282632670876579e-02 -7.138345894308439910e-02
-6.403575669045649676e-02 -7.930429729575651232e-02
-6.656785260370268187e-02 -8.129914535014516608e-02
-6.734769338949658790e-02 -8.186247969683123349e-02
-6.833453472044935528e-02 -8.279412912113762180e-02
-6.922173337986251007e-02 -8.362629850774971896e-02
-7.055469832538366348e-02 -8.522850729511867451e-02
-4.825739955116908203e-02 -1.364906925610430422e-01
-4.837107672736913611e-02 -1.366478098308655520e-01
-4.853151001870865955e-02 -1.368743244267622561e-01
-4.873653021527672713e-02 -1.371702345928598465e-01
-4.888105072588059402e-02 -1.373824119393786125e-01
-4.904038991561965322e-02 -1.376193885874966161e-01
-4.931209451445718595e-02 -1.380302887531031919e-01
-4.957920134577624427e-02 -1.384422406171780529e-01
-4.968642806284954971e-02 -1.386098283612096083e-01
-4.991656473199729965e-02 -1.389738773853140263e-01
-5.105719476208975954e-02 -1.408792050898303450e-01
-5.215806014339811197e-02 -1.429736805981935699e-01
-5.215813234213506622e-02 -1.429738329202704938e-01
-5.215813242968304897e-02 -1.429738331049776601e-01
-5.215813246308301232e-02 -1.429738331754442926e-01
-5.215813254088853129e-02 -1.429738333395969563e-01
-5.233879122023607500e-02 -1.433652950457736663e-01
-5.233879154160597791e-02 -1.433652957625382862e-01
-5.233879181139743791e-02 -1.433652963642653988e-01
-5.233879205996027489e-02 -1.433652969186455239e-01
-5.233879241048635528e-02 -1.433652977004385709e-01
-5.233879301711008569e-02 -1.433652990534172722e-01
-5.233879402846770834e-02 -1.433653013090917527e-01
-5.233879564960112335e-02 -1.433653049247771427e-01
-5.233879918967630079e-02 -1.433653128203701832e-01
-5.233880325080754459e-02 -1.433653218781107963e-01
-5.233894692561356227e-02 -1.433656423314136896e-01
-5.259726660875590348e-02 -1.439737474021431096e-01
-5.295016806641829332e-02 -1.450168076788102278e-01
-5.306806324506334327e-02 -1.456335802364710774e-01
-5.307280227031253156e-02 -1.456842738076025712e-01
-5.307297816056214673e-02 -1.456863806856797117e-01
-5.307327183028542894e-02 -1.456899454537354532e-01
-5.307774892166214342e-02 -1.459805784962482367e-01
-5.302200293304405038e-02 -1.462844547649952975e-01
-5.291217514246033399e-02 -1.465056748113374996e-01
-5.260910774868221562e-02 -1.467672319354431376e-01
-5.215150457527766709e-02 -1.469019541708431742e-01
-5.190480797634395432e-02 -1.469201176533388165e-01
-5.170109779160803054e-02 -1.469175318119278206e-01
-5.142287432567786004e-02 -1.468945516168772836e-01
-5.112601315143410624e-02 -1.468506172642780605e-01
-5.085875894382219098e-02 -1.467973427366057737e-01
-5.058354573957241085e-02 -1.467312156741276130e-01
-5.032327593312210107e-02 -1.466596580945284389e-01
-5.006656401162973974e-02 -1.465815455979450899e-01
-4.977107379715082353e-02 -1.464833870074994937e-01
-4.897430239929153467e-02 -1.461809002303019467e-01
-4.827853243221486707e-02 -1.458774179441759689e-01
-4.808829367479761085e-02 -1.457884358177723716e-01
-4.783805054213337987e-02 -1.456673913300882972e-01
-4.718083215055635798e-02 -1.453253902488852722e-01
-4.646375319018170719e-02 -1.448908855455908751e-01
-4.563332402926183889e-02 -1.442077246682456071e-01
-2.701900036257940188e-02 -1.537934934054147884e-01
-3.875195695434919835e-03 -1.553450552488323810e-01
8.641265384532829594e-03 -1.582729311962055296e-01
1.350055001385862263e-02 -1.575937910529874031e-01
1.965393885770775131e-02 -1.572011091821774731e-01
2.746758941787559583e-02 -1.551362710358704655e-01
3.569979335135371745e-02 -1.487005770473634469e-01
4.272191134505419485e-02 -1.466954862161543860e-01
5.078645181166979022e-02 -1.488435097919777184e-01
5.748287975865482013e-02 -1.481455813009595057e-01
6.934994374997902056e-02 -1.510130831844906651e-01
7.104548826257921224e-02 -1.427195904767818158e-01
7.406013577284113747e-02 -1.289602863205800420e-01
6.743475097582808664e-02 -4.160225989902481547e-02
6.743474924617089139e-02 -4.160226863771274847e-02
6.743474832500791216e-02 -4.160227329181241662e-02
6.743462703896914434e-02 -4.160288692813220862e-02
6.743462703038728689e-02 -4.160288697161110272e-02
6.743449614753722898e-02 -4.160355106111156276e-02
6.743449579620354462e-02 -4.160355284641701484e-02
6.743449524405878415e-02 -4.160355565217476598e-02
6.743449412140406496e-02 -4.160356135712287712e-02
6.743448592599129987e-02 -4.160360300784093218e-02
6.743447599928205360e-02 -4.160365346778370499e-02
6.743447493405489712e-02 -4.160365888327854922e-02
6.743447458542577155e-02 -4.160366065569844063e-02
6.743027143204674556e-02 -4.162614590686096461e-02
6.743027138217284888e-02 -4.162614618812244399e-02
6.743027135229773261e-02 -4.162614635660213946e-02
6.743027130177935147e-02 -4.162614664149875271e-02
6.743027121176216332e-02 -4.162614714914877195e-02
6.743027101052760652e-02 -4.162614828401087902e-02
6.743026988189210202e-02 -4.162615464906316981e-02
6.743026898688302129e-02 -4.162615969669250515e-02
6.743026802967851119e-02 -4.162616509522246849e-02
6.743026694741667548e-02 -4.162617119922847747e-02
6.743026212072393555e-02 -4.162619842414624904e-02
6.743025855500296706e-02 -4.162621853882086942e-02
6.743025712199657296e-02 -4.162622662312820410e-02
6.743025590245330103e-02 -4.162623350342720130e-02
6.743024534643018986e-02 -4.162629306673942819e-02
6.743024528844444865e-02 -4.162629339397562467e-02
6.743024524911661599e-02 -4.162629361591822785e-02
6.743017948897507552e-02 -4.162666505385780730e-02
6.743017756602592838e-02 -4.162667592525363253e-02
6.743017574046328289e-02 -4.162668624659400518e-02
6.743017424231501078e-02 -4.162669471718128539e-02
6.743017267472659060e-02 -4.162670358075060140e-02
6.743016411036455160e-02 -4.162675201255775642e-02
6.743016194560794152e-02 -4.162676425610575132e-02
6.743016002553285648e-02 -4.162677511636619226e-02
6.743015862699375251e-02 -4.162678302708591738e-02
6.743015615388303630e-02 -4.162679701675763705e-02
6.743015531766140269e-02 -4.162680174723165649e-02
6.743015429188238541e-02 -4.162680755016970324e-02
6.743015262902012086e-02 -4.162681695749333860e-02
6.743014877874992097e-02 -4.162683874127021122e-02
6.743013656182536564e-02 -4.162690787621472349e-02
6.743013594704562463e-02 -4.162691135582144430e-02
6.743013578074251446e-02 -4.162691229709442053e-02
6.743013565577268831e-02 -4.162691300442430270e-02
5.095143958589057331e-02 -5.214200169974460980e-02
5.018149686108615976e-02 -5.063723971297667825e-02
4.957907384670059980e-02 -4.939506488925984873e-02
4.933518201321903524e-02 -4.885755927952834671e-02
4.898276032043576839e-02 -4.801713449841817083e-02
4.850144542799966763e-02 -4.658791641160935082e-02
4.922296460988739158e-02 -4.025662035386653320e-02
5.293835240291818595e-02 -2.779980096516936408e-02
5.190198419807057206e-02 -2.303139471556501713e-02
5.108458680550774511e-02 -1.915861417584512408e-02
3.968148997028854430e-02 -2.438431834100132298e-02
3.217592310483361612e-02 -2.410954378850485233e-02
2.727213169621708899e-02 -2.341821808709858635e-02
2.709890236469646857e-02 -2.268089324257957853e-02
2.680327345668300290e-02 -2.168482162544161165e-02
2.642735646833764551e-02 -2.071961679303737508e-02
2.604960955679500034e-02 -1.988820969464834623e-02
2.573668732736518125e-02 -1.927440188090745465e-02
2.542968011894338604e-02 -1.873310508803468361e-02
2.507744941841119277e-02 -1.819064975144539520e-02
2.223806711736369887e-02 -1.859025040394803388e-02
1.631863942101001094e-02 -1.893280681732831608e-02
1.126849597784906551e-02 -1.435920133585305396e-02
6.392207527531919634e-03 -6.919798241478787061e-03
2.321792499293719256e-03 -1.957685913993601097e-03
