-2.041563497488288123e-03 -6.004338215023509971e-04
-3.193981858056639447e-03 -1.236673800592693467e-03
-3.416437663199738215e-03 -1.350832227417359845e-03
-5.188002657091649907e-03 -1.867018394237679631e-03
-2.874084356230078435e-02 7.636530670435881171e-04
-2.881307859836359717e-02 7.399833534191353670e-04
-2.897210654957234691e-02 6.885912754569700669e-04
-4.067597422828531095e-02 4.969234557061540450e-04
-4.180726757239043578e-02 5.781812070027817635e-05
-4.222887920293547787e-02 -1.125205808640038826e-04
-4.415174668780321582e-02 -9.153182641307267648e-04
-4.765705567851916125e-02 -2.224525626741032103e-03
-5.214877057751904355e-02 -2.196170145606105625e-03
-5.982119055091589255e-02 9.692595094691603113e-04
-6.154777380186643443e-02 5.246447731148979471e-04
-6.290312575860285138e-02 -1.744601187331928807e-04
-6.314097751341161968e-02 -2.840206273186627359e-04
-6.368636517553967480e-02 -5.113719403604951403e-04
-7.589374999122665277e-02 -9.727032694851524015e-04
-7.774825882344410521e-02 -1.711955591801371176e-03
-7.839037095776854591e-02 -1.965916388310823444e-03
-8.046671161838857278e-02 -2.742425791096014809e-03
-9.086679083106992405e-02 -2.566174546390540944e-03
-9.115642652382061062e-02 -2.668964610843332745e-03
-9.155681726066489112e-02 -2.814849187503588521e-03
-9.317098564213835421e-02 -3.420893061209291045e-03
-9.405965000210034233e-02 -3.749917353034245681e-03
-9.433780692486534725e-02 -3.850336750599994695e-03
-9.657713705382792169e-02 -4.602379896044465381e-03
-1.013043204136058056e-01 -6.882016424496492993e-03
-1.015345242297090861e-01 -7.329362482026664967e-03
-1.019026412046947494e-01 -8.266212710412525894e-03
-1.054358501035298351e-01 -1.148444264246407248e-02
-1.089943071388855822e-01 -1.277772244777389786e-02
-1.132591846215567910e-01 -1.125128337014072791e-02
-1.152213107832661121e-01 -1.317472638423140482e-02
-1.181775550788431439e-01 -1.600804173866784974e-02
-1.206898619213221113e-01 -1.673735790533442680e-02
-1.231252156444642004e-01 -1.869773606914830466e-02
-1.251937621095512987e-01 -2.268555117198791868e-02
-1.265869894977285914e-01 -2.588309380384925737e-02
-1.334726185167586787e-01 -2.934743000263034807e-02
-1.353844274496838751e-01 -3.249090376901186961e-02
-1.363292679238762573e-01 -3.468786888606806978e-02
-1.398434740256409292e-01 -3.858838821976703914e-02
-1.452002448743803520e-01 -4.240449115283703718e-02
-1.504790692641328198e-01 -5.277975641232725973e-02
-1.544956955791046693e-01 -6.124736131170532838e-02
-1.554584590710008651e-01 -6.324909428279379409e-02
-1.562927504937873524e-01 -6.499498246502594112e-02
-1.568795204893642936e-01 -6.624190720230417606e-02
-1.576534293300545508e-01 -6.793606170023878954e-02
-1.584255227935831012e-01 -6.975060346151977508e-02
-1.578087608375196571e-01 -7.421642190624372359e-02
-1.574554882157337965e-01 -7.855266376891444080e-02
-1.583043047821380001e-01 -8.065529148707001328e-02
-1.589063514996691406e-01 -8.191159446928322763e-02
-1.590276218520031426e-01 -8.215828368518665603e-02
-1.601020729139679688e-01 -8.439801730233954802e-02
-1.573959134606052745e-01 -1.014672251945539366e-01
-1.574307133267351666e-01 -1.015329617766207726e-01
-1.574627486882317351e-01 -1.015935291955710612e-01
-1.575025211174107265e-01 -1.016690622470475813e-01
-1.575042941309053035e-01 -1.016724429314013328e-01
-1.575049774349508713e-01 -1.016737461888784222e-01
-1.575076022331109993e-01 -1.016787543936309018e-01
-1.449769018239344676e-01 -1.315903866369753372e-01
-1.449769009638476880e-01 -1.315903895838798077e-01
-1.449769000340020431e-01 -1.315903927697995024e-01
-1.449768986999541986e-01 -1.315903973406346850e-01
-1.449768967845410095e-01 -1.315904039034006545e-01
-1.449768947392408303e-01 -1.315904109112031317e-01
-1.449768937137910774e-01 -1.315904144246990148e-01
-1.449768926653385859e-01 -1.315904180170104076e-01
-1.449768644503066917e-01 -1.315905146907120071e-01
-1.449768210028495319e-01 -1.315906635577131500e-01
-1.449767973694375267e-01 -1.315907445355880001e-01
-1.449739413090358198e-01 -1.316005362716884952e-01
-1.437619790652253648e-01 -1.362063288979384612e-01
-1.419112407219823291e-01 -1.388863532479663321e-01
-1.358195133728754278e-01 -1.418947233848004141e-01
-1.250628878293764124e-01 -1.525185665396860679e-01
-1.122045784728102763e-01 -1.642750300947802833e-01
-9.105690594321561027e-02 -1.742657831500774857e-01
-6.801091755300862907e-02 -1.829190970129309923e-01
-6.089402366330327887e-02 -1.830482761180209639e-01
-5.906763336502868222e-02 -1.840012873301225538e-01
-5.778373335008717832e-02 -1.846835785496320770e-01
-5.610542827532003646e-02 -1.855652793874307538e-01
-5.357805764622981803e-02 -1.868397937790989838e-01
-4.403741384167059181e-02 -1.849258422662327372e-01
-3.479037286392646505e-02 -1.847676997055836545e-01
-3.341516775587833471e-02 -1.854439564034908450e-01
-3.227852220864705496e-02 -1.860165786285218892e-01
-3.204976547751284960e-02 -1.861303219575024814e-01
-2.914879615316733411e-02 -1.871136446633707429e-01
-2.388379403028227307e-02 -1.852413582131356984e-01
-2.112871387589494721e-02 -1.858770797067578473e-01
-1.969196245774760753e-02 -1.865717848018047242e-01
-1.814610343183336097e-02 -1.868713983227349995e-01
-1.652193669640875454e-02 -1.864234211644721639e-01
-1.481113530446146603e-02 -1.856718151051722498e-01
-1.303176581713245269e-02 -1.850379644968483950e-01
-8.888057010348849804e-03 -1.862979968798119945e-01
-6.659346056707454720e-03 -1.849157103447577888e-01
-4.463348553952133091e-03 -1.820858876572860607e-01
-1.129781477811488350e-03 -1.808749461176924478e-01
2.408941657279747937e-03 -1.805946878374928566e-01
3.552610323815034131e-03 -1.816492757976728711e-01
5.205702970917803173e-03 -1.821685668300452587e-01
9.872533787156554524e-03 -1.807044831774140270e-01
1.401706880762676639e-02 -1.792262989055714850e-01
1.706132756170374368e-02 -1.781663329547420460e-01
2.166427369237893322e-02 -1.765858531230508066e-01
2.660764742837715136e-02 -1.747135909540791787e-01
2.968312352189819356e-02 -1.731871357354532459e-01
3.222433416472966078e-02 -1.654467820892049079e-01
3.281216027980206340e-02 -1.652365745861364976e-01
3.332117257883057682e-02 -1.650379999742384585e-01
3.479144675534677489e-02 -1.645584671549586986e-01
3.620263751964325483e-02 -1.644816889570683560e-01
3.937584729429943059e-02 -1.661481400865349733e-01
4.357279902959671630e-02 -1.592696121354424121e-01
5.053569225379081487e-02 -1.550432155291004421e-01
5.292361161392698798e-02 -1.544778948248671790e-01
5.907409693674101070e-02 -1.502431404862253350e-01
6.961486447277771827e-02 -1.273822140975283956e-01
7.594791957699451035e-02 -1.169657030764007372e-01
7.882184244592353728e-02 -1.158152916886469874e-01
7.984556729035675871e-02 -1.155647128392215117e-01
8.024857725762692129e-02 -1.153934082526344718e-01
8.049926806980331473e-02 -1.152479490689964914e-01
8.093338150391131414e-02 -1.148105250693874368e-01
7.924732791497128559e-02 -1.101924989420059731e-01
8.119692982431019057e-02 -1.075732682230596815e-01
8.436947436803385325e-02 -1.054984061261535905e-01
8.157279004442621884e-02 -1.043922719586115044e-01
7.992354432698747790e-02 -1.012468014469444511e-01
7.927207544385124482e-02 -9.641448373616962053e-02
8.137038256179940365e-02 -9.159873375914986959e-02
8.274897673525240249e-02 -8.884570741448938325e-02
8.395409519656227282e-02 -8.624347605522592053e-02
8.480009541840463627e-02 -8.435978348065240051e-02
8.611135238124256741e-02 -8.170111175909110235e-02
8.838326399225990282e-02 -7.932289213858376153e-02
8.999291224527947164e-02 -7.873240530675287840e-02
9.147191705801957506e-02 -7.821403614633336276e-02
9.190037929873726141e-02 -7.804575519221697288e-02
9.219130758830285099e-02 -7.792122494220837803e-02
9.277576596296932543e-02 -7.761554903250192372e-02
9.303311185523424620e-02 -7.739781697139096195e-02
9.309511219109488367e-02 -7.721098016840287348e-02
9.255297654418817577e-02 -7.682876448223002752e-02
7.929879127557708240e-02 -7.856703363366206172e-02
7.922233425490148029e-02 -7.837819317653792195e-02
7.920702950112257223e-02 -7.834024170601271153e-02
7.917075030121351054e-02 -7.824980203480517982e-02
7.898195218090714453e-02 -7.775350108823790574e-02
7.867482113674627298e-02 -7.646105512857002962e-02
7.881523829856500185e-02 -7.452678456002427565e-02
8.010444466479493819e-02 -7.158538854952996300e-02
8.197725035942893257e-02 -6.738031917270963234e-02
8.864249166998115770e-02 -6.424620658547380847e-02
8.172849695554554317e-02 -5.551517461546310456e-02
7.562483596338609448e-02 -4.663662208369134116e-02
7.568443953699773019e-02 -4.632626025769576161e-02
7.574019083953761888e-02 -4.616715770817352016e-02
7.583429134526367688e-02 -4.596597981728384880e-02
7.596326295274763440e-02 -4.574619477333025791e-02
7.617698484822586769e-02 -4.543549674171879632e-02
7.715223151606886987e-02 -4.389471487124033122e-02
6.955119714231121353e-02 -4.419327066063719750e-02
6.929034930630448286e-02 -4.403056642306681090e-02
6.887185456991744281e-02 -4.380945727112424415e-02
6.823938780383653757e-02 -4.356274039691680061e-02
6.660428977573841502e-02 -4.222624708350274786e-02
6.541006187360186297e-02 -3.914639918813624109e-02
6.489738695479403685e-02 -3.783228891711286346e-02
6.152002172369655519e-02 -3.484596362082279658e-02
4.430028976917143452e-02 -2.673782141785455840e-02
3.398130017529595731e-02 -2.117552696191437808e-02
3.220842365808036095e-02 -1.831406121577164661e-02
3.089462051386822339e-02 -1.502130321481586969e-02
2.722866460109959336e-02 -1.292924601648763605e-02
2.206505501034669234e-02 -1.431999109683335797e-02
1.846356075421781706e-02 -1.432744702184251921e-02
1.627426080015588472e-02 -1.334922598544947304e-02
1.538555250142065005e-02 -1.232829240807275725e-02
1.497445713832489499e-02 -1.121871308120213524e-02
1.465705075579728199e-02 -1.012568512853079250e-02
1.438162730929893642e-02 -9.221738180649587460e-03
1.409603621835521167e-02 -8.445387143994415730e-03
1.374397614908873591e-02 -7.742335986790413634e-03
1.314907650111264356e-02 -7.052225925117871705e-03
1.143502006531731466e-02 -6.869296659303427387e-03
6.320414214802479516e-03 -8.519503440188560400e-03
3.870885203510492003e-03 -7.337500463607016764e-03
2.248198536342110778e-03 -5.943902711144853981e-03
9.369114227550961365e-04 -2.652758753708294847e-03
