-1.755195492560824352e-03 -1.038987022115512443e-03
-2.921091078825440324e-03 -2.030247716948882421e-03
-3.672304086202377634e-03 -2.538315141285015127e-03
-5.111849560311960798e-03 -3.062549568065297406e-03
-2.147995452652717158e-02 -1.880850355821796823e-03
-2.196071162256144418e-02 -2.298573108582938583e-03
-2.283887316734314540e-02 -2.906750097364337558e-03
-2.887590524587139648e-02 -3.129354097387186413e-03
-3.214826134546311387e-02 -4.837077305784066861e-03
-3.457282036109354112e-02 -6.387459746606450120e-03
-3.876003833615180444e-02 -9.148008309868076518e-03
-4.677739474439550349e-02 -1.433050695685209215e-02
-5.174067225433214706e-02 -1.725686275898466460e-02
-5.532243396675214087e-02 -1.716298624150401977e-02
-5.840650694024522582e-02 -1.787945690024008577e-02
-6.047675688227059643e-02 -1.920945532575847256e-02
-6.117738628992314825e-02 -1.967993106805958348e-02
-6.210519679966149120e-02 -2.039055614212932632e-02
-6.298901087086074269e-02 -2.165015402452083459e-02
-6.318531200007100612e-02 -2.358006049745643706e-02
-6.384944530242184224e-02 -2.520482676175375691e-02
-6.639291360851737323e-02 -2.706676082376233833e-02
-6.933018943422426805e-02 -2.927985491764771922e-02
-6.974707950550614044e-02 -3.124988094952376588e-02
-7.025879158996950480e-02 -3.313482638597285701e-02
-7.223559411793877005e-02 -3.479871085826675287e-02
-7.382943782449905012e-02 -3.590224958977818875e-02
-7.509831135223660192e-02 -3.674380676586735950e-02
-7.733916737080415160e-02 -3.817451657616015986e-02
-8.160966580938623649e-02 -4.137975795356310660e-02
-8.238017785364268319e-02 -4.415003650044343336e-02
-8.261005273404216365e-02 -4.656351152808403671e-02
-8.859986585812659743e-02 -5.337941310047946558e-02
-8.719246009061352998e-02 -6.067012172139851778e-02
-8.775067395196700648e-02 -6.106050108661367770e-02
-8.842293260504059671e-02 -6.144743461780482335e-02
-8.946967979943212801e-02 -6.193355375847069133e-02
-9.029560122155923241e-02 -6.234792292042634632e-02
-9.117575270523951836e-02 -6.326162475059179946e-02
-9.214023870861956511e-02 -6.826080523623655194e-02
-9.368885912115726411e-02 -7.245463749229041905e-02
-9.831330223336938456e-02 -7.514558260188894390e-02
-9.939147842338026673e-02 -7.872431078643135627e-02
-1.001076084746039263e-01 -8.201481553746262088e-02
-1.008000897665295159e-01 -8.545129432129874858e-02
-1.018544224907546175e-01 -9.069387997771130583e-02
-1.058929676818403248e-01 -1.112084723654805235e-01
-1.046255205193320215e-01 -1.262313175277683108e-01
-1.052345131532962802e-01 -1.293337990561918005e-01
-1.055477367662749077e-01 -1.322105411460045565e-01
-1.026789414100175019e-01 -1.377171429161425931e-01
-1.027456867103849203e-01 -1.402827809906617429e-01
-1.030297611627861154e-01 -1.417017260140062962e-01
-9.840300957411909910e-02 -1.506711772004238892e-01
-9.273263081383986695e-02 -1.598209094372034511e-01
-9.258798124141721930e-02 -1.609540284307604541e-01
-9.262408691211145018e-02 -1.612571896069887323e-01
-9.269180320386777305e-02 -1.616264558575881971e-01
-9.284576069840728973e-02 -1.623193104589191749e-01
-9.303390282249238141e-02 -1.632039707490942904e-01
-9.307156595890450634e-02 -1.634450747774112422e-01
-9.309416788761810946e-02 -1.636668721748225641e-01
-8.732221278799645603e-02 -1.820865049149356096e-01
-8.791596834919374048e-02 -1.849347698248002270e-01
-8.806216015959966725e-02 -1.855971156032619196e-01
-8.849654261861848725e-02 -1.875304834966226020e-01
-8.657459575389962747e-02 -2.003757773162902489e-01
-8.655517965823070203e-02 -2.006994778231743493e-01
-8.655563420248420237e-02 -2.008924854553399697e-01
-8.681555380550512457e-02 -2.025488086323597448e-01
-8.719898493458595745e-02 -2.039493389031482307e-01
-8.668694682335251200e-02 -2.058829344541217576e-01
-8.600900321180103558e-02 -2.068093753087901776e-01
-8.508377864699982751e-02 -2.080393175979642351e-01
-8.414510937449801165e-02 -2.097160256013579360e-01
-8.346289048127208954e-02 -2.169147616560581360e-01
-8.301205631567216969e-02 -2.174932295259414117e-01
-8.249516057572617300e-02 -2.181963121499324865e-01
-8.172255998695157619e-02 -2.194905535014642362e-01
-8.124588191474338417e-02 -2.211353163618484663e-01
-8.170535852079051364e-02 -2.235825937218647308e-01
-8.190520664697061026e-02 -2.252955693760829436e-01
-7.983271777441172667e-02 -2.259010897747264213e-01
-7.504824639996855729e-02 -2.266653638659102410e-01
-6.925109260824741098e-02 -2.283846081367064129e-01
-6.593686754273483941e-02 -2.312782553497823856e-01
-6.361137389198365244e-02 -2.350958331239329790e-01
-6.079702095125402023e-02 -2.405275153754592721e-01
-6.139899662133586206e-02 -2.438468091807846627e-01
-6.067153945879357607e-02 -2.444823424013453927e-01
-5.891469000946100015e-02 -2.446685225197787195e-01
-5.645889878940354989e-02 -2.461401863197882622e-01
-5.400435249061113357e-02 -2.499380516453080514e-01
-5.173283916563983786e-02 -2.534045938694525213e-01
-5.007591877691108806e-02 -2.554756073255157189e-01
-4.686379130085437106e-02 -2.571862206803042228e-01
-3.690233625721327237e-02 -2.560455396525500582e-01
-3.249750182156887351e-02 -2.551546785191484146e-01
-3.092588717146580596e-02 -2.555586706639933481e-01
-2.929997694980092382e-02 -2.558968104096701057e-01
-2.784870341397912771e-02 -2.561442657704708914e-01
-2.689410493501778743e-02 -2.563800757678065256e-01
-2.505522589686149174e-02 -2.576335288556980685e-01
-1.509488778624533921e-02 -2.639706997556109935e-01
-1.279045750415956986e-02 -2.638776172088191929e-01
-1.017091375636306610e-02 -2.626969611877249533e-01
-4.352025498553026804e-03 -2.589374991396526937e-01
6.233839647573044583e-05 -2.570689059873979554e-01
9.961636880677217191e-04 -2.575995695309477029e-01
2.073060509798546960e-03 -2.578603199297705983e-01
4.062803137487279621e-03 -2.574187464876211973e-01
5.945373438665317069e-03 -2.563294057710159835e-01
7.606647232533131006e-03 -2.551451634838930449e-01
1.019329286385397410e-02 -2.544940395947565270e-01
1.321250995166502358e-02 -2.551117522060643572e-01
1.428579272340835780e-02 -2.547828394213005887e-01
1.509392480312806741e-02 -2.543868450530451519e-01
1.565202456474937970e-02 -2.540559417693202260e-01
1.664528606882644673e-02 -2.533767754952088169e-01
1.834550776150160531e-02 -2.521148958759628633e-01
2.017534223048954647e-02 -2.517410974259827183e-01
2.240407802774830801e-02 -2.524471633284794958e-01
2.445212083380730525e-02 -2.485847662022714066e-01
2.730232670608473758e-02 -2.463564500584464467e-01
2.838305009983181984e-02 -2.456987360093120243e-01
3.081498378610309646e-02 -2.442030646590677700e-01
3.594324255179179306e-02 -2.403555432597095087e-01
3.890826475492440567e-02 -2.348896780534034667e-01
4.071377199924400975e-02 -2.337598024191663293e-01
4.167266681415477542e-02 -2.330589957347344865e-01
4.218045677099611229e-02 -2.326171019995740830e-01
4.243679310742520111e-02 -2.323528346312059012e-01
4.302942738275643969e-02 -2.313929043182037237e-01
4.362753838039280796e-02 -2.281239840209687009e-01
4.869260719533285986e-02 -2.241327520212355595e-01
5.026809627523252250e-02 -2.201865184084920712e-01
5.088449040124202322e-02 -2.174720890022683872e-01
5.133148719855153141e-02 -2.151909027103642569e-01
5.253764595656348901e-02 -2.086211676216917221e-01
5.411601692739657909e-02 -2.022949780270391906e-01
5.700290806643568131e-02 -1.991165751173390730e-01
5.980699490444023325e-02 -1.971227699532084321e-01
6.022825685784463645e-02 -1.962659738618752481e-01
6.034678128302450179e-02 -1.953674470742290947e-01
6.051793337041354998e-02 -1.945591224524232665e-01
6.060950208061882671e-02 -1.942659927918302942e-01
6.073979271779906403e-02 -1.937902462799723502e-01
5.756277670401920704e-02 -1.870348923067363389e-01
6.004539232513132763e-02 -1.851976174722697599e-01
6.253087530885133305e-02 -1.833400109890283569e-01
6.339120745671175672e-02 -1.810093397083926692e-01
6.367247285744991048e-02 -1.782667671834416157e-01
6.276259382470263104e-02 -1.768167518138490657e-01
6.172018551018083887e-02 -1.755106276785025621e-01
6.581428538834210862e-02 -1.693632858791238871e-01
6.625583905141139984e-02 -1.681171904767058967e-01
6.643567227034255507e-02 -1.673161287138681397e-01
6.709280187604478585e-02 -1.635931961624832731e-01
6.792591392007678308e-02 -1.535903176954517280e-01
6.522955466825716697e-02 -1.497414678575770541e-01
6.656010697418196509e-02 -1.426215264757172141e-01
6.816543381192663453e-02 -1.352000503868773518e-01
7.055275752993457605e-02 -1.245910327746796858e-01
7.506567812749810609e-02 -1.038732992436212088e-01
7.743596774206867872e-02 -8.966642866694912728e-02
7.780030413171119819e-02 -8.496727345834732825e-02
7.751789662305860751e-02 -8.147826010017557297e-02
7.249463993053442690e-02 -7.269624435380886429e-02
7.537073056021670325e-02 -7.154738395417377383e-02
7.557667641891821497e-02 -6.767143701194090755e-02
6.865089731992889133e-02 -5.638493915903863146e-02
6.206788455170288848e-02 -4.652469434316138658e-02
5.949322047449259743e-02 -3.996321284717719441e-02
5.896509609717920375e-02 -3.685405471980143788e-02
5.684690646874435149e-02 -3.628314182114222852e-02
5.266494142981979765e-02 -3.563175293730363319e-02
5.025571763053047342e-02 -3.419256128721923776e-02
4.988503780021428385e-02 -3.369683423247427090e-02
4.940356077629157183e-02 -3.298366767362139601e-02
4.847515188388155233e-02 -3.155662108518825920e-02
4.732954382522566728e-02 -2.942442306172331559e-02
4.791054292896898548e-02 -2.632801908370672322e-02
4.750344633765760799e-02 -2.478127568648832296e-02
4.495887670903300076e-02 -2.414438786853412983e-02
4.411121568773709867e-02 -2.393949927039475817e-02
4.347329232751602490e-02 -2.362511160411337810e-02
4.264048115742633677e-02 -2.274519222176948213e-02
4.185414041995173112e-02 -2.138136403526387508e-02
4.086989131619300775e-02 -1.955907108696874550e-02
3.723878111158986093e-02 -1.763577837234836174e-02
2.940647020850176846e-02 -1.480680662609546415e-02
2.876260938570916401e-02 -1.341871518143791450e-02
2.806434560322681321e-02 -1.224145671831022505e-02
2.694394190610203618e-02 -1.100370984385791277e-02
2.517523794490167041e-02 -1.015706648770462080e-02
2.253582035933844596e-02 -9.700320298903636340e-03
1.963830958607972604e-02 -5.333071207815129680e-03
1.619718475297301716e-02 -3.586923322157828300e-03
7.337658155270773176e-03 -1.563494348909948801e-03
