-1.083696823723100458e-03 -1.084839034183933447e-03
-1.903013080034898687e-03 -2.188279945218529754e-03
-2.349812131249296322e-03 -2.738698691406703505e-03
-4.034616146241653753e-03 -3.934302634629899612e-03
-1.089447989748831488e-02 -5.814511814002795362e-03
-1.073593478514674182e-02 -6.947545094643232770e-03
-1.077545873128948548e-02 -8.021326988360596988e-03
-1.129175410371596050e-02 -8.899423914162703925e-03
-1.195760834081252208e-02 -9.729360575607517644e-03
-1.245242561184239406e-02 -1.041004195351640481e-02
-1.310779849715675363e-02 -1.136522507430564981e-02
-3.288624353216413471e-02 -1.259277983303893657e-02
-3.981013104175774864e-02 -1.798482483427582893e-02
-4.372328242621262295e-02 -1.825566045012189109e-02
-4.893450814668246635e-02 -1.871357505995228585e-02
-5.127056415707165887e-02 -2.053735363247866791e-02
-5.105488696813213767e-02 -2.202563175464658865e-02
-5.177856147955689492e-02 -2.348081041870242469e-02
-5.349293222511160295e-02 -2.527270198689444969e-02
-5.449939447145506211e-02 -2.678655068852331400e-02
-5.447520454101421883e-02 -2.815076669378792709e-02
-5.436415309398801021e-02 -2.887449580550581485e-02
-5.436882363932903778e-02 -2.922844157999067438e-02
-5.446552543794842827e-02 -2.974831252128517720e-02
-5.464887069360725713e-02 -3.029257198552746250e-02
-5.480991223152164443e-02 -3.068143976005534290e-02
-5.489983473308428230e-02 -3.088665176345614313e-02
-5.501671536210882979e-02 -3.114974390206065244e-02
-8.770644266327781713e-02 -2.432907507922384832e-02
-9.123382846373910560e-02 -2.856596764271845251e-02
-9.153960499894006619e-02 -2.894002392522750100e-02
-9.322107885301919583e-02 -3.099036603521033301e-02
-9.818334624622764017e-02 -3.654609428312150660e-02
-1.029221694860063679e-01 -3.766713906400924461e-02
-1.048512428852965278e-01 -3.759567161028879584e-02
-1.078349399206898346e-01 -3.940962148438069412e-02
-1.119629452985727441e-01 -4.197515748005896385e-02
-1.176219279248717081e-01 -4.239339244872843138e-02
-1.225709220796453447e-01 -4.438087498652534824e-02
-1.230360382138352970e-01 -4.499288739794423536e-02
-1.235085919645547842e-01 -4.563276937934088867e-02
-1.266861843215979222e-01 -4.688918095948256537e-02
-1.279051761283837851e-01 -4.770518111795822580e-02
-1.280369323995716180e-01 -4.814734463040930973e-02
-1.281225894290986822e-01 -4.863382458066587560e-02
-1.281645937348241671e-01 -4.902526987390391083e-02
-1.262833648832603350e-01 -6.180601363463898018e-02
-1.162738637308896317e-01 -7.774936082560182649e-02
-1.173898499587174293e-01 -7.907029835011041008e-02
-1.179770724144732913e-01 -7.967843929088130883e-02
-1.186028432618775608e-01 -8.032285140982103888e-02
-1.193510026034413918e-01 -8.114062609984146190e-02
-1.201651406853277981e-01 -8.222226193430361152e-02
-9.729707705738484258e-02 -1.092980059559487682e-01
-9.735066642615006205e-02 -1.147796094604533607e-01
-9.817640234054667014e-02 -1.176775459460882717e-01
-9.856979010427630028e-02 -1.180467946408501195e-01
-9.887730514174118690e-02 -1.182597705333138516e-01
-9.984231185677244769e-02 -1.191369144022302734e-01
-1.000710008227890524e-01 -1.252615410168734511e-01
-9.997089882271868733e-02 -1.264635148786822094e-01
-9.994969592633046185e-02 -1.267219831118648610e-01
-9.517556498661054742e-02 -1.409361381223153964e-01
-9.517477173148075620e-02 -1.409919997838132988e-01
-9.517462816310351403e-02 -1.409992852852672285e-01
-9.517456599973128650e-02 -1.410022946281361267e-01
-9.517450206702568472e-02 -1.410053075946014756e-01
-9.517435399427708054e-02 -1.410119971774373981e-01
-9.517424680100931844e-02 -1.410166147077235310e-01
-9.053608846248763220e-02 -1.529580386130141301e-01
-8.564484666829351445e-02 -1.681052571648399829e-01
-7.953351682383753840e-02 -1.907029076385346744e-01
-7.526681521770407779e-02 -1.947741363149420868e-01
-6.760905047491695685e-02 -1.968299183230060312e-01
-6.464306830756304245e-02 -1.972468934641662952e-01
-6.296412570728618374e-02 -1.983588454311746019e-01
-6.106341936783251517e-02 -1.998730744448150576e-01
-5.913433612475681167e-02 -2.014084622939708302e-01
-5.633609831432281889e-02 -2.071559995988799530e-01
-5.264996282496985786e-02 -2.112845527155051417e-01
-5.224719217539526561e-02 -2.146355219950559501e-01
-5.158583946469130072e-02 -2.181636589046304642e-01
-4.985652314434872723e-02 -2.203013312890732545e-01
-4.782386703891862434e-02 -2.217349975012028185e-01
-4.576418304356874578e-02 -2.229206181449388535e-01
-4.390718439983024024e-02 -2.254808006099488227e-01
-4.297592155008708725e-02 -2.324517113262996038e-01
-4.272632580922723633e-02 -2.481917747240311722e-01
-4.526256163460358473e-02 -2.582315307670259852e-01
-4.471826407409111581e-02 -2.591118625703098810e-01
-4.298385898862019244e-02 -2.590991683862114980e-01
-4.076186901732983814e-02 -2.594461955215882076e-01
-3.998513340884677497e-02 -2.601157118414736957e-01
-2.116212942317746704e-02 -2.575328250807768504e-01
-2.888304254030602935e-03 -2.562636956130697197e-01
1.984673574024312798e-02 -2.409343505481113257e-01
2.122394559119502797e-02 -2.393357667259485844e-01
2.122398306670425505e-02 -2.393357254716405313e-01
2.122401389343366723e-02 -2.393356915365782156e-01
2.122403794127733154e-02 -2.393356650639605065e-01
2.122405522460138819e-02 -2.393356460379522932e-01
2.122406702668200307e-02 -2.393356330458705494e-01
2.122407583748585694e-02 -2.393356233466791272e-01
2.122408496589727259e-02 -2.393356132978594064e-01
2.122409840499217548e-02 -2.393355985037208256e-01
2.122412134680337972e-02 -2.393355732487387200e-01
2.122416190587212911e-02 -2.393355286002447901e-01
2.122427755778460295e-02 -2.393354012879431170e-01
2.122877823051571439e-02 -2.393304472762936841e-01
2.145814074555943418e-02 -2.390789387942252320e-01
2.216167355366616479e-02 -2.383114388932224270e-01
2.474783945987913888e-02 -2.312187516356151995e-01
2.918191052962048129e-02 -2.261663177831977622e-01
3.247845062812682732e-02 -2.233197701381332556e-01
3.507703582022851652e-02 -2.230478974194189112e-01
3.708627649547857619e-02 -2.209916561122838019e-01
3.904312735105627818e-02 -2.193462602667932693e-01
4.075762021685033765e-02 -2.192506088154825561e-01
4.306880118564335863e-02 -2.183657360376706769e-01
4.573160530327969459e-02 -2.154722058648776417e-01
4.807018667266593076e-02 -2.148188183130139706e-01
4.983893705050704975e-02 -2.146834369779717089e-01
5.322726222254133693e-02 -2.145053749987040070e-01
5.599688153445228633e-02 -2.139931109927497299e-01
5.690085355690547436e-02 -2.136461132145788810e-01
5.932065469606839087e-02 -2.119651756803353493e-01
6.333544328022953918e-02 -1.991010208030198902e-01
6.634539181900778182e-02 -1.984534676011473764e-01
6.971156000700115540e-02 -1.953641576554480674e-01
7.122185705385623844e-02 -1.943397894387098868e-01
7.242877384523722928e-02 -1.942603303860262476e-01
7.395839625704610232e-02 -1.942018143735727009e-01
7.447176410178107941e-02 -1.936141648659422398e-01
7.422002712625185017e-02 -1.910842762904613745e-01
7.482834038974199575e-02 -1.895395815869428402e-01
7.531410314171178844e-02 -1.888505527730730549e-01
7.537557041376474753e-02 -1.887716432983908288e-01
7.540555603983545296e-02 -1.887336704667956222e-01
7.648836614154427838e-02 -1.875455849539248987e-01
7.719196237853372111e-02 -1.869509451435920899e-01
8.253249899207580620e-02 -1.846974753562173333e-01
8.331776098202482717e-02 -1.806662026458903669e-01
8.013680798139008465e-02 -1.714451694088328648e-01
8.037718994094535108e-02 -1.676246931685701214e-01
8.162278840121649226e-02 -1.655353984644187260e-01
8.211812698251635956e-02 -1.651632676952686507e-01
8.274620281454792003e-02 -1.645913135319205245e-01
8.293452421040684031e-02 -1.567459099153202806e-01
8.345296428781119602e-02 -1.508053926584589366e-01
8.524191523369688273e-02 -1.489654125460117551e-01
8.600140070852145546e-02 -1.459374488486462618e-01
8.553242533909620471e-02 -1.416927308505850913e-01
8.260922560511152479e-02 -1.382157232819195836e-01
7.923768329425986967e-02 -1.350449402478781924e-01
7.800713855906991900e-02 -1.339187928611615952e-01
7.637838014036629763e-02 -1.324743072004486988e-01
7.452180361242512208e-02 -1.309540909826724109e-01
6.898965227169079339e-02 -1.298835564017694344e-01
6.494037675225931838e-02 -1.169618871313179570e-01
6.053071217429370487e-02 -1.098926270999213278e-01
6.038455261880180253e-02 -1.046665840970535666e-01
6.039960885035160210e-02 -1.013307562758750807e-01
6.183644508702237919e-02 -9.880842747436495432e-02
5.898174890356495254e-02 -8.828012927126614728e-02
5.873578971340746857e-02 -8.176296912866114208e-02
5.872067550890227444e-02 -8.058751358196319936e-02
5.877918143077220242e-02 -7.912899433092920876e-02
5.908217943415866591e-02 -7.776684317254212164e-02
6.076628969049717444e-02 -7.582803915245964199e-02
6.179430890086432676e-02 -7.305149735892516039e-02
6.166783490630275283e-02 -7.228494457253126226e-02
6.169593586515736278e-02 -7.105690269157546868e-02
6.424197695182275181e-02 -6.582721973052220454e-02
6.365868297399041031e-02 -6.541975436962124690e-02
6.331161865611266426e-02 -6.518138142664306467e-02
6.195275906592458831e-02 -6.385476070231621559e-02
6.092867324667668866e-02 -6.067561179519432440e-02
6.053093186944076554e-02 -5.751104942367564477e-02
6.035202907574634817e-02 -5.518847584866624217e-02
6.024342514907367330e-02 -5.221712324038677716e-02
6.289735979747908268e-02 -4.546556453401470049e-02
6.279982745942401523e-02 -3.499155161099480604e-02
6.203853540666976613e-02 -2.897413139981289132e-02
5.869172059244348594e-02 -2.604002978811329264e-02
4.607101852788247215e-02 -3.058895124210296579e-02
3.819902491480072632e-02 -3.073501255982740571e-02
3.350001489514648628e-02 -2.886711962838680451e-02
3.123370180157858736e-02 -2.725446482901193457e-02
2.969943034272314042e-02 -2.597835691394259974e-02
2.720280174020411543e-02 -2.365817866835049146e-02
2.464601777512401282e-02 -2.081213137360912388e-02
2.401638353047530483e-02 -1.826707702484907034e-02
2.255065878473948987e-02 -1.586788780118709996e-02
1.976405187311806172e-02 -1.308010092569239675e-02
1.682900217026996742e-02 -1.009011066428898776e-02
1.289403293860615606e-02 -1.028621331392955661e-02
1.037860561620240936e-02 -9.262356607649551571e-03
8.849139201526029161e-03 -8.082303553450813707e-03
6.931058580289656094e-03 -5.989102269419141998e-03
