-1.612952112892689516e-03 -1.427275838927827148e-03
-2.837393370513387018e-03 -2.806232541000142338e-03
-3.632913301075052677e-03 -3.599623405414683740e-03
-5.294664082414714083e-03 -4.423269161646477092e-03
-1.120185478478299967e-02 -6.193885097018354824e-03
-1.229325598468260401e-02 -7.271655355016206669e-03
-1.329882686625181130e-02 -8.079169496421076749e-03
-2.035472561859343055e-02 -1.065580480592176471e-02
-2.479671275375586181e-02 -1.456487360809415391e-02
-2.752176721553869707e-02 -1.714119387533200728e-02
-3.179766185586286459e-02 -2.124642472104750629e-02
-3.917586310776392106e-02 -2.815898805778215691e-02
-4.447847186677458126e-02 -3.065973529773460826e-02
-4.795460600276737345e-02 -3.201539763615452588e-02
-5.480128979135049511e-02 -3.871037864287943386e-02
-6.435139984543161717e-02 -4.373575370412851465e-02
-6.613033123174151540e-02 -4.502018070815363288e-02
-6.839190725338292753e-02 -4.707651246020356367e-02
-7.250809880081450498e-02 -5.094397039544981687e-02
-7.433150601090411647e-02 -5.455407919349837542e-02
-7.522032435213715784e-02 -5.769698286773664031e-02
-7.862998721685499071e-02 -6.124715345265339950e-02
-8.226744564168771146e-02 -6.475766168285984614e-02
-8.399180455099165832e-02 -6.772108148255331916e-02
-8.391472190312619650e-02 -7.019114285280307619e-02
-8.442700046161019656e-02 -7.121071084111281480e-02
-8.502689829760094742e-02 -7.189346802914509116e-02
-8.567105020040503838e-02 -7.247059420774674965e-02
-8.702393271517658291e-02 -7.346908718788623671e-02
-8.874747503018766415e-02 -7.615274458783546918e-02
-8.867411601105011643e-02 -7.936782731784951250e-02
-8.855438989697472785e-02 -8.229742899104960929e-02
-9.205998094260421649e-02 -8.732959081253079126e-02
-9.721273717673048487e-02 -8.849632290782118160e-02
-9.815228294838972134e-02 -8.887825453130754338e-02
-1.005146820830219723e-01 -9.074069247795149562e-02
-1.027750960212569648e-01 -9.553075153709043865e-02
-1.030111957996365096e-01 -9.724569362246558712e-02
-1.037917297258425103e-01 -9.846395687031764266e-02
-1.056929082981528795e-01 -1.001604195237326689e-01
-1.070661106580920174e-01 -1.015938833066856728e-01
-1.071167927637185213e-01 -1.025153770488717309e-01
-1.036661936119309541e-01 -1.052081584121934837e-01
-1.046156382578283806e-01 -1.082869456114950030e-01
-1.083970648039882106e-01 -1.115738727850118517e-01
-1.162785010265164204e-01 -1.152665630310684974e-01
-1.172312019927008037e-01 -1.267037381132024298e-01
-1.176685250120977216e-01 -1.354871538219742655e-01
-1.180062684505399084e-01 -1.372602890397368047e-01
-1.183676073082574054e-01 -1.383928810819574085e-01
-1.188295091484021099e-01 -1.392960521106165472e-01
-1.197041199143192847e-01 -1.402612390985520652e-01
-1.211866511241158489e-01 -1.415188072830264043e-01
-1.197482371838111820e-01 -1.451404547645645804e-01
-1.187613416903052499e-01 -1.482883389596709178e-01
-1.200181537883167338e-01 -1.493307934855869490e-01
-1.210345526488057488e-01 -1.500992112103930742e-01
-1.219076976709987797e-01 -1.508931125727792921e-01
-1.226144592399362881e-01 -1.527607070200299177e-01
-1.206641900621026470e-01 -1.629433142895607145e-01
-1.211059364532189320e-01 -1.632543309218958683e-01
-1.213321217698323518e-01 -1.634327271758581890e-01
-1.220750170234806559e-01 -1.646134670948485590e-01
-1.140057495795005482e-01 -1.756367454706479203e-01
-1.139391175405568557e-01 -1.760298678119218141e-01
-1.139353247243139189e-01 -1.765426106665559103e-01
-1.139778684885373317e-01 -1.769220913947353035e-01
-1.140129361865376278e-01 -1.771585130525681617e-01
-1.140454982629827835e-01 -1.773903516665771007e-01
-1.140753278712374058e-01 -1.777270343545546138e-01
-1.140163706116519848e-01 -1.784807293088362667e-01
-1.131139035741016152e-01 -1.802480917476388111e-01
-1.097659244118851934e-01 -1.835209739842959265e-01
-1.051156410781014516e-01 -1.839535659914157406e-01
-1.020011823857421562e-01 -1.871350119312734095e-01
-1.000896367814040622e-01 -1.938493128344604688e-01
-9.839082172198720944e-02 -1.956572900241990154e-01
-9.595807749628156025e-02 -2.019370323688089441e-01
-9.144083798434803068e-02 -2.025185675953165843e-01
-9.008906958516979535e-02 -2.025343276136350457e-01
-8.801283233008935780e-02 -2.027763131629569671e-01
-8.642614294163331046e-02 -2.034880535762443599e-01
-8.431733795663819142e-02 -2.059503777514862521e-01
-8.114251089798964200e-02 -2.074440919700016872e-01
-7.799483222405223515e-02 -2.077642068727426350e-01
-7.645268995391994726e-02 -2.094923148212627928e-01
-7.457450238821494715e-02 -2.114014286695726219e-01
-7.410465566023441419e-02 -2.142155112330294264e-01
-7.407375604159742444e-02 -2.160234927127525073e-01
-7.345907368775192459e-02 -2.165281590385182142e-01
-7.153928858150465642e-02 -2.166485307339700850e-01
-6.912404843537994781e-02 -2.173448261772695511e-01
-6.767967118918007119e-02 -2.189033269890420796e-01
-6.634777809627188938e-02 -2.201200366585841783e-01
-6.524463298568039527e-02 -2.206566901308385509e-01
-5.994253923098011999e-02 -2.215807334752457336e-01
-4.438083814008972339e-02 -2.219749691533961511e-01
-3.567361343100486359e-02 -2.236837795015916841e-01
-3.222549891764707464e-02 -2.269481636651614620e-01
-2.655083659230429369e-02 -2.270106945981992808e-01
-2.091119199047623833e-02 -2.272440608200289591e-01
-1.799407140187390605e-02 -2.256475855001397468e-01
-1.620687938455195320e-02 -2.235393351521662297e-01
-9.536396969840911508e-03 -2.272080688352496047e-01
-7.809372198925622691e-03 -2.274451922835558637e-01
-6.088304583914021413e-03 -2.275878692151572513e-01
8.516274925053892103e-04 -2.276336715258938936e-01
8.614216647809319269e-03 -2.233418106048297436e-01
9.850832510587347046e-03 -2.233697877118528963e-01
1.088024734024120588e-02 -2.234836262597645062e-01
1.236193820322809001e-02 -2.232537279189583390e-01
1.394071837455870475e-02 -2.220458004637839711e-01
1.542237077539935185e-02 -2.202547442373132824e-01
1.814771685003254212e-02 -2.200127699879802778e-01
2.282348473094899730e-02 -2.224582640527686950e-01
2.414056315814924053e-02 -2.206208014923556060e-01
2.605850377360076006e-02 -2.197195434933796043e-01
2.854751157896933192e-02 -2.194702689583132582e-01
3.192080208169160299e-02 -2.194702251568099449e-01
3.599927079765674609e-02 -2.196297339981229946e-01
3.954002823579407661e-02 -2.197194816545268159e-01
4.258855281835981915e-02 -2.195321780405206091e-01
4.637442304206105398e-02 -2.178984590232755092e-01
4.955140000123815086e-02 -2.154404697910233257e-01
5.142827745166320130e-02 -2.154171727634015543e-01
5.355059847906830373e-02 -2.151844715941750863e-01
5.613328011364836223e-02 -2.129335105724107502e-01
5.869766184557309585e-02 -2.109563822825240853e-01
6.119742099045142464e-02 -2.112741465135110075e-01
6.207928588878985215e-02 -2.113727265974642000e-01
5.984159478103355523e-02 -2.050071847262499025e-01
6.021358654755337020e-02 -2.045673228592233550e-01
6.062532313341938150e-02 -2.040421388119601775e-01
6.157425288215881420e-02 -2.031062362862559034e-01
7.440626221500190596e-02 -2.022869867687602519e-01
7.667021251902704504e-02 -1.990607351072692655e-01
7.686875509945380325e-02 -1.984883621921750552e-01
7.718972134981477717e-02 -1.978990069114037187e-01
7.898326871172069163e-02 -1.957144644791594112e-01
8.452637221381756327e-02 -1.904287248514086317e-01
8.988880139593279084e-02 -1.855592259535581157e-01
9.540008161432232681e-02 -1.827041614686414350e-01
9.519132324207246754e-02 -1.806044980762071817e-01
9.809815783994904614e-02 -1.774448178995934877e-01
1.021333638714595482e-01 -1.738459499943084685e-01
1.043094184197541630e-01 -1.720032144796201645e-01
1.071861956409752292e-01 -1.692065701148764700e-01
1.095367425050425697e-01 -1.603235568008029299e-01
1.104890061408283775e-01 -1.528665779160958416e-01
1.128360171728183259e-01 -1.503590153659671302e-01
1.143754543271790769e-01 -1.474856339260742499e-01
1.145521451142478969e-01 -1.442465751861245482e-01
1.146064952065670994e-01 -1.423960562627007986e-01
1.148320532664432736e-01 -1.409514822494293829e-01
1.239699561865488242e-01 -1.303087349028744235e-01
1.243666382290991301e-01 -1.277969211625254731e-01
1.243093015945600649e-01 -1.271854408037740580e-01
1.242333716162876134e-01 -1.265906018474037831e-01
1.240568193842222777e-01 -1.251170724494245767e-01
1.288550132050448882e-01 -1.159510101950365635e-01
1.291001794813955994e-01 -1.108153130816016824e-01
1.292374122470992814e-01 -1.060348326535599517e-01
1.294208332448777699e-01 -1.014512157744899001e-01
1.292505113899942715e-01 -9.087719572460269124e-02
1.253277696959489429e-01 -8.212023736950110897e-02
1.252364174661400598e-01 -8.142208747435772387e-02
1.225493996949204439e-01 -7.782532510736318854e-02
1.208772423848817057e-01 -7.280581949920152118e-02
1.210716255173675260e-01 -7.078826058140595678e-02
1.212193727173511981e-01 -6.823013553327259006e-02
1.166520904893803556e-01 -6.223701942031888146e-02
1.122420163105716656e-01 -5.733572143904362706e-02
1.124106323183046985e-01 -5.357747859999998502e-02
1.125678698530101496e-01 -5.317954434569849981e-02
1.156909082884564066e-01 -4.866870084902420041e-02
1.103231624847730297e-01 -4.585216829558428492e-02
1.080313097434376646e-01 -4.364167604038498433e-02
1.062793158418732092e-01 -4.188260442251490884e-02
1.039057328661270457e-01 -3.943941015399447803e-02
9.849950972358444135e-02 -3.374035653640111709e-02
9.265676007457142316e-02 -2.753579850402021120e-02
8.642295756520292083e-02 -2.101947540800072969e-02
7.728964573649658998e-02 -1.234488521394743951e-02
6.067570967230485890e-02 -2.995541985797403779e-03
5.638861546321896623e-02 -1.514925004076446294e-03
4.982699229026996135e-02 -5.377572904303664671e-03
4.879307850008167413e-02 -4.740974501341116421e-03
4.832694672837341970e-02 -4.163504720993130813e-03
4.791815074287592013e-02 -3.470771207478852774e-03
4.708527803641699566e-02 -2.508524052421304100e-03
4.496617315945657112e-02 -1.681614763472590816e-03
4.413425820550803680e-02 -1.526440325280109056e-03
4.318911024968737772e-02 -1.391987925541213027e-03
4.101636151844737649e-02 -1.177709989866748989e-03
3.489505240653929113e-02 -8.538036235789031245e-04
2.265200327039336090e-02 -1.263005513806865314e-03
1.555507686019257964e-02 -2.405103562418021892e-03
1.339023594272482215e-02 -5.843457100894742032e-04
6.348853163588934721e-03 -1.703211190954758564e-04
