-1.944734072259223174e-03 -6.256649830517881442e-05
-3.045262441159493887e-03 -1.389132214141279207e-04
-3.549283831601568288e-03 -1.730376331644379163e-04
-3.937680218662760467e-03 -1.963380242251800518e-04
-2.331645020755173520e-02 1.037326597327102411e-02
-2.356251733575303806e-02 1.033298493938737683e-02
-2.368990546056513533e-02 1.031288612115145546e-02
-3.137382448656295120e-02 1.380264804838374215e-02
-3.291981770916056760e-02 1.382081909913735612e-02
-3.389998722458329589e-02 1.378727227053802920e-02
-3.571947106072092398e-02 1.368674533156384598e-02
-4.262539251091752163e-02 1.325258737205734123e-02
-4.879596267777276675e-02 1.305877028353046553e-02
-5.581308144084943385e-02 1.564832320392244361e-02
-6.095524362189832374e-02 1.253519964846980077e-02
-6.414563154543266588e-02 9.229941968852160145e-03
-6.602164423062471810e-02 7.196387137802765128e-03
-6.852108616224331095e-02 4.418120832704542679e-03
-7.245497038163210834e-02 -5.576384938800072469e-05
-7.535220937396766572e-02 -3.282006803522894128e-03
-7.725769841752257172e-02 -5.230952050455385180e-03
-8.200172812065407990e-02 -7.301609110909572896e-03
-8.947419618890392612e-02 -1.055947453831059847e-02
-9.084085866790513053e-02 -1.207043711896523160e-02
-9.224178699104818024e-02 -1.358702101265816566e-02
-9.346176748066764572e-02 -1.532661492240679560e-02
-9.395130405222466841e-02 -1.740981088851002029e-02
-9.359845689597923180e-02 -2.032626390100090649e-02
-9.408908226433186639e-02 -2.337692352451292352e-02
-9.583760297219047486e-02 -2.544393187094079120e-02
-9.648648500954297436e-02 -2.630150868073689169e-02
-9.849745321952473043e-02 -2.692962726160345183e-02
-1.114804978650984352e-01 -3.455427272328470689e-02
-1.172150227938758699e-01 -4.051871643065445283e-02
-1.181518330679605100e-01 -4.166163137735691413e-02
-1.213717865282827740e-01 -4.764718041548503952e-02
-1.217823778720884126e-01 -7.016392196228475597e-02
-1.215349560562094255e-01 -7.348342905167995487e-02
-1.214442523239801786e-01 -7.484906531749062342e-02
-1.210789736237230796e-01 -8.442079476212352440e-02
-1.233019516298134305e-01 -9.524617217131073343e-02
-1.269002633378549516e-01 -9.807336272222844098e-02
-1.279423117572286162e-01 -1.004235794008365573e-01
-1.280382160691948268e-01 -1.027632743295373713e-01
-1.279325975728123066e-01 -1.050058812515179268e-01
-1.277218215283216218e-01 -1.080597172519884713e-01
-1.268619054913643629e-01 -1.229497219188771390e-01
-1.230657135298660193e-01 -1.337167302071599340e-01
-1.235680443924441346e-01 -1.346140659903503900e-01
-1.239640712785467225e-01 -1.351443965194467078e-01
-1.242541900834050472e-01 -1.354962432428364338e-01
-1.247383464393561903e-01 -1.360031575584878527e-01
-1.256830617081625967e-01 -1.368007988287970322e-01
-1.232809510218164234e-01 -1.407454649526560519e-01
-1.223528128516115920e-01 -1.440171702832012124e-01
-1.223841747278016090e-01 -1.453172495679553033e-01
-1.223785769081181113e-01 -1.459753684013058439e-01
-1.223622368462967402e-01 -1.464084766494020695e-01
-1.222796873360863373e-01 -1.473374720052906539e-01
-1.180513238469665938e-01 -1.573503048563285323e-01
-1.180552551465799682e-01 -1.574914727316256147e-01
-1.180621709025043709e-01 -1.576889531801637934e-01
-1.145739863638931544e-01 -1.633018483061824955e-01
-1.138331237010046793e-01 -1.653543884601219038e-01
-1.138203224743136871e-01 -1.657471774322341607e-01
-1.138223233279700847e-01 -1.662689217725254742e-01
-1.138443090284001757e-01 -1.671169509846344714e-01
-1.138520776220561526e-01 -1.674579020126026885e-01
-1.138555213815659745e-01 -1.676858535875677125e-01
-1.138529202843113486e-01 -1.684223490990891248e-01
-1.096499715353348586e-01 -1.768957592084877684e-01
-1.092886346832160072e-01 -1.826712606748410184e-01
-1.084759586172085871e-01 -1.834681034550973699e-01
-1.073689958763552471e-01 -1.842597133998273851e-01
-1.066784206214518582e-01 -1.849384384372278756e-01
-1.061927124661228850e-01 -1.854784565790971451e-01
-1.058308768277922002e-01 -1.859659266910663189e-01
-1.053841398286374520e-01 -1.870999683611993814e-01
-1.021698378053479545e-01 -1.965562879200753177e-01
-9.737819326400815045e-02 -2.021456801230566425e-01
-9.681094721621209820e-02 -2.112242739340286224e-01
-9.652112765950431050e-02 -2.195921529292964303e-01
-9.563570251243032339e-02 -2.247223315156229861e-01
-9.474782333871940854e-02 -2.249184830687962766e-01
-9.382123264560149334e-02 -2.256179526364036347e-01
-9.291597764206613319e-02 -2.267811334367436649e-01
-9.211448279001124839e-02 -2.290402125034855518e-01
-9.183663749631124085e-02 -2.339058192971774919e-01
-8.780828385506636580e-02 -2.384123997813168694e-01
-8.374811634167100838e-02 -2.422990782052843184e-01
-7.866323039845614373e-02 -2.469365751680325238e-01
-7.313279121189485144e-02 -2.520249010585632887e-01
-6.868571767800858707e-02 -2.562225730101225785e-01
-6.493490960322770289e-02 -2.597015319120070664e-01
-6.278173538758469174e-02 -2.615706668466913909e-01
-6.041303798947325610e-02 -2.632255487493982971e-01
-5.387763420235598677e-02 -2.632487757879189982e-01
-4.958748787484294068e-02 -2.663916273059562245e-01
-4.612569689583722460e-02 -2.694093949718012193e-01
-4.371686363194258323e-02 -2.704989931198689135e-01
-4.180986601548952047e-02 -2.703865087808413059e-01
-4.038020608506852349e-02 -2.701945001989682349e-01
-3.842929236710991570e-02 -2.702174839724075239e-01
-3.134400400621854821e-02 -2.737007730512518444e-01
-2.903859933268255686e-02 -2.735718572361603429e-01
-2.698919655784764310e-02 -2.734584698383401014e-01
-1.964043247482256949e-02 -2.731349314200240963e-01
-9.672146216578230565e-03 -2.688657248007700340e-01
-7.239188278775238704e-03 -2.688414297623716864e-01
-4.619450648202557373e-03 -2.688672898157681845e-01
-1.066194434645685455e-03 -2.684544011254142437e-01
2.291847924648214400e-03 -2.662956060258308000e-01
5.331307198454849315e-03 -2.627806959031198653e-01
7.867602735931922622e-03 -2.605837939988012164e-01
1.014722392389944688e-02 -2.605484451808882662e-01
1.143700448385246218e-02 -2.605178388112142640e-01
1.276777689727544643e-02 -2.604222881409777868e-01
1.759309110558116354e-02 -2.629697788658541535e-01
2.022613141433355494e-02 -2.623980323191704711e-01
2.218521232800723525e-02 -2.604372923072381663e-01
2.285712368986740628e-02 -2.596792886027803338e-01
2.337925872748499237e-02 -2.590872202837749549e-01
2.592792325240233023e-02 -2.563541259528600569e-01
2.849622352359060598e-02 -2.535246395162503719e-01
2.916612240189915897e-02 -2.523971457814793151e-01
2.969700210281409417e-02 -2.492341229960320648e-01
3.445669586698779652e-02 -2.390941943629004973e-01
3.959862500555547810e-02 -2.364909605326510900e-01
4.486842897951905107e-02 -2.352331436520215258e-01
4.755579533645924728e-02 -2.327712921486378983e-01
4.882851216297112718e-02 -2.313891356077011352e-01
4.999776297950967591e-02 -2.300812583383914367e-01
5.230979294688582054e-02 -2.275442649747561052e-01
5.659045881511208520e-02 -2.229995118241303309e-01
5.838695780308426203e-02 -2.200027203155524302e-01
5.856134690465897297e-02 -2.184989127040816992e-01
5.855116989644826297e-02 -2.172189142259916550e-01
5.843509106685319116e-02 -2.157394402496961849e-01
5.825241734046762015e-02 -2.138105101371082784e-01
6.018335589825903748e-02 -2.111337378710812784e-01
6.177330812352921363e-02 -2.088893959765625863e-01
6.191773167472642420e-02 -2.068581214231864640e-01
6.164033695896464771e-02 -2.035342600712360117e-01
6.211359012698969284e-02 -2.012209018441158681e-01
6.323677709640934674e-02 -1.996406985976464932e-01
6.393889510701344925e-02 -1.992805884072602340e-01
6.486803747756900163e-02 -1.983473627715922338e-01
6.467031868656883398e-02 -1.840332213575687770e-01
6.503259323594683117e-02 -1.734712522005658619e-01
6.846169885697644952e-02 -1.706122822815125395e-01
7.058650510466485395e-02 -1.678744208980862684e-01
6.768134257024918665e-02 -1.619522724037020245e-01
6.723562595110738060e-02 -1.572903063405452495e-01
6.702645674792764852e-02 -1.523336198826047705e-01
6.684679992927847203e-02 -1.449836174790468113e-01
6.617272038612194429e-02 -1.406389842044231397e-01
6.591937174196532689e-02 -1.402713867499230660e-01
6.447350144157593110e-02 -1.388395095995624273e-01
6.245837015462696318e-02 -1.349772056951926147e-01
6.222687143195496096e-02 -1.299651583746086192e-01
6.212286011934484153e-02 -1.256463526535072928e-01
6.203235712339068286e-02 -1.222371064554770709e-01
6.187625308682449116e-02 -1.181383157670561623e-01
5.758999773727183080e-02 -1.035641993929690835e-01
5.320923566150642658e-02 -9.473664560933116319e-02
5.309337575192107916e-02 -9.343897194252144545e-02
5.317346714020893678e-02 -9.250958249142422762e-02
5.363714031146505495e-02 -9.167788272046510645e-02
5.513272880771057094e-02 -9.006664391529677072e-02
5.646585912544503649e-02 -8.839300214247503007e-02
5.123117227675846180e-02 -8.339773298649538757e-02
4.855428795561620575e-02 -7.689515076182398823e-02
4.845552289578488464e-02 -6.939456559162007765e-02
4.824478675649133269e-02 -6.753975040677312469e-02
4.796342184060045644e-02 -6.644658772636030664e-02
4.647530911185541319e-02 -6.428563021953800916e-02
4.441516699520817874e-02 -6.252988373405217459e-02
4.420033788961875293e-02 -6.150269554144787570e-02
4.417631736265557885e-02 -6.035101898705638734e-02
4.414922554433690222e-02 -5.885925531240679409e-02
4.388185310553896490e-02 -5.513878439285820748e-02
4.004170262916702250e-02 -5.033009988258450862e-02
3.840914785950282073e-02 -4.258755178275927533e-02
3.508741297854825469e-02 -3.942045741565358696e-02
3.408338306735878009e-02 -3.862598812971197032e-02
3.326500914202067116e-02 -3.797453214026817042e-02
3.216775423654720523e-02 -3.689513155487898072e-02
3.167739490854708934e-02 -3.418964527739323106e-02
3.137718284147370668e-02 -2.984232591383166946e-02
2.721066667676746639e-02 -2.481890585625837892e-02
2.195124732209908364e-02 -2.012360275518118580e-02
1.932647442947398042e-02 -1.773928275428579907e-02
1.682939819575583751e-02 -1.541470727227871665e-02
1.341136677614864631e-02 -1.226609323442147056e-02
9.301871232047396673e-03 -8.909060406292794443e-03
4.482038577967863494e-03 -7.176824445962766766e-03
1.101790552082972064e-03 -7.546025662994285815e-03
2.506613017712544197e-04 -4.036382977080458893e-03
1.184830868910823390e-04 -2.755896499642345593e-03
