-1.401875047475417821e-03 -5.056243132500594026e-03
-3.979864698024965577e-03 -8.068920106809278694e-03
-4.913914172192410633e-03 -9.612737314156979615e-03
-9.917644286015143626e-03 -1.331268595432208782e-02
-2.057414203309820833e-02 -1.916807245847181387e-02
-2.324613978837041656e-02 -2.271682653234412610e-02
-2.302635034021514870e-02 -2.558394334460670563e-02
-2.457927222296332759e-02 -2.755621607269419931e-02
-2.628835756995979642e-02 -2.956838035658397937e-02
-2.700939865065434681e-02 -3.160487385815000105e-02
-2.868911748032710110e-02 -3.435243788970140238e-02
-3.182161910587054388e-02 -3.777263795619853481e-02
-3.425260515464494115e-02 -3.886437792703414246e-02
-3.557983495275911234e-02 -3.942361154773253024e-02
-3.912225546024711287e-02 -4.195594364951893418e-02
-4.207556878417034046e-02 -4.568479373062121068e-02
-4.310373607540865515e-02 -4.768593422750744271e-02
-4.481473317993113492e-02 -5.044464601039830298e-02
-4.831257189319020789e-02 -5.403987440787674096e-02
-5.195699124359778182e-02 -5.630321695880890348e-02
-5.307319620726038550e-02 -5.684911475724811064e-02
-6.037291442140791525e-02 -5.953884744707070575e-02
-7.827712198237235519e-02 -6.430356623068715638e-02
-7.730199831435739799e-02 -6.695972731754258611e-02
-7.711476431793108655e-02 -6.881437916949238731e-02
-7.763889771443197030e-02 -6.939612409161935447e-02
-7.811623082188329237e-02 -6.975309261488445156e-02
-7.839451019226104100e-02 -6.993152631515826834e-02
-8.101522922464431120e-02 -7.129743011202456515e-02
-8.366028871092270891e-02 -7.255608548693333326e-02
-8.414654155802278601e-02 -7.279715050723481462e-02
-8.546697693504602678e-02 -7.350570570651919489e-02
-9.108554844239623305e-02 -7.833740410738927740e-02
-1.013237080250276173e-01 -7.812283502944540603e-02
-1.049632236493840409e-01 -7.783652780039379548e-02
-1.099923046838603147e-01 -7.688313867139433266e-02
-1.121191338351236050e-01 -7.763082866066824128e-02
-1.136643815202247054e-01 -7.840067262221904476e-02
-1.157552176138437333e-01 -7.966137144544245541e-02
-1.075877292407781405e-01 -9.516152801133886951e-02
-1.073409251863197550e-01 -9.921516728997305246e-02
-1.074828283096847248e-01 -9.970605639256376052e-02
-1.075952377366490298e-01 -1.006324849927408144e-01
-1.072195225257337459e-01 -1.018273287824650181e-01
-1.071444174806032296e-01 -1.024535829233540751e-01
-1.072239627558145697e-01 -1.028746959501462693e-01
-1.005263027464157605e-01 -1.190066603431201020e-01
-9.994857945111232378e-02 -1.268463853213578352e-01
-9.997208057801383607e-02 -1.277563625218463839e-01
-9.991352498015777794e-02 -1.290043448551485006e-01
-9.991303914003769882e-02 -1.304600660966751535e-01
-1.001195768635377709e-01 -1.316365512459024834e-01
-1.003081612432321773e-01 -1.327283101493254291e-01
-1.001229100992805099e-01 -1.348649378881718597e-01
-1.005858987684902228e-01 -1.369062084661089029e-01
-1.014447300918001754e-01 -1.389015121805482200e-01
-1.020519365084835706e-01 -1.400110904350615193e-01
-1.022074783695829103e-01 -1.402550954481462941e-01
-1.031163739253569134e-01 -1.411336977398505721e-01
-1.008560269083236816e-01 -1.548909830366975715e-01
-1.008560305308872640e-01 -1.548910008503076585e-01
-1.008560346913261879e-01 -1.548910213079425224e-01
-1.008577816198108212e-01 -1.548995253517151671e-01
-1.008594524747440796e-01 -1.549075040532001679e-01
-1.008604529055183441e-01 -1.549122118679118199e-01
-1.008612677607966801e-01 -1.549160092188005544e-01
-8.149430537960213050e-02 -1.753898894551418064e-01
-8.149421176162111036e-02 -1.753901206622197062e-01
-8.149369388406590975e-02 -1.753913996566567046e-01
-8.149279580993221139e-02 -1.753936176012849402e-01
-8.149168788031874167e-02 -1.753963537563127117e-01
-7.976584310361677088e-02 -1.765207530320543339e-01
-7.535750955321544875e-02 -1.832322993909829001e-01
-6.867285921313537322e-02 -1.940311364395002069e-01
-6.454446785256870434e-02 -1.992395040144950558e-01
-6.091590860369931054e-02 -2.059175784506804274e-01
-5.909099939939277402e-02 -2.085206938662975962e-01
-5.741078209184767578e-02 -2.105105049454375488e-01
-5.488305947096568799e-02 -2.143429687917626780e-01
-5.318442839260930505e-02 -2.187129340044590420e-01
-5.259972400486473409e-02 -2.228886207798447261e-01
-5.169020007340540540e-02 -2.271021313056538482e-01
-4.933626709737364002e-02 -2.299147108405198980e-01
-4.672839140314084816e-02 -2.323131250574130002e-01
-4.458561748439573980e-02 -2.328186530378601460e-01
-4.083600882372109830e-02 -2.407916604867796073e-01
-3.367412722567507399e-02 -2.512045652646465177e-01
-2.872368367093335040e-02 -2.674527024095228467e-01
-2.447323378445251385e-02 -2.789383960415443564e-01
-2.182531492780230564e-02 -2.846580754158027915e-01
-1.919595331375643227e-02 -2.844762863741693848e-01
-1.530582092866059757e-02 -2.876528188992147905e-01
-1.219362004613493838e-02 -2.899419104230964161e-01
-1.038336407521284199e-02 -2.928290796523420614e-01
-9.422996333010484962e-03 -2.947955542203020696e-01
-8.690968875809893662e-03 -2.964593744211747595e-01
-8.350077837361254141e-03 -2.972914317476857970e-01
-7.222541163474204516e-03 -3.005538337280689865e-01
-5.338298160847189736e-03 -3.210575284377580330e-01
-4.760525898911056528e-03 -3.208168701241932985e-01
-4.246716091023933388e-03 -3.205812843143974189e-01
-3.433304322740924133e-03 -3.202463044345509324e-01
-2.483436564342010947e-03 -3.201121906202816780e-01
1.691559865367497689e-04 -3.210467606145718245e-01
1.535838017228702062e-03 -3.198459401863172902e-01
3.041522602519878670e-03 -3.172095663187913250e-01
4.408800611051560091e-03 -3.165332566832013694e-01
5.743911702940005665e-03 -3.159656020984006330e-01
5.836330865086393829e-03 -3.159266617082044926e-01
6.352801530186388650e-03 -3.157052163053471472e-01
7.055631842899492967e-03 -3.153781998744291104e-01
8.329127109498898202e-03 -3.095544117740808288e-01
1.259719368338072139e-02 -2.916308897075637896e-01
1.371140189246162870e-02 -2.910882484518126367e-01
1.496736810889442298e-02 -2.902629028638639141e-01
1.659222664135009961e-02 -2.886929919799118838e-01
1.779811572013980867e-02 -2.869821911550058391e-01
1.812222929459295431e-02 -2.864220041783444026e-01
2.043858714395247259e-02 -2.811200254265397436e-01
2.216743391687539533e-02 -2.670357724529472954e-01
2.227573312375411355e-02 -2.667304822978779910e-01
2.312803831900355628e-02 -2.644172730841161667e-01
2.426963442720363184e-02 -2.539740860754483576e-01
2.443369136834348115e-02 -2.474439837218726790e-01
2.459295650307066414e-02 -2.469342716732735588e-01
2.520135232326798508e-02 -2.414294395024719764e-01
2.829923568454932592e-02 -2.369480405078644991e-01
3.016975385839562249e-02 -2.337956944729042696e-01
3.113180705565756975e-02 -2.335027229137260907e-01
3.233365246808668492e-02 -2.311051003446040752e-01
3.343612145111039130e-02 -2.306584771438221770e-01
3.459825759082313379e-02 -2.304819025315659187e-01
3.572390234050409896e-02 -2.289550138725042761e-01
3.191221837130060746e-02 -2.165698997706221041e-01
3.043279405161235934e-02 -2.097705269707032527e-01
3.055863246444130016e-02 -2.091636984838625701e-01
3.062973348514538841e-02 -2.082489556495759342e-01
3.062667929042296386e-02 -2.076917001612023916e-01
3.758143323841405675e-02 -1.973477207212946116e-01
3.547961542459951434e-02 -1.885070731251038689e-01
3.634250152705309489e-02 -1.869968978623319511e-01
3.576286027147045077e-02 -1.827382857832246243e-01
3.580697913634086488e-02 -1.777889188822668887e-01
3.606483885895906544e-02 -1.731693891702182631e-01
3.650699605866416370e-02 -1.702771803545674867e-01
3.656072372598463682e-02 -1.700604108986851215e-01
3.680422706971749058e-02 -1.691030141131228126e-01
3.792934615853851138e-02 -1.609490266410331660e-01
3.883467521794562588e-02 -1.552056895384086865e-01
3.965240980537634158e-02 -1.531911840356587340e-01
4.057563422291979999e-02 -1.501530380034063750e-01
4.071093667920987202e-02 -1.464144786802308029e-01
3.999225556406486859e-02 -1.444967203238081699e-01
3.938132476677368848e-02 -1.428516837324997624e-01
4.081879751293779335e-02 -1.366667710705130045e-01
4.080339452729688648e-02 -1.363852576057413002e-01
4.078932075708651545e-02 -1.362479372724269000e-01
4.068325840535812893e-02 -1.350499335391108779e-01
4.174193171556952325e-02 -1.287391862468099946e-01
4.105555687780519658e-02 -1.244852243694162253e-01
4.046502769310508091e-02 -1.209640035402822500e-01
4.155818129037709002e-02 -1.194843656396634840e-01
4.195563695105592600e-02 -1.162333532083080073e-01
3.901112281464653997e-02 -1.041044973538949175e-01
3.632654548485061280e-02 -9.662791441058782294e-02
3.642429625096084422e-02 -9.637327782380115948e-02
3.249055338541473326e-02 -8.986017494046766307e-02
3.168699751083291910e-02 -8.585378759276841854e-02
3.163951118648301170e-02 -8.394509840548011748e-02
3.058178461243837853e-02 -7.972216345996464837e-02
2.788472170406815914e-02 -6.871911984260194173e-02
2.430654250594579610e-02 -5.918134664039410853e-02
2.551596649728343075e-02 -4.689245255237398796e-02
2.534282451208476686e-02 -4.651594271077234138e-02
2.489425287050062163e-02 -4.561468693565016302e-02
2.404934267911315940e-02 -4.388483541684475020e-02
2.341790584196998606e-02 -4.211900244459409332e-02
2.354808809788566659e-02 -4.041224462181779858e-02
2.398227213622055806e-02 -3.868592465171879352e-02
2.370290632621535609e-02 -3.795722325030031347e-02
2.423271850430661414e-02 -3.439747094559257590e-02
3.112336239778368610e-02 -2.351837014123078773e-02
2.948078175465260187e-02 -2.321870604543259387e-02
2.313132832973812877e-02 -2.398785419069875482e-02
2.064178794842778247e-02 -2.387302546394529101e-02
1.847417135461556018e-02 -2.388772818718205848e-02
1.699485428001063642e-02 -2.236874227057145809e-02
1.586190738948733275e-02 -1.993829104692949536e-02
2.585256755569308867e-02 -5.316277460724988871e-03
2.526805147287225842e-02 -3.594085238582009952e-03
2.490895165983458837e-02 -1.995243482528480990e-03
2.493147726861312877e-02 5.953681227842970349e-04
2.481978800231401591e-02 3.082798041252359910e-03
2.395579460285085158e-02 4.215864445935101068e-03
2.210192982176899246e-02 4.663278683803055713e-03
1.727783828510584541e-02 3.539745996702013849e-03
1.478111173548640571e-02 3.798925723407803150e-03
1.366855779494599403e-02 3.903170176612047113e-03
9.091641933615328408e-03 4.023837714623645576e-03
