-1.891698583501558737e-03 -1.031764856907165569e-03
-3.137668801672294661e-03 -2.017037237909080193e-03
-3.900287924277816287e-03 -2.529909101324649516e-03
-5.186140226368538171e-03 -3.039070517977388031e-03
-1.760965203126689527e-02 -2.381796814410155460e-03
-1.825109576055159930e-02 -2.956189172357072750e-03
-1.869167539265569750e-02 -3.424128545960797645e-03
-3.602067657266098261e-02 -2.792342762394850117e-03
-4.194361223860122723e-02 -5.305866910428934727e-03
-4.574341932143489997e-02 -7.397462395587864163e-03
-5.155957932235859936e-02 -1.093097022928230487e-02
-6.292169683062191765e-02 -1.801660679267463872e-02
-6.992521528277265142e-02 -2.207515580814622264e-02
-7.492108779015500819e-02 -2.154500935572615031e-02
-7.851225046534884844e-02 -2.328785074185624540e-02
-8.134850565536871914e-02 -2.565827829401783750e-02
-8.177235260305402986e-02 -2.736025630115453480e-02
-8.205974036931154569e-02 -2.920581306662585128e-02
-8.422591868106719948e-02 -3.079644689623159057e-02
-8.561968605545514088e-02 -3.164016777192735219e-02
-8.619461989291718473e-02 -3.200979816317554849e-02
-8.835309537873882457e-02 -3.287157883364302119e-02
-9.339271964928587411e-02 -3.354915419662924531e-02
-9.349908572107024085e-02 -3.489916767521485108e-02
-9.378431947219530163e-02 -3.605435758735417440e-02
-9.447258866273722244e-02 -3.686673215987115032e-02
-9.514660835800024807e-02 -3.736117342898891136e-02
-9.578094163199675493e-02 -3.775381353857828332e-02
-9.757407974608185708e-02 -3.878952495002763873e-02
-1.000590409520840524e-01 -4.096956571782633949e-02
-1.004787543153660562e-01 -4.206963870662862315e-02
-1.006608040489784250e-01 -4.357361749828386061e-02
-1.046691871868907081e-01 -4.702363243485679911e-02
-1.073337140544079055e-01 -4.997352150375088120e-02
-1.074725279732120647e-01 -5.050636920204720076e-02
-1.079996903993560020e-01 -5.244444452069920576e-02
-1.104735237105525375e-01 -5.470877536835264815e-02
-1.122165094784711298e-01 -5.557416065252725190e-02
-1.138083358250503857e-01 -5.665918542661342594e-02
-1.147164526091996317e-01 -5.998248383717081494e-02
-1.186227724195193789e-01 -6.362607080909993273e-02
-1.214271182966379509e-01 -6.694769758432694839e-02
-1.226618502398470339e-01 -7.115700960024257116e-02
-1.236414830246989616e-01 -7.505196369306754711e-02
-1.246156175426210433e-01 -7.910991554716337304e-02
-1.261537881740892875e-01 -8.558581013657005909e-02
-1.309296471066553613e-01 -1.046003096425123513e-01
-1.306128313761061033e-01 -1.244127491500469640e-01
-1.311069683738784186e-01 -1.256577774011537196e-01
-1.314933268670011313e-01 -1.273263345168868521e-01
-1.282115723849256150e-01 -1.335434949579361041e-01
-1.284436793714825165e-01 -1.354187643098665184e-01
-1.288108875454418434e-01 -1.369232289877959641e-01
-1.248049998616576201e-01 -1.448940788811664548e-01
-1.225457869276217610e-01 -1.522126081980261780e-01
-1.230156680651644796e-01 -1.539986845132531035e-01
-1.231844847955347183e-01 -1.545402046839815802e-01
-1.234366084106283540e-01 -1.553174699530038005e-01
-1.242678973361835970e-01 -1.580094616485510917e-01
-1.168024133279035454e-01 -1.829873117027343565e-01
-1.174403084134845870e-01 -1.830826738386936436e-01
-1.179002971340012557e-01 -1.831825000555041272e-01
-1.182922140093729813e-01 -1.833014092150316299e-01
-1.186420532041813081e-01 -1.834381751967015250e-01
-1.189839165120502584e-01 -1.836058316758038822e-01
-1.193941850144582678e-01 -1.838672646409658662e-01
-1.112703179992364649e-01 -1.940944131648815463e-01
-1.104106384837041793e-01 -1.954067254625561356e-01
-1.095455003134888361e-01 -1.974646502039325291e-01
-1.117542674086228760e-01 -1.996965048690616529e-01
-1.142156459090104131e-01 -2.011500283691672331e-01
-1.138115626481478043e-01 -2.018955038334051266e-01
-1.127517760923656964e-01 -2.020412546449508184e-01
-1.105573284157360114e-01 -2.025104416869225321e-01
-1.088604400596235727e-01 -2.047383836067699636e-01
-1.069737121081186793e-01 -2.076862447464774553e-01
-1.039045601621753356e-01 -2.092407446464727705e-01
-1.020501709238645777e-01 -2.095957936049733517e-01
-9.969428629708658451e-02 -2.130181037996939086e-01
-9.812687829560706732e-02 -2.157495994748555301e-01
-9.654363679732648473e-02 -2.186149569036899276e-01
-9.438167469700860235e-02 -2.224087295453666957e-01
-9.129818224092517420e-02 -2.263556856016428476e-01
-8.712665385496491666e-02 -2.284056327315981128e-01
-8.297131971094895420e-02 -2.294574357612232107e-01
-8.127246767425938545e-02 -2.304488220216278360e-01
-8.033073907966521710e-02 -2.316948429075702531e-01
-7.972129555722537453e-02 -2.334981622665270040e-01
-7.884786514738512109e-02 -2.349849273389051640e-01
-7.516547481651361662e-02 -2.363216892481120601e-01
-6.478025096224468427e-02 -2.385074408427299286e-01
-5.223696457819911737e-02 -2.368332130110065714e-01
-4.874621122452747757e-02 -2.378474733885318215e-01
-4.670286279882816804e-02 -2.384363176493263237e-01
-4.605985201763546782e-02 -2.386154066378491923e-01
-4.384184677866564961e-02 -2.391887233766359644e-01
-3.498248025379262216e-02 -2.374538049816564411e-01
-3.140272526915913187e-02 -2.370186076323392566e-01
-3.023464726290456261e-02 -2.375426679171884214e-01
-2.893967776317909329e-02 -2.377688593566111008e-01
-2.733025267723920848e-02 -2.370022266948030587e-01
-2.509432331220956547e-02 -2.352383905938006114e-01
-2.082468990564840736e-02 -2.348441487493264646e-01
-1.293650590040052589e-02 -2.366912637012474618e-01
-8.095741929073464044e-03 -2.373269265558744512e-01
-6.420909986952902902e-03 -2.364487004484767396e-01
-3.706502038698316227e-03 -2.345020950321491937e-01
-1.330526010934328590e-03 -2.345605958278711434e-01
-3.702162542537130075e-04 -2.348709212995702955e-01
7.466313694972811750e-04 -2.350714886967560924e-01
2.896908917792073799e-03 -2.346244137224253457e-01
4.997892135347970118e-03 -2.333894336682219295e-01
6.837230958322689130e-03 -2.321984939147405946e-01
1.055878723846372623e-02 -2.327492707308075615e-01
1.535397985946424480e-02 -2.311105265221897187e-01
1.908536460422453895e-02 -2.288543365761399051e-01
2.258099636424467857e-02 -2.268631448925434169e-01
2.588262811999977181e-02 -2.260782949073696091e-01
2.943878782061608995e-02 -2.267175015148567285e-01
3.141430340427337625e-02 -2.254082292915089714e-01
3.250040966420911226e-02 -2.246928261200247801e-01
3.330941256189057925e-02 -2.242490812052050642e-01
3.423681678041196053e-02 -2.238975036890809289e-01
3.689240829948123995e-02 -2.239815242329760148e-01
3.903464138305140496e-02 -2.244643402382604791e-01
3.995081975772660221e-02 -2.227005345364103939e-01
4.333386545775982229e-02 -2.182411333498360528e-01
4.713368040959472344e-02 -2.159922766690506313e-01
5.084373544217959257e-02 -2.135738975101621751e-01
5.298097040398294655e-02 -2.100167702256692248e-01
5.539008833647735691e-02 -2.068709411785685237e-01
5.710229170269465193e-02 -2.060962455015937222e-01
5.947413597123054479e-02 -2.034424474766600710e-01
6.109442111346263804e-02 -1.975474064478588421e-01
6.773944228286173097e-02 -1.914745585421807339e-01
7.379241120605431470e-02 -1.869403019792951204e-01
7.408352676576747398e-02 -1.858259789355063418e-01
7.427717158781962925e-02 -1.845793975132112574e-01
7.485960291870003003e-02 -1.817818243884322948e-01
7.617218637084284538e-02 -1.788406652554361265e-01
7.981613064681861158e-02 -1.762302272058425268e-01
8.197802776666933411e-02 -1.742649960098203721e-01
8.218922313091205079e-02 -1.724596939815561947e-01
8.290787904918189843e-02 -1.705551431576183830e-01
8.477132804630672924e-02 -1.692309037737649846e-01
8.620629635602314322e-02 -1.686014369207940178e-01
8.839698640021079190e-02 -1.657059777474667317e-01
9.208131313084470804e-02 -1.531434008001801572e-01
9.456328827063775755e-02 -1.430492312898046792e-01
9.560350035280369696e-02 -1.391096201167303370e-01
9.690370547234634924e-02 -1.341265284362185561e-01
9.797733274866819719e-02 -1.273598572032106357e-01
9.514285151882249936e-02 -1.250006925691225235e-01
9.511374757380193501e-02 -1.208696124114357340e-01
9.716653633615496277e-02 -1.121887736215993608e-01
9.702503976942479513e-02 -1.072059430727000245e-01
9.653866835829993942e-02 -1.066316340932231682e-01
9.574404075636004652e-02 -1.057399594524065789e-01
9.515551054808542297e-02 -9.833842301413332765e-02
9.289161071559745575e-02 -9.429472121012691388e-02
9.205542583670331402e-02 -9.181888549512812192e-02
9.238665960915973252e-02 -9.088770406973724347e-02
9.288879502726456183e-02 -8.969886940977378487e-02
9.091036379196124062e-02 -8.431006112653340046e-02
8.977829563412685621e-02 -8.142021900709722759e-02
8.978600444503964662e-02 -8.072463840017501946e-02
8.988427631810361196e-02 -8.022722150358493898e-02
9.006596955865725507e-02 -7.979413004967132739e-02
9.067649454528087238e-02 -7.917777403336095920e-02
9.060231966919024549e-02 -7.716644063043694157e-02
8.600336283295599571e-02 -6.955472349492179684e-02
8.178532373381210141e-02 -6.244443827124849383e-02
8.082574976364780006e-02 -5.693145796941587872e-02
8.027125326109610381e-02 -5.462201991392139078e-02
7.849308048045093578e-02 -5.464964990266649170e-02
7.532298353943928104e-02 -5.174419074642217647e-02
7.229051698625880984e-02 -4.676090668494523733e-02
7.129281882068437548e-02 -4.507638787788485757e-02
6.988577549126612221e-02 -4.272732386956065026e-02
6.689388024388011333e-02 -3.814014611847988540e-02
6.055421133335045503e-02 -3.420993438044468704e-02
5.960924100986783603e-02 -3.236124882092968752e-02
5.833989024039058779e-02 -3.023855102816375845e-02
5.542809008474760407e-02 -2.869922233460732788e-02
5.425637835706544759e-02 -2.841105697581605347e-02
5.338620810114608206e-02 -2.803847583441825345e-02
5.229108174929672503e-02 -2.705814309799946943e-02
5.144007716217750825e-02 -2.567819461781103638e-02
5.071656876324045354e-02 -2.397996605654708138e-02
4.673653128367807885e-02 -2.151246912713514203e-02
3.891625082471904945e-02 -1.817135800684013119e-02
3.801316788296241200e-02 -1.662352162595324284e-02
3.735659128983882110e-02 -1.530593963688546555e-02
3.550674307907124988e-02 -1.375300808506027019e-02
3.184071702527745129e-02 -1.275641159375431877e-02
2.593431637000099751e-02 -1.156702061448081943e-02
2.096071797191765770e-02 -8.103626261040395087e-03
1.696233611859787258e-02 -4.376460825098577555e-03
7.911758397277418933e-03 -1.957842367336660658e-03
