-1.098686791116535106e-03 -1.164912157321080360e-03
-1.501192580714317496e-03 -2.794124165101313957e-03
-2.128117189852548295e-03 -4.205526739126167618e-03
-4.898023375628097684e-03 -5.574504512744856213e-03
-1.502991620995597528e-02 -8.445759449377065672e-03
-1.618407022004655915e-02 -1.015839524406376808e-02
-1.687149968032060701e-02 -1.146315252988981334e-02
-1.933038640404207906e-02 -1.337591614127794058e-02
-2.252365304384096323e-02 -1.513987170615009765e-02
-2.317011291668332265e-02 -1.620353577837420345e-02
-2.395569303357776569e-02 -1.757416205877066276e-02
-2.593496606592585185e-02 -1.928486603559340443e-02
-2.806351715385736051e-02 -1.986076810999196085e-02
-2.905490017672602426e-02 -2.059659237241341298e-02
-3.111842404978210075e-02 -2.378954690823683812e-02
-3.823575226463105103e-02 -2.435206900522201429e-02
-3.892029437021230637e-02 -2.556130179368130279e-02
-4.215611158037215617e-02 -2.759241321391789695e-02
-5.984295239273898503e-02 -3.210433265082737742e-02
-6.511090367751969088e-02 -3.441245038088032449e-02
-6.535462793567652084e-02 -3.595693175214433046e-02
-6.575832049952007319e-02 -3.702263245661093632e-02
-6.635562531735690606e-02 -3.772271324732855147e-02
-6.704975466984225418e-02 -3.820651729785445178e-02
-6.836652606571885782e-02 -3.869719467252142470e-02
-7.445421983405228761e-02 -4.000339401036031445e-02
-7.577558264701338142e-02 -4.166854428693428369e-02
-7.625006136367441789e-02 -4.311143060491615803e-02
-7.895708181054257591e-02 -4.553457687351512850e-02
-8.602132226812007898e-02 -4.783787100618382138e-02
-8.659156261504097341e-02 -4.874281923265379873e-02
-8.706874745912948632e-02 -4.997207303977555665e-02
-9.675175713192545046e-02 -5.400653093114404085e-02
-1.021765183985498121e-01 -5.800844936232846943e-02
-1.028607717477624250e-01 -5.907669577488280227e-02
-1.038804637829533195e-01 -6.082335749019220777e-02
-1.068309313585214665e-01 -6.496458471894295261e-02
-1.086580719092506003e-01 -6.568871054777494778e-02
-1.101877758826426135e-01 -6.687206987807418901e-02
-1.132889711192130028e-01 -7.673900616746014147e-02
-1.185143591496384957e-01 -8.532669293231227858e-02
-1.216911516147538563e-01 -8.997018474432445789e-02
-1.251921895402934859e-01 -9.197576826867508160e-02
-1.244719511123520278e-01 -9.499678864695611236e-02
-1.247439525748157280e-01 -9.584655444831285953e-02
-1.259683495785466345e-01 -9.808971829184447155e-02
-1.302879098871614072e-01 -1.056676347939951993e-01
-1.298224953633576595e-01 -1.103508034302863872e-01
-1.306769052864924507e-01 -1.114759205526653779e-01
-1.311792535755191558e-01 -1.120590051719487779e-01
-1.316040166760301389e-01 -1.126173528783558919e-01
-1.319879860372850100e-01 -1.134186048805605751e-01
-1.320442407951703534e-01 -1.148320290886813561e-01
-1.309513063240140551e-01 -1.185818486850480635e-01
-1.304159850587016944e-01 -1.223223911350622833e-01
-1.311993927281026318e-01 -1.238615266938930121e-01
-1.322806698931702496e-01 -1.245764404910056217e-01
-1.327907768054664150e-01 -1.259620579804522633e-01
-1.322050015976423132e-01 -1.301665577466759316e-01
-1.208321038843367945e-01 -1.591905239868250665e-01
-1.207466987824463989e-01 -1.594136294656548214e-01
-1.206958461902038066e-01 -1.595550638366432517e-01
-1.194650479873072824e-01 -1.641661489333699764e-01
-1.131901132745208177e-01 -1.721007691019180719e-01
-1.131541659145082479e-01 -1.722592427278674676e-01
-1.131059212107725226e-01 -1.724758798126067028e-01
-1.065410818439550128e-01 -1.814266308556484741e-01
-1.064264903376299642e-01 -1.818133820921124799e-01
-1.063248998821217234e-01 -1.822084274955053929e-01
-1.060540792914749508e-01 -1.834926957923241342e-01
-1.057578793926037680e-01 -1.849964589492896216e-01
-1.049202422425598996e-01 -1.875335277349606256e-01
-1.036116303504871355e-01 -1.887714209504770813e-01
-1.015845340301548272e-01 -1.896802692173172322e-01
-9.952237546175014826e-02 -1.932484514152390531e-01
-9.788923116707855254e-02 -1.954923415338081782e-01
-9.584536527876869050e-02 -1.964643449905605355e-01
-9.138433775357984734e-02 -2.025073497819727675e-01
-8.624732453642083851e-02 -2.056523801397339424e-01
-8.238482976068063623e-02 -2.079730533479171306e-01
-8.062891476603033236e-02 -2.090395924237456460e-01
-7.810162420044459985e-02 -2.105785084019849152e-01
-7.301373181092613018e-02 -2.136186315983157613e-01
-6.206577720497056389e-02 -2.167784680893000138e-01
-4.877003278085779991e-02 -2.240290809204938671e-01
-4.373409942306164672e-02 -2.243005135647139769e-01
-4.205352902885404337e-02 -2.252259251144474728e-01
-4.077819566560630937e-02 -2.260273336065085070e-01
-3.944370705411266720e-02 -2.268537345225419277e-01
-3.738609138816553767e-02 -2.279339247408460889e-01
-3.089871951320958751e-02 -2.283961376189145576e-01
-2.224350775231416846e-02 -2.268241002024246888e-01
-2.077546645221919203e-02 -2.276155463987211414e-01
-1.986887532607118853e-02 -2.283078251257268099e-01
-1.912420317152394716e-02 -2.286889033913141467e-01
-1.707328985119317341e-02 -2.289483454602162515e-01
-7.009036986496974125e-03 -2.265320306320880717e-01
-3.213073420629953495e-03 -2.281335940030657372e-01
-6.059884590630906136e-04 -2.292117719930522879e-01
4.409259380284464083e-03 -2.290941234409846206e-01
8.645216269652384461e-03 -2.310273565259506889e-01
9.947451748048678072e-03 -2.307160882583660921e-01
1.111453645498891932e-02 -2.303418203524804364e-01
1.214340905561925484e-02 -2.299933997594987012e-01
1.315587840788141373e-02 -2.296754712328000492e-01
1.469674433880342572e-02 -2.293572496154457074e-01
2.148380409875778191e-02 -2.318472511848626849e-01
2.904201440473027501e-02 -2.305854060482360746e-01
3.117450343286205100e-02 -2.317039235203141034e-01
3.328817198606615069e-02 -2.326782661880065772e-01
3.621593590809735891e-02 -2.324618074894674868e-01
3.844971658716277163e-02 -2.318548044919703510e-01
4.029058635496752389e-02 -2.314892128037409902e-01
4.590481515330710471e-02 -2.334294221349622611e-01
5.275584784875959193e-02 -2.325559644039802976e-01
5.637746914349237026e-02 -2.315858379502747921e-01
6.012250884447620930e-02 -2.307258844139978282e-01
6.695084765327848075e-02 -2.324632892397640871e-01
7.203885719863920012e-02 -2.319520226382547623e-01
7.749462965513831403e-02 -2.305056068621690324e-01
8.144456646167094749e-02 -2.294557160803524232e-01
8.434414971227686963e-02 -2.286923510812746418e-01
8.903920472817113130e-02 -2.258066865361754716e-01
9.423326089826473961e-02 -2.218429088634872037e-01
9.713587350027835798e-02 -2.212930064609536229e-01
1.000638028936253199e-01 -2.207054334845094390e-01
1.042055335029699742e-01 -2.163085237427757879e-01
1.081938767942928620e-01 -2.141391042198116101e-01
1.125639549733480071e-01 -2.131503350577439726e-01
1.152257867575731398e-01 -2.096741539640895879e-01
1.173391907643106108e-01 -2.062565057994255879e-01
1.182937614065626419e-01 -2.046073340209169089e-01
1.189175798702625381e-01 -2.015585065035657986e-01
1.244791090254615124e-01 -1.884822267245252481e-01
1.301439209090709259e-01 -1.789586769762920027e-01
1.325704623102132163e-01 -1.739236086011640148e-01
1.327107225661722789e-01 -1.718168437640842372e-01
1.322958077350484263e-01 -1.704927380153728189e-01
1.345460908321123028e-01 -1.627517682832781698e-01
1.335934556061172673e-01 -1.560413694141662422e-01
1.349979948793925133e-01 -1.537854667003447640e-01
1.357748929334691990e-01 -1.516769448382517815e-01
1.345094624904624447e-01 -1.462228818030492095e-01
1.344896300800658973e-01 -1.428711307890821181e-01
1.351612440883754596e-01 -1.418375440117463082e-01
1.356483510396751246e-01 -1.413160426300659189e-01
1.364724297999228564e-01 -1.403895652963711160e-01
1.345633656431942382e-01 -1.297770766730001468e-01
1.330539068852741036e-01 -1.220697555873456325e-01
1.348901256406504212e-01 -1.203953852061266372e-01
1.357656483081063903e-01 -1.178263907400896454e-01
1.349017194892588034e-01 -1.141354998614465682e-01
1.342599927027494089e-01 -1.114927045746449130e-01
1.337871417899399173e-01 -1.093460349434674517e-01
1.332693579189357103e-01 -1.075221192200446763e-01
1.322958319847843123e-01 -1.059209149706694941e-01
1.308925295479608508e-01 -1.050303575320267468e-01
1.284391520657661712e-01 -1.035496319861995279e-01
1.252707456720993096e-01 -9.829969693876113024e-02
1.225165830554234281e-01 -9.623838823829765354e-02
1.226104514476508422e-01 -9.516429222663555509e-02
1.230937785796249878e-01 -9.425290718825211911e-02
1.237720302839528386e-01 -9.322093185583399388e-02
1.204208552915809333e-01 -8.797495773724529899e-02
1.213257049131095805e-01 -8.581048795278425900e-02
1.220110149564846980e-01 -8.472046371770329543e-02
1.223191231319338823e-01 -8.349596765081837568e-02
1.171021902995176833e-01 -7.780132806791290045e-02
1.168936319509605998e-01 -7.683252590165993989e-02
1.166495402412640325e-01 -7.558775945616717784e-02
1.118483681880941133e-01 -7.027372182507883591e-02
1.090682103473594455e-01 -6.271277426412406875e-02
1.076756775635692165e-01 -5.613437368542462808e-02
1.068651884147263087e-01 -5.360034697390578251e-02
1.056996286134449931e-01 -5.218474075330271217e-02
1.025158549607488728e-01 -5.145614914955708163e-02
1.011197441508295408e-01 -4.805691713937795123e-02
1.005904763209616998e-01 -4.604965904895300111e-02
9.995811114412327114e-02 -4.335854062223539612e-02
9.919890093897981709e-02 -3.994512862255106961e-02
9.805178095029090657e-02 -3.506594528862293919e-02
9.508432599796319551e-02 -2.954670758939389325e-02
9.122795545588292809e-02 -2.511045452505512865e-02
8.800227254806788912e-02 -2.201959808512274352e-02
8.724650101260873758e-02 -2.157712602521700412e-02
8.655235253429280351e-02 -2.107258800560790624e-02
8.574831145763439633e-02 -2.011026272914701388e-02
8.506085871192806125e-02 -1.776581698892394298e-02
8.228968091895326464e-02 -1.525744479444091778e-02
7.938169237377724896e-02 -1.191913010777801915e-02
7.831286772791001827e-02 -7.734245401148645387e-03
7.722412502182064709e-02 -4.317183508708182828e-03
7.529474246585439456e-02 -1.429728102532011862e-03
7.087727547874872469e-02 1.970806426116061567e-03
6.406286610963835004e-02 5.809261549918658812e-03
5.578384647038971828e-02 1.018239119189945537e-02
5.022977757880542349e-02 1.057728289624117191e-02
4.741252905583255572e-02 1.176727363540409563e-02
2.294425811904476573e-02 5.813291053464621563e-03
