-8.916975774925790799e-03 -2.175405789166788822e-03
-9.212861861724415055e-03 -5.138517520703650768e-03
-9.118423708355855375e-03 -6.810929925465229913e-03
-9.052939698230245621e-03 -7.918711921138256102e-03
-9.006203674769478959e-03 -8.748885140627089482e-03
-8.817252164733054703e-03 -1.092841203392830134e-02
-2.183891278233013322e-03 -1.896258526499317379e-02
-2.130158171297676616e-03 -1.909754809916699644e-02
-1.946196267742597921e-03 -1.953045489332011150e-02
4.571741619291276072e-03 -2.779403594482973694e-02
6.750124111450804890e-03 -3.120372168024752521e-02
6.868415459244154968e-03 -3.135152442607148232e-02
6.868415786292570227e-03 -3.135152483581294530e-02
6.868416292986255500e-03 -3.135152547062237255e-02
6.868434351043457842e-03 -3.135154809460833497e-02
7.321273357048920481e-03 -3.193034985250653435e-02
1.098937320406149880e-02 -3.876217079946434052e-02
1.335016567790846265e-02 -4.328433408641880337e-02
1.326570796723695878e-02 -4.334824714595857803e-02
1.321854247216176607e-02 -4.338346652630680617e-02
1.317906870898434037e-02 -4.341270225581956438e-02
1.314261050887477987e-02 -4.343952109340766532e-02
-1.404118868710979399e-02 -2.187043544049362132e-02
-1.409812595332042215e-02 -2.184502102721799441e-02
-1.436577706039468896e-02 -2.171856967028096275e-02
-1.715289656539454796e-02 -2.107657861975745922e-02
-1.460781160083998893e-02 -2.459011470656162837e-02
-1.170993365208496291e-02 -2.995987652684848485e-02
-1.181872859956300224e-02 -3.063779280264392404e-02
-1.200471758368875687e-02 -3.160020965448070290e-02
-1.210160199319025923e-02 -3.205600507847760489e-02
-1.227572487370292773e-02 -3.283652225046083950e-02
-1.297733643282152592e-02 -3.573503909770149589e-02
-1.356360044245714241e-02 -3.757489738025050069e-02
-2.459281922497404127e-02 -3.271804743689332717e-02
-2.573437835166520610e-02 -3.348865590692968325e-02
-3.271119000895994500e-02 -3.202223405334121697e-02
-3.854978808896721704e-02 -3.356154939191958314e-02
-4.381842433006532395e-02 -3.608788498544973633e-02
-4.471623475353012078e-02 -3.780027672995193294e-02
-4.642158960908821658e-02 -3.963401146614495274e-02
-4.972375759157612873e-02 -4.161452182346602607e-02
-5.056935386663387322e-02 -4.362058841252614005e-02
-5.082680601300970658e-02 -4.561347882081513011e-02
-6.011291301369321716e-02 -4.539434748064341552e-02
-6.169320052244402913e-02 -5.032077438442297129e-02
-6.407307202158823989e-02 -5.473291747550546732e-02
-6.551899911859473957e-02 -5.753074008957459462e-02
-6.712570506894691147e-02 -5.879942536595936242e-02
-6.810524593434125196e-02 -5.987192586670363192e-02
-6.840860438841432634e-02 -6.086790693943654185e-02
-6.838417927513697203e-02 -6.208117903248263486e-02
-7.947286205295282790e-02 -6.449489391122792403e-02
-7.859296249594885375e-02 -6.903385790927606125e-02
-7.819403855021668515e-02 -7.382638740779953745e-02
-7.875012233785322335e-02 -7.660479814599628623e-02
-7.916014487185868420e-02 -7.797228747450894726e-02
-7.924892144453137000e-02 -7.829762940603157695e-02
-7.962418377336327735e-02 -8.016312353999792417e-02
-8.183723053097277655e-02 -8.798615769622793181e-02
-8.271108444994434983e-02 -8.824532704023127505e-02
-8.431459888511824707e-02 -8.745397608236546438e-02
-8.064562684777984436e-02 -1.122740728587533487e-01
-8.064713743607367091e-02 -1.124037975216754248e-01
-8.064953787540654617e-02 -1.125236476182080447e-01
-8.087723824746023693e-02 -1.143258979967164413e-01
-8.127972553279574908e-02 -1.151274152298228798e-01
-8.140218254926297192e-02 -1.152597655280392930e-01
-8.152864631326300904e-02 -1.153672377006492861e-01
-8.520081863179301829e-02 -1.291792029408358466e-01
-8.520239470161637685e-02 -1.291784244156275463e-01
-8.520239619782485341e-02 -1.291784236772316463e-01
-8.520239687489628011e-02 -1.291784233430895990e-01
-8.520248322081888648e-02 -1.291783807326165046e-01
-8.520248626140074222e-02 -1.291783792322114266e-01
-8.520249695679840696e-02 -1.291783739545044329e-01
-8.520252129209332503e-02 -1.291783619463558741e-01
-8.520252513647143255e-02 -1.291783600493950079e-01
-8.520252951813558906e-02 -1.291783578873273164e-01
-8.520253156344201328e-02 -1.291783568781047498e-01
-8.520253395936663865e-02 -1.291783556958785439e-01
-8.520253520318908647e-02 -1.291783550821379023e-01
-8.520253601062680038e-02 -1.291783546837235175e-01
-8.520253681217206110e-02 -1.291783542882170011e-01
-8.520253726065298017e-02 -1.291783540669232122e-01
-8.520253742391811769e-02 -1.291783539863633756e-01
-8.520253754916477795e-02 -1.291783539245629775e-01
-8.520253762352970883e-02 -1.291783538878691628e-01
-8.520253766452892674e-02 -1.291783538676389287e-01
-8.520253772224546662e-02 -1.291783538391599040e-01
-8.520253776465071260e-02 -1.291783538182359192e-01
-8.520253789673852551e-02 -1.291783537530599435e-01
-7.622317647961761311e-02 -1.436628413366723145e-01
-7.201662106707838740e-02 -1.501138015155120686e-01
-7.350003968839323443e-02 -1.711915425183008765e-01
-5.249179817137645393e-02 -1.656827900850699475e-01
3.201855438765639772e-02 -1.045879170417180482e-01
3.201570194073101450e-02 -1.045872903010000299e-01
3.201570091061221174e-02 -1.045872900747386036e-01
3.201569831008995587e-02 -1.045872895035446920e-01
3.201569601422098177e-02 -1.045872889992668919e-01
3.201569192045607831e-02 -1.045872881000896315e-01
3.201568678824264630e-02 -1.045872869728230042e-01
3.201568257665580314e-02 -1.045872860477687072e-01
3.201567630677967791e-02 -1.045872846706230319e-01
3.201567120510093178e-02 -1.045872835500673420e-01
3.201566819073467518e-02 -1.045872828879790134e-01
3.201566583933562055e-02 -1.045872823715079669e-01
3.201566364400083853e-02 -1.045872818893157918e-01
3.201566201041864540e-02 -1.045872815305093628e-01
3.201566068198487269e-02 -1.045872812387270562e-01
3.201565930880324179e-02 -1.045872809371162365e-01
3.201565742412450233e-02 -1.045872805231584379e-01
3.201565573827209327e-02 -1.045872801528717200e-01
3.201565379218095087e-02 -1.045872797254254472e-01
3.201565070046617778e-02 -1.045872790463507479e-01
3.201564610238472053e-02 -1.045872780364135307e-01
3.201564258425258769e-02 -1.045872772636805420e-01
3.201563694140906191e-02 -1.045872760242709948e-01
3.201562962482140673e-02 -1.045872744172381824e-01
3.201562213911984811e-02 -1.045872727730636775e-01
3.201561265926761157e-02 -1.045872706908941158e-01
3.201560010439196552e-02 -1.045872679333288008e-01
3.201558590078840832e-02 -1.045872648136451644e-01
3.201557376159442497e-02 -1.045872621473973862e-01
3.201555028421111671e-02 -1.045872569908559702e-01
3.201550656441363302e-02 -1.045872473883740356e-01
3.201548999749990326e-02 -1.045872437496940532e-01
3.201548027094796439e-02 -1.045872416134060456e-01
3.201547322079022206e-02 -1.045872400649500711e-01
3.201539415843966674e-02 -1.045872227003287885e-01
3.201539240629060895e-02 -1.045872223155044911e-01
3.201538617464330660e-02 -1.045872209468498293e-01
3.201532736046346084e-02 -1.045872080296103290e-01
3.201519180262408365e-02 -1.045871782580024417e-01
3.201515024535379894e-02 -1.045871691312653673e-01
3.201509385462235346e-02 -1.045871567469726371e-01
3.201329291844007968e-02 -1.045867613201183211e-01
1.803775285804171125e-02 -9.178352792334483479e-02
5.053025697358692198e-02 -8.859448268984174146e-02
5.053574854320475040e-02 -8.852523456306257699e-02
5.053860525697980582e-02 -8.848892122925891557e-02
5.054149038011638423e-02 -8.845246597649254749e-02
5.054960211068146303e-02 -8.835383356166248703e-02
5.054975295617812614e-02 -8.835207840201142471e-02
5.054998115414727905e-02 -8.834942970286258079e-02
5.055076822567289990e-02 -8.834035505927906318e-02
5.055328490347322373e-02 -8.831199719866898723e-02
5.055478719698968532e-02 -8.829556626965529009e-02
5.055566212847012464e-02 -8.828617255155415955e-02
5.055703402721998391e-02 -8.827170602913239628e-02
5.055865006778063886e-02 -8.825507826290916735e-02
5.055940248194640274e-02 -8.824748873245803760e-02
5.056025797693498858e-02 -8.823897627879571937e-02
5.056135731927322019e-02 -8.822821867566466025e-02
5.056221171055576280e-02 -8.821999744068118043e-02
5.056405751795822051e-02 -8.820264599268805294e-02
5.056968291316093350e-02 -8.815306127756994403e-02
5.059730899920521913e-02 -8.796499045255642968e-02
5.068119123707136298e-02 -8.764401061014309713e-02
5.109847550926013837e-02 -8.699746400551448822e-02
5.498193311780551901e-02 -8.459110051537503672e-02
5.772403948060223638e-02 -8.137606556260981727e-02
5.866843333345632405e-02 -7.654632580170214751e-02
5.949836642506210055e-02 -7.324518473039574873e-02
5.984427062658695395e-02 -7.227050788873699838e-02
6.021517259653993981e-02 -7.143373655013662837e-02
6.057654263775873182e-02 -7.080683728092050655e-02
6.164141836119325923e-02 -6.962533403068629778e-02
6.262755010843325254e-02 -6.852746991634511842e-02
6.269271385777307193e-02 -6.832703926881125711e-02
7.249446672965874361e-02 -6.098607250355113363e-02
6.971990242258963022e-02 -5.952084136311940055e-02
6.724297380533089674e-02 -5.781102565218814576e-02
6.530693398197218169e-02 -5.646686135206033241e-02
6.092950610538522271e-02 -5.357240146169896244e-02
5.308851697761972355e-02 -4.828235308853274371e-02
5.231248027526053113e-02 -4.755797943074507178e-02
5.051553086343466697e-02 -4.590967541877426922e-02
4.589222549078988966e-02 -4.160506200087178003e-02
4.259622127582318729e-02 -3.516608996585805086e-02
4.086747307257677236e-02 -2.521931769456840430e-02
3.996560975816872141e-02 -1.770071027752352297e-02
3.721883997720938642e-02 -1.356030382266957580e-02
3.507469133271103046e-02 -1.415478806882694042e-02
3.253576771603981788e-02 -1.585558514148037446e-02
3.253567242344441307e-02 -1.585564018202921879e-02
3.253567053742441317e-02 -1.585564127140692489e-02
3.253566339163372484e-02 -1.585564539887079211e-02
1.469717385616187491e-02 -1.555076415418014252e-02
1.234552691948882439e-02 -1.279834773250143956e-02
1.159266377311972927e-02 -1.146774816352286869e-02
1.093792659862078721e-02 -1.022949278275711929e-02
1.009794002689716821e-02 -9.105300443951209327e-03
8.979751171636712881e-03 -8.393225673876155216e-03
7.643189245514883483e-03 -7.447328069983046722e-03
6.023285379617542880e-03 -5.443892839661234294e-03
4.228773591097614339e-03 -2.921130801256157424e-03
2.602630759741762865e-03 -1.052877492405094586e-03
