-1.429463466831224286e-02 -7.807335884602071598e-03
-2.691619780881246426e-02 -1.136074981992725615e-02
-2.722086775429421665e-02 -1.222953592149785169e-02
-2.724865063397028525e-02 -1.244257634777771494e-02
-2.728413559767082705e-02 -1.273663388315843768e-02
-2.741118429631446071e-02 -1.336386497869079641e-02
-3.921273845767117572e-02 -1.939860627416749653e-02
-3.957982423409923262e-02 -2.016338245805517765e-02
-3.986940748830655051e-02 -2.075452660821762441e-02
-3.999253033265850327e-02 -2.099293060600727900e-02
-4.013394429755418047e-02 -2.125549195842194039e-02
-4.075339311280069821e-02 -2.223985362177195724e-02
-4.763582397546807512e-02 -2.687152832513059822e-02
-5.411113181726098786e-02 -3.115724361213965607e-02
-5.584801948364364471e-02 -3.371498173662098446e-02
-6.000932030365546677e-02 -4.016532745146082772e-02
-6.061052242903684772e-02 -4.223140583657850750e-02
-6.039628341599800193e-02 -4.303234124911362729e-02
-6.005004446952277170e-02 -4.348531844108395605e-02
-5.984095262351736555e-02 -4.376563780774381934e-02
-5.972799542405962669e-02 -4.400854704933287315e-02
-5.966673933466925400e-02 -4.448310127579095663e-02
-6.263055370275065481e-02 -5.036245764515798196e-02
-6.825955349012761963e-02 -5.883259181031353507e-02
-6.843433174463560420e-02 -6.949396613784065979e-02
-6.922798631851780071e-02 -7.259949394565655412e-02
-7.046376580213693785e-02 -7.424426863905464469e-02
-7.116472744116526805e-02 -7.608571773224577506e-02
-6.712577948192098576e-02 -8.124917447087086353e-02
-6.923902486454741600e-02 -8.561921192618857090e-02
-6.889972162035702674e-02 -8.845382605308109436e-02
-6.770594730858767174e-02 -9.466806593730668629e-02
-6.484424593957850702e-02 -9.974283722665368279e-02
-6.166285581654457754e-02 -1.024228793545651911e-01
-6.029418143946612546e-02 -1.066928753912140537e-01
-5.934970109807147232e-02 -1.111013652413115199e-01
-5.846783627758014162e-02 -1.152013323197174088e-01
-5.723334350152384925e-02 -1.188361285668672468e-01
-5.357518923030674118e-02 -1.221909727421322811e-01
-5.155735237097527207e-02 -1.251797880272499663e-01
-4.761700202473816146e-02 -1.297805224870925977e-01
-4.648374459866174563e-02 -1.305924271891607258e-01
-4.530342729512848443e-02 -1.323727608048220483e-01
-4.415062299355992925e-02 -1.354454707166621863e-01
-4.175024070915755309e-02 -1.373794023149797761e-01
-4.013809837165433630e-02 -1.384210734843245860e-01
-3.712092447893720892e-02 -1.403096069891394959e-01
-3.330752232725660289e-02 -1.451366018224996557e-01
-2.933370256307146762e-02 -1.490979333432265741e-01
-2.261051541525008896e-02 -1.533980548727016668e-01
-1.811771364593253025e-02 -1.565101943372789461e-01
-1.581430780134845601e-02 -1.605426878070843055e-01
-1.250125827894123763e-02 -1.637035696188319789e-01
-5.979496845004999075e-03 -1.681931938547989447e-01
-3.619418872493266985e-03 -1.732067992724591887e-01
-3.369615960905957084e-03 -1.746924595136328806e-01
-2.735541244297465691e-03 -1.766683242994516179e-01
-1.754388568560223379e-03 -1.781191992222159459e-01
-3.945215074054085960e-04 -1.791494959949729016e-01
4.099923301876742462e-03 -1.855310498029552613e-01
5.079905553339023917e-03 -1.863951413583330996e-01
6.754693407676417780e-03 -1.874118498685692913e-01
1.240740654452086866e-02 -1.985204946882519195e-01
1.650807135680420340e-02 -2.013495045488671309e-01
1.975625040017818870e-02 -2.034538548954923087e-01
2.175859840856961616e-02 -2.054562706243707459e-01
2.290660208769088740e-02 -2.086814147929617613e-01
2.425053158902085865e-02 -2.135814763624233614e-01
2.715875560158435842e-02 -2.157311370199183342e-01
2.885634401569198496e-02 -2.171416793098099873e-01
3.027710543649136596e-02 -2.214463455841238770e-01
3.125960102992721840e-02 -2.252853097408967498e-01
3.277031684671202066e-02 -2.271218868861719364e-01
3.595351793521572858e-02 -2.290170491618843396e-01
3.702474764056228745e-02 -2.306240438291921324e-01
4.000061277159615292e-02 -2.354315223050682804e-01
4.014660841297085225e-02 -2.355138169092179379e-01
4.017427820301598673e-02 -2.355293682371365493e-01
4.103474527915856873e-02 -2.360189488295642291e-01
4.465677733573732849e-02 -2.421915752173736114e-01
4.807478745413488325e-02 -2.442985723576648893e-01
4.995017124261864894e-02 -2.470439687774306226e-01
5.054631701678874434e-02 -2.495754127772107644e-01
5.220970402059606913e-02 -2.508791305004645089e-01
5.461239679776673517e-02 -2.523204914260830933e-01
5.725517339648419218e-02 -2.530105512602097151e-01
6.089526100248473378e-02 -2.525666053481708806e-01
6.397367919091767607e-02 -2.543418086576197390e-01
6.750941665413590087e-02 -2.566813943282609811e-01
6.955109687848284872e-02 -2.580604085647028034e-01
7.158947403245380370e-02 -2.594229611995464979e-01
7.375319773402853885e-02 -2.608183474972045057e-01
7.684778324856296472e-02 -2.625090657291955232e-01
8.329649753523382660e-02 -2.629309936972828443e-01
8.551572521434389063e-02 -2.645502931115021328e-01
8.709922471977234182e-02 -2.650112409710165262e-01
9.063417213501405445e-02 -2.640172964378649789e-01
9.317139739870426707e-02 -2.652447636695612343e-01
9.375417429996789342e-02 -2.660804965009399559e-01
1.036053737394973667e-01 -2.660334656383661067e-01
1.210294833854764773e-01 -2.618581633283562637e-01
1.257724823880910503e-01 -2.636292344270751986e-01
1.262470324811933997e-01 -2.641606263080467087e-01
1.268325386827451051e-01 -2.646155361901222913e-01
1.310327844907502870e-01 -2.602161615683665219e-01
1.358184344366523966e-01 -2.586296604383072073e-01
1.377364768881057522e-01 -2.583029936984054808e-01
1.388739119613811024e-01 -2.581208414307452625e-01
1.409326894297865673e-01 -2.577767912704512776e-01
1.466979034827194106e-01 -2.541949780808376858e-01
1.497274610621662505e-01 -2.509111213801003548e-01
1.504900371841843276e-01 -2.508382736154199932e-01
1.537617532772345419e-01 -2.492268779397003586e-01
1.602890215016819220e-01 -2.441934512990361905e-01
1.625884192111487214e-01 -2.413358195782320248e-01
1.651163207680688694e-01 -2.371529595457829154e-01
1.656808578498617235e-01 -2.362285504775261114e-01
1.772769564117204766e-01 -2.243984765655383240e-01
1.789412720948644620e-01 -2.211052965950329185e-01
1.789375575687743303e-01 -2.197938021633211170e-01
1.787861039270718100e-01 -2.194704051070056339e-01
1.781597717003303161e-01 -2.181621831276306378e-01
1.883243662253025752e-01 -1.998162046632623867e-01
1.882909032606263910e-01 -1.991280329359394752e-01
1.882532135044489574e-01 -1.989724368734966664e-01
1.881827607544416803e-01 -1.987590582565710029e-01
1.880716085694213446e-01 -1.984953276783157083e-01
1.878973555786641325e-01 -1.981156792194908312e-01
1.878860151399235345e-01 -1.962061751029569590e-01
1.939367443547416192e-01 -1.827864338611300543e-01
1.937877144846152366e-01 -1.822505621214200455e-01
1.937076237263922751e-01 -1.816754333505264385e-01
1.965153746175342109e-01 -1.737747519091068504e-01
1.964489256187818000e-01 -1.732152895296853734e-01
1.956456312875285986e-01 -1.692984315324749245e-01
1.946371978682460424e-01 -1.647425246856300818e-01
1.945538928466314654e-01 -1.622348387048347385e-01
1.958543243857359395e-01 -1.595139370854632699e-01
1.969703168733783205e-01 -1.552295555783729519e-01
1.959522182146185287e-01 -1.494752921172590732e-01
1.942985305649313488e-01 -1.417817387740180901e-01
1.954530338559834490e-01 -1.359904902349783895e-01
1.948609524461346054e-01 -1.320510433548953977e-01
1.925698561297086719e-01 -1.304268167829942537e-01
1.927380210446191788e-01 -1.283266226947562261e-01
1.937084679198990134e-01 -1.271085099834594889e-01
1.944957758134257808e-01 -1.249587664731166836e-01
1.944539063091821340e-01 -1.225991601983181106e-01
1.935328978280233536e-01 -1.169391556549249228e-01
1.915141736722780208e-01 -1.090984618536926937e-01
1.892375153446780589e-01 -1.054505154476389067e-01
1.864072984681878764e-01 -1.034981560872906547e-01
1.840520309057948611e-01 -9.592980063581786621e-02
1.819696307490839826e-01 -9.324796744300541118e-02
1.790955487913210853e-01 -9.083132393485314482e-02
1.793819194581165732e-01 -8.397986073690927311e-02
1.782881460475939372e-01 -8.334018021746499028e-02
1.752982714200664593e-01 -7.695248715187182065e-02
1.745489441743350023e-01 -7.431118104700359939e-02
1.731001623393396693e-01 -7.231222217103844274e-02
1.724902795882214679e-01 -7.189144421828529141e-02
1.715084854137218229e-01 -7.133844283941195852e-02
1.707058261683933598e-01 -7.085107451565189618e-02
1.716250846410029562e-01 -6.556888091969584331e-02
1.693813651990900282e-01 -6.225284681037681483e-02
1.644607368255952273e-01 -5.920856424076817448e-02
1.611941684395599428e-01 -5.557134265085483110e-02
1.580317196823034231e-01 -4.788221765031980964e-02
1.450553730363324245e-01 -3.921977959042095147e-02
1.388852600953258132e-01 -3.496824672381503712e-02
1.352493451914403566e-01 -2.926731561985500274e-02
1.334575615344271715e-01 -2.795857502505809042e-02
1.321759734108643725e-01 -2.709843782430675779e-02
1.305989950457610571e-01 -2.607808968042329978e-02
1.284742514177327488e-01 -2.473703100247989090e-02
1.240073055751838571e-01 -2.195125468689923184e-02
1.197600457163016663e-01 -1.922726648786315246e-02
1.067050577848863563e-01 -7.039313016595337251e-03
1.010625772003118789e-01 -3.557567213584907333e-03
9.045391528088526922e-02 -5.312883091003008963e-04
8.957957889114086247e-02 5.458783848075477585e-05
8.806668061687011884e-02 7.300894461580400467e-04
8.370964456297132206e-02 6.149534938534883827e-05
8.213618004728027999e-02 8.377927043075625389e-04
8.109588924055596837e-02 1.589358098199033240e-03
7.838102667082415265e-02 3.204010734874290084e-03
7.769059673190333026e-02 3.290234414813439194e-03
7.290368221102482005e-02 2.897712487699002047e-03
6.652592853632802172e-02 5.545769416476775682e-03
5.940500356587815473e-02 4.002068808826972530e-03
5.827781459722137375e-02 4.418615979786062915e-03
5.723719800080897396e-02 5.239947365235596115e-03
5.662351049864950553e-02 5.879251700148333676e-03
5.627683867610899782e-02 6.239100435257258215e-03
5.566203323891834309e-02 6.743900970205408789e-03
3.797043697398872625e-02 6.561964181633605717e-03
3.706498716067387761e-02 7.521484396494154505e-03
2.595939800075250728e-02 6.092370735792157835e-03
1.758429884357937817e-02 3.879148156224104631e-03
