-8.478478092274782663e-03 -3.348353478640206989e-03
-1.300693373315993905e-02 -4.716418126352000043e-03
-1.315061824393466347e-02 -4.899035541497748052e-03
-1.328904789182567062e-02 -5.073247944806385384e-03
-1.344335604627883152e-02 -5.262301926640322244e-03
-1.363604826777779777e-02 -5.489611163522768386e-03
-2.052641770308586897e-02 -8.100679846277094795e-03
-2.082546096652091588e-02 -8.423062628082405787e-03
-2.098598757619633826e-02 -8.598274521726951072e-03
-2.116182925212293717e-02 -8.789981429492627757e-03
-2.141267446818117398e-02 -9.059841509629419296e-03
-2.687050779469483605e-02 -1.122511187400694783e-02
-2.979000872651742932e-02 -1.677030367664187824e-02
-3.258276748339808404e-02 -1.909064683039549820e-02
-3.446465542307416974e-02 -2.147109202879536258e-02
-3.477761626104752118e-02 -2.479250249151035770e-02
-3.482115994042472157e-02 -2.750005695870645292e-02
-3.537324851204939891e-02 -2.918146962681731488e-02
-3.872611998546360290e-02 -3.400165351175084283e-02
-3.887578940496810159e-02 -3.647139046424865277e-02
-3.889288159038930409e-02 -3.679900730280719068e-02
-3.901142168982616593e-02 -3.890097487299478546e-02
-3.970065624349432970e-02 -4.587811648698296441e-02
-3.952407137387945607e-02 -5.286806634644762581e-02
-2.541419965898990621e-02 -7.419387698765003702e-02
-2.550780346645805177e-02 -7.534619411770547559e-02
-2.552123567960834158e-02 -7.690999408393599246e-02
-2.414197794157914301e-02 -7.953451260501123721e-02
-2.209497934174282918e-02 -8.537898382302556988e-02
-2.225345950859675126e-02 -9.019772258920517871e-02
-2.243358780482695297e-02 -9.362293094583876152e-02
-2.227742539542735406e-02 -1.002372028724509007e-01
-1.977780892672147475e-02 -1.052237763113339913e-01
-2.301185886847326514e-02 -1.110254827485147172e-01
-2.308883537927870419e-02 -1.128825833814100232e-01
-2.312354087775132100e-02 -1.150714775350865776e-01
-2.322149922637913727e-02 -1.170382191279817630e-01
-2.689724248860045699e-02 -1.231629552162957220e-01
-2.716821425054001538e-02 -1.240232050053354795e-01
-2.733620943042004356e-02 -1.260977715482667905e-01
-2.734715909734216494e-02 -1.284145974361398934e-01
-2.854145487326409034e-02 -1.312999471794070172e-01
-3.450671790205726841e-02 -1.372886439147235071e-01
-3.918958718868275487e-02 -1.458567370138576236e-01
-3.945887790045311122e-02 -1.473084695020561719e-01
-3.948702029810196440e-02 -1.477194885721524187e-01
-3.950634716868253044e-02 -1.482784721288259999e-01
-4.285265068951760181e-02 -1.562976602540099291e-01
-4.381944880536402243e-02 -1.638751380688210357e-01
-4.391426541006219347e-02 -1.651953945673285407e-01
-4.408543403215690187e-02 -1.678925219171924776e-01
-4.448153535924813384e-02 -1.833947134350925323e-01
-4.323551901842043188e-02 -1.918503687463981588e-01
-3.984381807459038555e-02 -1.956543428380772554e-01
-3.780134707372157649e-02 -2.015931117238994597e-01
-3.776512728113468054e-02 -2.037301695804968893e-01
-3.537499787736205631e-02 -2.081466333941127955e-01
-3.272405648534874173e-02 -2.112802738416388326e-01
-2.987088433611814753e-02 -2.143205921947994586e-01
-1.876508980553886347e-02 -2.222373382735414182e-01
-1.778621815322107766e-02 -2.233356536242449841e-01
-1.628072850425694995e-02 -2.246576583576658515e-01
-1.198957266420625119e-02 -2.253474177390751565e-01
-8.817591909506010059e-03 -2.257131957306050540e-01
-7.296883378726277437e-03 -2.266952808502957217e-01
-6.765210836358695641e-03 -2.273378245291758082e-01
-5.982338046510355702e-03 -2.282148935101102338e-01
-4.255817282915657328e-03 -2.291745904374780096e-01
3.559830076163025912e-03 -2.296959968103650940e-01
7.690644629366923113e-03 -2.309966518841122529e-01
8.572415919016775770e-03 -2.321790074395994607e-01
1.557323596520956976e-02 -2.339044561707819270e-01
1.868027434117472754e-02 -2.351191986861640437e-01
2.081953165275360340e-02 -2.372426913577046492e-01
2.576694722089025238e-02 -2.381350444166022429e-01
3.057957245962326931e-02 -2.383119333223819303e-01
3.350537833289525536e-02 -2.383713178168196112e-01
3.703809572499683345e-02 -2.384517598132580574e-01
4.960770783910144199e-02 -2.351083650177735462e-01
5.116682666873093727e-02 -2.351459535071402096e-01
6.324588901438191191e-02 -2.318806838334766529e-01
6.378379120405995584e-02 -2.318430105018933762e-01
6.406058244090931386e-02 -2.318664193422562969e-01
6.470235610650271196e-02 -2.319766699266491150e-01
6.537374102847939850e-02 -2.320728937023735228e-01
7.003531852597603968e-02 -2.287640621548125697e-01
7.124316251331999639e-02 -2.283519634753023719e-01
7.209288063006702441e-02 -2.284563891156269899e-01
7.306484442987604133e-02 -2.286272188725662624e-01
7.722025684027858383e-02 -2.256332349422611461e-01
7.939974424645769580e-02 -2.248864015930845672e-01
8.046228234028847404e-02 -2.251987233966896984e-01
8.592511640419707442e-02 -2.212738206913315575e-01
9.146944082029340173e-02 -2.179418846331163673e-01
9.204306665399995813e-02 -2.181322349396205285e-01
9.260740840342561453e-02 -2.181803868650627476e-01
9.748858230173734762e-02 -2.143315701525772554e-01
9.807202380936329289e-02 -2.142734242132247890e-01
9.844660968305433968e-02 -2.143256906564794673e-01
9.874135690649069041e-02 -2.143939698894248569e-01
9.918465260402309358e-02 -2.145119594089388571e-01
9.948605673828914142e-02 -2.145887794839472229e-01
9.958184223365083854e-02 -2.146113547987816284e-01
9.989226058783126638e-02 -2.146750327486670606e-01
1.042324448400782505e-01 -2.078306317629937117e-01
1.061195692876969882e-01 -2.071092341747277632e-01
1.065702105902588404e-01 -2.072006990280580163e-01
1.069493473796455929e-01 -2.072964810916785861e-01
1.078488381912597327e-01 -2.074798484273843169e-01
1.195425448932108531e-01 -1.936861140241900037e-01
1.215054890720048825e-01 -1.926007776613025135e-01
1.220937403561443285e-01 -1.927257883178115916e-01
1.233646387151456775e-01 -1.930117764429143679e-01
1.244703233672980608e-01 -1.922699323732914856e-01
1.250856954294409518e-01 -1.885884545250293698e-01
1.280878726045294735e-01 -1.858276771066191546e-01
1.284967982481765580e-01 -1.846784984308616206e-01
1.284158362995571623e-01 -1.828467006004779738e-01
1.316600464167265727e-01 -1.789810664221485048e-01
1.325230919655886741e-01 -1.766101089582191863e-01
1.324785329445267446e-01 -1.763955191500211073e-01
1.323638221811713478e-01 -1.757481003471837167e-01
1.405050712019423331e-01 -1.648521513826758933e-01
1.405197489471668448e-01 -1.645289675937805507e-01
1.405254214893026099e-01 -1.643153489849674964e-01
1.405296833748843899e-01 -1.639492426571024508e-01
1.405290786408604775e-01 -1.635564292921257434e-01
1.405247173742712186e-01 -1.630235053015227364e-01
1.428041029972531850e-01 -1.577768973664459284e-01
1.447110059001254223e-01 -1.512746995996319677e-01
1.447466097072748203e-01 -1.504435074468892519e-01
1.448672705928198690e-01 -1.495465698712118707e-01
1.489054680639984307e-01 -1.399864863892066602e-01
1.489714991092504215e-01 -1.390233800643068951e-01
1.494565770652829528e-01 -1.298529500193286168e-01
1.482609526086461071e-01 -1.207787876128034454e-01
1.462015398855583959e-01 -1.173483979331073068e-01
1.460961638695299214e-01 -1.141087117863877343e-01
1.489123366448666941e-01 -1.086062241999244810e-01
1.499162799085511921e-01 -1.070081533502745402e-01
1.503176002832868619e-01 -1.049661762743723109e-01
1.504820822982645967e-01 -1.021651506802994241e-01
1.502399578308518391e-01 -1.002722939943613278e-01
1.484152088643373169e-01 -9.752645405670282153e-02
1.470804501322321156e-01 -9.566862819500029924e-02
1.469399080571367200e-01 -9.427441324336487127e-02
1.469931252890570861e-01 -9.370825336346147449e-02
1.469930415892710951e-01 -9.300016166380267735e-02
1.434861353036001597e-01 -8.641526831056683955e-02
1.434895752600954810e-01 -8.139060146249534056e-02
1.431226440989863402e-01 -8.028833847777626376e-02
1.427162367294631529e-01 -7.961581402529752105e-02
1.418788270182118894e-01 -7.869295411842616716e-02
1.411045530502839929e-01 -7.791811765333589435e-02
1.401886261827511304e-01 -7.415751867224627814e-02
1.391742811119000001e-01 -7.188659664782691416e-02
1.387119468861440219e-01 -7.138956343557119333e-02
1.367028608049414284e-01 -6.633791293804218447e-02
1.358572616174490433e-01 -6.439689072688284388e-02
1.349832715031422381e-01 -6.346238356201931718e-02
1.343835989769231465e-01 -6.284427066435194220e-02
1.330864439803097488e-01 -5.818712600354503106e-02
1.314891260986792709e-01 -5.576381495630140100e-02
1.292260421883601185e-01 -5.337183644534630039e-02
1.274991858916651177e-01 -5.139085017018960727e-02
1.260982411234931322e-01 -4.866042442699577975e-02
1.261952528271136909e-01 -4.541467390276446303e-02
1.234568204310667744e-01 -4.227136817442870426e-02
1.188288909876532989e-01 -3.830552069157893563e-02
1.165614859589004099e-01 -3.580760208945178019e-02
1.146100619096731971e-01 -3.369088846320207609e-02
1.137144981968196827e-01 -3.276139240394336516e-02
1.129432780547209442e-01 -3.199896643612017144e-02
1.118660642140566069e-01 -3.103634142187136971e-02
1.104054863663935793e-01 -3.026138303342628885e-02
1.067706561093496181e-01 -2.918154382234607047e-02
1.058338143579674179e-01 -2.822623261846478673e-02
9.942926270252533394e-02 -2.238473331274178774e-02
9.628703987566909761e-02 -2.181843664633257435e-02
9.331164291653079590e-02 -1.723458540944781611e-02
9.349166584563153859e-02 -1.540172765822780086e-02
9.223486547730468110e-02 -1.467576923476039338e-02
8.982132092252764766e-02 -1.458284776019114562e-02
8.853136295463288896e-02 -1.348798249342820360e-02
8.737307168833777227e-02 -1.208566947821097283e-02
8.134255427715565701e-02 -9.712625491304655717e-03
7.997243215780668046e-02 -7.897167752602737151e-03
7.722767983170286676e-02 -6.573397974346434185e-03
7.157984026995185822e-02 -6.532612531608809198e-03
6.730078216834603499e-02 -6.152708415449061226e-03
6.557105330457935199e-02 -4.933997522431908360e-03
6.342459235515257587e-02 -2.487204513852811234e-03
5.351121576405265534e-02 -1.918039371778704032e-03
4.909374030848271536e-02 -1.773851507340780398e-03
4.663307473745618992e-02 -1.698899845681929241e-03
2.135579248961427465e-02 -7.603827910568259317e-04
1.236475331155916652e-02 -4.104765375125220186e-04
5.583713044240414848e-03 -2.339119579696295921e-03
1.789460981663021800e-03 -1.930590771445580417e-03
