-2.904604723142519256e-03 -2.244188110749790240e-03
-2.159988431691362010e-02 -2.636177092474338048e-03
-2.160175367724871329e-02 -2.667173227172065560e-03
-2.160205644536717165e-02 -2.672364887622081728e-03
-2.160277944065010225e-02 -2.684959834570647616e-03
-2.160494458737257512e-02 -2.724361246134690551e-03
-2.160724289378978050e-02 -2.768903358552304676e-03
-2.160863916215818165e-02 -2.797220016605572387e-03
-2.160897013026969252e-02 -2.804055359591202910e-03
-2.160923695604267600e-02 -2.809597332201538462e-03
-2.160945087683530802e-02 -2.814059751681396646e-03
-2.160985996618210864e-02 -2.822638531822007149e-03
-2.161064042960846379e-02 -2.839152804209339916e-03
-4.527074667743865438e-02 -1.250947768726284361e-02
-4.538051192716649473e-02 -1.446536641491302268e-02
-4.387216723274917074e-02 -1.749120771285100906e-02
-4.489742391478323408e-02 -2.459092873885900324e-02
-4.470405838978405016e-02 -2.718192419048585592e-02
-4.423594651752478513e-02 -2.869553593857375809e-02
-4.374897471882791683e-02 -2.988822925150658866e-02
-4.360920364392822240e-02 -3.021215091731437735e-02
-4.288607601109230977e-02 -3.272922062449724195e-02
-4.349009202908275806e-02 -3.672273641730433580e-02
-4.393934748678290925e-02 -4.057647901049217520e-02
-4.819199590788580262e-02 -4.679239966917833615e-02
-4.938249696576994113e-02 -4.975373699995819243e-02
-5.276953251699394165e-02 -5.149466234352597510e-02
-5.212004752443286787e-02 -5.315037270212911308e-02
-4.972358973029420565e-02 -5.780601112027106137e-02
-5.647586604439922692e-02 -6.310347425869479443e-02
-5.676932008026831095e-02 -6.441435884606752649e-02
-4.754968679803482645e-02 -7.006899648450309881e-02
-4.674640228592635838e-02 -7.306775345890667572e-02
-4.630815695853215258e-02 -7.556030720240425325e-02
-4.565947471339998343e-02 -7.783019626809249691e-02
-4.582045533350333905e-02 -8.115430868533538011e-02
-4.463881715739554529e-02 -8.315233233002526647e-02
-4.497228751821728127e-02 -8.660121043820651066e-02
-4.596452807098139887e-02 -8.904010610107881973e-02
-4.628781728604534906e-02 -9.569475665528706654e-02
-4.385286988690133281e-02 -1.011680672366584155e-01
-4.330449565711871895e-02 -1.030606837959409938e-01
-4.402470096793455190e-02 -1.064036736144605005e-01
-5.375761260507008060e-02 -1.263808526949121991e-01
-5.341940491682613951e-02 -1.275840157050908141e-01
-5.289359277677733312e-02 -1.281364255583852807e-01
-5.169184884360603083e-02 -1.291716897402476194e-01
-4.994101906359450782e-02 -1.307270343176865635e-01
-4.861277416715593935e-02 -1.320706554566150881e-01
-4.740983008304054669e-02 -1.335288806338160161e-01
-4.673071121472135991e-02 -1.345581266526190145e-01
-4.534344538775187533e-02 -1.406509571168433059e-01
-4.500347070002636701e-02 -1.444109896728687226e-01
-4.461232530435671473e-02 -1.460958044156150104e-01
-4.596916567415411381e-02 -1.558616764110203889e-01
-4.976326694005554080e-02 -1.642654795520765432e-01
-5.063095698416505974e-02 -1.659704059204065441e-01
-5.036957295786387984e-02 -1.671679867833343602e-01
-5.016855044374608774e-02 -1.677155381502662412e-01
-4.968771893144544732e-02 -1.686804686110634499e-01
-5.254351749691187068e-02 -1.839794902840559132e-01
-5.254352922857811331e-02 -1.839795178731919167e-01
-5.254353321808583055e-02 -1.839795272553217398e-01
-5.254353742433343077e-02 -1.839795371472033036e-01
-5.254356754446463246e-02 -1.839796079823952379e-01
-6.223909578333793741e-02 -1.973225176131539471e-01
-6.120223599004737808e-02 -1.978585530393043024e-01
-5.941845694332413552e-02 -1.985678767952642199e-01
-5.188137269495386034e-02 -1.992285231184915406e-01
-4.794828439711674301e-02 -2.004945599356015296e-01
-4.722540714433677567e-02 -2.031236323690122081e-01
-4.800460887425877371e-02 -2.060389649226564701e-01
-4.837027406329268836e-02 -2.072218469549790276e-01
-4.617238207377417220e-02 -2.079210014936533624e-01
-3.787137720089676224e-02 -2.077915704050584678e-01
-3.248935711002712279e-02 -2.104662091744021746e-01
-3.205137887296746063e-02 -2.091200425428583753e-01
-2.643645472191655590e-02 -2.046830898533854859e-01
-2.026343806002858447e-02 -2.013119203326360351e-01
-1.995309097464795581e-02 -2.013496310979231152e-01
-1.839150681111080543e-02 -2.017258117182708643e-01
-1.663151180007349170e-02 -2.051701735802917703e-01
-1.650675667502669169e-02 -2.092889053113975717e-01
-1.309273373579863432e-02 -2.090633346790573832e-01
-1.059188540309887079e-02 -2.088873172806522682e-01
-7.480752120618657658e-03 -2.087837694472806926e-01
-4.774595107131292954e-03 -2.085367214942038250e-01
-1.735672542380362147e-03 -2.089038786835902828e-01
1.329772409984324817e-03 -2.095673243960965160e-01
3.363195990606626488e-03 -2.100173054730831157e-01
8.492775653267527897e-03 -2.075276057684861397e-01
1.142079760302423808e-02 -2.069378350001886135e-01
2.011466615551402159e-02 -2.032804124138697099e-01
2.372612687268691595e-02 -2.042160608710266723e-01
2.588608878478057540e-02 -2.046717405746790175e-01
2.889135988633790078e-02 -2.031321630925226884e-01
4.042092259487971989e-02 -1.974372753426467120e-01
4.154305691466206318e-02 -1.976400886301004911e-01
4.168033408751760371e-02 -1.976670031611733880e-01
5.240025925081019664e-02 -1.955900752388668173e-01
5.759022421819756654e-02 -1.950468152556233126e-01
6.049351471268368113e-02 -1.970613989704064761e-01
6.109328536467861781e-02 -1.976714543294185167e-01
6.195478957766435008e-02 -1.981811136124175532e-01
6.317054572840770377e-02 -1.989204072754131580e-01
7.529371358868110209e-02 -1.931782029305202653e-01
7.655593233788542118e-02 -1.943367519058181170e-01
7.765734433926337055e-02 -1.951700388531429076e-01
7.909100952442986443e-02 -1.960473238416620689e-01
8.055222988901478143e-02 -1.967619537501874849e-01
8.126534185004068156e-02 -1.970420456117977781e-01
8.185918034939461407e-02 -1.972349761755480546e-01
8.284359130799238968e-02 -1.974543844307242169e-01
8.230441598764298705e-02 -1.839546098859544121e-01
1.100013293782362706e-01 -1.761536417225399442e-01
1.100013315057502272e-01 -1.761536443974783261e-01
1.100013328933502343e-01 -1.761536461421159827e-01
1.100013349578776167e-01 -1.761536487378559945e-01
1.100013349781169963e-01 -1.761536487633030557e-01
1.261925425390503508e-01 -1.692773099131860692e-01
1.261926815484453179e-01 -1.692771299366997440e-01
1.261928286627974627e-01 -1.692769395061389792e-01
1.261928699885023486e-01 -1.692768860198350100e-01
1.261928790027639913e-01 -1.692768743534409370e-01
1.261928829724647261e-01 -1.692768692158423960e-01
1.261928857353976918e-01 -1.692768656400638061e-01
1.262692559987519669e-01 -1.691832955453889953e-01
1.262692644907240092e-01 -1.691832857022151915e-01
1.262692662691221879e-01 -1.691832836408618534e-01
1.262692676811494885e-01 -1.691832820041752616e-01
1.262692700686287028e-01 -1.691832792368458682e-01
1.262692723803163219e-01 -1.691832765573754449e-01
1.297985274844820625e-01 -1.639398355469260937e-01
1.297882769799635350e-01 -1.637739096851110188e-01
1.297364760268674699e-01 -1.627696931223379939e-01
1.297426638465672410e-01 -1.612713562686198254e-01
1.297731114343227132e-01 -1.607241531212386110e-01
1.298541960034575171e-01 -1.598580888198674055e-01
1.390243420529047036e-01 -1.546435619931099958e-01
1.381012582156647683e-01 -1.460155226064175360e-01
1.356999812250816173e-01 -1.428146968477223278e-01
1.320803928923161563e-01 -1.383065374289957350e-01
1.305402440747523429e-01 -1.351201011923633677e-01
1.315046477545875891e-01 -1.253041292517079186e-01
1.309419087142063010e-01 -1.224962215023854689e-01
1.317987061104053947e-01 -1.166694716593059261e-01
1.327545533172389547e-01 -1.134007373089437332e-01
1.341142427121861935e-01 -1.104876956525795567e-01
1.343941932688470786e-01 -1.019988145315866013e-01
1.373067429434148279e-01 -9.744005258670722369e-02
1.371468608727826610e-01 -9.697829194862973845e-02
1.417109446280003238e-01 -8.167853712166464608e-02
1.408419537830665758e-01 -7.585256063786136038e-02
1.400373827752978972e-01 -7.450203689942648533e-02
1.387234171778075897e-01 -7.357710134874728691e-02
1.383698839784370804e-01 -7.340201270545035350e-02
1.375281224835636362e-01 -7.303218366955886720e-02
1.341253794961010937e-01 -6.618307406614003241e-02
1.338011043179664350e-01 -6.455194620076205869e-02
1.322650053626057975e-01 -6.012809424685807563e-02
1.240293172238184499e-01 -6.284875032592210364e-02
1.222940631301269870e-01 -6.215614849418426430e-02
1.209182746013210408e-01 -6.149041673027000332e-02
1.190096157374290337e-01 -5.926405776498702010e-02
1.188666323998581048e-01 -5.643011199499076841e-02
1.183176955625827725e-01 -5.407205915030081911e-02
1.182503839135203988e-01 -5.205344505898453628e-02
1.142697945213178162e-01 -4.920477678755756645e-02
1.062883990171082926e-01 -4.664588335980869582e-02
1.060256479651675854e-01 -4.410072982524348983e-02
1.058969741208135029e-01 -4.299529211318670746e-02
1.023004137426030274e-01 -4.438603218224289326e-02
1.023003765683645067e-01 -4.438605437642746676e-02
1.023001235175017704e-01 -4.438620545558530361e-02
8.654981606152863105e-02 -5.210696716039055210e-02
8.438663479869594475e-02 -5.080053721636592495e-02
8.347548824208947393e-02 -5.037651202179171950e-02
7.586510331332504964e-02 -4.529472703102897096e-02
7.427975975197817493e-02 -4.461501236217753352e-02
6.867211623369758045e-02 -4.015295917150719235e-02
6.905466755057142192e-02 -3.916562002163005707e-02
6.607018538044141798e-02 -3.771429781949371673e-02
5.688866970159669328e-02 -3.937381891360783315e-02
5.384159533221946625e-02 -3.856631729518369966e-02
5.263069105092704064e-02 -3.772477426418419100e-02
5.076879004438295678e-02 -3.570626140430237933e-02
5.039752775628959791e-02 -3.534503121733170022e-02
4.631130299719554005e-02 -3.573715078102470549e-02
3.403045255433979205e-02 -3.583822953140158168e-02
2.665212033380438827e-02 -3.319768576563032758e-02
2.443092166440045260e-02 -2.953089366831343140e-02
2.240024832159687174e-02 -2.122547856963369339e-02
4.913670669802671850e-04 -1.993860274207955724e-02
-1.506193711944729154e-03 -1.756837641819898946e-02
-2.011428124649842532e-03 -1.189007718767666130e-02
1.495231554882666585e-03 -4.085426261156484967e-03
7.833343246579578577e-04 -3.365176941790305569e-03
4.637574644834532986e-04 -3.075249136472114810e-03
-1.698461169263658062e-04 -2.517969568487328936e-03
