-5.394349404741943842e-04 -4.997827037031732540e-03
-2.460263599876930107e-03 -7.588732992063834670e-03
-2.874354780449450697e-03 -9.533664172721705715e-03
-3.704124615317009196e-03 -1.175324775629747048e-02
-4.437016443465797294e-03 -1.418703011066432124e-02
-4.933008599039724086e-03 -1.706706945645373660e-02
-5.288133888694344226e-03 -1.984249216074494837e-02
-5.676843810827242147e-03 -2.229136008476817823e-02
-6.262067779922183761e-03 -2.501370604484364976e-02
-7.315774428458200924e-03 -2.911778761501991608e-02
-8.656216057332662486e-03 -3.378961145452603898e-02
-1.201221579149753214e-02 -3.793923364574337126e-02
-1.555363540477945269e-02 -3.869390921593617028e-02
-1.784439679106264443e-02 -3.936958089187072435e-02
-2.230665719496587387e-02 -4.142160694185580139e-02
-2.751627105791043179e-02 -4.423411609136923550e-02
-2.816706788679749010e-02 -4.472332105713589662e-02
-2.953684487583022045e-02 -4.562933385386613167e-02
-4.422280418825410425e-02 -4.835514391793316324e-02
-5.300634955764457062e-02 -4.839153802124929876e-02
-5.349688200551279416e-02 -4.890608510276943377e-02
-5.412592304368285534e-02 -4.950155454588835852e-02
-5.711244833079300032e-02 -5.019901304460772096e-02
-5.750679589265237507e-02 -5.053585658898810534e-02
-5.791203001439695908e-02 -5.080012728215659717e-02
-7.922283937636932782e-02 -5.286788125180490877e-02
-7.940913938422256013e-02 -5.301707732194241990e-02
-7.997788856823968839e-02 -5.362007708953522855e-02
-8.348230204762174811e-02 -5.484514902943242454e-02
-8.810375658978397695e-02 -5.637966623723709991e-02
-8.848014616524162157e-02 -5.656984228959292121e-02
-8.981496120545552631e-02 -5.732794105287680048e-02
-9.823230049780649897e-02 -6.139198418830130871e-02
-1.034949200599480368e-01 -6.446411066110561972e-02
-1.049553540895697412e-01 -6.460113685948493112e-02
-1.064971776744014498e-01 -6.465492127602018302e-02
-1.092048985423894336e-01 -6.466302987310516837e-02
-1.130679700210433375e-01 -6.460886972631421643e-02
-1.168118981097905351e-01 -6.458031615210346743e-02
-1.205037186107867225e-01 -6.867300272486089041e-02
-1.062738736863408501e-01 -9.153715080197408205e-02
-1.075769970226722605e-01 -9.373497148520404387e-02
-1.083134846158604198e-01 -9.446818302339543560e-02
-1.060761335875794603e-01 -9.924121956002136813e-02
-1.062652213634181358e-01 -1.004719519580385967e-01
-1.065179741649688733e-01 -1.012667694812447727e-01
-1.086769387862641795e-01 -1.056142647869451473e-01
-1.090471461792821145e-01 -1.098349209027438822e-01
-1.185412956181065847e-01 -1.112870663907328667e-01
-1.197986042913931487e-01 -1.117588743793181544e-01
-1.202538144496357736e-01 -1.119315379541098721e-01
-1.221734554436268022e-01 -1.126777430736549401e-01
-1.234412455545859100e-01 -1.144038912527922253e-01
-1.236482109288291886e-01 -1.164718393169422439e-01
-1.238617421873815377e-01 -1.185389406922900402e-01
-1.247311520301276760e-01 -1.201748829550581266e-01
-1.258552348099775120e-01 -1.207020657199573965e-01
-1.269820940429723655e-01 -1.208093584098022949e-01
-1.291957371493097639e-01 -1.207684437496607116e-01
-1.260767729223933320e-01 -1.439271874450686606e-01
-1.260982305794954572e-01 -1.440926932967429575e-01
-1.261028081402129075e-01 -1.445281467139826748e-01
-1.265459905866812562e-01 -1.479906971932639093e-01
-1.279027967733653015e-01 -1.482965749400013966e-01
-1.289823310043595184e-01 -1.484262549772732420e-01
-1.301949318546071488e-01 -1.485224762671257526e-01
-1.312565345022438101e-01 -1.485817666242632840e-01
-1.323225834792345346e-01 -1.486260862979553177e-01
-1.340888991740719072e-01 -1.486777487100092721e-01
-1.212844659577971274e-01 -1.723668779943794971e-01
-1.201052800204255727e-01 -1.727784066274925812e-01
-1.145358059417582869e-01 -1.818706574855670499e-01
-1.016074217738718310e-01 -1.956496738850494466e-01
-7.608979935581955401e-02 -1.881478033048666065e-01
-6.705605551457753666e-02 -1.873848380827686511e-01
-6.391668243605554134e-02 -1.896996161015538362e-01
-5.967291672398633562e-02 -1.925955168140552343e-01
-2.705465802268340256e-02 -1.676885280117785815e-01
-2.637001056834759050e-02 -1.725588900471509701e-01
-2.472889324755028068e-02 -1.755939572843407126e-01
-2.722188008222856809e-02 -1.836023738286767792e-01
-2.967133859031520493e-02 -1.881945400717045525e-01
-2.957397816399134904e-02 -1.882243497374521124e-01
-2.718347569337412409e-02 -1.866898701790651594e-01
-1.607353994298412608e-02 -1.691166720632873155e-01
-1.607353994071724496e-02 -1.691166720621624375e-01
-1.607353993789149837e-02 -1.691166720607602258e-01
-1.607353993637776479e-02 -1.691166720600090490e-01
-1.607353993336149353e-02 -1.691166720585122740e-01
-1.602292789203157292e-02 -1.690924117057241716e-01
-1.582054297103254598e-02 -1.690106595364822273e-01
-1.549059217223979802e-02 -1.689181809251547317e-01
-1.543651650533260644e-02 -1.689067417001376692e-01
-1.543633773863740434e-02 -1.689067053316194444e-01
-1.543633287488532617e-02 -1.689067043422615433e-01
-1.541540064723998307e-02 -1.689025094981612962e-01
-1.525007069436177566e-02 -1.688734121264549026e-01
-1.518194916972967316e-02 -1.688632320032213141e-01
-1.515780987388742895e-02 -1.688598393145500365e-01
-1.511700156837384769e-02 -1.688543354483808823e-01
-1.506669119292432940e-02 -1.688479141733024991e-01
-1.502788738374022035e-02 -1.688432045973087270e-01
-1.498461625346160161e-02 -1.688381683948710077e-01
-1.493843688755282402e-02 -1.688330044823470322e-01
-1.489391269117276359e-02 -1.688281889390163548e-01
-1.485556907820676648e-02 -1.688241360502308885e-01
-1.471849273532014127e-02 -1.688098670621663577e-01
-1.454793007151868392e-02 -1.687905007286452930e-01
-1.449852166841199275e-02 -1.687840047310946445e-01
-1.443661337581292337e-02 -1.687750013090125456e-01
-1.432680909267560615e-02 -1.687558537476025466e-01
-1.424393015770651291e-02 -1.687376754768065146e-01
-1.418717691109249758e-02 -1.687227102281231572e-01
-1.410330540548858543e-02 -1.686956060221755371e-01
-1.402128583668071395e-02 -1.686613365760770977e-01
-1.394081231741102316e-02 -1.686171144861548787e-01
-1.389265829147323661e-02 -1.685837140462311257e-01
-1.386260823768664836e-02 -1.685594393894226661e-01
-1.378379487078613616e-02 -1.684787414853333720e-01
-1.363336544536599380e-02 -1.681863880801025002e-01
-1.363052991642864017e-02 -1.681772924725519480e-01
-1.362634613757652408e-02 -1.681634276306142040e-01
-1.332500551140933069e-02 -1.656919472526995341e-01
-1.177591448295741902e-02 -1.640773180485498584e-01
-1.133079143025025014e-02 -1.638792979849447440e-01
-1.038382154685786769e-02 -1.635851765578120454e-01
-8.239408217015084870e-03 -1.632374748303871415e-01
-3.816725859613160146e-03 -1.629391422401555434e-01
1.768408733940662544e-03 -1.625352603396752471e-01
3.529686295057112184e-03 -1.621563015743800462e-01
4.197988388820387932e-03 -1.618927372636729811e-01
4.600753091549000112e-03 -1.616716954332903800e-01
5.918342307147549629e-03 -1.591400180547526133e-01
1.286431406307663936e-02 -1.538506982700429682e-01
1.554210173864201301e-02 -1.503356903595780558e-01
1.718001700712204483e-02 -1.481506003219156542e-01
1.722534150317477780e-02 -1.479455701847020577e-01
1.725316848963081087e-02 -1.477227522408735838e-01
1.727481886971437425e-02 -1.471936221453916671e-01
1.738047934986295534e-02 -1.467593347753714805e-01
2.638782403469386306e-02 -1.440612791429066175e-01
2.955055786558015082e-02 -1.413215508737135362e-01
2.986676227022013949e-02 -1.398831942297712461e-01
3.037224845304334342e-02 -1.383435817892023079e-01
3.128848580541167268e-02 -1.371483869384092225e-01
3.211047064513424670e-02 -1.366207050902996933e-01
3.298961843079004780e-02 -1.362903104352759798e-01
3.700154450857882221e-02 -1.375310026127735119e-01
2.337353689761694636e-02 -1.248869202405253898e-01
2.339970510481839683e-02 -1.245660909531663973e-01
2.343226813585217588e-02 -1.242391346617603975e-01
2.348351971113171038e-02 -1.238124614648932614e-01
2.354802457611570796e-02 -1.233671430973421052e-01
2.357068510426740815e-02 -1.232275454887015592e-01
4.714689275704496418e-02 -1.034669169001995459e-01
4.655136837924257753e-02 -1.020532642331092726e-01
4.613287526672912864e-02 -1.016405252860852620e-01
4.473918214929857584e-02 -1.012067305385273841e-01
4.333697525821172264e-02 -9.959660570622123898e-02
4.298453456918242821e-02 -9.813857952027420228e-02
4.307008938841570822e-02 -9.673393321735410111e-02
4.364847172297798422e-02 -9.556265189286071438e-02
4.436619105953584080e-02 -9.412670497216621412e-02
4.165775230661607903e-02 -8.610335902702095923e-02
4.093272814927757797e-02 -8.091628172940698582e-02
4.094972443665865353e-02 -8.019646450616833844e-02
3.888803563423486043e-02 -7.564020780132812982e-02
3.940997400434468473e-02 -7.113068349880923014e-02
4.184439495686616967e-02 -6.651597126144588590e-02
4.342313272728659523e-02 -6.053976877100362280e-02
4.365727989546541732e-02 -5.775903667784123424e-02
4.380586354124930276e-02 -5.432514380851694025e-02
4.711051652168730258e-02 -4.525103669288608327e-02
4.754966292767040525e-02 -4.324286824782370281e-02
3.699593020797915105e-02 -4.696626351019835693e-02
3.041988209518358202e-02 -4.769055247855894658e-02
3.037777649213498077e-02 -4.769037118355724109e-02
3.037598702560067795e-02 -4.769036327655429286e-02
3.032160930013264033e-02 -4.769011625072594462e-02
1.707972798476617773e-02 -4.928928791270406617e-02
1.719109314156904572e-02 -4.676381410746358047e-02
2.309882372776140419e-02 -3.839149108762129892e-02
2.194407643360583859e-02 -3.587356980489849606e-02
1.895639163658973878e-02 -3.484231487638121683e-02
1.771763330076113127e-02 -3.472793316683301518e-02
1.672157343504202670e-02 -3.439274038418632662e-02
1.557824240286218541e-02 -3.348621987918892762e-02
1.497420501580259272e-02 -3.207456352983008296e-02
1.472214565720203309e-02 -2.993314209668646725e-02
1.304311916629030330e-02 -2.770761304529582858e-02
1.346550271974241569e-02 -2.338088634811387803e-02
1.489374032487557516e-02 -1.420537422148933533e-02
1.330638773226312105e-02 -5.829561979379114731e-03
1.253378520606443502e-02 -1.429296667580051824e-03
1.167857789705608641e-02 -4.443412126745255666e-05
4.390897066273023903e-03 -4.408792575497104752e-03
2.266225619500423800e-03 -4.170867815701843721e-03
1.403926464340628883e-03 -3.781015568465782243e-03
1.871178867435225679e-04 -2.360074320695607422e-03
