-3.362645629631443814e-04 -2.126695803306175546e-03
-7.723644248727735669e-04 -4.196150273781509669e-03
-1.314451723812158114e-03 -5.996613434548369974e-03
-2.760854897612262816e-03 -8.403762968314328410e-03
-4.349943953456168397e-03 -1.132934730705776119e-02
-5.067016038579352094e-03 -1.435453194642868913e-02
-5.346637315768345937e-03 -1.700088834779935748e-02
-6.121920445507245991e-03 -1.928545550757552671e-02
-7.678123392351082419e-03 -2.092033010071015289e-02
-8.312533571231463594e-03 -2.242128423206396839e-02
-9.965776269567171511e-03 -2.464913166303523209e-02
-1.152388635638946189e-02 -2.780916888041718923e-02
-1.269840521082462106e-02 -2.846188838881219194e-02
-1.326213140585570487e-02 -2.874576118760682059e-02
-1.512897540708838494e-02 -3.186546856055674781e-02
-1.953053422159677782e-02 -3.534552509112087043e-02
-2.035636440261202537e-02 -3.648022042624755185e-02
-2.931796534580943456e-02 -4.079231623546469843e-02
-4.443838799975095150e-02 -4.988305640581176120e-02
-5.325409876000850723e-02 -5.581352883183141739e-02
-5.546509631207678648e-02 -5.807183949196285250e-02
-6.029323125178193132e-02 -6.193789057576767204e-02
-6.618478011130381200e-02 -6.594322888754204637e-02
-6.826103767766458774e-02 -6.777722144148504158e-02
-6.873453495436086802e-02 -6.919220799121145182e-02
-7.093114350237419985e-02 -7.069805418742008962e-02
-7.210323632903388458e-02 -7.193671619629915526e-02
-7.217712392704923874e-02 -7.275387612591542597e-02
-7.428072292187494485e-02 -7.503843646407357126e-02
-7.648500016409225111e-02 -7.882539201310191646e-02
-7.679049179347474663e-02 -8.066490669604002572e-02
-7.637698947092035062e-02 -8.418925267393354006e-02
-7.925694163362534406e-02 -9.014765988658794693e-02
-8.453785926788891236e-02 -9.110877286168214684e-02
-8.811661924508262800e-02 -9.017522814798074882e-02
-9.084245219176774466e-02 -9.056247621916839463e-02
-9.241428180986964447e-02 -9.288069903440936137e-02
-9.322852802039145736e-02 -9.335979057567027339e-02
-9.403076737645897631e-02 -9.427755952286669128e-02
-9.554781565340370042e-02 -9.846416022401796586e-02
-9.671460013940748335e-02 -1.018259257849475352e-01
-9.737427475352675166e-02 -1.030705772254960212e-01
-9.769990779617707122e-02 -1.046429609066358291e-01
-9.729342785492894885e-02 -1.068205802951423117e-01
-9.972838452866641945e-02 -1.090070628219141774e-01
-1.018340956781132595e-01 -1.120640491087663421e-01
-1.062546540323288241e-01 -1.313125833000935438e-01
-1.101306983992359073e-01 -1.467460420181435354e-01
-1.108551207020304213e-01 -1.494580737883165478e-01
-1.115686571795675430e-01 -1.520136961864003711e-01
-1.122258881943326708e-01 -1.541935910575264190e-01
-1.135984768742985401e-01 -1.566726385502930641e-01
-1.151048909008992177e-01 -1.597148185730845882e-01
-1.157731067815782611e-01 -1.618547243454100393e-01
-1.156675092406330291e-01 -1.640620901218238781e-01
-1.161441521090790380e-01 -1.649366849353036957e-01
-1.165447223904532148e-01 -1.653129869083087289e-01
-1.168934038014786958e-01 -1.655465044720062229e-01
-1.158722798367683993e-01 -1.766050379982569141e-01
-1.170875853974470138e-01 -1.874305647502387540e-01
-1.172979990590691524e-01 -1.882803644569048529e-01
-1.177018259149893026e-01 -1.898492379331648827e-01
-1.192969972813518881e-01 -1.951680654340526011e-01
-1.198594155645715115e-01 -1.965397068481824772e-01
-1.201561911211797423e-01 -1.971125007143323116e-01
-1.206503178649847713e-01 -2.013889462490124349e-01
-1.221663233548284655e-01 -2.058248419442749166e-01
-1.226353057142945679e-01 -2.060253119984511994e-01
-1.230120795064955780e-01 -2.061344849423421000e-01
-1.254479045644864843e-01 -2.102743191251180976e-01
-1.270912399556831940e-01 -2.133156668195981820e-01
-1.282206677047794119e-01 -2.147626291021524081e-01
-1.282206678536140509e-01 -2.147626298432830372e-01
-1.282206678767572328e-01 -2.147626299585259080e-01
-1.282206679261747306e-01 -2.147626302046031777e-01
-1.316740714578999161e-01 -2.223408531212282546e-01
-1.316740714717404004e-01 -2.223408531467571947e-01
-1.316740714774245480e-01 -2.223408531572416691e-01
-1.316740714843200599e-01 -2.223408531699606339e-01
-1.316740714956761704e-01 -2.223408531909071839e-01
-1.316740715160055475e-01 -2.223408532284050498e-01
-1.316740715426554797e-01 -2.223408532775612290e-01
-1.316740715681299079e-01 -2.223408533245491703e-01
-1.316740715951194018e-01 -2.223408533743317650e-01
-1.316740716176592052e-01 -2.223408534159067584e-01
-1.316740716363587471e-01 -2.223408534503983902e-01
-1.316740716513931375e-01 -2.223408534781295687e-01
-1.316740716629045960e-01 -2.223408534993626673e-01
-1.316740716713578063e-01 -2.223408535149546394e-01
-1.316740716773370790e-01 -2.223408535259835395e-01
-1.316740716814181478e-01 -2.223408535335111569e-01
-1.316740716840734127e-01 -2.223408535384087947e-01
-1.316740716857180971e-01 -2.223408535414424236e-01
-1.316740716867284555e-01 -2.223408535433060718e-01
-1.316740716874882366e-01 -2.223408535447074785e-01
-1.316740716883766094e-01 -2.223408535463461400e-01
-1.316740716897750740e-01 -2.223408535489256044e-01
-1.316740716920785648e-01 -2.223408535531744279e-01
-1.316740716957049973e-01 -2.223408535598634383e-01
-1.316740717009173833e-01 -2.223408535694778310e-01
-1.316740717080121248e-01 -2.223408535825641130e-01
-1.316740717171660247e-01 -2.223408535994486346e-01
-1.316740717288469587e-01 -2.223408536209942887e-01
-1.316740717435369856e-01 -2.223408536480902531e-01
-1.316740717605748290e-01 -2.223408536795168644e-01
-1.316740717803146499e-01 -2.223408537159272391e-01
-1.316740718033573287e-01 -2.223408537584298239e-01
-1.316740718215960171e-01 -2.223408537920713302e-01
-1.316740718241375396e-01 -2.223408537967592746e-01
-1.321749867637229681e-01 -2.255857486860473327e-01
-1.302163386044500604e-01 -2.244077053698410595e-01
-1.285917338360373641e-01 -2.233605829174693524e-01
-1.244127254553132333e-01 -2.213226393921285118e-01
-1.051569696756108480e-01 -2.281916948357254338e-01
-9.244283701351047045e-02 -2.198554651411106786e-01
-8.079507203962880968e-02 -2.128787010472552310e-01
-7.393884599639893862e-02 -2.044548445890638222e-01
-6.344614590173083823e-02 -1.971399083051519341e-01
-4.282774162652923378e-02 -1.874165581228592059e-01
-1.659256367634582424e-02 -1.802575876619356421e-01
-2.921028244138693412e-04 -1.731372365453739681e-01
1.978032574305440064e-02 -1.783218939592724206e-01
3.022008628418337492e-02 -1.751549377208682645e-01
3.574327058750174924e-02 -1.694785953494998831e-01
3.884018679459072532e-02 -1.678939010280941779e-01
4.740782729106809978e-02 -1.744098602745210169e-01
4.643523267075957972e-02 -1.705384964709537043e-01
4.643523012308506392e-02 -1.705384864759908470e-01
4.643522728687594914e-02 -1.705384753489842253e-01
4.643521663150389917e-02 -1.705384335451728128e-01
4.636492857784742933e-02 -1.702337549454967514e-01
4.636439550083793631e-02 -1.702311703287883171e-01
4.630133928373156293e-02 -1.698755631582174463e-01
4.626253779747929729e-02 -1.685982078559458142e-01
4.636609751819313618e-02 -1.676688303706347360e-01
4.637616530124012010e-02 -1.674222621727661509e-01
4.619456851883606274e-02 -1.667243076949918024e-01
4.581047490003477274e-02 -1.661068971082571288e-01
4.570932691956495347e-02 -1.651417804792041921e-01
4.598368624166387225e-02 -1.642368890932740522e-01
4.612152694235374661e-02 -1.638090185439159963e-01
4.592302325490617287e-02 -1.626884665744478264e-01
4.548598684879440190e-02 -1.608118433531366132e-01
4.571626542989853936e-02 -1.596316698553451319e-01
4.585936771136272377e-02 -1.589823823435050631e-01
4.588438588795042128e-02 -1.588672722709093821e-01
4.595321211810286105e-02 -1.585414466206896966e-01
4.593054019803756438e-02 -1.526439605593112314e-01
4.962602317802986690e-02 -1.472570378144837655e-01
5.123924814733518684e-02 -1.440473130358182474e-01
5.445739035983192255e-02 -1.409364863062192996e-01
5.528108718834899571e-02 -1.392861727506480851e-01
5.539224681057661887e-02 -1.391414213502826791e-01
5.559862538595392728e-02 -1.389302362587016282e-01
5.722863180520276760e-02 -1.362638111774800154e-01
5.689362959132242270e-02 -1.354964144004868754e-01
5.679070474973376553e-02 -1.354819544545813603e-01
5.650508744441738035e-02 -1.353681807887427979e-01
5.688352453872658893e-02 -1.313186872245720727e-01
5.833420540803947729e-02 -1.245707094641320817e-01
5.861420642695709671e-02 -1.181351107868120198e-01
6.075334083408934216e-02 -1.130967933014288690e-01
6.647307597081561492e-02 -1.095968093108508068e-01
6.333672917347478448e-02 -9.989274552412794050e-02
6.156209874855075176e-02 -9.385741272911994615e-02
6.115651386309481352e-02 -9.299744122657732648e-02
6.092127385347701624e-02 -9.221341463484028500e-02
6.091734563636825445e-02 -9.130070769073736492e-02
6.096635958269634725e-02 -9.067122439147609625e-02
6.098684202784412922e-02 -8.993214631206093712e-02
5.595142655240475243e-02 -8.429969067973198948e-02
5.206951425110416948e-02 -8.169890472119559210e-02
5.125774784438566489e-02 -8.070457308195411184e-02
5.017724316792922246e-02 -7.962750034957399858e-02
4.914104281248982131e-02 -7.921089140906577286e-02
4.579311077348794529e-02 -7.562765829804116158e-02
4.246296389196001914e-02 -7.007839077170260889e-02
4.165042610545796609e-02 -6.784690629616603463e-02
4.116671213338346513e-02 -6.468201241172942539e-02
3.702912255750932802e-02 -6.085905738818388200e-02
3.408760650101957251e-02 -5.565682441451836465e-02
3.229218188350206631e-02 -4.920749914003791359e-02
2.848249598612349887e-02 -4.260956617434800975e-02
2.750323133180790358e-02 -3.377992649409572445e-02
2.741841969512985935e-02 -3.365085584005231278e-02
2.732357053435086058e-02 -3.350770729888477573e-02
2.705764817072921560e-02 -3.310334278214653592e-02
2.730908612225136853e-02 -3.106249859468613109e-02
2.625001990708588154e-02 -2.801590095968806149e-02
2.416115658410938546e-02 -2.462022846294704623e-02
2.217449879367355478e-02 -2.118257404733733459e-02
2.145701466162044935e-02 -1.747471575602547664e-02
2.092148536822802454e-02 -1.400514421190268352e-02
1.905328300553595089e-02 -1.183752728219833808e-02
1.677612300279238827e-02 -1.008210081049634374e-02
1.431146892265571999e-02 -7.767335187109284007e-03
1.137511494142195816e-02 -4.050468473485265529e-03
8.212254867873898176e-03 -1.047379625279206208e-03
1.412494897814259168e-03 8.594430531684267918e-04
