-2.857856201593837742e-03 -8.076891837964566764e-03
-1.269271419693236355e-02 -9.076344244506187944e-03
-1.275249423684171775e-02 -9.167685590504371165e-03
-1.287796207595934272e-02 -9.356114999732557599e-03
-1.299745890806042713e-02 -9.531808220622071948e-03
-1.312216127861472008e-02 -9.711627541447146253e-03
-1.323894275092434882e-02 -9.877001775604568254e-03
-1.403794412796015127e-02 -1.093544532843089036e-02
-3.375385795735851013e-02 -1.291313214490937868e-02
-3.317539176773116882e-02 -2.135079692542120669e-02
-3.263479119335199741e-02 -2.877680268483987988e-02
-3.511629894133549978e-02 -3.185055955755113771e-02
-3.656354586580628369e-02 -3.286192568111431095e-02
-3.762843377073750439e-02 -3.276646462114622682e-02
-3.874052671017554766e-02 -3.340612419350923873e-02
-3.928453066201018778e-02 -3.513998150803303300e-02
-3.960573132789509815e-02 -3.692824970538600288e-02
-4.003953655053070493e-02 -3.885002287548546679e-02
-4.295847105201512639e-02 -4.081094071881541385e-02
-4.394387280970303566e-02 -4.277892260988345324e-02
-4.431949483635033021e-02 -4.432185257801821848e-02
-4.500506762259923882e-02 -4.560163413208429689e-02
-4.592909665095734617e-02 -4.656910943720662943e-02
-4.661313796406998250e-02 -4.729066408311789760e-02
-4.720279598310965496e-02 -4.792354493217434314e-02
-5.072113534194624962e-02 -5.083049538333914846e-02
-8.341060261613263138e-02 -4.779166913842483599e-02
-8.372281071194946633e-02 -4.879688677762483023e-02
-8.540964856359210822e-02 -5.132191670042214604e-02
-9.184057979659659976e-02 -5.325413752021215807e-02
-7.488084432083121078e-02 -6.850969427028190395e-02
-7.517865908481291548e-02 -6.976694636340705080e-02
-7.520402417697831521e-02 -6.984222089290804958e-02
-7.521150420205949261e-02 -6.986621065026511757e-02
-7.521430056504882500e-02 -6.987544886298502345e-02
-7.522325450680619752e-02 -6.990618785826932524e-02
-7.522809780715138117e-02 -6.992366865786792118e-02
-7.522942095536493123e-02 -6.992856433140795525e-02
-7.523270224693892616e-02 -6.994094945234916039e-02
-7.527888665258984646e-02 -7.018084257921794467e-02
-7.529381196437057167e-02 -7.035084779565393964e-02
-7.529486142371712154e-02 -7.037508152963317665e-02
-7.529604890547182683e-02 -7.041576990073923625e-02
-7.529640435187513747e-02 -7.043850656873289207e-02
-7.529653454920082201e-02 -7.045745992461972806e-02
-7.517059311714795189e-02 -7.129216665721964385e-02
-4.374745800390291567e-02 -1.466066442974607864e-01
-4.689693278730071302e-02 -1.917868049493552385e-01
-5.243586712023499963e-02 -1.970509486493177420e-01
-5.573460446652911404e-02 -2.024489814275490795e-01
-4.993499259766163295e-02 -2.160238331407045298e-01
-5.136038197535108124e-02 -2.194343423343480814e-01
-5.379487256943849688e-02 -2.224404696966375827e-01
-2.730698316609087017e-02 -2.412491357623685606e-01
-2.745161017874925627e-02 -2.417804060606877081e-01
-2.749206929176770120e-02 -2.419269114801598231e-01
-2.750181500889141428e-02 -2.419621830421794517e-01
-2.750560854006000450e-02 -2.419759141169133265e-01
-2.751448345462611036e-02 -2.420080444968094879e-01
-2.753549861314306263e-02 -2.420841923603553603e-01
-2.754363746477626884e-02 -2.421137201635656100e-01
-2.755052394434271204e-02 -2.421387256119075793e-01
-2.756637580879532992e-02 -2.421963752668354897e-01
-2.757500699108389811e-02 -2.422278275661181590e-01
-2.757960191953347240e-02 -2.422445923484270180e-01
-2.759265820644913117e-02 -2.422923169533458543e-01
-2.761065929459446955e-02 -2.423583635054078755e-01
-2.763161351237067992e-02 -2.424356816871527931e-01
-2.765526859910748259e-02 -2.425236594366138865e-01
-2.771123745967959615e-02 -2.427358002153547634e-01
-2.782121805170810133e-02 -2.431816390903766556e-01
-2.782307586258307361e-02 -2.431897051571971224e-01
-2.782309135951435350e-02 -2.431897725455086645e-01
-2.782310549246876444e-02 -2.431898340041032391e-01
-2.782313200062501782e-02 -2.431899492814583452e-01
-2.795163094935093975e-02 -2.438799822838711162e-01
-2.795163612906621103e-02 -2.438800238021651134e-01
-2.795166229188263129e-02 -2.438802335642644703e-01
-2.797153235835013810e-02 -2.440892360267133410e-01
-2.797122690219699254e-02 -2.443638290761384890e-01
-2.792824323987983318e-02 -2.446145879863624584e-01
-2.778773845157015560e-02 -2.449027797300479814e-01
-2.738982318351777800e-02 -2.451887877227426071e-01
-1.256609538373205243e-02 -2.072544084044622981e-01
-1.256587080039277965e-02 -2.072543653100278327e-01
-1.256584114382844862e-02 -2.072543596186274817e-01
-1.256581579742195413e-02 -2.072543547542583797e-01
-1.256575656511116877e-02 -2.072543433861818718e-01
-1.256556742094683266e-02 -2.072543070804936105e-01
-1.254637834913403110e-02 -2.072505877154358356e-01
-1.241926275368835687e-02 -2.072238491520167758e-01
-1.225073635288195968e-02 -2.071807671708389420e-01
-1.222613558943196239e-02 -2.071735141038403838e-01
-1.222074956046338701e-02 -2.071718872707351278e-01
-1.222066148420948226e-02 -2.071718605484079434e-01
-1.221996224759720577e-02 -2.071716482632560974e-01
-1.211345883455365417e-02 -2.071361782217496228e-01
-1.208004138796888588e-02 -2.071235843227101636e-01
-1.206703201735360477e-02 -2.071184634419175608e-01
-1.204600745613227872e-02 -2.071099114918176776e-01
-1.201340861226330575e-02 -2.070959301140084807e-01
-1.197414112031831152e-02 -2.070778053887391001e-01
-1.193757743220814557e-02 -2.070595109898572539e-01
-1.191251011595177711e-02 -2.070460837117445996e-01
-1.187519438343719556e-02 -2.070245948893380261e-01
-1.183289255364263284e-02 -2.069977529756281687e-01
-1.176491332494121987e-02 -2.069478292797981844e-01
-1.170067228303566832e-02 -2.068911084065465922e-01
-1.170058685731619093e-02 -2.068910260041298688e-01
-1.170048477508769426e-02 -2.068909275089793054e-01
-1.159283230045620068e-02 -2.067699096328331765e-01
-1.123582146569145762e-02 -2.060650699507886041e-01
-1.086470458623842172e-02 -2.052423539013845666e-01
-1.055304940575705480e-02 -2.047622599694969570e-01
-1.020694811995961383e-02 -2.043720325231239421e-01
-9.707331801871920893e-03 -2.039575152213992382e-01
-9.348117010961602691e-03 -2.037209177041715835e-01
-8.966821122040335990e-03 -2.035038199543344750e-01
-7.762238962387447809e-03 -2.029698698453912820e-01
-6.655307335318579390e-03 -2.026336967317576288e-01
-5.018262138557441458e-03 -2.024252215659904375e-01
-4.822100392541653542e-04 -2.043157040415507497e-01
1.105317899798776045e-03 -2.024775768084735028e-01
2.539219246306612370e-03 -2.003610449107467995e-01
9.463378955409208065e-03 -2.027098155069371466e-01
1.540912413872813289e-02 -1.952979510055090073e-01
3.418383743814136511e-02 -1.801322141257012677e-01
4.971886672927176842e-02 -1.626717318791778555e-01
6.753361587922986076e-02 -1.680856791383441573e-01
6.341651150116760227e-02 -1.578620090791876818e-01
8.827350846772902271e-02 -1.422142048842009454e-01
9.030272292805743839e-02 -1.453036932441387763e-01
9.030996851724458485e-02 -1.453029932854985329e-01
9.031283698445335961e-02 -1.453027009800580693e-01
9.032313259692353880e-02 -1.453015820195949770e-01
9.035450476164663680e-02 -1.452975230244931970e-01
9.035450533899846981e-02 -1.452975229410941593e-01
9.035450566601985201e-02 -1.452975228938555019e-01
9.048447237254704512e-02 -1.452715669064890691e-01
9.082721296900134189e-02 -1.451525952232168015e-01
9.145672420981960926e-02 -1.448337320468425782e-01
9.183279301476100775e-02 -1.446197028888973890e-01
9.196885941584420632e-02 -1.445423730823729713e-01
9.248383779336971644e-02 -1.442721106357535144e-01
9.353894986959268576e-02 -1.439363358193027631e-01
9.450626041381499087e-02 -1.436313156454768480e-01
9.541793818131760752e-02 -1.432159959467319554e-01
9.583438658286089207e-02 -1.429956149587633119e-01
9.607543379344450629e-02 -1.428626174695471762e-01
9.642303271051264058e-02 -1.426656426952084000e-01
9.659513631855168314e-02 -1.425662697224430453e-01
9.670434887181110495e-02 -1.425026708565498845e-01
9.670474112348141638e-02 -1.425024417290220169e-01
9.670474855521903057e-02 -1.425024373878442385e-01
9.670493624073725480e-02 -1.425023277525778176e-01
9.670496194718637695e-02 -1.425023127362365361e-01
9.670496907596275171e-02 -1.425023085719805682e-01
9.670498652221164171e-02 -1.425022983807932297e-01
9.670501824250518630e-02 -1.425022798514298250e-01
9.670556778517058749e-02 -1.425019588317931463e-01
9.736605208752090179e-02 -1.421101642824217082e-01
1.004890022050524689e-01 -1.401966254806681633e-01
1.033940364419926594e-01 -1.379358322217822119e-01
9.157404407865507578e-02 -1.221249811379080674e-01
9.153669160614755218e-02 -1.190044486368952575e-01
9.162094393575181961e-02 -1.182315145606799844e-01
7.738760122371608763e-02 -1.070370493125896993e-01
7.738757491207155781e-02 -1.070370287986526781e-01
7.738756216192227422e-02 -1.070370188579135018e-01
7.737950023647172104e-02 -1.070307261785498620e-01
7.616420127980412513e-02 -1.058908647603562375e-01
7.556597881453662457e-02 -1.029397135033244953e-01
7.529266977872221822e-02 -9.994510143092123766e-02
7.387974245188623501e-02 -9.818550877617279737e-02
7.257357290310298414e-02 -9.779975075382718597e-02
6.836172395337977714e-02 -9.288152727282975030e-02
6.305927478525551189e-02 -8.522718440878793156e-02
6.140327976013202488e-02 -8.361019695778634797e-02
5.867629740601847804e-02 -8.038956379825003273e-02
5.281598804010761289e-02 -7.294919735012540818e-02
4.272913411173780845e-02 -6.657456260800055647e-02
4.261052908328757244e-02 -6.333860931528022264e-02
4.024617120225537636e-02 -6.042292438307948765e-02
3.410071101983361969e-02 -5.802324886927939102e-02
3.194559697496231199e-02 -5.753832082250515817e-02
3.020898870129943431e-02 -5.706134126021442793e-02
2.830875085858954032e-02 -5.555931492601118987e-02
2.740214386381964115e-02 -5.292845211426288471e-02
2.561007252301068446e-02 -4.937319284737739372e-02
2.100771069045347800e-02 -4.432467398182076551e-02
1.340074860200164523e-02 -3.905718965404123694e-02
1.144334528382877185e-02 -3.672585726504142695e-02
1.049982889364520743e-02 -3.492907531598049564e-02
9.672072149740716662e-03 -3.338145574165699014e-02
8.882355117148839005e-03 -3.230066001071752596e-02
8.330268071839208241e-03 -3.190188164229890849e-02
5.896963375558028110e-03 -2.454082535139538376e-02
1.211524121946608041e-03 -7.570182035388887953e-03
6.544938487358714294e-04 -2.717208840450389441e-03
