-1.267852771706783933e-02 -2.750082853425020804e-03
-2.178721059430203250e-02 -2.775301389820767229e-03
-2.278571063658587845e-02 -3.408118585326907080e-03
-2.412013937277624268e-02 -4.676111972698421965e-03
-3.408391766234589171e-02 -4.941995748426656829e-03
-3.490787850558681182e-02 -5.511829243857375472e-03
-3.565880212702962626e-02 -6.263710120063933212e-03
-4.088550989800412983e-02 -7.898034449492687820e-03
-4.666275719896898627e-02 -7.962167142746666079e-03
-4.759478566167955199e-02 -8.537530279110356127e-03
-4.872260327461397367e-02 -9.502915836789830803e-03
-5.099694467464853387e-02 -1.093958061586886889e-02
-5.452889292422788414e-02 -1.078465035650212275e-02
-5.690091358338909139e-02 -1.224067564945116419e-02
-6.388517126657830558e-02 -1.790021584680161204e-02
-7.295476990871192779e-02 -2.145520278174336062e-02
-7.412199762920416990e-02 -2.238710951155825982e-02
-7.627644203480868357e-02 -2.430049837975963717e-02
-9.117557854806955520e-02 -2.855067614099710688e-02
-9.519713606474204670e-02 -3.178382708406921747e-02
-9.842830979097763611e-02 -3.445424918865656883e-02
-1.034914875265077611e-01 -3.851416994772004221e-02
-1.111381253171155464e-01 -4.130455403743375775e-02
-1.129811700965966809e-01 -4.245057585536943234e-02
-1.141214938576199794e-01 -4.337691509651390998e-02
-1.156369008867923071e-01 -4.466266395055781824e-02
-1.162759202547569565e-01 -4.624683400854431858e-02
-1.163565935291937109e-01 -4.791659921138431005e-02
-1.188738107576986364e-01 -5.069340147401974611e-02
-1.213652287547477698e-01 -5.581110046400528796e-02
-1.215230647904672612e-01 -5.951536900829636906e-02
-1.221631363505018414e-01 -6.429963457247825365e-02
-1.322533125634791085e-01 -7.890504651259308555e-02
-1.348572512335136087e-01 -8.979751154694867732e-02
-1.359581335652367828e-01 -9.064633796391975695e-02
-1.378172790059719599e-01 -9.365613470195016665e-02
-1.395339686526027023e-01 -9.724503189479011267e-02
-1.407413847351137448e-01 -9.811998632619205185e-02
-1.419489710420933637e-01 -9.934899083220868898e-02
-1.430370710733577522e-01 -1.039050553020708090e-01
-1.439045426277699991e-01 -1.076569554774842313e-01
-1.452163401996636183e-01 -1.091309412024663167e-01
-1.463270296481584132e-01 -1.099453939667121433e-01
-1.470799638226033823e-01 -1.105047609813514103e-01
-1.475100861865165924e-01 -1.108971028368203882e-01
-1.479576459775637787e-01 -1.115721506375743632e-01
-1.472976779411900861e-01 -1.168926284867447263e-01
-1.481169659882741185e-01 -1.224646185756418371e-01
-1.488002736458728104e-01 -1.236142567362064348e-01
-1.485241938576209730e-01 -1.245065303159486048e-01
-1.462154894140620665e-01 -1.288195046373837860e-01
-1.490161904121239944e-01 -1.307024657711507720e-01
-1.506472246342033805e-01 -1.343996195619948375e-01
-1.503167612139957865e-01 -1.405448872690358841e-01
-1.477199631183221118e-01 -1.472260486246697031e-01
-1.483889135955944738e-01 -1.488251615329741762e-01
-1.490146425267225017e-01 -1.493632912885440867e-01
-1.494117276618006362e-01 -1.496541321689359716e-01
-1.503143821470318275e-01 -1.502997036805510389e-01
-1.490144244888751413e-01 -1.582380896054222663e-01
-1.490372698058620438e-01 -1.586529092612286307e-01
-1.490750602968194949e-01 -1.590611108602522639e-01
-1.496994986217588253e-01 -1.639620429208849262e-01
-1.462025697790942103e-01 -1.708881214505439949e-01
-1.462496864907530114e-01 -1.713215664042367914e-01
-1.463392319001904363e-01 -1.719321735207897661e-01
-1.397997547986760403e-01 -1.873080516559476050e-01
-1.398019290977319806e-01 -1.875110751066252357e-01
-1.398179836224242301e-01 -1.876743077686660599e-01
-1.399209549314410217e-01 -1.880902663596424051e-01
-1.356751675784602096e-01 -1.959630175926385665e-01
-1.310767983136523485e-01 -2.060686855162262576e-01
-1.253898936582824031e-01 -2.135821962840979416e-01
-1.171475278560773492e-01 -2.217895322006055436e-01
-1.139758283093621344e-01 -2.228660449168644864e-01
-1.119455875499797692e-01 -2.254797276696554609e-01
-1.095250795534712940e-01 -2.266575168315557998e-01
-1.073889913000045521e-01 -2.270416780925837430e-01
-1.061139277761568162e-01 -2.281741215620174401e-01
-1.053202073804743177e-01 -2.292316697193577391e-01
-1.048888964488058767e-01 -2.298569536938175895e-01
-1.042179269547130332e-01 -2.307408611326892123e-01
-1.016069109274045368e-01 -2.316697966461963576e-01
-9.683626574820144994e-02 -2.351208148099406536e-01
-9.279259925178573454e-02 -2.366108482429324089e-01
-9.124261376602212092e-02 -2.373926937564873330e-01
-9.040430101473871660e-02 -2.383338035661070609e-01
-8.988450659615218608e-02 -2.395279019083292882e-01
-8.928432049616025212e-02 -2.405299992386555341e-01
-8.636276887466977359e-02 -2.416155966339456063e-01
-7.734401080916399052e-02 -2.425399921262763048e-01
-6.552264488258617570e-02 -2.460730171207201333e-01
-6.076319618423017127e-02 -2.483265168362840669e-01
-5.861922371924877667e-02 -2.503462270436690451e-01
-5.769444043116949555e-02 -2.515984557262633259e-01
-5.585812741549022603e-02 -2.525943108987864227e-01
-4.717023618327707835e-02 -2.499258894127195096e-01
-4.380880528850933375e-02 -2.503695031700940432e-01
-4.166137986121285636e-02 -2.505212761199255844e-01
-3.890860677409990059e-02 -2.499166544314532501e-01
-3.371366676216024788e-02 -2.471625746605582985e-01
-2.969924809614194958e-02 -2.463561020259996959e-01
-2.632560240405277391e-02 -2.442459522989657572e-01
-2.201473166259911018e-02 -2.446691110479659592e-01
-1.817206242358583926e-02 -2.406604449843487425e-01
-1.294933088275204008e-02 -2.325525865804755898e-01
-7.637073906176583722e-03 -2.287888169911480030e-01
-2.690114986472000834e-03 -2.271695500648900912e-01
-1.169644020237629997e-03 -2.295710755887126753e-01
1.140915826863819109e-03 -2.305533986405057245e-01
3.417092341271504158e-03 -2.307557320744736129e-01
5.405841756679727328e-03 -2.293369361568987908e-01
7.323834451298437409e-03 -2.277871933406461491e-01
1.164935858957987305e-02 -2.275748416841220922e-01
1.668423594028879686e-02 -2.271814366060170565e-01
1.964522867969140454e-02 -2.253293647372744957e-01
2.198824543237138870e-02 -2.233941323985585425e-01
2.354240303648872865e-02 -2.221201284584583824e-01
2.506985003603136655e-02 -2.211614609560417499e-01
2.572843009367235811e-02 -2.144192083959092499e-01
2.597263230118924959e-02 -2.136596408845377326e-01
2.629911355732816175e-02 -2.130646447564880364e-01
2.758216985532613297e-02 -2.114922893710678986e-01
2.892436659681727265e-02 -2.100876982805944537e-01
3.344508249888433760e-02 -2.126957107266111147e-01
3.445779662472914229e-02 -2.121329836828635684e-01
3.585638209271340554e-02 -2.085445991095415119e-01
3.715969145418360209e-02 -2.075510180952253314e-01
3.837663319853982374e-02 -2.065224450002929313e-01
4.078768494925140431e-02 -2.007515893359631265e-01
4.327269243534467152e-02 -1.989752211038277874e-01
4.737941234788806133e-02 -1.985108120782061447e-01
5.006437280620753411e-02 -1.972337609588026286e-01
5.167832103386985065e-02 -1.959846519433664225e-01
5.252619816675133113e-02 -1.949002654143004998e-01
5.281717841737394031e-02 -1.940614890445249430e-01
5.289524353765632375e-02 -1.933901039393563503e-01
5.289743259607185971e-02 -1.926981142297667093e-01
5.601548524549243568e-02 -1.886668395473837245e-01
5.796851672153879170e-02 -1.843057947762500592e-01
6.054360439189204052e-02 -1.813810956963769205e-01
6.264687919670106075e-02 -1.793312133677313625e-01
6.284153881418899634e-02 -1.773945215255512131e-01
6.345064890197978091e-02 -1.753041689655158442e-01
6.483870944632406930e-02 -1.740935769512704512e-01
6.577478079086979124e-02 -1.734114454141270356e-01
6.697205938756449484e-02 -1.722912526887144524e-01
6.779148555343811333e-02 -1.695961619867250025e-01
6.876479747309002799e-02 -1.672852682931990353e-01
7.104013809383703804e-02 -1.657219361660594303e-01
7.245503654804977267e-02 -1.645330026320015460e-01
7.206107760809309093e-02 -1.632834846526503847e-01
7.069997378214115669e-02 -1.619510417633566735e-01
6.957956127517614386e-02 -1.605048432567641181e-01
7.692650584458445018e-02 -1.558517694030400469e-01
7.679181330825880780e-02 -1.556390404979830777e-01
7.670414574457641577e-02 -1.555144138529031272e-01
7.652256127319478907e-02 -1.552778268871949086e-01
8.212294221136647032e-02 -1.441081308977864295e-01
8.015158216594958640e-02 -1.415000266471866663e-01
8.024506580745223439e-02 -1.397893640184171282e-01
8.573319334155944660e-02 -1.368982864602029392e-01
8.860019637441227114e-02 -1.312074103702178807e-01
8.968584375118508756e-02 -1.202739726819193333e-01
9.113496116129223001e-02 -1.129645741779993356e-01
9.308698960771748243e-02 -1.105464247637946984e-01
9.445054605839627027e-02 -1.087557688351386970e-01
9.166416997016070545e-02 -1.041982253449612039e-01
9.409073852863801546e-02 -1.024817885697989761e-01
9.511803148966685439e-02 -9.998366314756546025e-02
9.307403012740718407e-02 -9.738680166502415581e-02
9.289164374525928081e-02 -9.101219606514258931e-02
9.392972403981045271e-02 -8.167290178538658130e-02
9.325861056407036553e-02 -7.896826794234969304e-02
9.289467525400273151e-02 -7.854371687112098044e-02
9.146474023656543662e-02 -7.724863668447934373e-02
9.061048070444242819e-02 -7.334570731068315586e-02
9.123852879469829258e-02 -6.865179906328090775e-02
9.123557931295929457e-02 -6.454054794942966355e-02
8.945837037548005910e-02 -6.051809818679613345e-02
8.694754865803704103e-02 -5.304551460795541712e-02
8.289392486853311426e-02 -4.291173046188077878e-02
7.086216970552512706e-02 -2.841856800919788373e-02
5.656023659781847512e-02 -1.521665419992532069e-02
5.035583679401427898e-02 -1.374905911372271278e-02
4.572853973129459987e-02 -1.344992384881473803e-02
4.264020204759769173e-02 -1.198234462431252423e-02
4.136220550115479039e-02 -1.049690976673848392e-02
4.030526003732733120e-02 -8.901871997884740553e-03
3.883410024054129855e-02 -6.765024676889924878e-03
3.063910425143126504e-02 -5.712022562020406535e-03
3.030478643458311971e-02 -4.833343269842595678e-03
2.990165320713308178e-02 -4.189271044091916370e-03
2.762988247741294395e-02 -3.084640190893633838e-03
2.217377007499895733e-02 -2.396010241978216177e-03
1.240510033108944629e-02 -1.611024127773520243e-03
6.142728445154726526e-03 -3.216698528757319653e-03
4.620822872739458950e-03 -1.135633963154361863e-03
2.358086722370295648e-03 -2.582948374929441935e-04
