-1.356833950953052932e-02 8.188010730799505886e-04
-1.550206772921782807e-02 -8.274228015312417358e-04
-1.675415808684655589e-02 -2.022262529685478569e-03
-1.860846565147638090e-02 -3.890595085260514525e-03
-2.115585423314765220e-02 -6.494555096555825781e-03
-2.274093315608872665e-02 -8.040556857827523343e-03
-2.390533595087636701e-02 -9.109790967553561131e-03
-2.732671589469448659e-02 -1.152142351970971042e-02
-3.187431440792030252e-02 -1.356347083661008784e-02
-3.295550006141840377e-02 -1.476789999615851778e-02
-3.442756259095530041e-02 -1.619591472410233934e-02
-3.989826187918664446e-02 -1.835469056976530081e-02
-4.585061093424449424e-02 -1.914827277345917261e-02
-5.153193151088738405e-02 -1.875398210495868648e-02
-6.255835295667851181e-02 -2.957690207407978264e-02
-7.435060305419252669e-02 -4.195943386776086054e-02
-7.892152646831429585e-02 -4.743682733353894038e-02
-8.275198841894694513e-02 -5.422857312024512155e-02
-8.766479898638719626e-02 -6.303049250973800921e-02
-9.275001916251478240e-02 -6.894144563039765472e-02
-9.403650338588304125e-02 -7.314072165125524994e-02
-9.841428903423654617e-02 -7.779256739383146046e-02
-1.028559797637520479e-01 -8.248799337681417265e-02
-1.056126684506354663e-01 -8.628132221761226905e-02
-1.058873404421416947e-01 -8.937932276474425120e-02
-1.078848875202283175e-01 -9.123837345276762656e-02
-1.090223726751513994e-01 -9.297622393419771591e-02
-1.092193628358791302e-01 -9.444085689910561299e-02
-1.097500894670633692e-01 -9.698617630730295425e-02
-1.109742560019051222e-01 -9.939858573836260480e-02
-1.110941949368664527e-01 -1.009205489634737024e-01
-1.119611335714923439e-01 -1.027866432604871288e-01
-1.166194424460147844e-01 -1.107909786384897871e-01
-1.200635561248228761e-01 -1.150934808700754125e-01
-1.205501812391818472e-01 -1.156673097036220593e-01
-1.222208631851068733e-01 -1.181413595988607956e-01
-1.205371024994092294e-01 -1.305224998823064086e-01
-1.209519244946177657e-01 -1.309544202044972960e-01
-1.213798535231564030e-01 -1.315372645311639610e-01
-1.218887932505861166e-01 -1.341803253918796845e-01
-1.224037142854551979e-01 -1.362730908275185671e-01
-1.234642559181728105e-01 -1.372001294383959069e-01
-1.237576030905674085e-01 -1.384811612753037990e-01
-1.236854332737808426e-01 -1.399461514912977156e-01
-1.238017838127919018e-01 -1.409822754944347611e-01
-1.242617667358413003e-01 -1.418851442075345359e-01
-1.197464910638055130e-01 -1.560213525305753079e-01
-1.200980750935258801e-01 -1.675381965705380061e-01
-1.210228254214767568e-01 -1.690442022552253454e-01
-1.215648444923379951e-01 -1.706439971895561403e-01
-1.215384814211860343e-01 -1.724701486562402464e-01
-1.225913440051868836e-01 -1.741770615065323380e-01
-1.233223571762159521e-01 -1.764720392570115759e-01
-1.231583224653027137e-01 -1.805336211791941925e-01
-1.255476655428234556e-01 -1.847430901538447412e-01
-1.277205179919895239e-01 -1.908025767558162722e-01
-1.299300453000194200e-01 -1.931269987113842235e-01
-1.309562383647188133e-01 -1.941382774626695118e-01
-1.343008580401283680e-01 -1.974260847781995898e-01
-1.382898426956093718e-01 -2.049917073742109908e-01
-1.395012660424022610e-01 -2.065449017854080194e-01
-1.402379667086456339e-01 -2.072033739308316302e-01
-1.419918875105788680e-01 -2.122620460549770882e-01
-1.440372770386731116e-01 -2.149509974625564424e-01
-1.448740868047495300e-01 -2.158007005504207210e-01
-1.462239600328312239e-01 -2.171941693411772456e-01
-1.477648314595444989e-01 -2.261646386212037008e-01
-1.484559233836433290e-01 -2.268579236508788954e-01
-1.489290502588026532e-01 -2.276832953398708337e-01
-1.534733654414456305e-01 -2.359320113704790611e-01
-1.562661923913233608e-01 -2.462110202229255140e-01
-1.555583817775892386e-01 -2.543794386847251232e-01
-1.540195416331056333e-01 -2.539293221724357452e-01
-1.505909978951355810e-01 -2.552549159878825802e-01
-1.493309761825234172e-01 -2.554795248361583782e-01
-1.473113142008628251e-01 -2.554203882299988515e-01
-1.433149715012878578e-01 -2.551987761758402473e-01
-1.392957332419257344e-01 -2.558576708744701445e-01
-1.375564080697098679e-01 -2.570479886267187930e-01
-1.365374374399296875e-01 -2.580734911019486044e-01
-1.358959741768593354e-01 -2.587421809486419311e-01
-1.351434561734236039e-01 -2.594424611779780343e-01
-1.335380668182031549e-01 -2.605775746110176594e-01
-1.295218981688027737e-01 -2.612835259037149527e-01
-1.260341142817958116e-01 -2.643704281576881865e-01
-1.225005074706881220e-01 -2.682263596643177928e-01
-1.201321045836545309e-01 -2.736495594232489781e-01
-1.146609233099098596e-01 -2.808116338881966323e-01
-1.129153687687474289e-01 -2.867333429420682034e-01
-1.121994346239924001e-01 -2.892342947130616126e-01
-1.114343676446993836e-01 -2.901159593585646013e-01
-1.108382032821039892e-01 -2.906844492104804223e-01
-1.103590192787734514e-01 -2.911002956343345383e-01
-1.100374215108554793e-01 -2.913495467725221166e-01
-1.098122614863191460e-01 -2.915009835056110998e-01
-1.095300625406708528e-01 -2.916463351842626395e-01
-1.050049948708934866e-01 -2.770729544708653291e-01
-1.049024240546079095e-01 -2.769849989205346308e-01
-1.048607682088927573e-01 -2.769479751738911366e-01
-1.046539635945323704e-01 -2.767492644369904387e-01
-1.040784685227413020e-01 -2.758862343539914552e-01
-1.018500905110173160e-01 -2.661457773189949694e-01
-9.906654190362719492e-02 -2.595858910826351340e-01
-9.859954101412998773e-02 -2.590551095766492340e-01
-9.655524490228967194e-02 -2.529337187231748829e-01
-9.282919874691873685e-02 -2.453739275858397018e-01
-8.971194835011608859e-02 -2.428227569296368404e-01
-8.717141066672631777e-02 -2.417761868666618019e-01
-8.668795336020872211e-02 -2.416871266742937063e-01
-8.610047671544460157e-02 -2.415408557670372103e-01
-8.319420581997977182e-02 -2.397598085577097304e-01
-7.927624243767192325e-02 -2.358667529389398831e-01
-7.458479758856505215e-02 -2.268865131091345466e-01
-7.154622479209528374e-02 -2.246311313137901444e-01
-6.885047015226884726e-02 -2.246797726464516420e-01
-6.753130635900658763e-02 -2.236556342266412811e-01
-6.608189314403287162e-02 -2.229151864595962651e-01
-6.423053250429375249e-02 -2.229490548885918466e-01
-6.180198011904523836e-02 -2.215646264263899101e-01
-5.715146712281451991e-02 -2.202847601183431925e-01
-5.508161098919237691e-02 -2.192357434177509279e-01
-5.252494218043057134e-02 -2.190967142553697233e-01
-4.809452202190781650e-02 -2.189984722395950101e-01
-4.388557771328061019e-02 -2.187412473710318161e-01
-4.162199132850902261e-02 -2.184043021548369434e-01
-3.877883998848503239e-02 -2.174021525546111222e-01
-3.430164293491724803e-02 -2.085590155387550548e-01
-2.911858660275837285e-02 -2.070034180981545624e-01
-2.333376142442969078e-02 -2.056820074010707045e-01
-2.156163303802109688e-02 -2.056830774188391497e-01
-2.072211018875667193e-02 -2.056288537330746846e-01
-1.994786310800000448e-02 -2.054614965018238537e-01
-1.938406305949946090e-02 -2.050522727681387825e-01
-1.907984229502841106e-02 -2.044477338717948789e-01
-9.589955880713239150e-03 -2.016766123022157020e-01
-8.413887579479636253e-03 -2.010045613986617130e-01
-8.370279728593416069e-03 -2.009299379910043648e-01
-8.307751850097435525e-03 -2.008119101318696365e-01
-8.182804696687072735e-03 -2.005918101260067976e-01
-7.656508252120908589e-03 -2.001520033480842509e-01
5.202632369339946217e-03 -1.984213582224212680e-01
7.494970946520068157e-03 -1.954918888161477630e-01
7.472739436233455552e-03 -1.930189426515465656e-01
8.740218430165088564e-03 -1.907139405553150147e-01
1.223226323153956720e-02 -1.888340493304541401e-01
1.970751989994869516e-02 -1.897482086654909417e-01
2.538090592216254646e-02 -1.853970413565886322e-01
2.924955790383934953e-02 -1.778560007300220291e-01
2.963905784106726435e-02 -1.740622906690397209e-01
2.971049261555932727e-02 -1.707118230537111037e-01
2.969984275858992412e-02 -1.650895689091567142e-01
2.964892917950601864e-02 -1.584408296160736418e-01
2.966435095242679273e-02 -1.546991243848286068e-01
2.974151211536936110e-02 -1.520801023103333927e-01
3.145329703814059991e-02 -1.458177645880277262e-01
3.236522628738782575e-02 -1.425969355130734528e-01
3.218497896887885512e-02 -1.424538384976823946e-01
3.182080784780687288e-02 -1.420999851503043365e-01
3.136216364067352658e-02 -1.409130469514130735e-01
3.130598753975303433e-02 -1.394443335745922941e-01
3.148566455711138135e-02 -1.378582973459592520e-01
3.286244415723533346e-02 -1.363545543515492509e-01
3.318510170912186696e-02 -1.328097658856899899e-01
3.474266622545528482e-02 -1.258127734673454567e-01
3.723564881793371001e-02 -1.205038327256948566e-01
3.941871873796993359e-02 -1.180615893545406969e-01
4.049356856416821970e-02 -1.159214971676882644e-01
4.035871940197530150e-02 -1.138057467906482823e-01
4.165852069895373960e-02 -1.121853331442202450e-01
4.223830387251282376e-02 -1.095882635630865687e-01
4.077015452193331196e-02 -1.068037713302045083e-01
4.031447107095400412e-02 -1.022765708274980673e-01
3.998293282731477105e-02 -9.711225008976032136e-02
3.879393196543024641e-02 -9.466808957416340820e-02
3.678040788781319903e-02 -9.491347563143001653e-02
3.464556875271226910e-02 -9.347638606748580326e-02
3.294332990479514889e-02 -9.068890484055362744e-02
3.264042947950972218e-02 -8.929539526011970318e-02
3.237349391530676412e-02 -8.746076412389215682e-02
3.039745241085275301e-02 -8.528136924774011585e-02
2.883627554826164244e-02 -8.199967960114090682e-02
2.692348801098037175e-02 -7.792495823835714208e-02
2.614230156257292895e-02 -7.383410848861107767e-02
2.426154946593007955e-02 -7.165649840701250606e-02
2.396334274986548427e-02 -7.116247552667957776e-02
2.379189566834495617e-02 -7.080776412884767779e-02
2.320147523001616502e-02 -6.859297721357596189e-02
2.299403874835984421e-02 -6.233564145447592630e-02
2.109887997909587129e-02 -5.240421141678159450e-02
1.851428351820929782e-02 -4.376989550774642440e-02
1.517407343006632083e-02 -3.728625135961487896e-02
1.350295960964867370e-02 -3.102629139701608071e-02
1.277778888560415251e-02 -2.524405019467623745e-02
1.115921377993898955e-02 -2.224592319303242763e-02
9.515666819518745281e-03 -2.033082821769284509e-02
8.079916904806770661e-03 -1.889258036806196195e-02
5.741814573941989019e-03 -1.442033292725108766e-02
2.398032758431139534e-03 -9.731122613078438746e-03
5.496282859865754891e-05 -5.377619344043824828e-03
