-2.273126636285077457e-03 -1.216580365536586768e-03
-3.044107213458377165e-03 -3.334709461161073675e-03
-5.448978856399029971e-03 -9.853148330731474266e-03
-9.097101424741774536e-03 -1.134733387365760571e-02
-1.127489387743898196e-02 -1.613425254636656481e-02
-1.564287573209175580e-02 -1.774538216314600417e-02
-1.844282419434789544e-02 -1.653271568651157319e-02
-2.394166734532866131e-02 -1.602286341248014556e-02
-2.049343045006437811e-02 -2.034999021486962739e-02
-1.642977713507188381e-02 -2.320788843015160821e-02
-1.025937028771578899e-02 -2.799772029001059218e-02
-8.225279954958846645e-03 -3.048375357859537879e-02
-6.589167674213362164e-03 -3.358687163879537502e-02
-3.459972765190176807e-03 -3.766080612562715257e-02
-1.226635929121428241e-03 -4.158200374861725779e-02
-3.024331934084467655e-04 -4.420426116343388612e-02
4.491261139057854505e-03 -5.170206930075362667e-02
6.405545420541848209e-03 -5.537007322207563448e-02
7.200321239596564789e-03 -5.790492048643450240e-02
8.901156160904444628e-03 -6.105175557631742356e-02
9.411504091413084791e-03 -6.333792889997118258e-02
1.037943165293186629e-02 -6.589548619702310928e-02
1.103398515598083898e-02 -6.869374655681534381e-02
1.182137164709452098e-02 -7.101625537833385071e-02
1.274728798685437724e-02 -7.335693333489513857e-02
1.088571940902811029e-02 -7.815009871317840640e-02
7.647465410569860220e-03 -8.135365985751148721e-02
3.578071821388385636e-03 -8.444823287271677192e-02
-1.598311317490794334e-03 -8.362840204327831595e-02
-4.093949152111205081e-03 -8.224430020044749823e-02
-7.282193956587875924e-03 -8.076935822684436217e-02
-1.107336315575453353e-02 -8.013120765895051512e-02
-1.591820587334191739e-02 -7.893216505481291667e-02
-1.809138508197113276e-02 -7.723809522491871526e-02
-2.200801471305312632e-02 -7.513922965575861590e-02
-2.472335918176761516e-02 -7.355018147024924846e-02
-2.736604322309623208e-02 -7.140705477741941809e-02
-2.941603165229783601e-02 -7.011662035896430722e-02
-3.249589419970756732e-02 -7.291823855921784892e-02
-3.622063910871900494e-02 -7.204223474498484825e-02
-3.960588051459667386e-02 -7.018919468623913138e-02
-4.236211471939067136e-02 -6.891182670572960911e-02
-4.438939311589919917e-02 -6.744824054481045328e-02
-4.711837361812903219e-02 -6.596307779133167570e-02
-5.107757488430643422e-02 -6.445747604375794138e-02
-5.325983866045704007e-02 -6.283267113818682970e-02
-5.605978712271318665e-02 -6.162000466155240913e-02
-5.829766485643222973e-02 -5.773342893238018331e-02
-6.316006026865790546e-02 -5.156521779841927167e-02
-6.711523625080360878e-02 -4.438873484695726040e-02
-7.013886840024040337e-02 -4.434442549234240277e-02
-7.348266242892287359e-02 -4.136958320320711230e-02
-7.748101432554994894e-02 -3.774528276443913505e-02
-8.082766114941879187e-02 -3.667228234880514498e-02
-7.821678227664830008e-02 -3.905782432231173773e-02
-7.495871649940769044e-02 -4.188050991151876651e-02
-7.215879076651371404e-02 -4.524195468940462456e-02
-6.689503396023231685e-02 -5.237869766427030033e-02
-6.573920493317757241e-02 -5.538361658467752524e-02
-6.343660317278575211e-02 -5.931389877518902787e-02
-6.378578218226242658e-02 -6.331909888455559965e-02
-7.018448457475677527e-02 -6.617860208097568753e-02
-6.922335699503236184e-02 -6.771370306812873885e-02
-6.190611979459631486e-02 -6.698256190822729494e-02
-5.960177733589978877e-02 -6.633368412907247880e-02
-5.274328168697556968e-02 -6.910019971227022995e-02
-5.251850083615251102e-02 -7.275796151046480531e-02
-5.200532997693609744e-02 -7.743989460871554542e-02
-5.177149006017461169e-02 -8.317719092052579255e-02
-5.043058408896654993e-02 -8.638249276316353753e-02
-4.454679602621409301e-02 -8.342023757484633151e-02
-4.086007748975212239e-02 -8.270608110668827007e-02
-3.545375338977432150e-02 -8.204133232534660536e-02
-3.196403581960900048e-02 -8.309787998220549698e-02
-2.735875974584317180e-02 -8.236330724931464897e-02
-1.716609575095941892e-02 -8.468647017383912345e-02
-3.184533802071586039e-03 -8.873948514990248615e-02
-2.293242128350406282e-03 -9.107564334550079244e-02
-3.323116246558534097e-03 -9.516769596420943111e-02
-5.098941639703646889e-03 -9.796421721837181296e-02
-6.272421415961786095e-03 -1.007340663199938341e-01
-8.384935179655751691e-03 -1.069033610704682308e-01
-7.666795248398636416e-03 -1.092168092333734714e-01
-8.446302958542085265e-03 -1.127428517330598956e-01
-9.004969208347595941e-03 -1.170023803703384296e-01
-8.066006181219062890e-03 -1.200492907619276628e-01
-7.646498381482728923e-03 -1.230280710554376711e-01
-6.425355981608530352e-03 -1.252665785701256307e-01
-3.344429568262232300e-03 -1.294398562052272994e-01
-2.487778152825463607e-03 -1.317714495942672037e-01
5.169988754079438142e-03 -1.413357471505088114e-01
1.019022736503565410e-02 -1.457633788151053988e-01
1.441114648706606077e-02 -1.476908062458482940e-01
2.133663740782565724e-02 -1.494093268067402669e-01
2.473096338122471316e-02 -1.511931019411628940e-01
2.750762303298475916e-02 -1.533890394134303226e-01
3.105130412085608041e-02 -1.505425587889063221e-01
3.548287240371699597e-02 -1.484466169752398923e-01
4.083190223978530597e-02 -1.436528999134114304e-01
4.239541469167302373e-02 -1.387149685492513329e-01
4.581477017387285827e-02 -1.349363127183746680e-01
4.751280212361433386e-02 -1.335386308690965085e-01
5.143742972691899007e-02 -1.307421139798297660e-01
5.580255878638537559e-02 -1.310328262365516028e-01
6.028121527995497497e-02 -1.326065580822045897e-01
6.317821728085191990e-02 -1.349591706292528615e-01
6.513395950787477517e-02 -1.375053737062956749e-01
6.903468965640172095e-02 -1.407998487139291155e-01
7.193623255494895063e-02 -1.431178393671595217e-01
7.793971943217596621e-02 -1.497175381435036090e-01
8.237746966375190938e-02 -1.559005320916778126e-01
8.525287372883745551e-02 -1.611036144773551337e-01
8.863410478392270975e-02 -1.664787349159400076e-01
8.989667962775282906e-02 -1.697442410242875899e-01
9.133180907177745889e-02 -1.738425525095890212e-01
9.178820841781940021e-02 -1.778829532905765176e-01
9.241038854285089921e-02 -1.817337495703248151e-01
9.379895873034987952e-02 -1.877986269558003518e-01
9.593807209360205590e-02 -1.908268149361267429e-01
1.002106474182492685e-01 -1.920917136209601972e-01
1.033580612859352210e-01 -1.895807594464834211e-01
1.065815549929779171e-01 -1.859525453253777216e-01
1.119033083971198994e-01 -1.835154013377699456e-01
1.126482213077032724e-01 -1.756872374290222583e-01
1.151387849255946783e-01 -1.736185238163370226e-01
1.169424200697448124e-01 -1.719528668372878877e-01
1.160431986118874992e-01 -1.680657561963621593e-01
1.123076959661300500e-01 -1.632429965027197005e-01
1.082116784553533301e-01 -1.614376461618478309e-01
1.061662309238020213e-01 -1.601125898495748545e-01
1.038800576001482762e-01 -1.606229377800834912e-01
1.004630215940561511e-01 -1.590123143881249368e-01
9.845843209355339964e-02 -1.573755737125208942e-01
9.565908077356677364e-02 -1.553528118916256417e-01
9.239362566838513202e-02 -1.523177878595782797e-01
8.780313698029268421e-02 -1.491794330578307681e-01
8.391095371531280545e-02 -1.444770579866997973e-01
8.121436152433976485e-02 -1.397905584892157882e-01
8.060012677569014516e-02 -1.374907597003903748e-01
7.889929185438226966e-02 -1.343439246105074258e-01
7.893398470850744586e-02 -1.279021094677161297e-01
7.821132383674141153e-02 -1.234745260340646689e-01
7.874160432995967740e-02 -1.188942312381544991e-01
8.149502340216878415e-02 -1.177758619668647228e-01
8.383570135873005813e-02 -1.168499456271048786e-01
8.751617318961771308e-02 -1.164520130338177611e-01
9.076691623432893430e-02 -1.147648063499023402e-01
9.554249402759323884e-02 -1.159547643865185551e-01
9.909977507905327887e-02 -1.151531963817923471e-01
1.038958159818851035e-01 -1.129641447848658969e-01
1.077943035721821430e-01 -1.109039596912611975e-01
1.112068214099861396e-01 -1.104004266757862285e-01
1.134884494710939468e-01 -1.120735028492550051e-01
1.240802789400737988e-01 -1.078617408477281492e-01
1.267575970362387894e-01 -1.078606287508464545e-01
1.209624354788389061e-01 -1.047756421630877677e-01
1.189283692615545479e-01 -1.001408200049078850e-01
1.123242021405422841e-01 -9.758379166203898225e-02
1.059590456149107490e-01 -9.562171960811599591e-02
1.020282344702162086e-01 -9.228808180901436342e-02
9.793676062931060133e-02 -9.044808843763731121e-02
9.486827662394699268e-02 -8.993996192867126371e-02
8.998484989269443790e-02 -8.796088106753233160e-02
8.625274895344778314e-02 -8.472376189531793944e-02
8.214989816317089244e-02 -8.404473215968824573e-02
7.700016167524911803e-02 -8.597604638507549968e-02
7.038065389234343661e-02 -8.595326539207512329e-02
7.012975693742086458e-02 -8.303181702507607398e-02
7.135092643155287184e-02 -8.097274402835309692e-02
6.979939839377213850e-02 -7.749323091871372637e-02
6.198367530033227490e-02 -8.256225020773819145e-02
5.937729186648774138e-02 -8.443964294291658734e-02
5.617365698962659831e-02 -8.764776612158725611e-02
5.275316668118289198e-02 -9.089788215755033318e-02
4.882800693834549871e-02 -9.235572163426804260e-02
4.392184744503770111e-02 -9.269857081684461375e-02
4.101291244632864624e-02 -9.016826285746117053e-02
3.918038372809556219e-02 -8.587691689060600320e-02
3.594048708589774044e-02 -8.291570145275280190e-02
2.921366250453654584e-02 -8.344247504777874136e-02
2.915751522788941411e-02 -7.769326687484369443e-02
2.711774778512792208e-02 -7.471332625350685097e-02
2.361779866017884102e-02 -7.534628341341931268e-02
2.204696506843659837e-02 -7.362554143098475057e-02
1.901486479188289197e-02 -6.854279862222348307e-02
1.753260167842522754e-02 -6.507237008010550994e-02
1.119931230599030374e-02 -5.427274424548154258e-02
1.065432411719724817e-02 -5.198200611526938852e-02
8.553838633659731697e-03 -4.758508086291367983e-02
7.016517611074471299e-03 -4.319154054527709480e-02
6.112755255566844695e-03 -3.933905179816923198e-02
4.071319460918346352e-03 -3.449190453771344006e-02
2.313711640325599814e-03 -3.070354769891090949e-02
3.501397045668836611e-03 -2.701968195763532546e-02
7.661939533372604536e-04 -2.370195420943239581e-02
1.591727600927689799e-03 -1.472190846023794727e-02
3.042247323901266145e-03 -1.198838428813702589e-02
3.347165209708218708e-03 -6.709238589017077481e-03
2.588168840077420020e-03 -2.558693715970660702e-03
