-3.448558051068973274e-03 1.628280053729706410e-03
-8.547543557522130353e-03 2.646994386617361125e-03
-7.469599096885400254e-03 9.621523628657113010e-04
-4.021041045816426546e-03 -6.661276908639954340e-04
-8.811242075282227446e-04 -2.501340785443745100e-03
2.866665587569665677e-03 -4.960657053244554859e-03
4.842528999508997727e-03 -1.177855416563685677e-02
6.733497690191272804e-03 -1.933974794199326552e-02
6.481716260359916999e-03 -2.288661254482129981e-02
7.378258543844908729e-03 -2.485516888222963350e-02
6.972528175502983212e-03 -2.935794421039987154e-02
7.644366254378794599e-03 -3.361831785764776703e-02
6.301803130499170416e-03 -3.661531354413891104e-02
-1.665984661885817767e-03 -3.628084222217672905e-02
-3.996973707764385963e-04 -3.821207418334641309e-02
3.281256735182998003e-03 -4.193309380599943154e-02
5.839172712118974144e-03 -4.566380378834721671e-02
5.801149601189098740e-03 -4.765467591372010009e-02
7.503887207406829442e-03 -5.162815406945321650e-02
7.025666219979883123e-03 -5.548261991861164893e-02
7.023680932036681368e-03 -5.922311085273836151e-02
2.709339026423276606e-03 -6.050063355767018591e-02
5.500790346986310971e-04 -5.985652371668381821e-02
-2.636438043929855042e-03 -5.678510876346640895e-02
-3.572540207659663253e-03 -5.339773593072831559e-02
-4.906677063776387730e-03 -5.101198009346520623e-02
-4.033685292704054098e-03 -4.601910098063968085e-02
-1.111487500662314797e-02 -3.600452182071439688e-02
-1.620016855025611935e-02 -2.910685290887518942e-02
-1.913111870426185274e-02 -2.742630564562506881e-02
-2.124588488539407363e-02 -2.673552688476289393e-02
-2.682794703787734492e-02 -2.458796432806541546e-02
-2.931456007208335310e-02 -2.217268395643222020e-02
-3.180791565345735677e-02 -2.090933619303687180e-02
-3.774434767892137499e-02 -1.920355915591818660e-02
-3.912658209208846882e-02 -1.575841990404480350e-02
-4.090635104662272703e-02 -1.237975307184261547e-02
-4.282624823955451243e-02 -1.220888722146300231e-02
-4.587034911351015737e-02 -1.319381253481380009e-02
-4.523007248933914176e-02 -1.613211831525212039e-02
-4.408712725877183408e-02 -2.054089451814319900e-02
-4.770161312309289386e-02 -2.199558045014956068e-02
-4.482748857305472734e-02 -2.965875835272204983e-02
-4.048260415042242294e-02 -3.157354090865641810e-02
-3.899042134908742296e-02 -3.628189905279965988e-02
-3.672606473282414435e-02 -3.798405843266556420e-02
-3.497286805638783608e-02 -3.905408226198815724e-02
-3.419923977941604493e-02 -3.587109217727536131e-02
-3.047444788344191510e-02 -3.664889817972393632e-02
-2.542507540887704864e-02 -3.367748636797168738e-02
-2.245420716697623872e-02 -3.870407685533445302e-02
-2.079417583720156310e-02 -4.040924033566999779e-02
-1.720388806511140983e-02 -4.367628048195865836e-02
-1.915412556212925388e-02 -4.462370043803527003e-02
-2.398758158440036925e-02 -4.613030030856933583e-02
-2.845118133055752133e-02 -4.736575953616554979e-02
-3.057179656616877336e-02 -5.192653890480858347e-02
-3.371189055309833232e-02 -5.725287896782931679e-02
-3.731561541639433210e-02 -5.676867539252601624e-02
-3.707603259889989678e-02 -6.155252742634629431e-02
-2.833955922222199802e-02 -6.542662030058966904e-02
-2.112537571079329407e-02 -7.050022106474684858e-02
-1.755038980951281052e-02 -7.169213681115391146e-02
-1.570173105780829290e-02 -7.413403601606592674e-02
-1.621958060501558357e-02 -7.776139341793983362e-02
-1.941371598898519041e-02 -7.914902774888608883e-02
-2.244757813729017504e-02 -7.865122745839814300e-02
-2.805814601161709179e-02 -8.200095730040528330e-02
-3.040495915467988225e-02 -8.329424772302521096e-02
-3.421734419825251533e-02 -8.577429528745167397e-02
-3.647182474026077620e-02 -8.639827349319434413e-02
-3.839192051686401291e-02 -8.765288020000820690e-02
-3.450526691226590836e-02 -8.876324995944874507e-02
-3.033830519848124477e-02 -8.967305273426968981e-02
-2.724043896841745957e-02 -8.902895165561459934e-02
-2.397976618575541757e-02 -8.851780541477644038e-02
-1.429225108896822229e-02 -9.329861458484677017e-02
-8.937880390832122351e-03 -1.033487049737984026e-01
-8.234770033007174014e-03 -1.089197559091936440e-01
-9.372630683385374181e-03 -1.138049103104298715e-01
-1.154640716997746425e-02 -1.242626908985504097e-01
-1.565973376875538781e-02 -1.322921209938134612e-01
-2.085119429715113354e-02 -1.379125995988957909e-01
-2.058073999731186224e-02 -1.411220104107344941e-01
-2.165710509967959385e-02 -1.438047487890315168e-01
-1.992070747020994667e-02 -1.482336013722338752e-01
-2.142324553930816805e-02 -1.509778402351989179e-01
-2.423530014065778185e-02 -1.552357962931417423e-01
-2.293269454188445050e-02 -1.567784386422138576e-01
-2.023864700841246367e-02 -1.554597410159778148e-01
-1.847815510026635730e-02 -1.532510322006421233e-01
-1.633464119478734641e-02 -1.479769725686120863e-01
-1.502123152851635168e-02 -1.454311077752145354e-01
-1.598104813182988845e-02 -1.427228248342303774e-01
-1.551642385958759175e-02 -1.382984962700809506e-01
-1.495509485517531462e-02 -1.360157521338916375e-01
-1.215769063444954896e-02 -1.342498431915221946e-01
-9.314161063699406481e-03 -1.325056460725430874e-01
-3.615658881267744002e-03 -1.352320324195146195e-01
-1.879149505789999390e-03 -1.363195593195117294e-01
2.115050684155540264e-04 -1.405403730865147915e-01
4.376287213777845658e-03 -1.356229147246917899e-01
2.825824417684697377e-03 -1.296672533190042775e-01
6.200312968918199504e-03 -1.231721340751674720e-01
1.031532684629948675e-02 -1.240546739102059565e-01
1.094997463110541393e-02 -1.229333670273889956e-01
9.814242041917541418e-03 -1.212156939715716975e-01
6.172238914971151826e-03 -1.153042111101394984e-01
7.707193520541906658e-03 -1.122456028406131484e-01
1.150586975056268509e-02 -1.094294740462350285e-01
1.614832465794911048e-02 -1.085204482778497487e-01
2.152123030480972143e-02 -1.066816913386226667e-01
2.384338333443688021e-02 -1.062670649452718413e-01
3.050462021286597450e-02 -1.103902411753642232e-01
3.236172208306505038e-02 -1.136644246654251872e-01
3.356915888910572826e-02 -1.164751364255799532e-01
3.495433351931138966e-02 -1.190877632919228879e-01
3.896457460441008630e-02 -1.251386969515383973e-01
3.900466518539515148e-02 -1.292088674478488464e-01
4.139778438513212061e-02 -1.339185245368367250e-01
4.223747134480671656e-02 -1.382832477184428033e-01
4.409859577564276961e-02 -1.433990285174417956e-01
4.685205421476655585e-02 -1.474386688883259910e-01
4.812149283873171091e-02 -1.528479880192331886e-01
5.244196373472996553e-02 -1.546949334017528599e-01
5.600823514752902715e-02 -1.550431912602398543e-01
5.492530923093309064e-02 -1.512373538806780493e-01
5.185910005556873537e-02 -1.498622497303660484e-01
4.829564292189914010e-02 -1.462866634937727006e-01
4.650255835492916184e-02 -1.423495508189560332e-01
4.492083977825944013e-02 -1.381907037358585111e-01
4.427483579018549192e-02 -1.350130831597574632e-01
4.344751117360654002e-02 -1.282988968354892845e-01
4.469014496862643016e-02 -1.213528928078419222e-01
4.866966610695869916e-02 -1.208588049447237717e-01
5.284766512841286568e-02 -1.224696808046758650e-01
6.028668685536661687e-02 -1.276462539578550881e-01
6.589768607601831363e-02 -1.307681412027613399e-01
7.002171225480852135e-02 -1.334636568972656645e-01
7.230338622718607278e-02 -1.339794041215050246e-01
8.121370346413174512e-02 -1.386875249186964865e-01
8.708527632606923030e-02 -1.431716405983290974e-01
8.851088289417856358e-02 -1.455666288808621645e-01
9.204181557104124112e-02 -1.449121949957639655e-01
9.646541485077896050e-02 -1.441509378242190609e-01
9.862434272543482705e-02 -1.407182211070312772e-01
9.561973291163537725e-02 -1.390565362540230610e-01
8.963333869007027166e-02 -1.366905495411611382e-01
8.701243709154286854e-02 -1.353390129504058181e-01
8.073734745272095892e-02 -1.337781729027478772e-01
7.675749371980136737e-02 -1.333029436241979226e-01
7.445141080508826947e-02 -1.322404040180476803e-01
7.213892622260723031e-02 -1.311494973565210109e-01
6.637321775179420846e-02 -1.272786502328913105e-01
5.650657118713327959e-02 -1.195314450111692600e-01
5.422859224262243510e-02 -1.163015133291975672e-01
4.955697196355327711e-02 -1.140752231714429188e-01
4.496674996154595427e-02 -1.123943482502630237e-01
4.210165134065262105e-02 -1.113223341963397034e-01
3.689183779288453258e-02 -1.075693729275300631e-01
3.337555055998815690e-02 -1.031031707073852000e-01
3.557744416699985118e-02 -9.836369544913259322e-02
3.673076220538658981e-02 -9.627781052574448106e-02
3.323000973111265438e-02 -9.556876873491614022e-02
3.036487632855946334e-02 -9.449675551087043102e-02
2.840468997097116144e-02 -9.168119172137387252e-02
2.760235347811669515e-02 -8.553661371800089230e-02
3.137204922113737832e-02 -8.078823367240811626e-02
3.362649498148579524e-02 -8.016425629654309881e-02
3.136137059863666060e-02 -7.890687789955380671e-02
2.294964285379488128e-02 -7.645619457158772669e-02
2.142721945514837467e-02 -7.215340334613387641e-02
2.305770481552285936e-02 -6.927496240415170758e-02
2.200202896959817592e-02 -6.804574920196510002e-02
1.659390126946685279e-02 -6.816907770407142075e-02
1.413486596386186178e-02 -6.667114966181185431e-02
1.351088775811919857e-02 -6.441666911980360732e-02
1.320564370637109138e-02 -5.974842812474544240e-02
1.720100617858452002e-02 -5.872369244070113625e-02
1.909339925910836025e-02 -5.941408690333157411e-02
2.167509472590221919e-02 -5.553793532136429290e-02
2.459677777813759625e-02 -5.109489951181271639e-02
2.324562513325491644e-02 -5.038588381156585555e-02
2.049825672482330843e-02 -5.424888337130302080e-02
1.676214703650238599e-02 -5.490821270457469511e-02
1.337995854658722596e-02 -4.554661303895701785e-02
1.596722210566429989e-02 -4.166462116484198619e-02
1.676790151727678216e-02 -3.937618361653198035e-02
1.520132881669927771e-02 -3.967582527185556374e-02
1.176160228913650761e-02 -4.128601061067626449e-02
1.086506000565151675e-02 -3.931745427326793080e-02
1.112554353237166921e-02 -3.613531015563250376e-02
1.164129075661101548e-02 -3.385363618325497315e-02
1.044166666155010165e-02 -2.993657359503528945e-02
1.045330848256529992e-02 -2.110410278679757112e-02
9.579003786553328542e-03 -1.911218611067585366e-02
8.342742010711426751e-03 -1.509336817727294569e-02
8.747928809201914110e-03 -1.056781086190061204e-02
5.266665523423314475e-03 -6.135000219563951918e-03
