-2.449400123154768082e-03 -4.460364951764401314e-03
-6.553141017259727676e-03 -7.692404798353026825e-03
-6.536340576168813039e-03 -9.209471803124306966e-03
-6.527912622867027351e-03 -1.057926141876513321e-02
-6.530032661409743665e-03 -1.163996456237455061e-02
-6.652427670557004707e-03 -1.294695284255247512e-02
-7.015416985273706385e-03 -1.426957960686468276e-02
-1.512056941337993829e-02 -1.559641455893897438e-02
-1.479344161744020753e-02 -1.748266811942027904e-02
-1.522522231219583522e-02 -1.917982581127126648e-02
-1.600669963312046501e-02 -2.058584777437259122e-02
-1.793455986693603260e-02 -2.217598790123334260e-02
-2.203914090312837637e-02 -2.179875760119463074e-02
-2.749871829042673660e-02 -1.953023350384189977e-02
-2.912301803331562508e-02 -2.218998648755279510e-02
-3.088104189966161400e-02 -2.484264719166399960e-02
-3.163545260978013057e-02 -2.663965660594265483e-02
-3.229933744837264892e-02 -2.874533593165186016e-02
-3.285427846754825076e-02 -3.096724367538463557e-02
-3.309657894846482207e-02 -3.397165959088783299e-02
-3.013890961137927552e-02 -4.066704620578594220e-02
-3.220602777856734072e-02 -4.186004505144745591e-02
-3.430839789353029579e-02 -4.335238978321110520e-02
-3.441562688637783002e-02 -4.419973798017912819e-02
-3.428661451998859383e-02 -4.496702148855288850e-02
-4.449206230728292716e-02 -4.701306822889526893e-02
-4.467267644693762724e-02 -4.783308899011828874e-02
-4.443693665990870040e-02 -4.949146403596785260e-02
-4.472029943744933178e-02 -5.186797771231099752e-02
-5.417985973741223232e-02 -5.395387318300132184e-02
-5.393900120969821743e-02 -5.529724601236939846e-02
-5.423022021241667712e-02 -5.607169828529173783e-02
-5.147313777755966463e-02 -6.802729320197313523e-02
-5.226900888497841569e-02 -6.792224658403803184e-02
-5.254373756100623460e-02 -6.782990508917331740e-02
-5.418359856493865090e-02 -7.011712403828394835e-02
-5.679614080824849087e-02 -7.330490929609545514e-02
-6.134286415336363818e-02 -7.153518965226388082e-02
-6.188930480587437333e-02 -7.245462292614059108e-02
-6.273034786693161557e-02 -7.361082284280176524e-02
-6.789025509690653493e-02 -7.481200942547296118e-02
-7.599542756904859031e-02 -7.842059345325923247e-02
-7.850451165789762431e-02 -7.919249153196811220e-02
-7.887003244924087331e-02 -7.951701214745481028e-02
-8.210428363565148990e-02 -8.040382736570539368e-02
-8.516502755479772591e-02 -8.159808331484377786e-02
-8.528416319070647456e-02 -8.186206097923309777e-02
-8.539995538756753324e-02 -8.210857669362479905e-02
-8.829048181701558418e-02 -8.334109325848462757e-02
-9.281950910082752138e-02 -8.299324001375603388e-02
-9.309285732248001599e-02 -8.311037063280035664e-02
-9.322964481685931670e-02 -8.317187014659944977e-02
-9.352912448519386246e-02 -8.331212924200080694e-02
-9.433091990061882870e-02 -8.371528419329461734e-02
-7.776016933284973787e-02 -8.614014801659979070e-02
-7.776016920711280311e-02 -8.614014796511311467e-02
-7.776016907241128928e-02 -8.614014790995563886e-02
-7.776016887414861911e-02 -8.614014782877116305e-02
-7.776016849148016663e-02 -8.614014767207632539e-02
-7.776016775012953297e-02 -8.614014736850846010e-02
-7.776016661214232850e-02 -8.614014690252588813e-02
-7.776013914768124813e-02 -8.614013565632945568e-02
-7.776013386251309778e-02 -8.614013349213632542e-02
-7.776013102887860406e-02 -8.614013233180588258e-02
-7.776012893045181062e-02 -8.614013147253109237e-02
-7.776012769385715062e-02 -8.614013096616353338e-02
-7.776012676768788434e-02 -8.614013058691050162e-02
-7.776012599831144678e-02 -8.614013027186179228e-02
-7.776012556247738350e-02 -8.614013009339389904e-02
-7.776012524994292685e-02 -8.614012996541545175e-02
-7.776012499456858018e-02 -8.614012986084323975e-02
-7.776012476126882567e-02 -8.614012976531024157e-02
-7.776012454977611343e-02 -8.614012967870694759e-02
-7.776012435207982354e-02 -8.614012959775305123e-02
-7.776012415548155809e-02 -8.614012951724879519e-02
-7.776012394915701731e-02 -8.614012943276175283e-02
-7.776012366484520710e-02 -8.614012931634000558e-02
-7.776012328889250758e-02 -8.614012916239255357e-02
-7.776012295865925017e-02 -8.614012902716657039e-02
-7.776012269119328413e-02 -8.614012891764291635e-02
-7.776012199100734712e-02 -8.614012863092630756e-02
-7.776012050177182056e-02 -8.614012802110437850e-02
-7.776010968880214813e-02 -8.614012359332862134e-02
-7.775936825817518494e-02 -8.613981994467172221e-02
-7.775461581357304142e-02 -8.613787163984495954e-02
-7.775443991696234791e-02 -8.613779946426104728e-02
-7.775443743127231910e-02 -8.613779844427552068e-02
-7.775443639582316213e-02 -8.613779801938593883e-02
-7.775443500620586590e-02 -8.613779744916556791e-02
-7.775443338062178189e-02 -8.613779678211741508e-02
-7.775443171357591943e-02 -8.613779609805526094e-02
-7.775443020591764343e-02 -8.613779547939647008e-02
-7.775442900111025069e-02 -8.613779498501053511e-02
-7.775442802044112145e-02 -8.613779458259832045e-02
-7.775442730726006557e-02 -8.613779428994826348e-02
-7.775442580512807733e-02 -8.613779367355617334e-02
-7.775442333879552248e-02 -8.613779266150863034e-02
-7.775442105492950950e-02 -8.613779172433450038e-02
-7.775441926371265411e-02 -8.613779098931621803e-02
-7.775441577573803664e-02 -8.613778955803909343e-02
-7.775441139534097768e-02 -8.613778776055724951e-02
-7.775440582761941610e-02 -8.613778547585645984e-02
-7.775439976137286935e-02 -8.613778298658185395e-02
-7.775439337206201118e-02 -8.613778036473232480e-02
-7.775438465857542614e-02 -8.613777678914892599e-02
-7.775437399776866099e-02 -8.613777241446621269e-02
-7.775434189096579185e-02 -8.613775923927413647e-02
-7.775411782050845044e-02 -8.613766728648890314e-02
-7.775115237273676205e-02 -8.613644963153417600e-02
-7.772886161315982478e-02 -8.612725462492934470e-02
-7.770353116253979342e-02 -8.611671646550261849e-02
-7.765356497245357037e-02 -8.609565662510193507e-02
-7.759256741465063445e-02 -8.606947260517400222e-02
-7.751013550424147580e-02 -8.603330018132249180e-02
-7.744265536859347432e-02 -8.600305723674368796e-02
-7.732735559538210512e-02 -8.595018761652135908e-02
-7.721472053278725933e-02 -8.589726329781137426e-02
-7.710856045328047526e-02 -8.584642555769118888e-02
-7.698336721644939706e-02 -8.578555717039471062e-02
-7.681352789297193895e-02 -8.570198987178810623e-02
-7.645312864942115094e-02 -8.552474915253051313e-02
-7.561485934665036768e-02 -8.515287972150167861e-02
-7.226821649884829224e-02 -8.479850012828975270e-02
-6.871714420959225411e-02 -8.517821767013335210e-02
-6.650143901689933856e-02 -8.515061240872706660e-02
-6.205439357971817560e-02 -8.298747206792082831e-02
-4.836166366472548911e-02 -8.205236925416491134e-02
-1.329841711678599915e-02 -8.375192905757050665e-02
3.980408965395877685e-02 -9.582919483132272542e-02
5.645148215991192125e-02 -1.016721366419185840e-01
5.770857546695799117e-02 -1.012177980600203198e-01
1.078998644505243520e-01 -1.340707487842544288e-01
1.051249832660317990e-01 -1.300140349887587143e-01
8.198013746641692745e-02 -9.970545051501915335e-02
7.620945236438372850e-02 -9.168695157586113920e-02
7.639791921352223625e-02 -9.127303285422923296e-02
7.646150224291239916e-02 -9.109574646991096258e-02
7.651267395408661853e-02 -9.093578891936086872e-02
7.659095381775780920e-02 -9.065649726953747822e-02
7.670069549885814852e-02 -9.018132556630099883e-02
7.725091337524168933e-02 -8.700472466738216892e-02
1.166405586538181022e-01 -9.241138409120802644e-02
1.166790105220013030e-01 -9.239480100225290482e-02
1.166974377150770958e-01 -9.238675248603886447e-02
1.167375417024391626e-01 -9.236901216878551368e-02
1.171449999488504423e-01 -9.217250115573220881e-02
1.176885779285479355e-01 -9.187020159290261445e-02
1.204005462853258018e-01 -8.994059755618899477e-02
1.017678214880613496e-01 -7.444394112494991111e-02
1.045916728452876143e-01 -7.421156215254880173e-02
1.046938910758417329e-01 -7.402757833928111375e-02
1.047753827171968577e-01 -7.369381579232218982e-02
7.068237102620911205e-02 -7.458783470940229254e-02
6.188288161557865819e-02 -7.082046682669057569e-02
5.763026395068567009e-02 -6.748226083640739004e-02
6.301716517322002165e-02 -6.551778291739765447e-02
6.235493056060844447e-02 -6.505974754937975113e-02
6.015743462412596193e-02 -6.288285971499650573e-02
5.174252854049252864e-02 -6.167205377894846574e-02
5.206446650119705283e-02 -6.084972509516258649e-02
5.219532110954706178e-02 -6.059213990971500791e-02
5.237569477511469507e-02 -6.024075216153563367e-02
5.262050232100482644e-02 -5.973689462623278656e-02
5.291190294741753009e-02 -5.899854552421080617e-02
5.303369068335805209e-02 -5.853918762075836085e-02
5.309345382572661087e-02 -5.813383310547975968e-02
5.310063999418664776e-02 -5.804126785927991167e-02
4.096655466760680542e-02 -5.003435654900428853e-02
4.088821465374903319e-02 -4.976180882757876012e-02
4.062505209492309199e-02 -4.887149546631613245e-02
4.042404833697189892e-02 -4.804832442200860504e-02
4.023562832756043955e-02 -4.648699293586824877e-02
4.380049869465544449e-02 -3.943712566735976810e-02
4.465254618334334180e-02 -3.798793113757728546e-02
3.998522521929483153e-02 -3.955345583714681146e-02
3.789870371135670851e-02 -3.957351099367825004e-02
3.744035148661033902e-02 -3.849181167467784909e-02
3.805529839613375209e-02 -3.606950947916444383e-02
3.908657799651571452e-02 -3.359219956917389865e-02
2.937666223608496538e-02 -3.141111036878698609e-02
2.674424664295678433e-02 -3.008480967908063602e-02
3.219348795832317062e-02 -2.322099736592006178e-02
3.157733800576743854e-02 -2.310711123189575222e-02
2.990810444884830360e-02 -2.334335494530847058e-02
2.639516179015119826e-02 -2.488417156130158514e-02
2.381376924494668645e-02 -2.533587128818720960e-02
2.297423443228227558e-02 -2.493912473669385177e-02
2.310340490346915812e-02 -2.280671249750729213e-02
2.446194746567656453e-02 -1.797089560784560780e-02
2.304495732629137372e-02 -1.562048000488985323e-02
1.865343260340118076e-02 -1.363488367889430751e-02
1.939128291989462849e-02 -1.138617364251142891e-02
1.990108137905027136e-02 -9.161294446498532973e-03
1.912174391849911712e-02 -8.794516979619863145e-03
1.640676232251199809e-02 -8.954788627294648501e-03
1.228784905205158873e-02 -6.449918637032319921e-03
9.020669184915820760e-03 -5.052990311423945051e-03
6.965621931387611966e-03 -3.836514818847359780e-03
3.845566738936348657e-03 -1.140182952642861732e-03
