-5.622754959341171705e-05 -1.285664437401534427e-03
6.158461056620001713e-04 -4.082590436835534416e-03
4.405315816511394013e-03 -1.319474550818097551e-02
7.041628042267671431e-03 -1.910487004296820140e-02
7.968978019375103777e-03 -2.131374379605238678e-02
9.092395742075334852e-03 -2.499317314163452750e-02
1.700624440350275227e-02 -3.751206426466902749e-02
1.692502209529732002e-02 -3.773330912309825341e-02
1.673215080622085862e-02 -3.802570073735068307e-02
2.051838793968380550e-02 -4.461012866919845249e-02
2.027707390430916190e-02 -4.730707216419119399e-02
1.873853130453681168e-02 -4.895678371285298175e-02
1.793612044243638251e-02 -4.983309992239152303e-02
1.766555521215244784e-02 -5.013934096043798361e-02
1.626305471454743759e-02 -5.194878375856049751e-02
1.485716642405022700e-02 -5.424827552264566838e-02
1.410827438552653829e-02 -5.566983069121337474e-02
1.354872967693719100e-02 -5.741004934323064302e-02
4.284147247786854705e-03 -6.056012945353175803e-02
1.189709395337744044e-03 -6.258952246069514336e-02
8.898551891400221635e-04 -6.329519377435038896e-02
-4.204121706823172916e-05 -6.418920677058527480e-02
-9.342940335999218998e-04 -6.515035761431973993e-02
-1.239149803820824725e-03 -6.630082259934730327e-02
-1.183435261832309782e-03 -6.734500835524742657e-02
-1.134923715802920764e-03 -6.786376561682573583e-02
-1.115921497451992112e-03 -6.816859215362749969e-02
-1.117231477429266907e-03 -6.858294394194772159e-02
-1.207940786815348347e-03 -6.915199822487756720e-02
-1.441616604179628584e-03 -6.971927710785473520e-02
-1.661888287088655186e-03 -7.003598362523232035e-02
-1.846382814283019629e-03 -7.023202756991078766e-02
-3.761168324307440775e-03 -7.099825493885698890e-02
-6.630909335914936427e-03 -7.173238087575894983e-02
-7.135074002764316484e-03 -7.190144907493600801e-02
-8.463358818312539944e-03 -7.238441576679989498e-02
-1.363366900170427318e-03 -9.593553100544272016e-02
-1.997014315273453692e-03 -9.635414267169679914e-02
-2.511804017940491834e-03 -9.677932497784560995e-02
-2.969218751183793584e-03 -9.726005358605079032e-02
-3.282686009135922858e-03 -9.768315185976142456e-02
-3.479752638623369917e-03 -9.801540497447866485e-02
-3.597807696555314905e-03 -9.825384387987226575e-02
-3.687338081406119766e-03 -9.846446598747964074e-02
-3.782370603789520728e-03 -9.873094136581846147e-02
-3.975756494059402325e-03 -9.965049155738664455e-02
-3.570602200394885559e-03 -1.063998861564053322e-01
-9.276031819827536273e-03 -1.138029584750442219e-01
-1.098572043422715687e-02 -1.161376273960487010e-01
-1.261560713853705946e-02 -1.178137106437337628e-01
-1.328346915830884607e-02 -1.186133366813689471e-01
-1.445377544307744656e-02 -1.201629041819468197e-01
-1.584673178924220563e-02 -1.219119327155368526e-01
-1.643823232366632692e-02 -1.230098251355378064e-01
-1.702054776761999927e-02 -1.241413338990928206e-01
-1.816225664589009303e-02 -1.257778881795236225e-01
-1.918099440206842698e-02 -1.267689246719285734e-01
-1.966567751355281085e-02 -1.271834345198409877e-01
-2.111881337801317648e-02 -1.283972013441033733e-01
-2.319848151169967912e-02 -1.303949271840648683e-01
-2.226864558979426909e-02 -1.352741311959849702e-01
-2.226864508254598057e-02 -1.352741309260592495e-01
-2.226864204346330062e-02 -1.352741293088488561e-01
-2.226863971150090660e-02 -1.352741280679225500e-01
-2.226861698321672481e-02 -1.352741159732763487e-01
-2.226861147957920339e-02 -1.352741130445508644e-01
-2.226860698055658366e-02 -1.352741106504201929e-01
-2.226860491927556279e-02 -1.352741095535192617e-01
-2.226855826469770205e-02 -1.352740847262766388e-01
-2.226855517449098654e-02 -1.352740830818069950e-01
-2.226855190688872485e-02 -1.352740813429333111e-01
-2.226854747846928467e-02 -1.352740789863205173e-01
-2.226842827349198237e-02 -1.352740155491123364e-01
-2.226794874351096035e-02 -1.352737603290647961e-01
-2.226780469949114077e-02 -1.352736836555017141e-01
-2.226778786856774967e-02 -1.352736746962525383e-01
-2.226759726388883448e-02 -1.352735732317044137e-01
-2.226742161950271207e-02 -1.352734797244669329e-01
-2.226740630926252879e-02 -1.352734715735082194e-01
-2.226740257287894084e-02 -1.352734695843023915e-01
-2.226740061672565635e-02 -1.352734685428687578e-01
-2.226739728381046252e-02 -1.352734667684609704e-01
-2.226738003565506552e-02 -1.352734575856949506e-01
-2.226674146594584749e-02 -1.352731175744929792e-01
-2.226598945293295495e-02 -1.352727170538821355e-01
-2.226597027351934557e-02 -1.352727068374702801e-01
-2.226596480676796067e-02 -1.352727039254498220e-01
-2.226596016061021047e-02 -1.352727014505371028e-01
-2.226595395653230627e-02 -1.352726981457455790e-01
-2.226589057584531586e-02 -1.352726643836416054e-01
-2.225895293664890973e-02 -1.352689638761160051e-01
-2.224265117262261976e-02 -1.352602301597156664e-01
-2.224190641857809805e-02 -1.352598298644965280e-01
-2.224186344370929908e-02 -1.352598067626366862e-01
-2.224185459191560868e-02 -1.352598020041601568e-01
-2.223670703442511692e-02 -1.352570321148360011e-01
-2.222459744102386892e-02 -1.352504946187542967e-01
-2.220274127778729470e-02 -1.352386191440200502e-01
-2.219891464908942125e-02 -1.352365298275775285e-01
-2.217397369061348961e-02 -1.352228378167108780e-01
-2.212990471161850950e-02 -1.351983268764783697e-01
-2.208194035253477003e-02 -1.351711810280554760e-01
-2.204417779235112729e-02 -1.351494599275274711e-01
-2.199503514397471021e-02 -1.351207244344344305e-01
-2.193416680121043280e-02 -1.350843832639071207e-01
-2.184365609058581958e-02 -1.350287679108325423e-01
-2.172717557642497507e-02 -1.349543100113795302e-01
-2.166006215120657580e-02 -1.349098706466320685e-01
-2.160477496628684935e-02 -1.348723834470320349e-01
-2.148860317586460608e-02 -1.347909173874911049e-01
-2.121232872422106411e-02 -1.345811722349209705e-01
-2.082780418570621961e-02 -1.342444533351921376e-01
-2.046353579224541655e-02 -1.338612508330008222e-01
-2.020262733692946774e-02 -1.335379026560792048e-01
-1.990722320852906721e-02 -1.331210246562710142e-01
-1.934158522062412455e-02 -1.322153089949877625e-01
-1.913405844142055529e-02 -1.318752369885605735e-01
-1.879752314237253391e-02 -1.313500053127998612e-01
-1.793499125578477266e-02 -1.302498473544619895e-01
-1.633129383341158300e-02 -1.288341204673402463e-01
-1.564078891780235070e-02 -1.282956549538634972e-01
-1.499315305060939033e-02 -1.277832444490295261e-01
-1.255964960390724278e-02 -1.248762265653972359e-01
-1.104088079652384286e-02 -1.224688172895786881e-01
-1.014337133699090912e-02 -1.216112860503214405e-01
-8.528138507528792642e-03 -1.198052833791853344e-01
-4.977582364414982925e-03 -1.133800898815312819e-01
-1.436916869493315560e-03 -1.112806169299005443e-01
2.051317810913201589e-03 -1.102939114416289362e-01
3.362768282183807057e-03 -1.097390832974366598e-01
3.757924257824793359e-03 -1.095042467402675274e-01
8.950429393811708267e-02 -1.757903437213402253e-01
8.985620763745534589e-02 -1.741458755842313633e-01
5.890246540876380166e-02 -1.473872282705056547e-01
5.703685159106573060e-02 -1.426321972254339099e-01
5.651847927659049003e-02 -1.412229171563772201e-01
5.460929649149866977e-02 -1.367300721482983539e-01
5.346235962764984972e-02 -1.300329849992636899e-01
4.938552948535410159e-02 -1.183865218526178736e-01
5.875913259652611881e-02 -1.020029105834339839e-01
6.600285309738217199e-02 -9.257385944107220099e-02
7.273804287170053395e-02 -8.578779537846227543e-02
7.583540388040400926e-02 -8.173385784542058774e-02
8.068008395084057260e-02 -7.728896271990406963e-02
8.507839692276858434e-02 -7.039704375590136176e-02
8.747659012259759170e-02 -6.871638824292741754e-02
9.022230402817793538e-02 -6.667785909577429726e-02
9.264342157827169799e-02 -6.390795910746868702e-02
9.289996494125879467e-02 -6.208884490729610350e-02
9.358722650086619133e-02 -6.138017050004267866e-02
9.411140595192525604e-02 -6.083240513289576989e-02
9.461710333023126696e-02 -6.009854490240689601e-02
9.473172793477921405e-02 -5.937213788354264027e-02
7.494382884998995742e-02 -5.897377585001167127e-02
7.496406687775125643e-02 -5.770500107884823232e-02
7.364231172596855113e-02 -5.648694248125279288e-02
7.174999711946254688e-02 -5.526205763488007544e-02
6.565117732684440377e-02 -5.544212892123862035e-02
6.297702608647440248e-02 -5.224973919922173277e-02
6.210614241301457700e-02 -4.974789568451289112e-02
5.561737965412365259e-02 -4.166349979018259958e-02
5.563494984754804168e-02 -4.162920477887113030e-02
5.564688134071031633e-02 -4.160683581377443846e-02
5.565220401694133401e-02 -4.159707096672442261e-02
5.565904062160911131e-02 -4.158470849172230671e-02
5.566758655234266273e-02 -4.156952248665349986e-02
5.570722772806696588e-02 -4.150242465688661758e-02
4.283087185819499376e-02 -3.626046773845704313e-02
4.278378900145436703e-02 -3.622464995783035435e-02
4.267408174561009016e-02 -3.613747446099171978e-02
4.154287378121973573e-02 -3.499837868169614064e-02
4.063399666135211058e-02 -3.375832733595952179e-02
4.566350493505816344e-02 -2.431918962058153902e-02
4.566084953250579975e-02 -2.426165100293034907e-02
4.565945568241604191e-02 -2.423552959991464098e-02
4.564911387447131985e-02 -2.384406454602717301e-02
4.572723004724445206e-02 -2.319374700425863231e-02
4.642621099082572256e-02 -2.118631521454603095e-02
4.722427059929594495e-02 -1.940525264035797628e-02
4.770362760252758183e-02 -1.837497880459973421e-02
5.041214706764601122e-02 -1.219469772109306807e-02
5.662972463204932888e-02 -2.270354247180578992e-03
5.702725203486055244e-02 -2.572721847625505411e-04
5.388592040496385793e-02 -4.844875699119643260e-05
4.079365160264344231e-02 -1.077747724053277137e-02
4.004946377321236262e-02 -1.150053647584288290e-02
4.004939441692148550e-02 -1.150060741111126432e-02
4.004938609254882903e-02 -1.150061592506558365e-02
4.004937633482269499e-02 -1.150062590503541336e-02
4.004932909283037690e-02 -1.150067422330097039e-02
1.149105751116541278e-02 -1.630527482280042656e-02
1.050661920414994698e-02 -1.494261892848640014e-02
9.734772989314988481e-03 -1.395394728737774093e-02
8.724378424049794925e-03 -1.279881921258661445e-02
7.626999517832743457e-03 -1.171263220327859074e-02
6.564257898517028567e-03 -1.070511154439027050e-02
5.416733582295355127e-03 -9.424885764227553669e-03
4.103525684516519216e-03 -6.441025522453255533e-03
3.988139706747167654e-03 -3.959615630535192297e-03
