-7.887770960411809654e-03 -4.828331257356655026e-03
-1.110157778972448335e-02 -3.962996232044302923e-03
-1.484632204469338128e-02 1.856512468497611848e-03
-2.115901360433109640e-02 3.224600773338217024e-03
-2.494881960326972639e-02 8.240580754010192127e-04
-2.542530678726967475e-02 -7.556639161156096475e-04
-2.732434403884266214e-02 -2.114230216417747801e-03
-2.818362538707683621e-02 -5.161783440374875104e-03
-3.009247218655457592e-02 -6.702386927470783615e-03
-3.131952654730602026e-02 -1.115443187346343117e-02
-3.325323860963393802e-02 -1.294055730544003968e-02
-3.506856256059734389e-02 -1.887860584944191580e-02
-3.857432728678421990e-02 -2.121265549153298832e-02
-3.917776094480571875e-02 -2.276216922137081974e-02
-4.092341085258108940e-02 -2.403982930666241635e-02
-4.155855692116097733e-02 -2.558179673161862372e-02
-4.333667833363828020e-02 -2.713672806716714569e-02
-4.467038377083871331e-02 -3.020552189142233432e-02
-4.819283390195797101e-02 -3.211651918131063627e-02
-4.987071546231645891e-02 -3.205253541403974005e-02
-5.177505296399118745e-02 -3.294041964353668778e-02
-5.389256644695204074e-02 -3.317412302854001044e-02
-5.951065338936660509e-02 -3.445230643258651720e-02
-6.835200943191006850e-02 -3.194610962890349903e-02
-6.966746097857992592e-02 -3.035905866873793782e-02
-7.136799297465942771e-02 -3.039026054903620766e-02
-7.324968004061313542e-02 -3.118295913096399280e-02
-7.605760174359613157e-02 -3.192289332894859138e-02
-8.214021709911396851e-02 -3.409634401420207073e-02
-8.737123762229855040e-02 -3.184576037625579115e-02
-8.955559604119039951e-02 -2.897912077961712837e-02
-9.103715846386517541e-02 -2.809013017888812788e-02
-9.290633933384424836e-02 -2.650544829627849222e-02
-9.636774839131458104e-02 -2.682165969420631860e-02
-9.962092668867984779e-02 -3.119386916902129256e-02
-1.004126639438096269e-01 -3.705698471429967611e-02
-1.000579504062539676e-01 -4.007496574794550820e-02
-1.015178088468458861e-01 -4.353287316563977244e-02
-1.030299555176073939e-01 -4.551989011890902881e-02
-1.042761274466530580e-01 -4.793899268989904039e-02
-1.056093338746695032e-01 -4.931484923885031540e-02
-1.066569833599784745e-01 -5.075865709496466677e-02
-1.081207494034924221e-01 -5.282420300019011888e-02
-1.080191812409124902e-01 -5.549699837123379248e-02
-1.075120511227683623e-01 -5.731078254591839838e-02
-1.071635683681280427e-01 -5.908676373814861216e-02
-1.066881506605423247e-01 -6.089300160795161482e-02
-1.087736744597419675e-01 -6.289444072313012113e-02
-1.115936320588350322e-01 -6.396679682111400256e-02
-1.133847657977986312e-01 -6.437874129168895398e-02
-1.151758995367622163e-01 -6.479068576226390541e-02
-1.179958571358552949e-01 -6.586304186024778684e-02
-1.200813809350549238e-01 -6.786448097542631397e-02
-1.196059632274692058e-01 -6.967071884522929581e-02
-1.192574804728288723e-01 -7.144670003745950959e-02
-1.187503503546847444e-01 -7.326048421214413631e-02
-1.184335915316789695e-01 -7.502896751538670750e-02
-1.178947374819003108e-01 -7.685024957905897680e-02
-1.180551650000678798e-01 -8.048323553413888609e-02
-1.170687439479025094e-01 -8.479147968083890208e-02
-1.165621612548363439e-01 -8.829818960975126252e-02
-1.180743079255978240e-01 -9.028520656302052583e-02
-1.190584841738960009e-01 -9.174411854997428784e-02
-1.204551638389232265e-01 -9.310487096808615914e-02
-1.203763576137642094e-01 -9.481667976613220028e-02
-1.202023772621121922e-01 -9.655118741579324371e-02
-1.195207078461619499e-01 -9.840650507001717784e-02
-1.198919135587403068e-01 -1.022910607931469124e-01
-1.216095069461601286e-01 -1.046482714012191284e-01
-1.224826171336629438e-01 -1.061336127368727872e-01
-1.239903029225153941e-01 -1.074678989114669359e-01
-1.248317006994598133e-01 -1.089607865520022256e-01
-1.240548456359403806e-01 -1.108387546419471598e-01
-1.240078002372337618e-01 -1.125430056140354212e-01
-1.213857786773166053e-01 -1.173745419650570332e-01
-1.120389025000413791e-01 -1.208559760649768750e-01
-1.063490082122714869e-01 -1.196283881153070716e-01
-9.554588358704453610e-02 -1.214280100097940990e-01
-9.179854600020724564e-02 -1.236440418597614943e-01
-8.900627585314158097e-02 -1.246605066530154238e-01
-8.641316422118015816e-02 -1.279932075209563314e-01
-8.688245237738699556e-02 -1.326422994711255188e-01
-8.507942420424531582e-02 -1.367592902057676030e-01
-8.333573155697085455e-02 -1.377441656112391721e-01
-8.102662430294334250e-02 -1.411434194719963786e-01
-8.098861216975468402e-02 -1.430969597808680882e-01
-7.893787593392255497e-02 -1.467364581918145783e-01
-8.161351633304786413e-02 -1.598121592313496153e-01
-8.094523522999182152e-02 -1.632735511005767026e-01
-7.795660004767979157e-02 -1.641691000547349510e-01
-7.585202176599184498e-02 -1.631444426150684412e-01
-7.421567368517265062e-02 -1.633829656801454588e-01
-7.226225639907700449e-02 -1.622888297422839798e-01
-6.615953552381256819e-02 -1.636236817811120292e-01
-5.644972340558496171e-02 -1.579716789188381765e-01
-5.291263377632376280e-02 -1.583942850774994193e-01
-5.088063912237794639e-02 -1.572517800334665705e-01
-4.615743068626763229e-02 -1.583254298621771528e-01
-2.078538624446031949e-02 -1.427886501445673473e-01
-1.259759468161755248e-02 -1.445190913378832098e-01
-1.137274487783180091e-02 -1.464868848883254526e-01
-9.777967171369757182e-03 -1.468998873142385031e-01
-8.497978238917788113e-03 -1.488472936719828499e-01
-5.323478540939119430e-03 -1.497367832818958244e-01
-2.922935843001920643e-03 -1.535265892808344301e-01
-1.297912980043251438e-03 -1.538127051696960845e-01
6.593316349252776980e-04 -1.527027003396845550e-01
2.164954328744018303e-03 -1.529268955563089782e-01
2.403477393821046738e-03 -1.512905474754897839e-01
1.529826699320059082e-03 -1.485513820713760536e-01
4.216545019841103081e-03 -1.395853912137281216e-01
9.841233064411793185e-03 -1.364480284500983187e-01
1.314413748772895463e-02 -1.367981281062308208e-01
1.678363589867545858e-02 -1.347473918703986917e-01
1.844258599932168188e-02 -1.348907177668304258e-01
2.112738855715600578e-02 -1.341047064150169832e-01
2.679188734524103402e-02 -1.351676358695838021e-01
2.899310700748377809e-02 -1.343001101234653216e-01
3.196814472616733155e-02 -1.346895456202512331e-01
3.387630955671491750e-02 -1.337857924986042835e-01
3.555791009308215816e-02 -1.338339327474667995e-01
3.745852861874814088e-02 -1.329618920363782042e-01
3.914773539696713572e-02 -1.329782829798645261e-01
4.560985242767738590e-02 -1.332252585730658023e-01
6.177540493201948840e-02 -1.366529415885027743e-01
6.448587774441019715e-02 -1.360406817310325367e-01
6.853815432695725685e-02 -1.365523739626221256e-01
7.041612241690220486e-02 -1.357755188991026929e-01
7.554534592019801487e-02 -1.335931292617879018e-01
8.768623908688687185e-02 -1.281508338500919608e-01
9.398851625490307893e-02 -1.306898425174856382e-01
9.616458898134434830e-02 -1.335210023116631672e-01
9.883924038135248613e-02 -1.363702286368766448e-01
1.054181183517716031e-01 -1.395785107585272022e-01
1.120314779030360391e-01 -1.350336446395249412e-01
1.143979747402581043e-01 -1.326967638055117915e-01
1.187559035150957815e-01 -1.305152078692225770e-01
1.219944066869199234e-01 -1.293748061506189984e-01
1.259419123283055386e-01 -1.258886789593975930e-01
1.271880842573512305e-01 -1.234695763884075814e-01
1.286760763435120525e-01 -1.214432523038043166e-01
1.286137668963721614e-01 -1.187462908270838780e-01
1.280749128465935027e-01 -1.169250087634116225e-01
1.277581540235877000e-01 -1.151565254601690375e-01
1.279305600192265358e-01 -1.104870750266213897e-01
1.284126316446108640e-01 -1.052207920372083688e-01
1.286469583124868477e-01 -1.004319414345207773e-01
1.284867906760309708e-01 -9.434231001095602642e-02
1.256746725758469407e-01 -9.192974168707222782e-02
1.228474987607175439e-01 -8.958065812127535832e-02
1.208294029499260291e-01 -8.742410325910716928e-02
1.169087095617280386e-01 -8.213267081556135940e-02
1.098029962493970862e-01 -7.641861502511106130e-02
1.054218765318401807e-01 -7.447084986920203542e-02
1.039932097013830659e-01 -7.335978708385244851e-02
1.012482092073365147e-01 -6.989036708880304316e-02
9.784373662143942829e-02 -6.686747206162686752e-02
9.192284838523086254e-02 -6.934762597642926685e-02
8.768729370080578789e-02 -7.115594873250558061e-02
8.232320302263577971e-02 -7.390268223274057413e-02
7.872018955384604832e-02 -7.777256283032919770e-02
7.599036339777248683e-02 -8.050913490257453897e-02
7.249869766272939997e-02 -8.095228125344774983e-02
6.881077272697268266e-02 -8.222039754296125991e-02
6.430300099684031767e-02 -8.235468325579521631e-02
6.134094689532366279e-02 -8.275621333474864061e-02
5.535843118090533893e-02 -8.190255540738168583e-02
5.027442115367470460e-02 -7.727303874012442231e-02
4.692445414340767201e-02 -7.486661840677544255e-02
4.509454350994477473e-02 -7.325772200259504652e-02
4.360547167720621453e-02 -7.240050374939457911e-02
3.966353768871015706e-02 -6.663464721688251713e-02
3.858509353716159385e-02 -6.327680381288858236e-02
3.779239495523381565e-02 -6.139511674693488852e-02
3.776119307493553540e-02 -5.969458475085537286e-02
3.934824403510110702e-02 -5.837913320418553625e-02
4.069166470674964731e-02 -5.442419967769798056e-02
4.000916158977380066e-02 -5.179758729501594827e-02
3.848984460053860718e-02 -5.106725557886689082e-02
3.718953407952599322e-02 -4.941679131866068275e-02
3.437761612733141597e-02 -4.841237960976007421e-02
2.980932329022135951e-02 -4.182695355607517207e-02
2.987889149887659745e-02 -3.646251099782028826e-02
3.172119682661422857e-02 -3.463785471689646844e-02
3.299812444241664866e-02 -3.039887991765716918e-02
3.485703804987327903e-02 -2.864524317862574346e-02
3.710269742412573846e-02 -2.019447950465926012e-02
3.320880245295580735e-02 -1.796035241433652924e-02
2.914174491033482903e-02 -1.997641383941372445e-02
2.728182616318256329e-02 -1.990262052423806896e-02
2.533590676607455280e-02 -2.096503253046499635e-02
2.369955868525537232e-02 -2.072650946538796835e-02
2.019962569691761620e-02 -1.521669510391092904e-02
1.398052698967993009e-02 -1.338478006147177796e-02
1.015421425734491963e-02 -7.696724614423107284e-03
8.449857450723862601e-03 -7.039715913585138304e-03
6.040980644442099125e-03 -3.214418591109221169e-03
4.413665829140885934e-03 -2.726606189248760668e-03
3.185085528270222531e-03 -7.747045731088622079e-04
