3.368757863721831038e-03 -1.963988698293330556e-03
9.224869034389196476e-03 -2.230732633759524922e-03
1.381210984991913110e-02 -3.323355627905163253e-03
1.687573260263495675e-02 -5.011887134576031334e-03
1.960945079503755017e-02 -5.940234652659705759e-03
2.204012560510233351e-02 -6.686494219803624378e-03
2.768807566557808519e-02 -1.076896393864531024e-02
3.345800457549540086e-02 -1.723771890053258163e-02
3.311757566639043221e-02 -2.102549140485922979e-02
3.452443835934548150e-02 -2.608577803563777442e-02
3.542712411196424077e-02 -2.791681901855544434e-02
3.531182530173514883e-02 -3.260897238100956413e-02
3.513639522130190124e-02 -3.962463457098017172e-02
3.514170384190850455e-02 -4.798219641382000383e-02
3.620775483724528176e-02 -5.300916906611577439e-02
3.597827030679437432e-02 -5.609432667084653795e-02
3.559645666625012306e-02 -5.907248525953879420e-02
3.631883741091415652e-02 -6.557761975884197903e-02
3.531970960208753729e-02 -7.006129216295085838e-02
3.473308934119521962e-02 -7.352519688411128518e-02
3.450701643436031307e-02 -7.955012805914224439e-02
3.340397978703733145e-02 -8.231411776935276814e-02
3.183853033068801547e-02 -8.517386232800003287e-02
2.569084899203530337e-02 -9.513565616633461175e-02
2.490189863590880348e-02 -1.005965753255511769e-01
2.055924923553706721e-02 -1.032965430823460790e-01
1.604162751492755820e-02 -1.028866056716307015e-01
1.623156883899451106e-02 -9.813990171329581291e-02
1.868074672848677245e-02 -9.517357374277096715e-02
2.054818146152023045e-02 -9.430374202706212627e-02
1.873092307811416099e-02 -9.406552757509370477e-02
1.610211210916491498e-02 -9.477133778504977235e-02
1.382023185047878862e-02 -9.275713725698769840e-02
1.236019288577509985e-02 -9.041786638839711954e-02
1.114344903079242388e-02 -9.236792053508736944e-02
1.114282313350227309e-02 -9.909427587906569079e-02
8.757423537150097262e-03 -1.004872440634571457e-01
2.217556429778579780e-03 -9.708321059457192259e-02
1.165354613393013367e-04 -9.986084298799038916e-02
-5.784821663964020803e-03 -9.578330805438801943e-02
-9.844619232186666360e-03 -9.069576635902119877e-02
-1.112018200841960631e-02 -8.815214372921706398e-02
-1.894378230365406646e-02 -9.061081705333648428e-02
-2.159637295319157338e-02 -8.923237339205565555e-02
-2.371453319236334345e-02 -8.665973623099022805e-02
-2.662962888451917212e-02 -8.500366442175152915e-02
-3.276249943364460682e-02 -8.423304119343821839e-02
-3.926734061178951268e-02 -8.140932665496440623e-02
-4.193145008322233386e-02 -8.246941421942299844e-02
-4.889167457785562054e-02 -8.567700674446043774e-02
-4.933236070319906019e-02 -9.163013158092800370e-02
-4.791979166427533937e-02 -9.810800451239995446e-02
-4.573218586385283113e-02 -9.906160275915106006e-02
-4.196031964323485020e-02 -9.600898611941056926e-02
-3.691425338483479701e-02 -9.641326137641209604e-02
-3.071000894654201535e-02 -9.502802721962992638e-02
-2.232681766906152721e-02 -9.771833963370012144e-02
-2.015389435950238478e-02 -1.044964709178397982e-01
-2.394585222508644265e-02 -1.037610663424983065e-01
-2.835919490597279061e-02 -1.013164262370321589e-01
-2.912646195064688345e-02 -1.031794216065405195e-01
-3.030776596603769468e-02 -1.056136326691156369e-01
-3.243046637522169900e-02 -1.073403161836030406e-01
-3.641161112236947217e-02 -1.134557074174397245e-01
-3.207291244004259467e-02 -1.148574354015115678e-01
-2.673512738077473555e-02 -1.151186328991066488e-01
-2.450182536590366292e-02 -1.160779138383988551e-01
-2.788097008005814906e-02 -1.232092605326381290e-01
-2.445824436010589353e-02 -1.267512816029978673e-01
-2.117128320370711969e-02 -1.270104943675181008e-01
-1.901955114503567357e-02 -1.235013007751144393e-01
-1.553187853804229024e-02 -1.245006056102647973e-01
-1.748162853400040198e-02 -1.301329899511283472e-01
-1.914745748959084670e-02 -1.326480491020149421e-01
-2.277781998503907238e-02 -1.355439163222426635e-01
-3.554041206337119757e-02 -1.342603763776650805e-01
-4.417000284081471634e-02 -1.341674448806491060e-01
-4.984941404307897256e-02 -1.340145053296545596e-01
-5.168043960156618044e-02 -1.349171739960056682e-01
-5.463431945828080977e-02 -1.368385336686622766e-01
-6.201818030683855371e-02 -1.449222668581117979e-01
-6.018688898328685560e-02 -1.445990211015280580e-01
-5.705667718248388920e-02 -1.428368740620627186e-01
-5.295224223408058484e-02 -1.419541646886738895e-01
-5.112121667559339083e-02 -1.410514960223228087e-01
-4.755706659686675247e-02 -1.396810507329110940e-01
-4.150198124161338931e-02 -1.383034410851376184e-01
-3.753917133173576004e-02 -1.398739157592627236e-01
-3.562564718983128598e-02 -1.405851756803845332e-01
-3.353520316855122807e-02 -1.411004886221443599e-01
-3.055612342106573190e-02 -1.440082873309435629e-01
-2.703117141726316813e-02 -1.463114355379537268e-01
-2.091952057638363227e-02 -1.477640501858183131e-01
-1.544498619417744578e-02 -1.508567189377426065e-01
-9.417682415120049583e-03 -1.532188587979542993e-01
-3.109305565724775761e-03 -1.506320415485823960e-01
-2.120029898684492545e-03 -1.565601175451060978e-01
-4.181383483054872357e-04 -1.602354912880607773e-01
1.561029683370064982e-03 -1.559100250082517403e-01
6.270793356229070747e-03 -1.540190580297378098e-01
1.008433009710326539e-02 -1.554903471137875359e-01
8.664228922052151158e-03 -1.603052783785893776e-01
4.872388740148819904e-03 -1.589450255584932969e-01
4.329463083436599184e-03 -1.624280632046485873e-01
5.644097329725373570e-03 -1.652660808385804370e-01
1.283907278295780968e-02 -1.638302038553965945e-01
1.719818029391065317e-02 -1.648997820405697368e-01
1.976749820424137521e-02 -1.712838115104109715e-01
2.241807009332580369e-02 -1.745555460585308527e-01
2.508999271773074830e-02 -1.774096168777830329e-01
2.695460092529148449e-02 -1.808203409369469328e-01
2.917478317084561817e-02 -1.804264812662439710e-01
3.127674598206249545e-02 -1.794431910216722492e-01
3.260107827309256801e-02 -1.780831108696104836e-01
3.612718922099440039e-02 -1.749762842300441323e-01
3.801357480221920215e-02 -1.717610257001953855e-01
3.858207729520458235e-02 -1.697185979309813186e-01
4.239435237710603710e-02 -1.655237200419984456e-01
4.352201433616432330e-02 -1.589053077017897608e-01
4.625498520839287087e-02 -1.547522522851545734e-01
5.582847470312458232e-02 -1.557582130504665818e-01
5.800228610928017531e-02 -1.561811422048259845e-01
6.498624712686192073e-02 -1.602807690367752114e-01
6.882576953193624003e-02 -1.627307016098032688e-01
7.180226199201819592e-02 -1.640204869353267259e-01
7.677552000228536622e-02 -1.669705531167323675e-01
8.127430353986293821e-02 -1.668554086445808438e-01
8.426899216460044528e-02 -1.666729615905138406e-01
8.795474653325244252e-02 -1.653310146627479660e-01
9.002119982024230083e-02 -1.626085409201253884e-01
8.650774752031241410e-02 -1.614183210357058029e-01
8.459420629214031706e-02 -1.607070456901535382e-01
7.604929805817706168e-02 -1.605991104333159003e-01
7.280453928907146266e-02 -1.602255788085041599e-01
7.089101514716701635e-02 -1.595143188873823226e-01
6.677217629681857225e-02 -1.578690432440849334e-01
6.347859925329758790e-02 -1.564352586141721790e-01
6.062348965548839536e-02 -1.553261883362609674e-01
5.629965699359153891e-02 -1.524390502814433612e-01
5.521517803199594426e-02 -1.503422761938165431e-01
5.339124756538350669e-02 -1.484061370625586740e-01
5.062805839280076770e-02 -1.473190802542872213e-01
4.597415621201326325e-02 -1.404301133859451878e-01
4.760670373177759013e-02 -1.373159362314317622e-01
5.000999289215013466e-02 -1.352277989363337429e-01
5.413859034161347394e-02 -1.393105018775833148e-01
6.223855879318688361e-02 -1.476388065579847253e-01
6.430527570028769790e-02 -1.482648048256511031e-01
6.217596835712751319e-02 -1.445338481795431229e-01
5.796730112435753007e-02 -1.414966364180942904e-01
5.384064766827380277e-02 -1.338998116344031764e-01
5.392689940458494924e-02 -1.309901854361329443e-01
5.161024186351059057e-02 -1.299150015024042315e-01
4.740941524393107315e-02 -1.294862140499846437e-01
4.441116470532324723e-02 -1.301735215585669292e-01
4.267372068215147252e-02 -1.279445715573263309e-01
4.177103492953271324e-02 -1.261135305744086610e-01
4.049548923956742402e-02 -1.235699233690350229e-01
3.985310617563028041e-02 -1.214505345330872815e-01
3.754503957299273886e-02 -1.159984082037894271e-01
4.117514159488878250e-02 -1.108515642012459917e-01
4.503957008199402368e-02 -1.109157055001795122e-01
4.721343474674907087e-02 -1.087271339944777815e-01
4.563139618470252179e-02 -1.066130768810655688e-01
4.150678656330408778e-02 -1.015635625217682358e-01
4.393495794320593367e-02 -9.766370968341855918e-02
4.644779644215756703e-02 -9.374887017151491142e-02
4.574878129060096221e-02 -9.052158176455210592e-02
4.099248157873349591e-02 -9.296497902858393003e-02
3.663700781123967187e-02 -8.987651787053993480e-02
3.808268074012566284e-02 -8.613639210924291245e-02
3.873948558034145950e-02 -8.315755741087907382e-02
4.181579990173957956e-02 -7.626596472430878515e-02
4.274415679387567196e-02 -7.353227049947048954e-02
4.330897149227140586e-02 -7.021632378870880375e-02
4.278963236873751380e-02 -6.606394590254981158e-02
3.956301205152321782e-02 -6.353729440638351822e-02
3.984789571452825724e-02 -5.866288432762150479e-02
3.808041546780579351e-02 -5.349555431143405287e-02
3.879169081335808594e-02 -5.158201308326194195e-02
3.826281234144986859e-02 -4.854896835311378611e-02
3.746142137189600874e-02 -4.331889089829565886e-02
3.790825158411653684e-02 -3.905304265656002471e-02
3.861952692966882233e-02 -3.713950142838790686e-02
3.912236741200043194e-02 -3.402167718702159283e-02
3.671429759539208970e-02 -2.870282876324519242e-02
3.685129296459203896e-02 -2.412171166474472508e-02
3.671325950902550039e-02 -2.011539600372446585e-02
3.615340926495790724e-02 -1.773011052529481490e-02
3.547481476874104339e-02 -1.490231357700426244e-02
3.464795717817035353e-02 -1.298730901296819493e-02
3.029639121211411684e-02 -8.042831314414519012e-03
2.688353015731775181e-02 -3.544389793696543171e-03
2.099253148900581331e-02 5.390203151596118132e-04
1.305120250872218550e-02 1.428152120552910777e-03
1.113766982368389995e-02 2.139419753889964821e-03
8.509448338660494798e-03 2.571162518027872435e-03
5.809483455433367069e-03 1.899102365625785242e-03
1.859077604132279137e-03 3.540429231223139912e-04
