-1.239128262548896183e-03 -2.667885567818673639e-03
-1.876878389203952280e-03 -6.398947659385082441e-03
-2.221331637749845121e-03 -1.069223589402736388e-02
-2.450833373117832555e-03 -1.484903887177428140e-02
-2.686179258964428371e-03 -1.816903222953122551e-02
-3.073839151535261421e-03 -2.216896364718136045e-02
-3.536260753926048599e-03 -2.614690744247885612e-02
-4.022218751879974227e-03 -2.954697981602189688e-02
-4.693890958084767813e-03 -3.342770316739387959e-02
-5.911827128213180231e-03 -3.922480309068949317e-02
-7.534943806492441082e-03 -4.574659089451539595e-02
-1.005389269369185400e-02 -5.192398406451814025e-02
-1.174057272098387797e-02 -5.435288698359399401e-02
-2.282822005319749478e-02 -4.719838599195710915e-02
-2.314277980620290179e-02 -4.974580930438485954e-02
-2.330835041148354020e-02 -5.066033079393320038e-02
-2.357121669466278810e-02 -5.183161148436512405e-02
-2.398243029017504621e-02 -5.318358633725416701e-02
-2.460487493038063939e-02 -5.460634854991432835e-02
-2.522433885565262407e-02 -5.584909390688395925e-02
-2.566508239991619270e-02 -5.681276239718335841e-02
-2.632909256824873812e-02 -5.769685657876657409e-02
-4.073859678736965750e-02 -5.504080416290599298e-02
-4.073860480667535616e-02 -5.504080172991087511e-02
-4.074043816775080318e-02 -5.504024564287307575e-02
-4.074943865813004246e-02 -5.503751970781375208e-02
-4.075016779907709996e-02 -5.503729917109764780e-02
-4.075108039124190201e-02 -5.503702320971805284e-02
-4.075583191128030053e-02 -5.503558750021297907e-02
-4.077158810304570835e-02 -5.503084002135329861e-02
-4.077175102163110854e-02 -5.503079103976058623e-02
-4.077419646428713518e-02 -5.503005607889259465e-02
-4.082565410458285221e-02 -5.501470480733029744e-02
-4.086580207205785936e-02 -5.500287744523655459e-02
-4.088226772835411998e-02 -5.499806440255596007e-02
-4.091285356230127401e-02 -5.498918159406079864e-02
-4.093001707245168264e-02 -5.498422958523141446e-02
-4.903806810185130233e-02 -5.070227404593079246e-02
-4.903810683674886262e-02 -5.070225563430565824e-02
-4.903811170303837980e-02 -5.070225332129184997e-02
-4.903813341888772076e-02 -5.070224299958902420e-02
-5.063266563086984973e-02 -5.014616362423194446e-02
-5.063279353361086615e-02 -5.014612433444422257e-02
-5.063281704302045882e-02 -5.014611711273465194e-02
-5.104840423315985809e-02 -5.001943058589346236e-02
-5.104852762905123797e-02 -5.001939319325206940e-02
-5.104852915660804125e-02 -5.001939273035734684e-02
-5.104853108273970513e-02 -5.001939214668270350e-02
-5.104863269695904260e-02 -5.001936135461491212e-02
-5.134715306584469730e-02 -4.992913329871766226e-02
-5.134716943926131982e-02 -4.992912835975273772e-02
-5.149622622163841507e-02 -4.988419412315435453e-02
-5.149659439285863421e-02 -4.988408319221387943e-02
-5.149659791853540558e-02 -4.988408212991941870e-02
-5.149659980607770166e-02 -4.988408156119861908e-02
-5.149667791982030091e-02 -4.988405802535512273e-02
-5.164329047563689934e-02 -4.983989650883433042e-02
-5.191080966407624064e-02 -4.975932621272025763e-02
-5.206650213753545586e-02 -4.971239848698081470e-02
-5.220686718899089640e-02 -4.967004362728907191e-02
-5.243579677081547374e-02 -4.960082856710529980e-02
-5.267076865045831197e-02 -4.952955595848777121e-02
-5.275116247169858719e-02 -4.950510598303745069e-02
-5.284719805430850709e-02 -4.947585044267585608e-02
-5.308349424619571155e-02 -4.940361835902436216e-02
-5.323246625946417149e-02 -4.935787808199156024e-02
-5.330786654933670349e-02 -4.933466209157818388e-02
-5.348920482931188852e-02 -4.927863455425002259e-02
-5.373696840564617938e-02 -4.920160405989700697e-02
-5.390363030476121725e-02 -4.914944596018158002e-02
-5.390366472190292330e-02 -4.914943515881924768e-02
-5.390366592975149446e-02 -4.914943477975179664e-02
-5.390366770891054371e-02 -4.914943422138601248e-02
-5.390367133976307901e-02 -4.914943308189035492e-02
-5.390367371660279711e-02 -4.914943233595017030e-02
-5.390372094137440423e-02 -4.914941751505803869e-02
-5.390373954486813585e-02 -4.914941167658223864e-02
-5.390375279353689514e-02 -4.914940751864956686e-02
-5.390376029923314716e-02 -4.914940516307774593e-02
-5.390376469843203427e-02 -4.914940378244219560e-02
-5.390386021608264272e-02 -4.914937380532721084e-02
-5.390386280190147955e-02 -4.914937299379636831e-02
-5.390386728799015370e-02 -4.914937158588653099e-02
-5.390387441258224360e-02 -4.914936934991082779e-02
-5.390387964454309427e-02 -4.914936770791649562e-02
-5.390388545866376530e-02 -4.914936588321725669e-02
-5.390389335942127880e-02 -4.914936340364889356e-02
-5.390390011950323135e-02 -4.914936128206883609e-02
-5.390390428353199898e-02 -4.914935997523230821e-02
-5.390390686841940032e-02 -4.914935916399255228e-02
-5.390390917802848764e-02 -4.914935843914594593e-02
-5.390391150046462687e-02 -4.914935771027365008e-02
-5.390391339797950127e-02 -4.914935711475839492e-02
-5.390391577153653274e-02 -4.914935636984223144e-02
-5.390393465969618020e-02 -4.914935044198775332e-02
-5.390393950064962386e-02 -4.914934892270372141e-02
-5.390394389707811595e-02 -4.914934754292911434e-02
-5.390394804162241399e-02 -4.914934624220562709e-02
-5.390397743612715398e-02 -4.914933701703096819e-02
-5.390398462893024323e-02 -4.914933475963941673e-02
-5.390398734871833936e-02 -4.914933390606013308e-02
-5.390398842846696320e-02 -4.914933356719141527e-02
-5.390398889508098146e-02 -4.914933342074909173e-02
-5.390398915141487307e-02 -4.914933334030115175e-02
-5.390398937104654009e-02 -4.914933327137185892e-02
-5.390398959622658137e-02 -4.914933320070126455e-02
-5.425317928575540405e-02 -1.340131493360137704e-01
-5.010113217962243459e-02 -1.339063158511975549e-01
-4.863886949892957251e-02 -1.395018664736632497e-01
-5.109087343224236882e-02 -1.541427619915641534e-01
-5.106139467593931447e-02 -1.541150211783090529e-01
-5.104297051193063678e-02 -1.540971774833523322e-01
-5.103086553266419217e-02 -1.540852403558009842e-01
-5.101886379610916233e-02 -1.540732368694641419e-01
-5.097477297283894981e-02 -1.540276879262585663e-01
-5.091139194004796337e-02 -1.539581410314422583e-01
-5.087738336943894990e-02 -1.539188017386491636e-01
-5.085704116587667911e-02 -1.538945831678959208e-01
-5.074310818851333893e-02 -1.537491499870128342e-01
-5.061358239202025378e-02 -1.535632454269285907e-01
-5.055203497042006638e-02 -1.534675079388824193e-01
-5.053221487902841147e-02 -1.534356981638574091e-01
-5.033627000042562721e-02 -1.530966714298277465e-01
-5.020340547078062932e-02 -1.528427795782338894e-01
-5.017880751716876503e-02 -1.527937612831015146e-01
-5.008568065270416203e-02 -1.526026935089918601e-01
-4.988191138733189672e-02 -1.521557625903459388e-01
-4.975982041058859412e-02 -1.518701464846886062e-01
-4.971002324443440923e-02 -1.517500255241439333e-01
-4.965419031927444105e-02 -1.516129300722261486e-01
-4.958877421014306480e-02 -1.514491386350460544e-01
-4.956803956027821395e-02 -1.513965249832797122e-01
-4.949950252049803434e-02 -1.512202819715438573e-01
-4.932431791498740475e-02 -1.507541947231234580e-01
-4.920434216097095692e-02 -1.504228279058947015e-01
-4.915439672737254712e-02 -1.502821455800865680e-01
-4.912848965015540609e-02 -1.502085636880453323e-01
-4.910984530566916972e-02 -1.501553573711474909e-01
-4.900866504577391231e-02 -1.498630534928299951e-01
-4.891414529493019747e-02 -1.495848454381499826e-01
-4.886807198810846214e-02 -1.494475536503371005e-01
-4.882304544058528595e-02 -1.493123821732667278e-01
-4.878564584193310905e-02 -1.491993934468540117e-01
-4.874028462939412193e-02 -1.490615311862636405e-01
-4.869493634041759111e-02 -1.489228673525086477e-01
-4.868476724910866110e-02 -1.488916641770376692e-01
-4.866684307040076984e-02 -1.488365728866545279e-01
-4.855094992299871515e-02 -1.484778524006425404e-01
-4.846223346334654902e-02 -1.482010069478142122e-01
-4.842356613481562516e-02 -1.480799918465617038e-01
-4.837090450393290858e-02 -1.479150816579752337e-01
-4.830915838112844612e-02 -1.477219779103701447e-01
-4.829036780165788662e-02 -1.476633586355784178e-01
-4.827955824006777141e-02 -1.476296839009101913e-01
-4.825355587134604746e-02 -1.475488540514197922e-01
-4.823500990891067125e-02 -1.474913867048478766e-01
-4.823416889628833609e-02 -1.474887849192186018e-01
-4.823398188712493123e-02 -1.474882064341142551e-01
-4.823385043006282735e-02 -1.474877998027538661e-01
-4.823364952128192384e-02 -1.474871783573802608e-01
-4.823310175460847338e-02 -1.474854841347016943e-01
-4.815838018752757743e-02 -1.472562943307801631e-01
-1.202540555733957496e-02 -1.503110641829821237e-01
-1.641995071335185588e-02 -1.400861660491521665e-01
-3.442975199430792655e-03 -1.256935274833473892e-01
3.735269475897142269e-03 -1.172794428167508590e-01
7.286204137120238025e-03 -1.130401657298563123e-01
7.607302439915341816e-03 -9.976690889448233679e-02
1.703858285726406185e-02 -9.136694089706812183e-02
1.010488637194934848e-02 -8.795396221651198554e-02
3.050572338480054060e-02 -7.192891533019336869e-02
9.276479880313990775e-03 -7.721727199763621374e-02
9.272730598645960789e-03 -7.721577427513143244e-02
9.271934647632072007e-03 -7.721545756962641671e-02
9.258909732605789464e-03 -7.721033728643138250e-02
9.214305144209025689e-03 -7.719368999018043354e-02
9.188860843182969709e-03 -7.718480742437822117e-02
9.113569623333237640e-03 -7.716112652845530384e-02
1.558521126963616481e-03 -8.173942540753978414e-02
-1.942196508633057530e-03 -7.755447326100242678e-02
-1.731484492397646459e-03 -7.695607621604216853e-02
1.438697632853557385e-04 -7.365036811108363612e-02
-9.909444310568053804e-04 -7.294360120830857552e-02
-2.713635023716234104e-03 -7.210605312862543304e-02
-3.121480230620814374e-03 -7.188377876987868398e-02
-3.392109713019902592e-03 -7.172229594653695139e-02
-4.281003865711846199e-03 -6.882974239408086448e-02
-6.750382058141068432e-03 -6.435812519176767332e-02
-3.177106604639440366e-03 -5.372509351002120737e-02
-4.567514815348876905e-03 -4.940764276276796152e-02
-4.884110645483960220e-03 -4.512225734674143313e-02
-1.951918999786538033e-03 -3.232013447065765210e-02
-5.604532289870860565e-04 -1.984228863247303187e-02
-1.110673167968327977e-04 -1.586932616719254063e-02
-5.497993728579082031e-05 -1.545111420135175315e-02
-5.491005464386422303e-05 -1.545060854286488955e-02
5.508793772966880282e-04 -4.532453802456886185e-03
5.453007082571832351e-04 -4.531507505966864482e-03
5.452969959276886443e-04 -4.531506982231339048e-03
