-1.699834385889649338e-03 -5.618290659934673491e-03
-4.709498591998568552e-03 -9.088024623694391374e-03
-6.258712405108170576e-03 -1.058307390694559862e-02
-9.509343101990285971e-03 -1.369852788845594277e-02
-2.286876711530875031e-02 -1.895618195941305845e-02
-2.517970960573828049e-02 -2.182289822190904352e-02
-2.688066137165762148e-02 -2.378595612759907413e-02
-3.018588358025435514e-02 -2.742920071029134044e-02
-3.484913216469615743e-02 -3.208046067200224366e-02
-3.839176306191775107e-02 -3.476290962742289992e-02
-4.183669242456528742e-02 -3.753885504514863775e-02
-4.568988742999398334e-02 -4.378628477534843993e-02
-4.833326080410778325e-02 -4.644638339794476128e-02
-4.927360702321411517e-02 -4.753214781196728189e-02
-5.079135642995623312e-02 -4.938393204190964086e-02
-5.608127075146833451e-02 -5.436976137106717261e-02
-5.626246394606357337e-02 -5.683411452711676498e-02
-5.675208725532010501e-02 -5.931891345596736892e-02
-7.036167041356174157e-02 -6.139715235331603266e-02
-7.614459833212763873e-02 -6.335598572362295677e-02
-7.711982732800926055e-02 -6.398529465227759117e-02
-7.760014932452022340e-02 -6.436415448147732310e-02
-9.321386624005112420e-02 -6.418740834907672721e-02
-9.327347093943195999e-02 -6.613337258816398556e-02
-9.389313897887147098e-02 -6.770845701364262836e-02
-9.528770775353309630e-02 -6.914750034981242965e-02
-9.600088510633733585e-02 -7.059285853207578065e-02
-9.626995996369043518e-02 -7.210875598969460065e-02
-9.619464166148733453e-02 -7.569323812108924576e-02
-9.568983504413899888e-02 -8.043890988158436395e-02
-9.531343852042462039e-02 -8.421078305368724648e-02
-9.397388271860052100e-02 -9.114208360779467444e-02
-9.216251422080609657e-02 -1.108755868700947445e-01
-9.226041668457120315e-02 -1.185159267289553203e-01
-9.231405981235671354e-02 -1.186927723983446231e-01
-9.268422644279396272e-02 -1.197845452909227365e-01
-9.281083906211883006e-02 -1.201455582132474470e-01
-9.284043373890067674e-02 -1.202313591159489686e-01
-9.313719330224021209e-02 -1.211864349601388252e-01
-8.555562191595503241e-02 -1.358782542869776122e-01
-8.327148076270975141e-02 -1.412405374980827688e-01
-8.317240538956860441e-02 -1.416074561761177242e-01
-8.282107049530298970e-02 -1.426310524895062770e-01
-7.079352428596241698e-02 -1.557686831982431352e-01
-7.096428800804907566e-02 -1.568585872126781744e-01
-7.117558709489769930e-02 -1.584380511841983197e-01
-7.467137212074316521e-02 -1.650227539102891439e-01
-7.511635423207169149e-02 -1.699889514900364273e-01
-7.563219491965694763e-02 -1.707685640594281129e-01
-7.604124244909538088e-02 -1.713606783622444452e-01
-7.625547619597598803e-02 -1.717487884913965479e-01
-7.651095499861304550e-02 -1.723328668797209362e-01
-7.672410090347177303e-02 -1.730022779439577829e-01
-7.686821242449701219e-02 -1.737385745257527814e-01
-7.694869207965907010e-02 -1.744823386706148283e-01
-7.702648986717977597e-02 -1.750968211714964140e-01
-7.707721795972539980e-02 -1.753641485789842747e-01
-7.710876172207235812e-02 -1.755011435699171118e-01
-7.715517811480054888e-02 -1.756768846980057697e-01
-7.734103269138510595e-02 -1.762299154600353579e-01
-7.739144283608301311e-02 -1.763564052858656861e-01
-7.740780104171461617e-02 -1.763959811458545301e-01
-7.742452689294267165e-02 -1.764357664646677981e-01
-7.749676458738924412e-02 -1.766004503240293511e-01
-6.944546793313141619e-02 -1.812904771609042953e-01
-6.944546770465480356e-02 -1.812904772181725965e-01
-6.944546750524203949e-02 -1.812904772681559473e-01
-6.944546728022166215e-02 -1.812904773245578582e-01
-6.944546684491476052e-02 -1.812904774336686342e-01
-6.944546591936884283e-02 -1.812904776656588668e-01
-6.944546353443402376e-02 -1.812904782634472967e-01
-6.944545798169365902e-02 -1.812904796552466669e-01
-6.944545234335260109e-02 -1.812904810684939083e-01
-6.944544744471690956e-02 -1.812904822963278539e-01
-6.944544408201844266e-02 -1.812904831391784488e-01
-6.944544174109500145e-02 -1.812904837259224078e-01
-6.944543946147049840e-02 -1.812904842973006581e-01
-6.944543749780367203e-02 -1.812904847894844240e-01
-6.944543594240606965e-02 -1.812904851793367411e-01
-6.944543476290876427e-02 -1.812904854749711747e-01
-6.944543397965453890e-02 -1.812904856712893309e-01
-6.944543309394238251e-02 -1.812904858932877505e-01
-6.944543218047279087e-02 -1.812904861222432162e-01
-6.944543121529564433e-02 -1.812904863641585929e-01
-6.944542965343863949e-02 -1.812904867556274502e-01
-6.944542798489100610e-02 -1.812904871738368617e-01
-6.944407744168447361e-02 -1.812908254459775215e-01
-6.944369140582018485e-02 -1.812909220517246178e-01
-6.944313121118607379e-02 -1.812910621735048244e-01
-6.935531345604466213e-02 -1.813120280228298353e-01
-6.917860989800618532e-02 -1.813479557504858175e-01
-6.894437462834691888e-02 -1.813819286217726312e-01
-6.892137546381103819e-02 -1.813844011211668827e-01
-6.891757940998592680e-02 -1.813847947694277318e-01
-6.891203900377539104e-02 -1.813853620193640326e-01
-6.445535050985094772e-02 -1.802123102604699101e-01
-3.666701790523472365e-02 -1.708736297621216427e-01
-3.608624286474306636e-02 -1.729355543407705420e-01
-3.341816754265036771e-02 -1.824835442960067167e-01
-3.272784116201377796e-02 -1.826381743706729233e-01
-3.228504235025625446e-02 -1.828201969427258877e-01
-3.216064518564972635e-02 -1.828803143524454777e-01
-3.202864623944366024e-02 -1.829476715391315789e-01
2.012106757201783877e-02 -2.484303861327809282e-01
1.506353576231114592e-02 -2.219257539206569152e-01
1.506353503627581858e-02 -2.219257445229822767e-01
1.506353473061523146e-02 -2.219257405665636673e-01
1.506353427520447028e-02 -2.219257346718029045e-01
1.506353288281861262e-02 -2.219257166489824185e-01
1.506353278001256769e-02 -2.219257153182767617e-01
1.506353262199265457e-02 -2.219257132728910675e-01
1.484329314911555023e-02 -2.179114530738018030e-01
1.489145570982089786e-02 -2.166397396140800902e-01
1.489657422411308323e-02 -2.165943181532897777e-01
1.490870311972955671e-02 -2.164974167699341978e-01
1.505635747801191762e-02 -2.158298579243712878e-01
1.536906643475585352e-02 -2.152737638644847407e-01
1.544880521184659357e-02 -2.151930750298574058e-01
1.566603993561901248e-02 -2.150207794894588298e-01
1.602799313310122181e-02 -2.147468510029049427e-01
1.618913111144009917e-02 -2.145647674877852462e-01
1.623947167028606114e-02 -2.144949524543694197e-01
1.713166963208316226e-02 -2.106823352787845771e-01
1.776993371383614462e-02 -2.094953493551145185e-01
1.785181812218355688e-02 -2.093754462940660144e-01
1.828271482024509953e-02 -2.088099300950505000e-01
1.936399201537441009e-02 -2.077713740284981014e-01
2.110815076077830407e-02 -2.071322154846857722e-01
3.628985349790533887e-02 -2.230129304219720665e-01
3.692297531722708165e-02 -2.229999137049730740e-01
3.713575717128225068e-02 -2.229665806271020623e-01
3.734756913861757288e-02 -2.229020780111896638e-01
3.790339144589422588e-02 -2.212230077682230955e-01
3.472266129452657168e-02 -2.138898822137653422e-01
3.301654379463158512e-02 -2.109632079771925073e-01
3.302066990881730169e-02 -2.108193971603125327e-01
2.982940092700866672e-02 -2.079144170759752164e-01
2.696965631459408499e-02 -2.053020047854865748e-01
2.721701774263954668e-02 -2.008014736494156127e-01
3.456411432940734163e-02 -1.930940367085283160e-01
4.231778283918615630e-02 -1.863232813479419880e-01
4.560216810627208683e-02 -1.810443401539302555e-01
4.777345751932886297e-02 -1.778035897640302676e-01
5.096115218425435744e-02 -1.716570976964226780e-01
5.364377252314261879e-02 -1.662437905060602794e-01
5.447388562104631821e-02 -1.647565950620847874e-01
5.614788602737735834e-02 -1.619026519540263109e-01
6.168962562781640097e-02 -1.551534677371716742e-01
6.350479460544435073e-02 -1.502564365646898992e-01
6.979734167587421656e-02 -1.458960933198634458e-01
7.488482377363782361e-02 -1.435873182314600094e-01
7.505120940269162377e-02 -1.419753903701212183e-01
7.516490490452737427e-02 -1.411239318009812060e-01
7.521243026641478979e-02 -1.408150079220151230e-01
7.916465770840615257e-02 -1.352394300867122423e-01
7.934787036162059548e-02 -1.328738980730508890e-01
7.917457117304108061e-02 -1.326248213192438019e-01
7.851532159666149702e-02 -1.317919623780102190e-01
7.931288345085522884e-02 -1.206362446731713972e-01
7.620122241386725892e-02 -1.167487729961226572e-01
7.597460380737494634e-02 -1.143315354853882138e-01
7.613330847044937066e-02 -1.130228688278699795e-01
7.654803577538496495e-02 -1.114295788853076341e-01
7.453416131589635230e-02 -1.041674353607208725e-01
6.969348819089052349e-02 -9.914311117246239757e-02
6.962898916817290840e-02 -9.896267882187570475e-02
6.956401812857521127e-02 -9.878238457019636320e-02
5.937461457464940362e-02 -9.061603064359755044e-02
5.949733625133432624e-02 -9.018551260868470920e-02
5.953870331255718684e-02 -8.974357547689762460e-02
5.953847707358432551e-02 -8.931576861957296609e-02
5.991216509896270248e-02 -8.811988002527390562e-02
6.026980291979303073e-02 -8.618496946601378328e-02
5.961573750965188517e-02 -8.552588849816747385e-02
5.924062473398017392e-02 -8.520904631003330121e-02
5.781877111310188694e-02 -8.401960896624847963e-02
5.708874034308818179e-02 -8.022785491872615193e-02
5.806981285737943671e-02 -7.464955478648090115e-02
5.902491121624676984e-02 -6.908146303736388549e-02
4.548232327572358791e-02 -6.347323254476316956e-02
4.129823874831206609e-02 -5.844245960526490286e-02
3.996403348908952879e-02 -5.302008942771747196e-02
3.858493567598286766e-02 -4.824453380738798203e-02
3.585413087603170346e-02 -4.523365493604355331e-02
3.501962246101479603e-02 -4.506713532213475065e-02
3.436040899426701795e-02 -4.487076876183233171e-02
3.349403079586694282e-02 -4.389006362194940170e-02
3.264720746480970215e-02 -4.264057515757080363e-02
3.135034144400629386e-02 -4.123626829978930403e-02
2.754798309244688853e-02 -3.839835868821064174e-02
2.313863001896254712e-02 -3.469613657386531880e-02
2.238715145299513543e-02 -3.194303298082003251e-02
2.177095914082373407e-02 -2.942161808273496826e-02
1.955236225964341462e-02 -2.730391352854282666e-02
1.642196733064030245e-02 -2.555337819955889184e-02
1.252995048926200568e-02 -2.283676643636226369e-02
8.351200812043333213e-03 -1.850393242783091030e-02
3.611322286681191082e-03 -7.186947985618185111e-03
1.753603141916433746e-03 -2.034580544107428626e-03
