-2.615376764111051870e-04 -8.027544410554485546e-03
-6.431688619072757542e-04 -8.481681740721329354e-03
-1.114846584766260220e-03 -1.125122532364339692e-02
-1.118497847739195880e-03 -1.247606123939343399e-02
-1.171445401954769074e-03 -1.297968614121411575e-02
7.400694873652203295e-04 -1.452165032987039368e-02
1.718465755994019089e-03 -1.606055324109216878e-02
1.914042972234060534e-03 -1.697787454039656127e-02
-6.006538941880158571e-03 -2.301827604187249229e-02
-6.018782440988831688e-03 -2.303000803843590141e-02
-6.563347673681509641e-03 -2.359340368472723909e-02
-7.278655809388244989e-03 -2.441198845789286156e-02
-2.856382242412855432e-02 -2.978894257238848264e-02
-3.562591822755906829e-02 -3.468710932037997324e-02
-3.822150349066232022e-02 -3.650983043431337699e-02
-3.799832313967007463e-02 -3.737098045578013394e-02
-3.431345145242838124e-02 -3.887364933883638574e-02
-3.369604970012545636e-02 -3.924664208126580484e-02
-3.222973502475735830e-02 -3.987960772524869885e-02
-3.197068194018270332e-02 -3.996872465985683992e-02
-3.082003949823925934e-02 -4.029390840277922298e-02
-2.885139207760726091e-02 -4.235570485315978684e-02
-2.871703106380832718e-02 -4.455968809548183085e-02
-3.416395558870360255e-02 -4.816099421338725095e-02
-3.741526683416533661e-02 -5.142893908540726450e-02
-4.355901303513592254e-02 -5.471200376881931587e-02
-4.891935557245634392e-02 -5.606464282422641415e-02
-4.910866737101489410e-02 -5.663736306019847427e-02
-4.925753450116837628e-02 -5.713242652812957484e-02
-5.531073218728652791e-02 -6.102955048285496620e-02
-5.539192661297688558e-02 -6.145355620849919653e-02
-5.268358604875584411e-02 -6.287409015921396893e-02
-5.088142086464738506e-02 -6.385748105712317491e-02
-4.928850344473138106e-02 -6.459899222584011835e-02
-4.656588876134944155e-02 -6.576448864206102529e-02
-4.529099661633135404e-02 -6.641159139254913801e-02
-4.194698108738148523e-02 -6.778312775100348020e-02
-4.086122653933862980e-02 -6.807294017000189990e-02
-3.541721926524513120e-02 -6.983831208712359961e-02
-3.454447028130563924e-02 -7.028310726973130418e-02
-3.235519309359080609e-02 -7.243957781904594717e-02
-3.194653358156287343e-02 -7.312210431988649950e-02
-2.506912414843871784e-02 -7.479441041175914628e-02
-2.464124754751205806e-02 -7.524006837916642765e-02
-2.381416603463714851e-02 -7.574850027462000368e-02
-2.316521733022411378e-02 -7.588243976818263847e-02
-1.472895781545712456e-02 -7.575964825956996163e-02
-1.142879855348565010e-02 -7.648433829160602992e-02
-9.387812374655609207e-03 -7.695869575677620478e-02
-3.222372951883563114e-03 -7.840999909721431405e-02
6.893748530034478003e-04 -7.970216248507557000e-02
1.797889115359391308e-03 -8.014797050406673173e-02
3.797549409980095336e-03 -8.078861512011696611e-02
7.729990900925960522e-03 -8.259059181077306466e-02
7.507654127560594789e-03 -8.997681542435641278e-02
5.883253956342557843e-03 -9.498385398353839659e-02
8.073147236411854638e-03 -9.971196962547282383e-02
8.471557983175720744e-03 -1.013824293181103953e-01
9.649023848046816426e-03 -1.025014115541653115e-01
1.638829424305565663e-02 -1.113132212082773159e-01
1.723357625119434355e-02 -1.123395482443637766e-01
1.852542845522309536e-02 -1.135427442457513786e-01
2.213041468433694231e-02 -1.153508550941114152e-01
2.386989319482699795e-02 -1.160652395110667173e-01
2.561646620981373329e-02 -1.178925479080506211e-01
2.587744771358901560e-02 -1.200536092605106325e-01
2.621371404728834245e-02 -1.220395711583779630e-01
2.847272332485923166e-02 -1.236934303633098753e-01
3.434199085658228012e-02 -1.257846173671884060e-01
3.749862885494392728e-02 -1.274419816777657144e-01
3.953116312177051145e-02 -1.291771123626443418e-01
4.098283524108198989e-02 -1.307188119562717188e-01
4.174637255668686014e-02 -1.315897156830017622e-01
4.279929235399036747e-02 -1.325785248098975688e-01
4.386388765628637665e-02 -1.332488799149061376e-01
4.517928288031614753e-02 -1.338229047192127374e-01
4.517966022966464490e-02 -1.338230485223956268e-01
4.518945709103135838e-02 -1.338267789663096508e-01
4.975855972144778427e-02 -1.354823024757710326e-01
5.196496345148603896e-02 -1.370217695682514059e-01
5.934402595850882950e-02 -1.391745145489329261e-01
6.158275543080458242e-02 -1.412569949556166660e-01
6.252492270292368814e-02 -1.421156986126610455e-01
6.379047493636631760e-02 -1.432299799579792587e-01
6.584664082229323145e-02 -1.448430845536474443e-01
6.748832453419874311e-02 -1.457844008912795031e-01
6.948594282068226713e-02 -1.474709212563988792e-01
7.182883326186907669e-02 -1.501279756493712758e-01
7.502430668739583364e-02 -1.532401609856863522e-01
7.687067717306388104e-02 -1.546493056873086414e-01
7.833578878350859476e-02 -1.663336070701522951e-01
8.153225616068418558e-02 -1.661168722362134920e-01
8.588045830857805873e-02 -1.669444127041645187e-01
9.387291009159624833e-02 -1.708084120191743771e-01
9.632734474735496488e-02 -1.753125440292500892e-01
9.826311302672582904e-02 -1.767184746103754867e-01
9.986824781213488045e-02 -1.773541722764746531e-01
1.062058637465276706e-01 -1.861128137085174827e-01
1.081856942294518592e-01 -1.889021630610655533e-01
1.156386950865286867e-01 -1.986595124037614790e-01
1.178019317299371371e-01 -1.986323369262592287e-01
1.205619586231179291e-01 -2.010654387874419302e-01
1.212704910822736126e-01 -2.019917706136681590e-01
1.216658111565912387e-01 -2.025116225155907113e-01
1.220344080806679554e-01 -2.029885371901710422e-01
1.228228101701759334e-01 -2.039455796219873940e-01
1.234360925880948340e-01 -2.045591739085712291e-01
1.238971484737535766e-01 -2.048347869172614244e-01
1.244591607507403164e-01 -2.047822468697255982e-01
1.250508987960365637e-01 -2.044219542086002095e-01
1.254849490202769036e-01 -2.042712208133274088e-01
1.258919460677755398e-01 -2.042668395983159579e-01
1.271051932087436387e-01 -2.046227444795219452e-01
1.266972671182244048e-01 -1.647896719924493714e-01
1.268811628258911528e-01 -1.646160524474633013e-01
1.269197719481882092e-01 -1.643351185126579184e-01
1.265354160092646563e-01 -1.635444123130324334e-01
1.274377449099015069e-01 -1.593244570878418476e-01
1.260900954235049665e-01 -1.583950110960864188e-01
1.256162461079193549e-01 -1.581164845750152592e-01
1.243212697686636864e-01 -1.574025236329321120e-01
1.224666259043884486e-01 -1.562672387754578673e-01
1.220146461909683705e-01 -1.558186813721649244e-01
1.206812760931160605e-01 -1.548426930475637342e-01
1.195163687368855643e-01 -1.543379328555918584e-01
1.182354775463027030e-01 -1.538672295513335286e-01
1.165241124065515832e-01 -1.532232237065662417e-01
1.145617034141135082e-01 -1.521957858797032825e-01
1.119675168320059394e-01 -1.505097727004515162e-01
1.093561097999279225e-01 -1.486301357833659798e-01
1.083582878016918216e-01 -1.481161808615041042e-01
1.075502522038591924e-01 -1.476242285806110555e-01
1.066941680951610100e-01 -1.470197145552936679e-01
1.060080901878586029e-01 -1.464905526284293324e-01
1.033571702241624785e-01 -1.441165184316220982e-01
1.001582354148250475e-01 -1.404283677241434380e-01
9.943061895689617180e-02 -1.395299176246902750e-01
9.852239885712373024e-02 -1.384403876804353728e-01
1.229513715566914467e-01 -1.280669231679134046e-01
1.221488521494128593e-01 -1.276591547726209641e-01
1.213922483460802559e-01 -1.271986083245733867e-01
1.209875906370536797e-01 -1.267801403719162889e-01
1.208382749590031641e-01 -1.265162563502610082e-01
1.206852368632390649e-01 -1.259659723021537281e-01
1.206657792281437130e-01 -1.256415794682887166e-01
1.206800214620659117e-01 -1.254041466940383764e-01
1.219516304926730743e-01 -1.235879115734701550e-01
1.394197073437354606e-01 -1.262205020816972723e-01
1.383684839340034445e-01 -1.247631997698857992e-01
1.362442904005792543e-01 -1.218106749666583444e-01
1.344355322651091811e-01 -1.193694965835186833e-01
1.332113908326126861e-01 -1.178466683885662919e-01
1.300571065201462928e-01 -1.158522137612164743e-01
1.275397308466396096e-01 -1.131058326215737125e-01
1.248572760175280655e-01 -1.095608639154301567e-01
1.225715479836036459e-01 -1.064238632814554775e-01
1.218358870136140859e-01 -1.054083045613439934e-01
1.169559015049924933e-01 -9.007757276473288277e-02
1.156221528003854998e-01 -8.902378358583801221e-02
1.141224347583796317e-01 -8.844945739721714328e-02
1.124610250239992115e-01 -8.817013179243871068e-02
1.109075898129322363e-01 -8.768637407300348963e-02
1.095977372651450038e-01 -8.717589734881171781e-02
1.075536016109444742e-01 -8.400443017400814616e-02
1.068676506855995439e-01 -8.056928321682163552e-02
1.058015025354897415e-01 -7.731802713398616689e-02
1.049563130599623084e-01 -7.527880837725048346e-02
1.016056172797612234e-01 -6.998084366544847501e-02
9.597330686168008274e-02 -6.045112543523315646e-02
9.251823862253417963e-02 -5.426890951081905778e-02
9.050634669920940012e-02 -4.971204603231432068e-02
8.914808180030829587e-02 -4.900413210324787439e-02
9.132618729057737084e-02 -4.260956686004113009e-02
8.966713066767215135e-02 -4.166785402116737064e-02
8.872739816335367680e-02 -4.115189440426444967e-02
8.617478620485576057e-02 -3.866744294915827607e-02
8.531299743924854184e-02 -3.763374905132870624e-02
7.435059927114688605e-02 -2.715745985547483865e-02
7.286869109204968664e-02 -2.503071689436265831e-02
6.426525955734593842e-02 -1.884433966270574953e-02
6.387530122154817802e-02 -1.843176998741888339e-02
6.317039501254777256e-02 -1.762534404217684994e-02
6.275911552013202499e-02 -1.713201970518740333e-02
6.146157491507014958e-02 -1.552484118775792309e-02
6.001214367048824522e-02 -1.382114465556608801e-02
4.943661017941614749e-02 -1.065080336790917570e-02
4.900723146259308022e-02 -1.017556338631196190e-02
4.795851350174445277e-02 -9.287540722816496272e-03
4.605083414603527991e-02 -8.227845162602311080e-03
4.470275309288505167e-02 -7.284863246559838447e-03
4.392129324420636360e-02 -6.710017697796448639e-03
4.193576360778870915e-02 -5.223888085763198942e-03
4.067084829312113403e-02 -4.265456486253870437e-03
3.990540162902738580e-02 -3.694599953402373776e-03
3.915877841489999456e-02 -3.177776752940201285e-03
3.265829534094659425e-02 -9.251360115974291941e-04
3.081910117267246813e-02 -5.504304379216979010e-04
1.073530882884349801e-02 -3.243096430117662406e-03
6.825692315456382761e-03 -2.078527200428886747e-03
