-1.770197462021227313e-03 -1.744199915976673296e-03
-2.600714894750361106e-03 -4.619367393520608552e-03
1.472446023263704632e-04 -1.262305662506151525e-02
-7.760220808300497572e-05 -1.733207622264647599e-02
-1.106041316036060485e-03 -2.030581441324463138e-02
-2.197806223520607904e-03 -2.280256191055220552e-02
-2.746276355074633510e-03 -2.511070572578750354e-02
-4.743077255529356412e-03 -2.776200247335530724e-02
-1.527473504091165189e-02 -2.643540609201579586e-02
-1.688827557377656219e-02 -2.584904370457835263e-02
-2.109528125446548733e-02 -2.226507114873407800e-02
-2.236544457062483726e-02 -2.253673916047339507e-02
-2.323533724603531539e-02 -2.271712173558708414e-02
-2.389899471063390568e-02 -2.283208815313409953e-02
-2.459644602010854428e-02 -2.292233049210273821e-02
-2.524031087037472559e-02 -2.297423201175551391e-02
-2.571080852346712201e-02 -2.299755440650491992e-02
-2.601598180342127448e-02 -2.300645550886746063e-02
-2.740715832663678103e-02 -2.294481805514100858e-02
-4.545063613431289673e-02 -4.418627674821470029e-03
-4.556856702952822441e-02 -4.524594074887084219e-03
-4.552421737480506075e-02 -4.851224058207516399e-03
-4.508791882602001394e-02 -5.796893120672367075e-03
-3.987333710398671682e-02 -1.459649733914196272e-02
-3.981780569234209810e-02 -2.015822399073734228e-02
-4.049422944095273924e-02 -2.229573647074175116e-02
-4.104010831190847003e-02 -2.416003023445626244e-02
-4.167962254228138597e-02 -2.619967774722621948e-02
-4.345715798990894968e-02 -2.919941112589797758e-02
-4.680129016201255848e-02 -3.340468599971461311e-02
-4.467027591959291805e-02 -3.926651350374098237e-02
-4.546296024498951843e-02 -4.277852797171438626e-02
-4.769292132254882022e-02 -5.281324781673715080e-02
-5.115916078158145447e-02 -5.528347960509980702e-02
-5.610734097930630132e-02 -5.313824136443860702e-02
-5.782119146576065322e-02 -5.479127831021406853e-02
-5.948127797377165266e-02 -5.944961516356091213e-02
-6.109565631795164237e-02 -5.952705625289251429e-02
-6.369728458912554681e-02 -5.749565123194775446e-02
-5.750008004812449947e-02 -6.528724019466811135e-02
-5.938105498420906403e-02 -6.927707312489202185e-02
-6.122281677719473847e-02 -7.088976380298721292e-02
-6.267912481405736591e-02 -7.126591956510971992e-02
-6.434102623538226484e-02 -7.210052837818033133e-02
-6.637878011315445637e-02 -7.380569864958701209e-02
-6.838842910281611731e-02 -7.630520638434001857e-02
-7.386960481727730676e-02 -8.340938651187988773e-02
-7.342843089248979327e-02 -8.911485681744893417e-02
-7.354034718387154890e-02 -8.991708615635334023e-02
-7.366855110268494267e-02 -9.046445071530626048e-02
-7.389157727178428947e-02 -9.107708530947440650e-02
-7.955225201983796846e-02 -9.083391661027938324e-02
-8.226789345958711308e-02 -9.327376001154376317e-02
-8.134649628754400674e-02 -1.001484272781810597e-01
-8.044302562499906772e-02 -1.069283582222563811e-01
-8.094839964500381846e-02 -1.100339302267613062e-01
-8.120900163464439547e-02 -1.107881057796687441e-01
-8.153250349054694257e-02 -1.116373166755033897e-01
-8.252050401628339971e-02 -1.138153345125649252e-01
-8.396195905379882918e-02 -1.182513925670339305e-01
-8.432838674315913663e-02 -1.189447208499798542e-01
-8.453520715015805376e-02 -1.192445677653037883e-01
-8.493142374177986564e-02 -1.233136711185061352e-01
-8.574197336632548294e-02 -1.254378548357802381e-01
-8.593033314834459813e-02 -1.257991693926122923e-01
-8.638274992572828048e-02 -1.268291065232134418e-01
-8.673825759322055517e-02 -1.322747378127876461e-01
-8.684871236093419378e-02 -1.336990374943657633e-01
-8.695628076207098656e-02 -1.367143939142748676e-01
-8.660572456797237251e-02 -1.486871696952898614e-01
-9.351551303988167585e-02 -1.523009550126928069e-01
-9.304123895111929277e-02 -1.536424117784913890e-01
-9.262039060686004521e-02 -1.544969854778844576e-01
-9.205687238900386871e-02 -1.555262297639128377e-01
-9.157637918182472136e-02 -1.563658532264065593e-01
-9.111477181911302459e-02 -1.571774081633491305e-01
-9.082078102084263638e-02 -1.577219726737320860e-01
-9.060894608784936244e-02 -1.581526832736723231e-01
-9.031043919748625581e-02 -1.588973595512882808e-01
-9.001607128056239582e-02 -1.607068246560083569e-01
-1.034576135711933326e-01 -1.720040973735413592e-01
-1.029073440246469767e-01 -1.731189712987899754e-01
-1.012483850559156712e-01 -1.737288834931868531e-01
-8.646880237673247593e-02 -1.698238623159578076e-01
-7.034390335082478518e-02 -1.660094019712042290e-01
-6.843646050953199056e-02 -1.668282219944297873e-01
-6.776550518029075820e-02 -1.678472623244882667e-01
-6.819509759082388600e-02 -1.701950519479222268e-01
-6.900809606323812795e-02 -1.716672515615574601e-01
-6.776445103786593593e-02 -1.712958353756069418e-01
-6.106169292387927938e-02 -1.705831427259271171e-01
-5.279280508133678274e-02 -1.711417789059362371e-01
-4.948244278215169906e-02 -1.759095635218350107e-01
-4.711268207709365385e-02 -1.817800100630952709e-01
-4.781726979377010078e-02 -1.878875215315064240e-01
-4.814257480288711144e-02 -1.910738824942646019e-01
-4.801798714583417615e-02 -1.945303539333933796e-01
-4.665932688768602288e-02 -2.041490404156535432e-01
-4.394745403878044798e-02 -2.111406977588103917e-01
-4.325050979302609566e-02 -2.123595739360361889e-01
-4.285787007708159041e-02 -2.121162212617544174e-01
-4.188664472995077409e-02 -2.052501237320446259e-01
-4.155168810824413222e-02 -2.015023896277214344e-01
-4.116554158000960972e-02 -2.010489540749537118e-01
-4.075951052711997841e-02 -1.914274659747241814e-01
-3.637387264413217275e-02 -1.809623126051689013e-01
-3.325276139238556722e-02 -1.774800887285375994e-01
-3.128692489509773966e-02 -1.763865215910928597e-01
-3.085962191378167213e-02 -1.762691698454254552e-01
-3.050602534995798532e-02 -1.761896074427919123e-01
-2.989662652520499661e-02 -1.760415651626040801e-01
-2.853537067669505156e-02 -1.746086041727938909e-01
-2.706995428682324595e-02 -1.682443408482915403e-01
-2.568551381494050059e-02 -1.675623831275037945e-01
-2.471481837775594409e-02 -1.674479409496528737e-01
-2.396105070814816621e-02 -1.674047454804295787e-01
-2.311605127360541467e-02 -1.673765539989615359e-01
-1.501451046456901348e-02 -1.925607857323767547e-01
-1.450118281436275740e-02 -1.928599105150859139e-01
-1.396993654177670907e-02 -1.932246141363311576e-01
-1.289630920805401142e-02 -1.940897750249521159e-01
-9.846846421260860641e-03 -1.964892388009967517e-01
-9.114073194009718326e-03 -1.920653549343451783e-01
-6.152656902568931323e-03 -1.909208816250320684e-01
-4.752986873663931841e-03 -1.907486667744517639e-01
-2.328808200295240383e-03 -1.901245582487876840e-01
6.438712436976985927e-04 -1.833096370722723245e-01
2.684397129979553855e-03 -1.812030747535138819e-01
4.307973269122989182e-03 -1.793566410235118980e-01
5.528940669957962788e-03 -1.776275890257098256e-01
5.111534276572140233e-03 -1.615319278181431839e-01
7.584081859909086107e-03 -1.609272596030653368e-01
9.180442441088650443e-03 -1.603078078526719297e-01
1.008467019792435790e-02 -1.599927581755859474e-01
1.136035192576388513e-02 -1.596327412500944398e-01
3.000468060463551412e-02 -1.598546247615378058e-01
3.065317768235058943e-02 -1.582949300210827470e-01
3.218643227923279754e-02 -1.568883303787605987e-01
3.062340849528724304e-02 -1.539265707562308405e-01
2.993185697898742906e-02 -1.505297689295737873e-01
3.569171927628480429e-02 -1.490980495241427395e-01
3.822804211411177239e-02 -1.478854570089229992e-01
2.514096429321855883e-02 -1.334726368332530555e-01
2.386018806353756155e-02 -1.319375617730975947e-01
2.360256552364255189e-02 -1.316106598355988311e-01
2.346664443796449284e-02 -1.314358846304275463e-01
2.335240305524620419e-02 -1.312877363290591015e-01
1.983119910958223986e-02 -1.254201121039974498e-01
2.206091585752305989e-02 -1.213008126066134895e-01
2.262576166108512185e-02 -1.191371653352812365e-01
2.328855080621733062e-02 -1.170553393082926497e-01
2.383980180918675307e-02 -1.140583769503663997e-01
2.332944045703267549e-02 -1.122244204901123171e-01
2.296417272561486825e-02 -1.109120412722121446e-01
3.284186421594306043e-02 -1.071356740766758603e-01
3.250999608509436145e-02 -1.065413635111542856e-01
3.206743372095032657e-02 -1.057565671333331181e-01
3.125611941519109566e-02 -1.043258043765774856e-01
2.966375521725475584e-02 -1.014248633571846053e-01
2.887006680345201304e-02 -9.913070487700928468e-02
2.885736646328885754e-02 -9.700983020308823201e-02
3.540619697084106121e-02 -9.434836135203773788e-02
5.255742769412562188e-02 -9.675979888194310985e-02
3.320112532097260760e-02 -8.546700938274465198e-02
3.281634935899048477e-02 -8.314166505031629628e-02
3.304433654308194107e-02 -8.240293229919228024e-02
3.328204039577388473e-02 -8.194471110777581946e-02
3.365400329631594578e-02 -8.140607558195127325e-02
3.447059355064108904e-02 -8.052041759485485672e-02
3.586942191095035537e-02 -7.934486302952481473e-02
2.120216890613268318e-02 -7.672994113868904231e-02
1.834499158195253277e-02 -7.062683861590177137e-02
1.763243137276213415e-02 -6.492437039693468859e-02
2.084500870696622335e-02 -6.169493262309025394e-02
1.463551214183537660e-02 -6.402309851673999852e-02
1.230361345963747188e-02 -6.333312019036604901e-02
1.155585438330698940e-02 -6.153288932094893443e-02
1.173372099368472608e-02 -5.933150061802409253e-02
1.193726098810015540e-02 -5.740443061076136444e-02
1.162330729132140736e-02 -5.546821606207412436e-02
1.149413475858894126e-02 -5.239329097634699145e-02
1.121420617770731501e-02 -4.703744339543321912e-02
1.021492398039485286e-02 -4.244873841459631536e-02
6.868389488498077844e-03 -4.130900876952764422e-02
4.058624464079584049e-03 -3.992682952710342043e-02
3.730162954942563801e-03 -3.906548412395319941e-02
3.681985755600505807e-03 -3.828491908641391134e-02
3.709139717237206878e-03 -3.708258520784590145e-02
7.949727378865683800e-03 -2.991313604478743060e-02
5.731431938242217798e-03 -2.886949947057191809e-02
4.061834164948850863e-03 -2.637447684267088532e-02
3.220261550262582765e-03 -1.930072095974228949e-02
4.683543169381272978e-03 -1.087569050868263110e-02
3.470521802197628920e-03 -8.590327337390225165e-03
2.474293504824177491e-03 -7.814253874822794238e-03
1.308204966344811556e-03 -7.335428962418497068e-03
2.906699275005578749e-04 -6.947868984856974024e-03
5.451853924638407284e-05 -1.810351125274360954e-03
6.088965391863766915e-05 -1.593480254486237405e-03
