-4.595916677255624215e-03 -1.533932663197031801e-03
-7.819182003306677023e-03 -3.129324326597215152e-03
-8.499321712769224504e-03 -3.742445702209975990e-03
-8.601892726239812950e-03 -3.840778404086269641e-03
-1.816679617212054940e-02 -7.899680154821871539e-03
-1.839963562933952246e-02 -8.518620962208881334e-03
-1.893075640026102915e-02 -9.826539617057764714e-03
-1.909213472233258282e-02 -1.019815905618738465e-02
-1.937099516805719512e-02 -1.079416108822073110e-02
-1.945953727037340666e-02 -1.096993774427028855e-02
-1.948834401329566784e-02 -1.102569840206158239e-02
-2.515352695133971431e-02 -1.521813870811358771e-02
-2.840019653958185397e-02 -2.446734772251262652e-02
-2.957815606904835165e-02 -2.611818009655816550e-02
-3.057589990550967779e-02 -3.049702369998396126e-02
-4.005389201085658712e-02 -4.677508249309247218e-02
-3.913161611302903853e-02 -4.738415124285233482e-02
-3.873571092861706477e-02 -4.768242031391728419e-02
-3.854895617270291674e-02 -4.783752320375580375e-02
-3.842384478396364267e-02 -4.794867545273264614e-02
-3.816320009269511676e-02 -4.820625320566469113e-02
-3.761989400680535583e-02 -4.900970878409105502e-02
-3.746021872424436239e-02 -4.985613784211960497e-02
-3.752192153724426271e-02 -5.034926014800655825e-02
-3.780643847088570320e-02 -5.124513188586020396e-02
-3.795368417780113635e-02 -5.158517118752347502e-02
-3.809231474717417187e-02 -5.187767409411458280e-02
-3.824323740856411941e-02 -5.217794788247315241e-02
-2.773208187230718699e-02 -5.934026569850593680e-02
-2.772056488169185803e-02 -5.939915415542010996e-02
-2.771413333843892116e-02 -5.943161461319332317e-02
-2.765467974631127812e-02 -5.971737338431071240e-02
-2.758117895244225834e-02 -6.003585949036194247e-02
-2.752317663430799491e-02 -6.026204418604556162e-02
-2.747503411330381312e-02 -6.043654451120456655e-02
-2.743384608189287921e-02 -6.057844837820961642e-02
-2.736446925797167418e-02 -6.080572441842021364e-02
-6.477074819748236678e-02 -8.100335805398535538e-02
-6.478724369984709130e-02 -8.102709767722869605e-02
-6.481680981154057386e-02 -8.106910011877520306e-02
-6.493975105749916210e-02 -8.123647078912002439e-02
-6.533926814203162847e-02 -8.170846056378842925e-02
-6.579015749393316015e-02 -8.213747783981353856e-02
-7.325671353643123385e-02 -8.696283738395466090e-02
-7.368853831997058956e-02 -8.756421518434227835e-02
-7.414716206544690047e-02 -8.814476554067668390e-02
-5.477340847004632390e-02 -7.992598901826013236e-02
-5.477324029529936911e-02 -7.992591104252162737e-02
-5.477298344279486059e-02 -7.992579195582877327e-02
-5.381246557008207559e-02 -7.954473857025801120e-02
-5.113375672849763270e-02 -7.883217063490303989e-02
-5.113368877582820382e-02 -7.883214787145916003e-02
-5.113368622843923045e-02 -7.883214701810561942e-02
-5.113368396797030035e-02 -7.883214626086758325e-02
-5.113368089282583490e-02 -7.883214523071969959e-02
-5.113367765648502844e-02 -7.883214414657185864e-02
-5.113367538281420044e-02 -7.883214338491033313e-02
-5.113367349737638762e-02 -7.883214275330355236e-02
-1.915979782472645998e-02 -7.265375085299430324e-02
-1.735355330370056195e-02 -7.439576743896932076e-02
-1.685296485822563098e-02 -7.456926699134258651e-02
-1.514833261419997953e-02 -7.516987704109612256e-02
-1.197567606574113062e-02 -7.829380817624198574e-02
-1.050046702818401186e-02 -7.881804105860694409e-02
-9.240579309380627521e-03 -7.932370362044761924e-02
-8.892254389760212430e-03 -7.962216817319120454e-02
-8.578954678170921944e-03 -8.002016228649645735e-02
-8.231539996206672233e-03 -8.071527134721942498e-02
8.373445972113863559e-03 -7.865887290253001374e-02
1.252307781449464759e-02 -8.121343659788581026e-02
1.378243697372888085e-02 -8.315219982875984850e-02
1.445142777212531440e-02 -8.494058504772682150e-02
1.478715186946667065e-02 -8.579023046007198949e-02
1.916162918357550149e-02 -8.703868522496464866e-02
2.049709093910616689e-02 -8.922866723204166128e-02
2.404460632650011129e-02 -9.292893364222053199e-02
2.406883182763107365e-02 -9.293616958417787177e-02
2.424305775461160772e-02 -9.298512571395793624e-02
2.880875303824846981e-02 -9.539066362541603894e-02
3.701836385508247562e-02 -1.080829543708043960e-01
4.184174774917988338e-02 -1.152491238180754357e-01
4.803327292360662359e-02 -1.248291033722607191e-01
5.146987073452593403e-02 -1.283997202248067238e-01
5.412219039386826497e-02 -1.310005542263691369e-01
5.620569519914134921e-02 -1.330136111687936218e-01
7.648015812448535899e-02 -1.150777928470035211e-01
8.152538111571659696e-02 -1.232600942488817769e-01
8.967291075387331944e-02 -1.231582535299667047e-01
9.008890609381435544e-02 -1.237040312402857833e-01
9.013611224367301666e-02 -1.237952659642580222e-01
9.016250515859822179e-02 -1.238466806683656690e-01
9.018400016409838793e-02 -1.238884695974365180e-01
9.020659576647105382e-02 -1.239321273163109943e-01
9.024841735514178842e-02 -1.240116748029054250e-01
9.038626884544680162e-02 -1.242551767913748773e-01
9.043570696412982224e-02 -1.243341148685108005e-01
9.047584628998163458e-02 -1.243948641911203773e-01
9.051536404541295211e-02 -1.244518331590727528e-01
9.057996981597200847e-02 -1.245392017623939002e-01
9.062292186129070060e-02 -1.245935677310744255e-01
9.062785062892370069e-02 -1.245996260446913945e-01
9.063788063419042640e-02 -1.246118433120250030e-01
9.065060408311617635e-02 -1.246271294613077174e-01
9.065408329499501094e-02 -1.246312687133415281e-01
9.065732890574704217e-02 -1.246351144331518807e-01
9.065763755215092146e-02 -1.246354793658329824e-01
9.065764586584455775e-02 -1.246354891937775933e-01
9.065765394001275290e-02 -1.246354987384756113e-01
9.065766333241513653e-02 -1.246355098413780699e-01
9.065767302705524111e-02 -1.246355213014287422e-01
9.065767933386797983e-02 -1.246355287566510567e-01
9.065768732308815414e-02 -1.246355382005496781e-01
9.065770274792919747e-02 -1.246355564336912580e-01
9.065770927160744785e-02 -1.246355641449913149e-01
9.065771019705570755e-02 -1.246355652389105756e-01
9.065778161772143628e-02 -1.246356496575032058e-01
9.065778540949816222e-02 -1.246356541391467759e-01
9.065779118691497107e-02 -1.246356609676537025e-01
9.065779681757750452e-02 -1.246356676226615251e-01
9.065779963964383514e-02 -1.246356709581087907e-01
9.065793102973060402e-02 -1.246358262377019327e-01
9.065793103067161518e-02 -1.246358262388139460e-01
9.065798454045484456e-02 -1.246358894707748910e-01
9.065798457024897006e-02 -1.246358895059811595e-01
9.065798459265439480e-02 -1.246358895324565924e-01
9.065798462976307204e-02 -1.246358895763061136e-01
9.065894006133200234e-02 -1.246370179146771145e-01
9.065894015571288045e-02 -1.246370180260742422e-01
9.065894030817304994e-02 -1.246370182060219933e-01
9.065894075047653544e-02 -1.246370187280697317e-01
9.065894143426625473e-02 -1.246370195351414467e-01
9.065894192588362654e-02 -1.246370201153931684e-01
9.065894333323715193e-02 -1.246370217764785487e-01
9.065894588476822169e-02 -1.246370247880181359e-01
9.065894681996949922e-02 -1.246370258918219759e-01
9.065894724317853648e-02 -1.246370263913287452e-01
9.065894746985149466e-02 -1.246370266588670561e-01
9.065894756068523797e-02 -1.246370267660766029e-01
9.772403639706356282e-02 -1.231831120621913883e-01
9.663182825427554801e-02 -1.223925489702506753e-01
9.556458553692501190e-02 -1.215524003730885788e-01
9.477211151524772559e-02 -1.208424372623242565e-01
9.401059802614555871e-02 -1.200333899561988882e-01
9.333458007593055383e-02 -1.190381913567824940e-01
9.312657520538208944e-02 -1.184871860682965017e-01
9.313214237915319604e-02 -1.177108979886183349e-01
9.326879567254013625e-02 -1.173712090561507548e-01
9.346844433484532977e-02 -1.170488362491188677e-01
8.601471834189866605e-02 -1.062184225399635390e-01
8.790368980632849716e-02 -1.015082271377776707e-01
8.755877915326727712e-02 -1.013205227317398732e-01
8.708292141886593563e-02 -1.010677697490879740e-01
8.571264306392971377e-02 -1.003707845155930034e-01
7.023133008993089066e-02 -1.079229931712942514e-01
6.815211901928580618e-02 -1.063395734114343794e-01
6.748267680942034163e-02 -1.060994446734167679e-01
6.602875798370012872e-02 -1.056031585113173799e-01
6.194322375316306528e-02 -1.025576153756365683e-01
6.060248313698309020e-02 -1.016299072501464229e-01
5.897819978928383472e-02 -1.005756121929310964e-01
5.805249564397039347e-02 -9.997555100568673858e-02
5.651068867565620102e-02 -9.884435572080213506e-02
5.534864634445831738e-02 -9.800611783132288923e-02
5.386488644329324310e-02 -9.696815974345601719e-02
6.257370807928555601e-02 -8.303555411772181594e-02
6.156786088660645695e-02 -8.216410840346934086e-02
6.114165357298525366e-02 -8.172546543119807438e-02
5.973174160587437637e-02 -8.040849114440687395e-02
5.488946331905803638e-02 -7.817141513915830398e-02
5.336327729609315756e-02 -7.644636301164658976e-02
5.218201880786191987e-02 -7.518529906500584503e-02
5.122793575112911946e-02 -7.436208113855839741e-02
5.004276069585972958e-02 -7.361725513332280368e-02
5.583202367798949933e-02 -6.256317244639304775e-02
5.583204082784440359e-02 -6.256315208123078286e-02
5.583205227040235336e-02 -6.256313849347469591e-02
6.004433419769253377e-02 -5.720059697234986668e-02
5.486408085186905703e-02 -5.792623331832045391e-02
5.074834538103782655e-02 -5.953276611611225261e-02
4.869286900300543591e-02 -5.845905549542015911e-02
4.860696120665596032e-02 -5.843146736247489814e-02
4.657764983570130551e-02 -5.854597062870147556e-02
4.173340347855466342e-02 -5.920333159455760941e-02
4.050640086810942952e-02 -5.715738554775837837e-02
3.981293337153859330e-02 -5.380443015277008856e-02
3.925153474471500953e-02 -4.908891931110638540e-02
3.910086919453212295e-02 -4.801041880406689555e-02
3.892579193684037042e-02 -4.711310114136393890e-02
2.954638827683777474e-02 -5.220106781211913266e-02
2.722655666780920969e-02 -4.989334517966872995e-02
2.487000738306414244e-02 -4.487116088392970048e-02
2.444539169299942902e-02 -3.327078838085864576e-02
2.208282572054218879e-02 -2.792265256997645065e-02
2.034633533372574507e-02 -2.518908674509469717e-02
1.913643715448630836e-02 -1.927261973304477891e-02
1.024196865706299142e-02 -1.014479336184387868e-02
8.054419266165721569e-03 -6.318861659417264118e-03
6.874149995637988259e-03 -5.398520651391905227e-03
4.632026701385769801e-03 -4.132872046474406029e-03
