-5.156454782138298124e-03 -1.108453516392025190e-02
-7.677352627418412498e-03 -1.564176314958827876e-02
-1.112468599724340639e-02 -1.512651651075502118e-02
-1.489112321887074708e-02 -1.666434103403244271e-02
-1.547794251583036601e-02 -2.059082194411518060e-02
-1.559283694875879603e-02 -2.531569161994047523e-02
-1.753671078574997599e-02 -2.895958895356260526e-02
-2.053068497159986350e-02 -2.928594806276742929e-02
-1.672312637659815332e-02 -3.737052645475245904e-02
-1.914869922790845419e-02 -4.067059220937802033e-02
-2.459860419180702820e-02 -3.988281943404152485e-02
-2.878985764670353303e-02 -4.095112163880344075e-02
-3.103263427132724878e-02 -4.303524642544818285e-02
-3.384754890946536920e-02 -4.495256102640046020e-02
-3.625727786464538749e-02 -4.695213997956030477e-02
-4.145551742495432596e-02 -4.983872355610902832e-02
-4.670920876292812551e-02 -5.653072971765395888e-02
-4.671574454175781571e-02 -5.978607548203589139e-02
-4.914969732537310260e-02 -6.293907932549602791e-02
-5.232673394518412568e-02 -6.477568722370866117e-02
-5.478158748822352375e-02 -6.676568133664279037e-02
-5.233304377678780345e-02 -6.944248671167486953e-02
-5.228512201109295626e-02 -7.444913227203193984e-02
-5.048766332645091004e-02 -7.729518109595796826e-02
-4.835265551253607741e-02 -7.973367627491675935e-02
-4.862635240877075798e-02 -8.855520999603677668e-02
-4.953301919534722902e-02 -9.125141645835077586e-02
-5.285448989523470337e-02 -9.305735686541552476e-02
-5.786461508787835162e-02 -9.123841225554096823e-02
-6.209807212910753438e-02 -8.919196415866646743e-02
-6.176332674940299833e-02 -9.233302463517284453e-02
-5.932273291279600846e-02 -9.330617177295524867e-02
-5.733350731211161316e-02 -9.439663986842626586e-02
-5.333116111662124237e-02 -9.666948674071397518e-02
-5.510341724567134614e-02 -9.961207202497464330e-02
-6.032457937938108528e-02 -9.791623650305655846e-02
-5.993670711396480860e-02 -1.008515857462781024e-01
-6.097918504546224333e-02 -1.062568328169573584e-01
-6.183797483726533040e-02 -1.081858265531490115e-01
-5.444929198465091325e-02 -1.074589146786629063e-01
-4.877258571798116088e-02 -1.090533914713505415e-01
-4.461520918178597112e-02 -1.132347274560282502e-01
-4.250841971526006513e-02 -1.153351245489549898e-01
-4.480248912789731169e-02 -1.225199063052084536e-01
-4.677612205435923570e-02 -1.245894970979293803e-01
-5.179189909834411992e-02 -1.222730785428392530e-01
-4.957938377346878672e-02 -1.189900393735125184e-01
-5.242740766488987458e-02 -1.181228161460113474e-01
-5.504780931826636775e-02 -1.175077280726694456e-01
-5.789180359381294189e-02 -1.193131895685782262e-01
-5.850298836912751210e-02 -1.218174576978456325e-01
-5.284675003555483475e-02 -1.246453798745994629e-01
-5.152855602166098170e-02 -1.292236824042023724e-01
-5.550737197931370631e-02 -1.295672808025874478e-01
-5.843085583316327131e-02 -1.317558642090985721e-01
-6.224985830735365461e-02 -1.338787840222213088e-01
-7.309958800716019611e-02 -1.350875805982040267e-01
-7.628589140385384770e-02 -1.341164302332545355e-01
-7.884671019759244281e-02 -1.365518935916204823e-01
-8.004228589101425317e-02 -1.408924746881704826e-01
-7.638898360633387952e-02 -1.392476019264151099e-01
-7.147685749028652447e-02 -1.396890749108710972e-01
-6.381881250554606588e-02 -1.374721107153744348e-01
-5.975746547499691252e-02 -1.366422603381353407e-01
-5.673536308231497821e-02 -1.358992050588865297e-01
-5.607745511103157110e-02 -1.385937933684920631e-01
-5.061596294283199349e-02 -1.484146331915118799e-01
-4.999020522745256656e-02 -1.521665841925256835e-01
-4.839142561176843632e-02 -1.515419853537788297e-01
-4.408158216513732158e-02 -1.488138554779775968e-01
-3.869716511486732957e-02 -1.398363456621183609e-01
-3.749665189053783682e-02 -1.364496567399211269e-01
-3.408821148808833384e-02 -1.398662312494335369e-01
-3.419221275389819348e-02 -1.440424374175229005e-01
-3.427193607976777162e-02 -1.482464535808628026e-01
-3.316548335190770691e-02 -1.512721765756281367e-01
-3.307993102760981019e-02 -1.473693945247661063e-01
-3.169176628103483051e-02 -1.438188011048007753e-01
-3.206219463360629462e-02 -1.391134851088446367e-01
-3.048389211160554974e-02 -1.353428766398932503e-01
-2.651727774266184057e-02 -1.340173952423060755e-01
-2.583117631689489310e-02 -1.368368464510072713e-01
-2.556357621496537294e-02 -1.426392164035517052e-01
-2.584973151305926253e-02 -1.466069307396712096e-01
-2.597899607123965726e-02 -1.519325635615248749e-01
-2.422204093987900125e-02 -1.594287167430443741e-01
-2.606991031236793183e-02 -1.654101006307291399e-01
-2.870712002238140839e-02 -1.651405221306801452e-01
-3.365477498345396945e-02 -1.725503631228240131e-01
-3.546553014615280025e-02 -1.752300351543397416e-01
-3.218535180852930000e-02 -1.729700344594405081e-01
-2.992725045897981842e-02 -1.708137079916004497e-01
-2.736414111385869832e-02 -1.683051631073089749e-01
-2.302733331497714905e-02 -1.726189442872355650e-01
-2.049755532114477460e-02 -1.707203215359481552e-01
-2.127646324824265800e-02 -1.676094692745137837e-01
-1.883642747544044677e-02 -1.642502052945503110e-01
-1.454228521312064815e-02 -1.641188667864484363e-01
-1.125507230749538991e-02 -1.646416198510511908e-01
-9.181905021959826940e-03 -1.631517031884713309e-01
-5.994372337854376835e-03 -1.639306607162012985e-01
-3.214019233607559329e-03 -1.686874541605198341e-01
8.279593176060296572e-04 -1.704894443378969227e-01
2.881045465083424077e-03 -1.749747860583299175e-01
9.169339696078419172e-03 -1.773142940394114020e-01
1.466390781102160090e-02 -1.769945237937126103e-01
1.873755719356885036e-02 -1.770484333302094482e-01
1.838667831664027655e-02 -1.743209506319413071e-01
1.376455945405988777e-02 -1.725674463423822746e-01
1.078717155507681602e-02 -1.694311420454702732e-01
5.911728929690594249e-03 -1.645708473848805919e-01
1.626756155610695805e-03 -1.616209547536108793e-01
-2.708106780047308919e-03 -1.601850789696622757e-01
-4.813166761384284412e-03 -1.582718370134838237e-01
-7.949476136124355302e-03 -1.531299843621419521e-01
-1.072603722128350617e-02 -1.500608562089291442e-01
-1.134788524690009265e-02 -1.466191752574005081e-01
-1.055049042721898159e-02 -1.435846527473477185e-01
-9.241407420222908647e-03 -1.405663157388259421e-01
-6.700200580927928931e-03 -1.395645114543087595e-01
-3.052570651089236455e-03 -1.424412743676259363e-01
7.003859455468283181e-04 -1.439516800069880198e-01
-2.953318659723886980e-03 -1.362620707789833907e-01
-1.184724567872741732e-03 -1.325016968167652687e-01
1.872913341446183315e-03 -1.330926718807380338e-01
4.100150142985773717e-03 -1.371489392622860792e-01
1.168115323103633557e-02 -1.400649371670961707e-01
1.360424440739324906e-02 -1.451000402284724211e-01
1.282937948775281743e-02 -1.477620067895821787e-01
1.682937829266166127e-02 -1.465813550942795529e-01
2.026454394209065146e-02 -1.439825536157051666e-01
2.646077745183794336e-02 -1.488875352934161955e-01
3.078808045833331813e-02 -1.512293826795599039e-01
3.791930776037327061e-02 -1.504798703460155096e-01
4.212812562118136567e-02 -1.506436367816780253e-01
4.402546492001114392e-02 -1.517579935330759244e-01
4.522194180849500172e-02 -1.517838301081559926e-01
4.262956126046672789e-02 -1.508501445707452204e-01
4.203037368373464810e-02 -1.485454050026561168e-01
3.954105264494042066e-02 -1.474996605614702361e-01
3.662593533181287414e-02 -1.467351717800125799e-01
3.505612707698639585e-02 -1.446827747585980872e-01
3.368606416997788761e-02 -1.408727487985438620e-01
3.424124549555836866e-02 -1.382678957101210748e-01
3.181657470773046475e-02 -1.398491964642779306e-01
2.764609203036936039e-02 -1.412106317864175453e-01
2.123198980789698515e-02 -1.383707923642231996e-01
1.234444182209918153e-02 -1.358584458867224953e-01
8.669349745907781526e-03 -1.317606984801728276e-01
7.926451317013227457e-03 -1.248025770568937098e-01
1.169709947905799539e-02 -1.240354973150488982e-01
1.583949223407541546e-02 -1.264041274490237954e-01
1.887479598630818767e-02 -1.289923356693586376e-01
2.635157204132011072e-02 -1.257010076034745516e-01
2.482486186950615126e-02 -1.217312446384535840e-01
3.067970504379618005e-02 -1.141367219792706750e-01
3.467709734117747911e-02 -1.171613799555426411e-01
3.455323595494579070e-02 -1.230655223008219473e-01
3.891448629092170153e-02 -1.178123672749768480e-01
4.234400126407648207e-02 -1.176030395223668645e-01
4.505284147977382109e-02 -1.192143382766887583e-01
4.659366221330892704e-02 -1.168905456184539532e-01
4.686621113551946854e-02 -1.138218639166891644e-01
4.710443527379414713e-02 -1.090137482270379654e-01
4.035716795855409655e-02 -9.946320989844306681e-02
4.238597583267413732e-02 -9.473542168329518454e-02
4.094271270223628911e-02 -9.187401736321677836e-02
3.900144048012330056e-02 -8.991821979435195289e-02
3.714005243169277853e-02 -8.708876533750960214e-02
3.496711778646933305e-02 -8.348744442672095811e-02
3.236747723662761200e-02 -7.857279293135502329e-02
2.902235463076869096e-02 -7.187330500340795292e-02
2.624357881106990226e-02 -6.813952090961490626e-02
2.603203632392027747e-02 -6.404534999587989386e-02
2.303005401543758990e-02 -6.480022232423529593e-02
2.025991968560494211e-02 -6.401935713740067313e-02
1.689880380536643370e-02 -6.383564085947614208e-02
1.326974171632270584e-02 -6.262138545259418598e-02
6.195681485060395254e-03 -6.455857474061828249e-02
8.648332075364862249e-04 -6.237526429062913158e-02
1.066922096715777410e-03 -5.926522023453790339e-02
2.908727458846649752e-04 -5.688707407733272631e-02
1.042520404024555145e-04 -5.288876332249724255e-02
4.519363392612544238e-03 -5.071320610401009593e-02
8.165909087594512214e-03 -4.781211249431188692e-02
6.223449945316332846e-03 -4.562209151268287882e-02
2.916090982217023082e-03 -4.402142396767180083e-02
-4.691334788250972436e-03 -3.988843980616520873e-02
-1.032907701511330545e-02 -3.572097706629808606e-02
-1.000956589154201708e-02 -3.317741968579435846e-02
-9.303301119138480263e-03 -2.971027861857121477e-02
-5.001394722708239760e-03 -2.773900388542023532e-02
-2.851193012587744345e-03 -1.983685930457397550e-02
2.132620830118922388e-03 -1.906139803664041663e-02
-4.197200904172036177e-04 -1.716636958592597864e-02
-3.387141778669493664e-03 -1.498693159481037651e-02
-2.372576694439599947e-03 -1.055693560415743582e-02
1.589810173406360763e-03 -5.360563136257915154e-03
3.978460708660866603e-03 -2.180972760178632921e-03
