1.233716628897432764e-03 -7.129258610946755288e-03
1.033641052593343599e-03 -8.524564371076777045e-03
-1.240992924832559499e-03 -1.375167467897604745e-02
-3.971274335508405244e-03 -1.576476222745839748e-02
-4.676630436275809079e-03 -1.750989689715701583e-02
-6.154976143616126306e-03 -2.003628305079515476e-02
-7.480230570309559165e-04 -2.419595303629898733e-02
5.700789143753618978e-04 -2.641978157292306298e-02
1.091572765970648526e-03 -2.906268181973182749e-02
3.474494926630646192e-03 -3.061357692799400454e-02
6.924934449157415899e-03 -3.207166551879525596e-02
7.481358571029435127e-03 -3.380114898601319084e-02
6.371318379825491318e-03 -3.552225391861636716e-02
5.766093732291538085e-03 -3.625464443364836281e-02
5.521620401956690675e-03 -3.654780496311275245e-02
5.270247788512004428e-03 -3.685394350095021199e-02
4.924955683594835210e-03 -3.729252042114724469e-02
-1.581435442278034467e-02 -4.310943112956609063e-02
-1.581435567405597292e-02 -4.310943001254893825e-02
-1.581435635085605765e-02 -4.310942940836764298e-02
-1.581436310306453749e-02 -4.310942338065176099e-02
-1.581457323665524939e-02 -4.310923579304752618e-02
-1.581457324102522599e-02 -4.310923578914641063e-02
-1.581867263630520534e-02 -4.310557594408152143e-02
-1.581867263768576767e-02 -4.310557594284889632e-02
-1.582156717960408673e-02 -4.310299143255019033e-02
-1.582156741579461220e-02 -4.310299122164665958e-02
-1.582156760844606255e-02 -4.310299104962082850e-02
-1.582156791412386160e-02 -4.310299077666945866e-02
-2.721820078358106604e-02 -4.768157142785525715e-02
-2.771232199179860314e-02 -4.846468782544695320e-02
-2.774993717105626520e-02 -4.940857294392010657e-02
-2.722305152882277535e-02 -5.005735620909843031e-02
-2.669836466107640069e-02 -5.044906365762653194e-02
-2.579882787518378642e-02 -5.115215699321683240e-02
-4.087027768769854047e-02 -7.602261864041537365e-02
-4.002740522811346763e-02 -7.666524342147240656e-02
-3.975894059894177768e-02 -7.687580361486139047e-02
-3.943449725446730725e-02 -7.713308157900801432e-02
-3.843671582429993017e-02 -7.794704523338261137e-02
-3.630878551806709931e-02 -7.988186590935189568e-02
-3.584868396048703637e-02 -8.036816340550310966e-02
-3.514865412102555903e-02 -8.122353568531097412e-02
-3.448170581772138504e-02 -8.250239661303064576e-02
-3.434744236155187064e-02 -8.300596591469885932e-02
-3.425542963214597142e-02 -8.357932114157747006e-02
-3.398764352305867764e-02 -8.466491850971208377e-02
-2.570031328045958852e-02 -8.286201937671315576e-02
-2.520446544178720633e-02 -8.301847625987045232e-02
-2.432108229390177873e-02 -8.333722961911073368e-02
-2.353550122004595055e-02 -8.371891507462408955e-02
-2.319144143440496353e-02 -8.394746288714231841e-02
-2.299576208306139749e-02 -8.410637812495422305e-02
-2.273001433394332069e-02 -8.437334132259113884e-02
-2.244452591696817489e-02 -8.476723250056723835e-02
-3.428283854666013680e-02 -9.131553887489507471e-02
-3.428373248137594337e-02 -9.131602249808498661e-02
-3.428954058034534846e-02 -9.131916501764543448e-02
-3.428954405228769320e-02 -9.131916689632788020e-02
-3.428955660940345707e-02 -9.131917369103700888e-02
-3.428968895281207102e-02 -9.131924530277356344e-02
-3.428970524972648620e-02 -9.131925412114150209e-02
-3.428973821219390150e-02 -9.131927195736294633e-02
-3.428974931304666629e-02 -9.131927796411579146e-02
-3.428976914018500022e-02 -9.131928869273060745e-02
-3.428982742670286937e-02 -9.131932023204307469e-02
-3.428984420214406525e-02 -9.131932930938170545e-02
-3.428985927412227935e-02 -9.131933746496533055e-02
-3.428986664203456658e-02 -9.131934145181055951e-02
-3.428987438103266172e-02 -9.131934563945466599e-02
-3.428988774792342265e-02 -9.131935287240625088e-02
-3.428989990722675074e-02 -9.131935945192325155e-02
-3.428990987240048555e-02 -9.131936484417717270e-02
-3.428991657716504854e-02 -9.131936847219238040e-02
-3.428992176903728623e-02 -9.131937128156689121e-02
-3.428994578057924930e-02 -9.131938427446031903e-02
-3.428995574798394952e-02 -9.131938966792864376e-02
-3.428996390886924345e-02 -9.131939408387133861e-02
-3.428997546798420726e-02 -9.131940033863442108e-02
-3.429000588064570754e-02 -9.131941679526706102e-02
-3.429001623301430185e-02 -9.131942239705327646e-02
-3.429002911324659925e-02 -9.131942936669809607e-02
-3.429009216505426311e-02 -9.131946348480877995e-02
-3.429009688530416239e-02 -9.131946603899672443e-02
-3.429014564441741630e-02 -9.131949242320079596e-02
-3.429015497629983589e-02 -9.131949747281066510e-02
-3.429020125740451369e-02 -9.131952251617284078e-02
-3.429022354563730779e-02 -9.131953457666379392e-02
-3.429024891660118618e-02 -9.131954830527545808e-02
-3.429026664073022562e-02 -9.131955789607533458e-02
-3.429028199938839727e-02 -9.131956620688640169e-02
-3.429029248670366348e-02 -9.131957188173947526e-02
-3.429031608671773840e-02 -9.131958465208878106e-02
-3.429036418612781828e-02 -9.131961067948464461e-02
-3.429036809514936224e-02 -9.131961279472324000e-02
-3.429037093515300422e-02 -9.131961433149804463e-02
-3.429037938419270820e-02 -9.131961890341951105e-02
-3.741965560159459664e-02 -1.116776566466560483e-01
-2.302299702544467058e-02 -1.118306249465244318e-01
-1.219810119125391140e-02 -1.256733586400860803e-01
2.447922019923201575e-02 -1.242904033572097139e-01
2.768821402498786513e-02 -1.259375448196113911e-01
2.952486847465387448e-02 -1.264884758948781329e-01
3.373538571640864042e-02 -1.277273433276593373e-01
4.144629177517937524e-02 -1.332897056879032982e-01
7.061474369375146665e-02 -1.237862837238140196e-01
9.408357095478428467e-02 -8.049793637521955592e-02
9.415836554607739939e-02 -8.044446179576401901e-02
9.432969972917593093e-02 -8.031907528432113974e-02
9.440531412473959771e-02 -8.026251659799080174e-02
9.451258231174891611e-02 -8.018105821021148660e-02
9.462847473085564398e-02 -8.009149988218910998e-02
9.499712809012868242e-02 -7.979664356414434279e-02
9.558822476372808019e-02 -7.929562475301653313e-02
9.615513280803457408e-02 -7.878656083054701165e-02
9.656848425948934278e-02 -7.839954017299539946e-02
9.998598135602426717e-02 -7.466171156897510874e-02
9.026238388583987526e-02 -6.127842789340678942e-02
9.026247929779060430e-02 -6.127837875761445868e-02
9.026260156630130926e-02 -6.127831579232505266e-02
9.026261220666245699e-02 -6.127831031286588848e-02
9.026271074105057801e-02 -6.127825957118685635e-02
1.052632686530081685e-01 -4.160468359233006341e-02
1.052240336306138335e-01 -4.152349465909377368e-02
1.051918034832963617e-01 -4.144801541435939179e-02
1.051389200969681109e-01 -4.129825587535043696e-02
1.050934288785308202e-01 -4.112140799074508191e-02
1.050458555063630006e-01 -4.063785488923096073e-02
1.061393643115099150e-01 -3.730030171253339438e-02
1.067216652599668192e-01 -3.196984552551965231e-02
1.065604202414782709e-01 -3.182768483957456457e-02
7.971236835008561894e-02 -5.129528359132200926e-02
7.911183318190484481e-02 -5.142322212644637180e-02
7.678486870913241169e-02 -5.198532733267406669e-02
7.212775686885587734e-02 -5.087237689348854397e-02
7.311658545353275085e-02 -4.811623139354027218e-02
7.377450608851925107e-02 -4.705025178046323003e-02
7.534871357171658846e-02 -4.409799542233596575e-02
7.997118909352840532e-02 -3.938994786081324861e-02
8.558539207290508100e-02 -3.334650770100421047e-02
8.567291674221826081e-02 -3.326364310453056028e-02
9.016632473949569293e-02 -2.845120325524927093e-02
9.071098018601923829e-02 -2.764690064304562225e-02
1.013777488475820915e-01 -1.885409203766183137e-02
1.015124078659847134e-01 -1.853583186096531207e-02
1.035097310331533349e-01 -1.597219992381064893e-02
1.057355437133557369e-01 -1.344403482637689454e-02
1.074608594646976611e-01 -1.064239671398954992e-02
1.086920610003974524e-01 -1.789944460550722035e-03
1.125166789276482865e-01 3.182452038658664488e-03
1.081134594645151159e-01 -1.026623265210642021e-04
1.070823285366289818e-01 -9.219340050357526710e-05
1.061511742947347098e-01 6.387707632994208057e-05
1.050275329500601068e-01 4.750104831270845021e-04
1.038721915868908163e-01 1.556763105245408596e-03
1.035174066424233569e-01 2.426260834067208490e-03
1.033872938952920678e-01 2.952440925556376085e-03
1.031497883598377630e-01 3.969215608670832382e-03
1.015692341035557000e-01 4.024959884958293106e-03
9.974703248152468060e-02 3.088938179636753229e-03
7.079803716456771479e-02 -3.133805551670875572e-02
7.022444771467918623e-02 -3.157885701569619619e-02
6.981590265802189998e-02 -3.155388462761980761e-02
6.958208973197546610e-02 -3.153018716962802115e-02
6.944880546509336894e-02 -3.151419552647111849e-02
6.934600081834703389e-02 -3.150053019538176513e-02
6.922582211245456585e-02 -3.148299241526116010e-02
6.864899023583113935e-02 -3.137117327184702625e-02
6.992186826024560098e-02 -2.314383735216193200e-02
6.964685768006047273e-02 -1.858139686415044567e-02
6.965189930097451243e-02 -1.658646274434547041e-02
6.965399145557002458e-02 -1.573724791457158448e-02
6.975815355511325033e-02 -1.306759892450106396e-02
6.968183106484948652e-02 -1.113217527764045686e-02
6.948086710698178625e-02 -1.092273764694979589e-02
6.933985009832031865e-02 -1.082243752735420964e-02
6.912018772716328752e-02 -1.070168780534491021e-02
6.811361005004862301e-02 -1.033347687535752374e-02
6.621140905069985982e-02 -9.694279616186293053e-03
6.440292390844724879e-02 -7.277281572866277880e-03
7.169013199425415539e-02 1.164755615624409567e-02
6.937037211826160843e-02 1.097936493932104990e-02
6.616327811615894949e-02 1.076249488924618976e-02
6.485738986056550914e-02 1.197008802831641024e-02
6.450404595376982297e-02 1.440475515048420668e-02
6.371129029058579529e-02 1.719765688902846756e-02
6.342562170511373276e-02 1.745878277546525012e-02
6.178717682138314127e-02 1.792605007749559567e-02
4.673270842716694545e-02 8.839688323383118954e-03
4.043646050944195436e-02 9.939993578722978659e-03
3.935836116540347013e-02 1.027319972727310307e-02
3.714765595996015468e-02 1.139937504165693463e-02
3.569590502421133432e-02 1.224027968823131196e-02
3.485296189260287530e-02 1.272919877116061513e-02
3.408775872400091750e-02 1.317708001291758614e-02
3.297732643392434909e-02 1.384034901605524052e-02
3.145650966411892013e-02 1.479685428579011718e-02
2.853497923422505800e-02 1.671643425330213845e-02
7.568193260654423361e-03 -2.441306626259445202e-04
