5.292326150061107612e-03 -8.779973209639248613e-03
5.540907201043991648e-03 -1.048582159199873409e-02
4.952966086818545027e-03 -1.816282976690109657e-02
5.412954481465763294e-03 -2.042460421219916000e-02
6.266972498406749026e-03 -2.311223177396509385e-02
7.701776470438215748e-03 -2.746941763941188400e-02
9.441597943375300978e-03 -3.425542371619329923e-02
1.010023596206396576e-02 -3.742066161610263508e-02
1.220986296057797148e-02 -4.069126202948918081e-02
1.331288257618373425e-02 -4.264410578922639417e-02
1.440939277218104310e-02 -4.461217108037566353e-02
1.502550061239805307e-02 -5.020520960177290992e-02
1.383944648262433810e-02 -5.537949444204126603e-02
8.329974290342956680e-03 -5.608600994843573884e-02
8.585423275270518198e-03 -5.658598527734885059e-02
9.111184532486301182e-03 -5.773289812857392012e-02
9.869729063656761114e-03 -5.950312844266644752e-02
1.013853500335388028e-02 -6.014373122854344000e-02
1.040917754636865034e-02 -6.087007449707076967e-02
1.048554416024121382e-02 -6.110188918291026977e-02
1.056332127604042194e-02 -6.135669103354751686e-02
1.088499655219074373e-02 -6.290685485399599708e-02
1.068790613374924134e-02 -6.651877917191933998e-02
1.013193769591649168e-02 -6.934342795793899117e-02
1.132227583986968912e-02 -7.748796131503273010e-02
1.203760688512938923e-02 -7.942471149306540301e-02
1.254776062510857236e-02 -8.132288497300012298e-02
1.385052450648257757e-02 -8.490248483258604206e-02
1.637198196371500783e-02 -9.144935166537281057e-02
1.712760063808549393e-02 -9.597194548966701821e-02
1.772101899492979638e-02 -9.958780800268739186e-02
1.388335299186414795e-02 -1.090438862213677085e-01
1.331109199299007270e-02 -1.142988648143011127e-01
1.271553685650992672e-02 -1.175331753652742728e-01
1.380932934777713388e-02 -1.188878104358844917e-01
1.471090238597030399e-02 -1.197227826724594490e-01
1.523973736900608236e-02 -1.211681368418634080e-01
1.517122333955187204e-02 -1.233346065810818626e-01
1.302000967713291824e-02 -1.265026717062994466e-01
1.091362168395209296e-02 -1.337293937420805656e-01
1.338493145421149055e-02 -1.361398727738226955e-01
1.357823996367704504e-02 -1.369643197107910659e-01
1.643455966515323941e-02 -1.390798745548567084e-01
1.698695043747493194e-02 -1.417948796134364253e-01
1.731571885531312319e-02 -1.427037643568286607e-01
1.763572409325001034e-02 -1.432008729651289280e-01
1.949477442628616206e-02 -1.439199133188044932e-01
2.094775075979659479e-02 -1.466767076905504119e-01
2.286705736566916128e-02 -1.488986419249608284e-01
2.478263049055921124e-02 -1.510742960120520506e-01
2.593948928789664016e-02 -1.524754284070652388e-01
2.779076218054837150e-02 -1.573581377149187444e-01
2.867858874326517649e-02 -1.605344785330981572e-01
3.001928124212094665e-02 -1.624978550347980222e-01
2.989333773673106404e-02 -1.712153789103116330e-01
2.942347261854662971e-02 -1.760518685047371967e-01
2.922248680471814866e-02 -1.786941769485348996e-01
2.897798047148944511e-02 -1.820453522008171621e-01
2.913881541924160518e-02 -1.820451272814400112e-01
2.944687743259991053e-02 -1.820604738776740728e-01
2.487854802927804559e-02 -1.914858208420881780e-01
2.489276443451383936e-02 -1.914816035405117745e-01
2.490253434618684703e-02 -1.914787162912502394e-01
2.490806110520045122e-02 -1.914770869649999319e-01
2.491317400853389555e-02 -1.914755821985751616e-01
2.492081513440478485e-02 -1.914733379289953741e-01
2.493318080159539693e-02 -1.914697176227778963e-01
2.497939673770819755e-02 -1.914563139153336591e-01
2.532844360271252482e-02 -1.913615589381775506e-01
2.532893729638622388e-02 -1.913614330436734512e-01
2.532893838181134866e-02 -1.913614327669097281e-01
2.532894355395333766e-02 -1.913614314481086875e-01
2.533389547676291945e-02 -1.913601699605335937e-01
2.536412576962119442e-02 -1.913525192445879042e-01
2.561490820680006539e-02 -1.912924081578181723e-01
2.576250747898163260e-02 -1.912598615855435891e-01
2.582202652802897264e-02 -1.912473393086589757e-01
2.623782557033274565e-02 -1.911697436127861582e-01
4.169253973234513660e-02 -1.971598226592535252e-01
4.871266906689711990e-02 -2.039711800347754067e-01
6.579545930120425656e-02 -2.317314721991780846e-01
7.152427727687826753e-02 -2.315584748260604842e-01
7.200784987263854353e-02 -2.316418361378059232e-01
7.615678190579489026e-02 -2.313445838921942277e-01
7.752107377023052803e-02 -2.310277013584983996e-01
8.104569034907722902e-02 -2.299844680452188539e-01
8.439285674015443994e-02 -2.291464248383670022e-01
8.809064893609033775e-02 -2.285594751249779844e-01
9.105763061907409806e-02 -2.286354387608269256e-01
9.211283630578416537e-02 -2.293726373744959246e-01
9.318500634387008597e-02 -2.301493457280150146e-01
9.433835986048833000e-02 -2.309559329117846505e-01
9.577928961336874825e-02 -2.319342708555311716e-01
9.989091539268014908e-02 -2.344600235943318789e-01
1.016720489264269639e-01 -2.359747544574340994e-01
1.020354779859443256e-01 -2.397264135529853790e-01
1.021272198826280730e-01 -2.398139084303414215e-01
1.026578475093846005e-01 -2.400738651282417480e-01
1.028105909766382359e-01 -2.401139079348553196e-01
1.048909770950594011e-01 -2.402209981661841964e-01
1.073886756470877196e-01 -2.400059070495542957e-01
1.086398730494256282e-01 -2.398422249056394173e-01
1.089034017728562759e-01 -2.398041748864772893e-01
1.095940399861585063e-01 -2.396990029330518801e-01
1.110587640556428418e-01 -2.394508159982524920e-01
1.143750378263125728e-01 -2.387514319443272137e-01
1.180367751254638442e-01 -2.341504046289691887e-01
1.180378053885818151e-01 -2.341491201781882581e-01
1.180381653728077296e-01 -2.341486715857097334e-01
1.181434814556547724e-01 -2.340213494847739606e-01
1.181802202364863053e-01 -2.339784004201760081e-01
1.181992625700082761e-01 -2.339563657904702998e-01
1.184429286101491563e-01 -2.336822915951112245e-01
1.190905822653646334e-01 -2.329176029025916972e-01
1.195300099539828020e-01 -2.322333686363290128e-01
1.198006626910797234e-01 -2.313002114532479170e-01
1.194253557350685446e-01 -2.300262148649007132e-01
1.183936748265381755e-01 -2.273687903801842880e-01
1.186516603652005425e-01 -2.258186272968719377e-01
1.189540302273063704e-01 -2.239775128454399855e-01
1.189541739669895543e-01 -2.239762508538351016e-01
1.190460237585497100e-01 -2.230731653230498823e-01
1.191636601400968276e-01 -2.217729200871140782e-01
1.192189751342697668e-01 -2.212165056228565518e-01
1.192201726278460105e-01 -2.212052713897239009e-01
1.239444188624322790e-01 -2.051273677846132126e-01
1.232774751954878456e-01 -2.042505996719789219e-01
1.229272771926319952e-01 -2.035195850755899816e-01
1.222512187377293308e-01 -2.010887844940302538e-01
1.216957047356172633e-01 -1.948559190945033659e-01
1.216815519962414077e-01 -1.941684403569256534e-01
1.217330006931162389e-01 -1.910396485220444696e-01
1.269523906638794497e-01 -1.744106851765570010e-01
1.258965554372785400e-01 -1.729984749190691951e-01
1.202681648234979611e-01 -1.667177850582126086e-01
1.161442156318585467e-01 -1.586580122907931822e-01
1.192849561139387449e-01 -1.364792793791861913e-01
1.189285858284034048e-01 -1.354434151860998137e-01
1.183948057213702887e-01 -1.337716145152379743e-01
1.178380495365903280e-01 -1.317879891069489995e-01
1.175458809216529954e-01 -1.305573198683058767e-01
1.169845607914608010e-01 -1.270188041546488344e-01
1.168873374738776949e-01 -1.255399022666303099e-01
1.170251836275049556e-01 -1.205102112396030933e-01
1.172486980903229420e-01 -1.189816617366763890e-01
1.198123565103846461e-01 -1.127531661778002625e-01
1.206519552888694752e-01 -1.104650507464900872e-01
1.259953615827121010e-01 -1.086741943449544834e-01
1.248460245921257372e-01 -9.715315812316258071e-02
1.232953000091741996e-01 -8.617428420290150493e-02
1.228554402954666613e-01 -8.309171140424834179e-02
1.224081324837491269e-01 -8.096133822278010761e-02
1.221143383970941521e-01 -7.321293114028680493e-02
1.218900760739087680e-01 -7.131921420703941916e-02
1.217026801290073540e-01 -6.189104379229759534e-02
1.233130593873072306e-01 -4.560637796198088040e-02
1.233196316979288665e-01 -4.534097048356417609e-02
1.235527449845375270e-01 -3.392559499706606502e-02
1.235950694613085765e-01 -3.105945155786627929e-02
1.236027900698731530e-01 -3.038010842818232235e-02
1.236102252298681148e-01 -2.961703241583819521e-02
1.236179947816273966e-01 -2.860036406868290970e-02
1.236266865965271050e-01 -2.682074610576392487e-02
1.236359427313332982e-01 -2.501344388552140599e-02
1.237830086018252007e-01 -1.964456227669434882e-02
1.242295260306775229e-01 -1.676503772031303491e-02
1.255170652272429299e-01 -1.221449762563586380e-02
1.257754651683856972e-01 -9.363688781849666826e-03
1.265083929351455416e-01 -1.332236238142363999e-04
1.270502050338629674e-01 5.755326642345793588e-03
1.102833822305380879e-01 -2.032600316500433792e-03
1.102721724281269522e-01 -2.035796452217715404e-03
1.102686649991400369e-01 -2.036780832039360774e-03
1.102401952756166259e-01 -2.044480447316046178e-03
8.384404249459102842e-02 -2.018190524199423713e-02
8.270130191523926422e-02 -2.054926116255182539e-02
8.141723901264230623e-02 -2.097644714283360481e-02
7.228483505863417258e-02 -2.284717960507893011e-02
7.069648436889293397e-02 -2.303530482017039985e-02
6.417310287756015919e-02 -2.380125548130280350e-02
6.334704359887337322e-02 -2.395842270582241446e-02
6.294972964104514346e-02 -2.437971059885920416e-02
4.783310572857988469e-02 -2.660561123395432936e-02
3.688612342489759610e-02 -2.515810676523274822e-02
3.276881730291811984e-02 -2.446917758252533173e-02
2.412850909452101886e-02 -2.015470442052296612e-02
2.334033952990770266e-02 -1.957613250585754638e-02
2.155787539657913476e-02 -1.827670493630968382e-02
1.806623144943813111e-02 -1.680576099789071395e-02
1.548188136481317909e-02 -1.513905632106858114e-02
1.401763299873345914e-02 -1.355361100218093091e-02
1.120795984468703037e-02 -9.913778793514706894e-03
9.039913628895812278e-03 -7.541160803235592500e-03
7.946152432243648589e-03 -6.121786181473412407e-03
8.263029400126681648e-03 -1.331362584306922288e-03
6.128367682816211574e-03 2.600590630978479815e-03
4.976932683314864644e-03 3.939688142055873359e-03
3.518937356249843620e-03 4.533735813564512308e-03
5.673322774918769518e-04 3.303625289660694873e-03
