-1.330049101808301187e-03 -6.419043874955138651e-04
-1.503987252218052465e-03 -2.551728712649850225e-03
6.581087443154495960e-03 -1.758239618540784893e-02
8.225399750667475654e-03 -2.415114168863824462e-02
8.447128291418302612e-03 -2.698657604320331763e-02
8.501919486874044696e-03 -3.090246969262937238e-02
9.626000189852225095e-03 -3.582966481974741296e-02
8.272641944673713235e-03 -3.742847843235361932e-02
6.806510568650297847e-03 -3.904447058940516829e-02
5.823881757561478328e-03 -4.030026561032619414e-02
4.837169229559029442e-03 -4.209348083535650875e-02
3.398054638066774942e-03 -4.426630652998617133e-02
2.303745328802937406e-03 -4.502802116022112250e-02
-7.166249530737448317e-03 -3.766849600035898638e-02
-7.178768648504866429e-03 -3.772777853761342254e-02
-7.164498582805129724e-03 -3.781173159731114619e-02
-5.910782276082328715e-03 -3.982912907686898124e-02
-5.056000323110531117e-03 -4.127655528403020857e-02
-4.881919373062632191e-03 -4.163284594798492139e-02
-4.803726456806897346e-03 -4.180857647212628952e-02
-4.710498684667213144e-03 -4.203826371053020344e-02
-4.549018101236239169e-03 -4.254737332315501608e-02
-2.746305409002353093e-02 -2.936222096614328134e-02
-2.746305409704023065e-02 -2.936222095325288425e-02
-2.746305410198597932e-02 -2.936222094416704453e-02
-2.746305410748996895e-02 -2.936222093405565364e-02
-2.746305411576509606e-02 -2.936222091885340446e-02
-2.746305413026366507e-02 -2.936222089221806122e-02
-2.746305418881255303e-02 -2.936222078465780885e-02
-2.747209183408363259e-02 -2.934558554645272030e-02
-2.747209226253616993e-02 -2.934558475628586474e-02
-2.747209428212009710e-02 -2.934558103169803908e-02
-2.747209908826194966e-02 -2.934557216802888280e-02
-2.747548125134905220e-02 -2.933933010006884931e-02
-3.655991439940659005e-02 -1.542566944518723900e-02
-2.850616336231113351e-02 -4.427412797726503618e-02
-3.107117236551838052e-02 -4.431928181641204417e-02
-3.372267269762201092e-02 -4.388602375923093823e-02
-3.824075305998244495e-02 -4.222344753325901062e-02
-4.022388214715356264e-02 -4.219613957149666306e-02
-2.583812244907906022e-02 -5.194543128660488590e-02
-2.582375648727581671e-02 -5.195450529700743059e-02
-2.579475339145577070e-02 -5.197278949229380135e-02
-1.659360396047983646e-02 -5.965124244809337506e-02
-1.660194946548070732e-02 -5.971005263445023498e-02
-1.662806124158062310e-02 -5.985074614859681175e-02
-1.665708764728677724e-02 -5.997121890095491459e-02
-1.462830272069525969e-02 -6.745242453421033957e-02
-1.557579233718741143e-02 -6.841179489332692432e-02
-1.632230771496693059e-02 -6.897101145587433702e-02
-1.664542547265926084e-02 -6.917741840269460429e-02
-1.785181355609423426e-02 -6.983567423652907447e-02
-1.954892825765155648e-02 -7.060832627440236098e-02
-2.005760528569887000e-02 -7.082833064489536812e-02
-2.085426941957996619e-02 -7.117817729369659008e-02
-2.330684529610918543e-02 -7.229973903782428712e-02
-2.582956788051479075e-02 -7.323796293017161008e-02
-2.805995013174911179e-02 -7.376004816810648179e-02
-3.177832323050160807e-02 -7.464431956044181860e-02
-3.560632716106063023e-02 -7.623900355181929822e-02
-3.802639779487182459e-02 -7.691471150479842200e-02
-3.993774997824384859e-02 -7.735495562382878332e-02
-4.199523589464736889e-02 -7.795688275983746196e-02
-4.144500011380088111e-02 -8.184964091947816156e-02
-4.144500006805066500e-02 -8.184964090196655828e-02
-4.144500003380647418e-02 -8.184964088885902933e-02
-4.144500000149407837e-02 -8.184964087649096443e-02
-4.144499998617234837e-02 -8.184964087062632232e-02
-4.144491563233585613e-02 -8.184960858125729655e-02
-4.144491544943547379e-02 -8.184960851124234438e-02
-4.144491493146553601e-02 -8.184960831296141104e-02
-4.144491362678648372e-02 -8.184960781352457193e-02
-4.144178620127712126e-02 -8.184840842366340741e-02
-4.143743023776913503e-02 -8.184673053397979736e-02
-4.143649111313580519e-02 -8.184636766402013375e-02
-4.143578865115305626e-02 -8.184609597693492944e-02
-4.143306146180546906e-02 -8.184503907185142202e-02
-4.143039023793192166e-02 -8.184400056891383279e-02
-4.143018602949691265e-02 -8.184392104376465860e-02
-4.143016243844041546e-02 -8.184391185544008518e-02
-4.142947181021607028e-02 -8.184364275431446623e-02
-4.141476570027165238e-02 -8.183786038234024118e-02
-4.110180607917411633e-02 -8.168862084540333413e-02
-2.563181292264000294e-02 -7.528918122395636403e-02
2.348086688608042646e-03 -6.335530698186041254e-02
3.563130747143558683e-03 -6.426609803464453097e-02
3.517879522696279286e-03 -6.856174318930451095e-02
-2.147387015303023686e-02 -9.509422235122055866e-02
-3.163244553322600017e-02 -1.017587572580848782e-01
-3.074001379172208032e-02 -1.011496168307944171e-01
-2.045800063331283322e-02 -9.607148241236763975e-02
-1.495033057164149061e-02 -9.381369406478894113e-02
-1.435599629452780079e-02 -9.349314708683424680e-02
-1.408562181191864646e-02 -9.334389354521631377e-02
-1.390737302305079456e-02 -9.324434398173037097e-02
-1.371153871496311703e-02 -9.313392549248597496e-02
-1.214312223496130140e-02 -9.220988636449542475e-02
-9.643289256329281786e-03 -9.058329401217928012e-02
-8.995978939898150589e-03 -9.013182876923414577e-02
-8.261597537298163291e-03 -8.960611896559898815e-02
-6.504010365714588127e-03 -8.830136966870377746e-02
-2.771229695233433377e-03 -8.517983678685614457e-02
-5.176609470239387344e-04 -8.142921918165513251e-02
5.961921318510647345e-04 -7.961475208671486836e-02
1.315601833718575741e-03 -7.858889165391096110e-02
2.401395441343875253e-03 -7.725108644505586375e-02
3.801845133977965752e-03 -7.603726211537079060e-02
4.865906246426906362e-03 -7.587334446070079230e-02
6.178806739107934806e-03 -7.876262460580561731e-02
3.551195069612902294e-03 -9.346440883551547507e-02
3.364495454103683374e-03 -9.437891788383434566e-02
2.148758023473666678e-02 -5.811870311144549245e-02
2.356244372281820695e-02 -5.852947788738536300e-02
2.585896610351953381e-02 -5.945756008329137338e-02
2.821374011949707300e-02 -6.437352172398032313e-02
3.050744381558770715e-02 -6.662784555581786894e-02
3.080935152373049865e-02 -6.018804158186109171e-02
3.337406848769649409e-02 -6.158427319481378504e-02
3.489891700104013478e-02 -6.224198715278323607e-02
3.555002405716601449e-02 -6.241339704510713571e-02
3.607746710630807541e-02 -6.253302869703659950e-02
4.791895711306638078e-02 -7.744268685150429432e-02
4.797135562654129826e-02 -7.754907888956309725e-02
4.798168630099114429e-02 -7.757008785668632889e-02
5.638539783062142263e-02 -9.840981640196413971e-02
5.638540428922084180e-02 -9.840983045530581064e-02
5.638541005331254574e-02 -9.840984299746897979e-02
5.638601429665503206e-02 -9.841115782532590395e-02
6.206801971208669721e-02 -1.098306990784038428e-01
6.202029849539635736e-02 -1.093651942429710588e-01
6.200853162460175094e-02 -1.092809190122758234e-01
6.198524888810599126e-02 -1.091263594228247952e-01
6.127259786775531708e-02 -1.058714458147720500e-01
5.490207064911249712e-02 -6.758251635847827010e-02
5.490267492843638186e-02 -6.758167939132689317e-02
5.490454181791621507e-02 -6.757909312288959414e-02
5.491810531727421563e-02 -6.756028081746813518e-02
5.493501184671178289e-02 -6.753677922176208603e-02
5.496032169223409591e-02 -6.750149560722608355e-02
5.512667684080738845e-02 -6.726753862925270722e-02
7.281206878129133087e-02 -6.495102767880528427e-02
7.363598317044521557e-02 -6.448552340402878558e-02
7.415754579624120324e-02 -6.416011864246934371e-02
7.635184653064436278e-02 -6.295047830344469020e-02
7.958346020474417470e-02 -6.208999008969672689e-02
8.396103362461450337e-02 -6.142237905653658708e-02
8.713818525258601455e-02 -5.978965712262656468e-02
8.719744734226807237e-02 -5.888862381704093596e-02
8.712053712408261708e-02 -5.843253054801234025e-02
8.708738078961156259e-02 -5.827811247229591068e-02
8.702501364382397853e-02 -5.800015648821588155e-02
8.692214459769243007e-02 -5.742881942537982759e-02
8.177205607313005331e-02 -5.515533947477049143e-02
4.546875881728063007e-02 -6.096680461221581221e-02
4.543960611456285964e-02 -6.095888499173367225e-02
4.512354792557088379e-02 -6.087605073472839023e-02
4.283494198100103179e-02 -6.039269259257954575e-02
3.843720401679671245e-02 -5.955421055513664130e-02
3.293559382509478328e-02 -5.732170736572073794e-02
3.236839200622693147e-02 -5.607260009315669091e-02
3.342426333448613590e-02 -5.387898307825830096e-02
3.798913841366362287e-02 -4.943259498802144575e-02
4.350038776780169869e-02 -4.503693051978493317e-02
4.347562008675160544e-02 -3.935360011037715433e-02
4.561112516253455762e-02 -3.513786155800508598e-02
4.698153775552684625e-02 -3.329270423802833251e-02
4.773517006683978409e-02 -3.157732312558048093e-02
4.647074372741218096e-02 -2.853660520395400954e-02
4.668755891717504131e-02 -2.822644222450219550e-02
4.682039279356135092e-02 -2.780542417794835963e-02
4.507895839899980772e-02 -2.554721780463218780e-02
4.400038902425846415e-02 -2.287947834564068444e-02
4.214434537578766460e-02 -2.154580440946519612e-02
4.060942925552690069e-02 -1.999909899213682743e-02
3.908344020828874443e-02 -1.941986551244712783e-02
3.593897400509433321e-02 -1.936370896268871725e-02
3.448652935442388101e-02 -1.830248888510464453e-02
3.427195237020579793e-02 -1.809749751711842505e-02
3.398319132037681822e-02 -1.780346397074029224e-02
1.928910325913343882e-02 -1.792291490362295930e-02
1.922949292423686840e-02 -1.788512591202020066e-02
1.914587001246272763e-02 -1.783189319576055851e-02
1.854797206361111922e-02 -1.744217183830531342e-02
1.842152405541579163e-02 -1.735726190042205519e-02
1.450592235355919156e-02 -2.468118540088108659e-02
1.450592114522497936e-02 -2.468118642231055190e-02
1.450592106471688958e-02 -2.468118649036571063e-02
1.450592100416461631e-02 -2.468118654155180766e-02
1.450592084555901717e-02 -2.468118667562442525e-02
1.139241766067493333e-02 -2.430756234605204943e-02
1.011300515092719218e-02 -2.270960589487473064e-02
1.058032429935820522e-02 -1.871441125462573740e-02
1.038343533168468828e-02 -1.495253618702082656e-02
9.133578558532863892e-03 -1.322335356720592131e-02
8.055612364204369977e-03 -1.152175366468340123e-02
7.315812730417372949e-03 -1.026475275928157016e-02
6.243843832670043816e-03 -8.379455029976940264e-03
4.788975058929739563e-03 -5.797431600325723619e-03
3.864409239337380716e-03 -4.187260418433308776e-03
