-1.751053265819566798e-04 -9.680682282008526256e-04
-2.154809236774355265e-04 -1.326847755817740998e-03
-4.185056329698508010e-04 -5.309739683185240103e-03
-4.830316098102223690e-04 -6.433753170300094727e-03
-7.708442559183470823e-04 -8.649675873344135624e-03
-1.001087738868848814e-03 -1.149441853188120678e-02
-6.210426256462456968e-03 -2.083874117742836804e-02
-5.018831563581442438e-03 -2.221301114731461315e-02
-4.160306373837869415e-03 -2.352569238677093555e-02
-3.426007929533293229e-03 -2.433050248922541056e-02
-2.681927926590246553e-03 -2.515110889790629634e-02
-2.221466610137160479e-03 -2.712613394021543695e-02
-2.709749242762200111e-03 -2.871552527265854721e-02
-2.866208415041653253e-03 -2.905911822770503722e-02
-2.979506661033129965e-03 -2.929097899216553252e-02
-3.491416810197867787e-03 -3.022192804628109908e-02
-3.683603790842461100e-03 -3.053570528171675041e-02
-3.892120607785434609e-03 -3.085914970526939388e-02
-3.947032150799934663e-03 -3.094163449447326006e-02
-4.231188012146890574e-03 -3.135189714525900284e-02
-4.231590966864995536e-03 -3.135245992066565401e-02
-4.231872526554142540e-03 -3.135285312197201579e-02
-4.234336105020927721e-03 -3.135629244495728024e-02
-5.063215393270514494e-03 -3.240475391291202517e-02
-5.802950435255551515e-03 -3.313972281220400884e-02
-7.190081409709112199e-03 -3.391028583676171382e-02
-8.336305457016808529e-03 -3.423801851415844005e-02
-8.796322826238359496e-03 -3.443644822431349284e-02
-8.804816738239896329e-03 -3.444077512718227846e-02
-9.121258368173113668e-03 -3.461361350436986672e-02
-9.194367797145669083e-03 -3.465588408534411857e-02
-9.262410107730541936e-03 -3.469569373180358962e-02
-9.281327485200444732e-03 -3.470682411969257253e-02
-9.282695407643369243e-03 -3.470762985043562149e-02
-9.294790182951557372e-03 -3.471475875425601709e-02
-9.294882584232803599e-03 -3.471481325007468033e-02
-9.294889025131166868e-03 -3.471481704876321073e-02
-9.407973862149317246e-03 -3.478177875716270684e-02
-9.408016205862346215e-03 -3.478180389584770854e-02
-9.493071015198676146e-03 -3.483230858359882831e-02
-9.493071802527805123e-03 -3.483230905084323814e-02
-9.536915655439744122e-03 -3.485830585425024608e-02
-9.537849321269227520e-03 -3.485885886042742327e-02
-9.637359722413224583e-03 -3.491756939075409821e-02
-9.637360117928664427e-03 -3.491756962297358491e-02
-9.637360317712848415e-03 -3.491756974027312305e-02
-9.637360549495250714e-03 -3.491756987635980664e-02
-9.637361915921507580e-03 -3.491757067863127117e-02
-9.699164450284472605e-03 -3.495371156109601529e-02
-9.699164451695316269e-03 -3.495371156191742767e-02
-9.699164497470547097e-03 -3.495371158856830363e-02
-9.849113904909613873e-03 -3.503981308066572015e-02
-9.849220654429467758e-03 -3.503987338844864047e-02
-9.849243787058677493e-03 -3.503988645693984633e-02
-1.011192203875607362e-02 -3.518248817851770543e-02
-4.225775322336091516e-02 -6.416623153893880049e-02
-4.045816725223479876e-02 -6.669013320097430531e-02
-3.906078741671512033e-02 -6.941775272607543512e-02
-3.794517404019283335e-02 -7.119517363687391520e-02
-2.986986277718678764e-02 -8.239764652428352432e-02
-2.901161924946623130e-02 -8.413617663679995307e-02
-2.849466246970363409e-02 -8.503617740679343673e-02
-2.548598423720334002e-02 -8.971338008655879714e-02
3.604616745360977956e-03 -7.865756039974573788e-02
3.783268748094511472e-03 -7.861458429906992285e-02
3.806014177528450199e-03 -7.860911685652942349e-02
4.452255137556205590e-03 -7.845409061668996709e-02
4.901321909530626311e-03 -7.834662391845605145e-02
1.154046701724926322e-02 -7.674588100245034739e-02
1.158569821056335165e-02 -7.673474373099430090e-02
1.158577787653181090e-02 -7.673472411046404484e-02
1.158624817298256789e-02 -7.673460828320394223e-02
1.161219381392506952e-02 -7.672821740768605292e-02
1.178089662632259872e-02 -7.668662231059404644e-02
1.308882347486974018e-02 -7.636152488665672033e-02
1.389113721010026663e-02 -7.615946980422229340e-02
1.435844596373124331e-02 -7.604070715642993750e-02
1.929712765191744783e-02 -7.474436999315639540e-02
2.726700640144367679e-02 -7.421509357691707942e-02
2.949032697646873299e-02 -7.524958875275053471e-02
3.459207690328629237e-02 -8.031626343309726523e-02
3.867403137870645269e-02 -8.635578611200409038e-02
4.073165049962473167e-02 -9.019700339653362320e-02
4.425716279470159192e-02 -9.231382728464596066e-02
5.056951098722074073e-02 -1.018008402810005597e-01
5.403523616206015040e-02 -1.050982615851554502e-01
5.942073519500303685e-02 -1.098112483954426649e-01
6.558497110290410770e-02 -1.169042962047877748e-01
7.304538641933117082e-02 -1.255376826832017012e-01
7.805777806537521346e-02 -1.301775005726546197e-01
8.101277123503716759e-02 -1.336111726924441023e-01
8.574187157449833507e-02 -1.418023031458387484e-01
9.176589280131827731e-02 -1.484186644653140708e-01
1.020289171606852813e-01 -1.561885152145700006e-01
1.098460088517081434e-01 -1.620065020732826266e-01
1.117094110560918480e-01 -1.635504228100690405e-01
1.204918888500729063e-01 -1.635284287142333426e-01
1.198550625176369872e-01 -1.627738089837063029e-01
1.198550611736096533e-01 -1.627738076923583299e-01
1.198550594910596373e-01 -1.627738060757574490e-01
1.198550473769595115e-01 -1.627737944365255651e-01
1.198550453797036647e-01 -1.627737925175689326e-01
1.198550442603797256e-01 -1.627737914421271970e-01
1.198550432302846053e-01 -1.627737904524168000e-01
1.198550420145292894e-01 -1.627737892843256207e-01
1.198550405669415592e-01 -1.627737878934921445e-01
1.198550390399440307e-01 -1.627737864263634759e-01
1.198550370759847022e-01 -1.627737845394067184e-01
1.198550346629556201e-01 -1.627737822209900653e-01
1.198550324683064633e-01 -1.627737801123936012e-01
1.198550306133757543e-01 -1.627737783301971275e-01
1.198550287603030590e-01 -1.627737765497876410e-01
1.198550266956870253e-01 -1.627737745661321234e-01
1.198550247188572143e-01 -1.627737726668225249e-01
1.198410233020025112e-01 -1.627603723256803303e-01
1.198403233204302087e-01 -1.627597051113069682e-01
1.197516699193252182e-01 -1.626772268051324133e-01
1.195808878077674192e-01 -1.625288476053989017e-01
1.194505959106658549e-01 -1.624240439203819830e-01
1.193638693925094668e-01 -1.623579634448915343e-01
1.192018702018740883e-01 -1.622416919480192121e-01
1.190573494729522813e-01 -1.621449485190669948e-01
1.188713539548607312e-01 -1.620288232124915406e-01
1.186585646716510900e-01 -1.619059139545367121e-01
1.184267176065532945e-01 -1.617822038697867004e-01
1.181021404455184914e-01 -1.616236779378735777e-01
1.177980979746784534e-01 -1.614876162061567588e-01
1.172885951224977574e-01 -1.612794634417962780e-01
1.165015306522248772e-01 -1.609867835408827219e-01
1.159865466864237055e-01 -1.608007466234743776e-01
1.157543770899387703e-01 -1.607151816727809823e-01
1.155934954427045858e-01 -1.606545109601108245e-01
1.153988513101446289e-01 -1.605791050223307759e-01
1.148118590612749318e-01 -1.603349008890688765e-01
1.132123151549170870e-01 -1.595385613159144012e-01
1.125213891406091349e-01 -1.591510521740162054e-01
1.122877673310290342e-01 -1.590160065477926599e-01
1.121728798106378516e-01 -1.589489594977130660e-01
1.119819882141811218e-01 -1.588366995356757794e-01
1.115900866558557775e-01 -1.586031828174275515e-01
1.110619641673957075e-01 -1.582829259555695312e-01
1.105147666646257854e-01 -1.579455276964059351e-01
1.099707570472317902e-01 -1.576052933924923793e-01
1.093186496946464553e-01 -1.571917923575395226e-01
1.087611798364627180e-01 -1.568336997702818314e-01
1.087318813869406486e-01 -1.568147650301360274e-01
1.087309543355805264e-01 -1.568141657173037495e-01
1.087289145554516528e-01 -1.568128470161294086e-01
1.086956640867532409e-01 -1.567913430564903676e-01
1.075132804259430891e-01 -1.560170125732662505e-01
1.057932551794786707e-01 -1.548540370315471260e-01
1.042559464414824222e-01 -1.537662074248055122e-01
1.016682006467539423e-01 -1.517001903727950574e-01
9.950908712280209789e-02 -1.493130912418100531e-01
9.635321630339735433e-02 -1.454040126332045713e-01
9.497631666807682116e-02 -1.430921918762114442e-01
9.454300735672585554e-02 -1.424019382513974918e-01
9.163565825393833741e-02 -1.392827814941123565e-01
9.084668413927880770e-02 -1.386031001638383109e-01
8.969968939996514345e-02 -1.375674736457604130e-01
8.921816417606059924e-02 -1.371130163105014899e-01
8.812930095305816780e-02 -1.360158151989399600e-01
8.756729814039498905e-02 -1.353710977758205702e-01
8.661174873393975848e-02 -1.338278123755081428e-01
8.556870639792583944e-02 -1.315192877059969678e-01
8.445754368741041629e-02 -1.297057463750156403e-01
8.301257582922103029e-02 -1.281885955268077526e-01
7.530401865619452961e-02 -1.230466419997198885e-01
6.967221414362241572e-02 -1.174123198755129965e-01
6.606507706286876558e-02 -1.137250839699707750e-01
6.208477608579192342e-02 -1.103729495186261816e-01
6.029713291421725380e-02 -1.085299317723631835e-01
5.907041505213917604e-02 -1.065991244423671047e-01
5.780767996499915767e-02 -1.042474897860312666e-01
5.684992370096308284e-02 -1.030475402921695455e-01
5.346666675443820932e-02 -9.864180247249793032e-02
5.052299962861832999e-02 -9.523751669319915902e-02
4.763019726165249740e-02 -7.089065317702868130e-02
4.686933124489243985e-02 -6.972192782665782851e-02
8.408361930050302357e-02 -5.179600496436040369e-02
4.498040654547682399e-02 -5.432109324761063424e-02
4.020655733196323162e-02 -5.245003873460426375e-02
2.894025171896032547e-02 -5.393464357787088742e-02
2.523514653267330127e-02 -5.136290906441100257e-02
2.324172409412358919e-02 -4.910312706474831423e-02
1.911100803138833515e-02 -4.265871445780342053e-02
1.830354278648682609e-02 -4.197810001538835462e-02
1.622346054301349039e-02 -4.065846694980807668e-02
1.230704066928898013e-02 -3.911001549098992724e-02
9.487771967821861593e-03 -3.750141827733643324e-02
7.940613202678010671e-03 -3.512090527864659972e-02
5.441251669873509340e-03 -3.013367287758681595e-02
3.601990441340371159e-03 -2.683232672774850738e-02
3.184947480426729254e-03 -2.435712635464647516e-02
3.087580494441599134e-03 -1.728221679271438327e-02
3.248581119918840434e-03 -1.039745549676087191e-02
3.183124513681946221e-03 -6.811320061387815018e-03
3.186634817683106809e-03 -6.298730323358340752e-03
4.674250018886400709e-03 -4.248336463976165340e-04
