-3.266355502971108639e-03 -6.013799988448378063e-03
-3.998950427589710414e-03 -9.297330422451352896e-03
-4.787123974778849551e-03 -1.224839589816987401e-02
-6.267461593410406095e-03 -1.616952908151117474e-02
-7.401727217645683032e-03 -1.960562683062177722e-02
-1.141432484664693658e-02 -2.933240774305605550e-02
-1.300531528103836612e-02 -3.361376243155958510e-02
-1.267135927569011493e-02 -3.663354402101356294e-02
-1.508082511773663204e-02 -3.857414898120603564e-02
-1.764287623751382983e-02 -4.011309276270084989e-02
-1.683804803127028626e-02 -4.288329298099483045e-02
-1.520209335456172185e-02 -4.551456568470050451e-02
-1.356615347963759620e-02 -4.814582782667534838e-02
-1.021950885714568817e-02 -6.458770141305544832e-02
-1.091067150912108236e-02 -6.760798847270244050e-02
-1.566038160928562642e-02 -7.139218749787364093e-02
-1.525772005193276604e-02 -7.328985433657467241e-02
-1.308269733257090908e-02 -7.352428689752849023e-02
-1.101678669568639107e-02 -7.719432545996934847e-02
-7.439736390376779258e-03 -8.326017210131433921e-02
-8.061688020154526499e-03 -8.618346306753202346e-02
-1.232939550724651556e-02 -8.416302214315768415e-02
-1.381428131680346484e-02 -7.885805464617873239e-02
-1.554622114655528943e-02 -7.820780823492269607e-02
-1.887318461051189569e-02 -7.363795245179664828e-02
-2.218700634324997922e-02 -6.761352752136402799e-02
-2.667802654084935887e-02 -6.221306553975041592e-02
-2.918702006734390231e-02 -5.895884082761178313e-02
-3.096191282037160514e-02 -5.549645645522551657e-02
-3.211282782279586967e-02 -5.321128110943140060e-02
-3.646541541426913391e-02 -4.761681213917472871e-02
-4.059520316632025255e-02 -4.437724028796827258e-02
-4.498871439940508449e-02 -4.007111326674135665e-02
-4.798072147935822374e-02 -4.057129118950098673e-02
-4.735574759015317298e-02 -4.379872696900956319e-02
-4.185525985479073008e-02 -4.552764982019950890e-02
-3.633911359897548654e-02 -5.092761161248551133e-02
-3.402412706112400986e-02 -5.404340371849803565e-02
-3.073910558005723756e-02 -5.785135885514114396e-02
-2.871513692606255524e-02 -6.075949677109905578e-02
-2.735606226339067082e-02 -6.377877289036000541e-02
-2.625970646304370479e-02 -6.778177131954751800e-02
-2.733839242389662222e-02 -7.155030126253505984e-02
-2.320810236249110786e-02 -7.581501185371503082e-02
-2.004786628613891564e-02 -7.938752348901827183e-02
-1.875801320739550748e-02 -8.250381050349296641e-02
-1.746814532686766230e-02 -8.562010807969851200e-02
-1.616464504671271535e-02 -8.830694460419029335e-02
-1.361372433911278192e-02 -9.232305940108102849e-02
-1.394465808503373046e-02 -9.545400455735332523e-02
-1.417809026733233765e-02 -9.967927939314688568e-02
-1.687857399323565433e-02 -1.014122301632847528e-01
-2.086840532768935788e-02 -1.010540125762715707e-01
-2.419084068337042787e-02 -1.057102543126271360e-01
-2.550446043531659143e-02 -1.106287136811681809e-01
-2.882689579099766489e-02 -1.152849554175237601e-01
-3.167895385424562837e-02 -1.186664823236112387e-01
-3.596030854274915450e-02 -1.170754918892198126e-01
-3.384336643340767059e-02 -1.118518619652173890e-01
-3.589461468844099695e-02 -1.098026355909561547e-01
-3.676915938707520093e-02 -1.061043128087678505e-01
-3.782157244722192391e-02 -1.069637192589267261e-01
-3.686365349305466971e-02 -1.111606993132420035e-01
-3.697329640924031796e-02 -1.135711908974590123e-01
-3.949190393733305326e-02 -1.189473807356768303e-01
-3.928274389843022796e-02 -1.217317336255753779e-01
-4.241318358450948262e-02 -1.224259185369780678e-01
-4.460134803508985363e-02 -1.236460551233308086e-01
-4.928287285522725547e-02 -1.252830101786945871e-01
-5.230214897448819816e-02 -1.266420848413664646e-01
-5.532243603413521810e-02 -1.259509221893910791e-01
-5.785821849325981786e-02 -1.245807171145419390e-01
-6.043341134425551930e-02 -1.275742300433433118e-01
-6.428481007258311786e-02 -1.270220054676870769e-01
-6.670892349469638438e-02 -1.273418088014307559e-01
-6.799877657343977866e-02 -1.242255217869560335e-01
-6.899561525106957804e-02 -1.254173678318840912e-01
-7.147278626646548505e-02 -1.305303396592612242e-01
-7.525497821264902354e-02 -1.298810936266603933e-01
-7.619723864636349098e-02 -1.293551525134411795e-01
-7.879970053666700280e-02 -1.332075621821548206e-01
-8.201250353789327208e-02 -1.354533271360778279e-01
-8.041950178446059805e-02 -1.352724618786532718e-01
-7.623664903823459960e-02 -1.337188705170917202e-01
-7.231703966636458814e-02 -1.321238468828869472e-01
-7.010107534276810437e-02 -1.310699279738919698e-01
-6.245383746684544241e-02 -1.318419480921661502e-01
-6.159394034827798264e-02 -1.339194692479056537e-01
-5.915617972475318426e-02 -1.331702154241790614e-01
-5.077634692421191531e-02 -1.306587051084502349e-01
-4.883725837459851338e-02 -1.299928149785258280e-01
-4.394759925772876580e-02 -1.290899649366824831e-01
-3.958489219446429536e-02 -1.270791380139063287e-01
-3.620585671409579792e-02 -1.248055837486980596e-01
-3.276976636587741049e-02 -1.259398440920679041e-01
-3.512315235521396017e-02 -1.292380073043531974e-01
-3.614727063388240014e-02 -1.312887648909779603e-01
-3.347307037041612199e-02 -1.324649524154531965e-01
-3.265610081160925937e-02 -1.317303313700088907e-01
-2.972067905455910361e-02 -1.288474765378328224e-01
-2.693632616466054910e-02 -1.286383164989299832e-01
-2.651951193570312518e-02 -1.311316515049717191e-01
-2.044963209454478403e-02 -1.357555652600356544e-01
-1.874446639563857528e-02 -1.382898418703120136e-01
-1.544529224296724117e-02 -1.426934651742958471e-01
-1.041820089862658533e-02 -1.395463560273777492e-01
-7.079106643837512758e-03 -1.406114053485499615e-01
-8.576613912635519532e-03 -1.377861362179320370e-01
-8.357323840210630073e-03 -1.329651784130133352e-01
-2.773985282131227748e-03 -1.341676493999256203e-01
-1.484132203387816557e-03 -1.372839364144003149e-01
-3.332023991791151088e-04 -1.395691223219252819e-01
7.045525191700112346e-04 -1.370889290471020427e-01
2.378917209094489043e-03 -1.333062316307254969e-01
6.714329869535882317e-03 -1.321543056879151967e-01
7.085689187767590588e-03 -1.267099052061549103e-01
9.494154651158905750e-03 -1.227190481295307306e-01
2.311576732187439406e-02 -1.311211311926956669e-01
2.846418265059139432e-02 -1.334735168033770458e-01
3.255203582064488538e-02 -1.359511932889659602e-01
3.702840843817752081e-02 -1.397308536441307925e-01
3.963390738969278793e-02 -1.420291812828742561e-01
4.122690914312547583e-02 -1.418483160254497277e-01
3.612656933672023229e-02 -1.368914318419083564e-01
3.442140787786762690e-02 -1.343571805951472298e-01
3.160826953808221207e-02 -1.323498814019914149e-01
2.935036323159588914e-02 -1.326418996645034321e-01
2.466634698573948181e-02 -1.291532423914109606e-01
2.037134509582442382e-02 -1.279917024470024478e-01
1.418930130919255489e-02 -1.206526468242376249e-01
1.633453820001232529e-02 -1.166203680367010748e-01
2.597895579729961671e-02 -1.221845457082226388e-01
2.807164056502975402e-02 -1.239705540716431742e-01
3.754933077471261926e-02 -1.285373875953419176e-01
4.356363623335401947e-02 -1.328288617556366569e-01
4.612668773178643655e-02 -1.333401700905735843e-01
4.339589790536355768e-02 -1.297812802931665732e-01
3.803435564721246998e-02 -1.288834743915226455e-01
2.964999473839566302e-02 -1.221688871877698312e-01
2.617095146690142163e-02 -1.182224888832697635e-01
1.936746152068483107e-02 -1.148318428840462702e-01
2.039006338877418292e-02 -1.097057293254506127e-01
2.539038060226921426e-02 -1.084426503775528378e-01
2.730220011257480234e-02 -1.086356569875406852e-01
2.872746353801702845e-02 -1.054072102676460593e-01
3.299214876568171834e-02 -1.012769244462941448e-01
3.621859896831952641e-02 -9.860170900238821035e-02
4.117545778834565129e-02 -9.350137343603656670e-02
4.336364760244129646e-02 -9.228123260963023988e-02
4.728476282315954848e-02 -9.376157974918081228e-02
4.631672439720108114e-02 -9.716989558789836112e-02
5.261650869103770556e-02 -9.039268910411880908e-02
5.649369597334014115e-02 -8.701064192605385827e-02
5.586771114374904090e-02 -8.173296883189801187e-02
5.420398195753965004e-02 -7.893547421078093984e-02
5.589148309781722529e-02 -7.369821504799003997e-02
5.579346654308284942e-02 -7.157874874852206137e-02
5.692722669712509120e-02 -6.711753234208782393e-02
5.627345783711414778e-02 -6.167361936789751697e-02
5.675546045018670799e-02 -5.586897941835197723e-02
5.788972607442199186e-02 -5.243288166924137822e-02
5.729303744577621260e-02 -5.039677906357560577e-02
5.439905220142286085e-02 -5.301641588491100288e-02
5.169957413504017163e-02 -5.679961137058836540e-02
4.941439350838061628e-02 -5.795053377390484151e-02
4.383507758838373070e-02 -6.494904164915053790e-02
3.861598633438767525e-02 -7.205818225750623696e-02
3.536176162224903552e-02 -7.456717578400078039e-02
3.127591977123678896e-02 -7.618998872949082901e-02
2.774482984684591494e-02 -7.908699623327147821e-02
2.521057860008482643e-02 -8.079215769212408360e-02
2.040577422408108160e-02 -8.526904001990333326e-02
1.584956564236657262e-02 -8.816655299387701761e-02
1.348101604103940122e-02 -8.881881072417431577e-02
1.147371684788356383e-02 -9.163194906395974448e-02
6.487046835800077370e-03 -9.246557752187460621e-02
3.978558779498568218e-03 -9.023647146705959798e-02
3.367232091705054959e-03 -8.657958519756810134e-02
7.733584608292398167e-04 -7.975133243954714291e-02
-3.147756759889005270e-03 -7.827098529999657051e-02
-5.407659583632138701e-03 -7.446252469316043399e-02
-5.852263123874835646e-03 -7.180295720797646997e-02
-7.224984987958264944e-03 -6.921313157869843358e-02
-6.644975341070350795e-03 -6.552793996599780291e-02
-7.381592903771458901e-03 -6.061049153784280052e-02
-7.992919591564968257e-03 -5.695360526835129694e-02
-8.647188640903517853e-03 -5.048456623594514692e-02
-8.275829322671809582e-03 -4.504016575418488127e-02
-7.917106265465597564e-03 -4.207545307705481963e-02
-7.808474289665998797e-03 -3.761472417819054781e-02
-8.308652212425635813e-03 -3.462271709823740162e-02
-7.992867276710866747e-03 -2.884587702170796422e-02
-7.800871607109063563e-03 -2.488382019675509232e-02
-7.012707580838943751e-03 -2.193273675841351383e-02
-5.532355160422946713e-03 -1.801161413680305023e-02
-4.287451522212238145e-03 -1.421528432079938176e-02
-2.419585313837730681e-03 -9.545900853225300700e-03
1.526807709796924612e-03 -6.066864982623255270e-03
1.844094254306327630e-03 -3.365370316333890412e-03
