-1.385799561819468177e-03 -1.333324488860985644e-03
-2.606727936116910640e-03 -2.497168461979520308e-03
-3.609725791752834562e-03 -3.441179024567819940e-03
-4.731010679941367002e-03 -4.475611287117842521e-03
-3.082566631955025241e-02 1.176239717626864981e-02
-3.193460557293825719e-02 1.148930958999772392e-02
-3.308570428261756874e-02 1.111338484987550897e-02
-3.412800544086413285e-02 1.061336765200806068e-02
-3.508564540062204112e-02 9.971545713509756548e-03
-3.569859957441523513e-02 9.488603513032514009e-03
-3.640970146225910170e-02 8.903381669517030500e-03
-4.692717005327804586e-02 1.079076680828337277e-02
-5.115806250399397570e-02 8.293519361338156509e-03
-5.301287834209194444e-02 7.511638562557611774e-03
-5.634537376948703380e-02 6.945361643019582615e-03
-5.963988617397940339e-02 6.231222505112181051e-03
-5.712258462831574374e-02 9.293548631733380017e-04
-5.607386516863457904e-02 -2.247430954480997625e-03
-5.623851457574922941e-02 -3.223862925227964638e-03
-5.652471566461343688e-02 -4.079303194534702852e-03
-5.687712843291193449e-02 -4.762191594949029966e-03
-5.765996491988641809e-02 -5.711808710324126417e-03
-6.317223839453953160e-02 -6.105740813729360929e-03
-6.358560024385138953e-02 -7.023354969227781248e-03
-6.453965711040333952e-02 -8.259472093849426835e-03
-7.025586282807777527e-02 -1.000748588015833510e-02
-7.110436393649877118e-02 -1.286839341289400945e-02
-7.185147695760327191e-02 -1.515568427845134097e-02
-7.157261849765776673e-02 -1.876251331659556723e-02
-7.279373517046938691e-02 -2.086923470601196803e-02
-7.371687638954892152e-02 -2.143926769569204707e-02
-7.583774270945886631e-02 -2.173274980274397458e-02
-8.211457727646005733e-02 -3.059425948780498603e-02
-8.454271728364119720e-02 -3.748844982688390864e-02
-8.600219340783797628e-02 -3.917907967922699269e-02
-8.852153576135293744e-02 -4.188895271330970310e-02
-9.213446693713518709e-02 -4.524637770022889999e-02
-9.507666251473918806e-02 -4.711867535549391778e-02
-9.837848905606530470e-02 -4.590659869026740558e-02
-9.740776816849798514e-02 -4.946874295462807408e-02
-9.698764706670105762e-02 -5.150209904136596878e-02
-9.668258756526328102e-02 -5.242398203823740027e-02
-9.563018248241902941e-02 -5.411200513733441936e-02
-9.499781601364121197e-02 -5.648445389040698816e-02
-9.502557793721902457e-02 -5.768628417351385346e-02
-9.512723986785634467e-02 -5.892174636000005461e-02
-9.655961189085196517e-02 -6.679206513799521017e-02
-1.004476250742501325e-01 -7.422337801826169035e-02
-1.016919570596862277e-01 -7.620674839939590994e-02
-1.026408663297022211e-01 -7.802756537595108288e-02
-1.031999914848141103e-01 -7.942811840081949459e-02
-1.037406599617679281e-01 -8.077242539048126724e-02
-1.045691342278793762e-01 -8.246894402812922353e-02
-9.959939984623793208e-02 -8.880019439204116238e-02
-9.839070632093890878e-02 -9.405778468273218174e-02
-9.877343612680333784e-02 -9.547302511925795376e-02
-9.916341755075573638e-02 -9.604907702570411598e-02
-9.947728651256255994e-02 -9.645180877452395884e-02
-1.002633012485159292e-01 -9.970788862057224089e-02
-9.151435157068475712e-02 -1.276609249413521996e-01
-9.147444195017659374e-02 -1.282380635808529068e-01
-9.144082537750931883e-02 -1.288296508397565598e-01
-9.114860422996375056e-02 -1.336106546063523526e-01
-9.038352851535044752e-02 -1.378989099083136882e-01
-9.052471030836613253e-02 -1.380942654431598915e-01
-9.089400821226274740e-02 -1.391608002795039212e-01
-9.089929479763653175e-02 -1.446241781164240292e-01
-9.075934662841819711e-02 -1.463221832782574117e-01
-9.067137774075255396e-02 -1.472414514191309476e-01
-9.007410694689910180e-02 -1.517791615940295713e-01
-8.794588215315463087e-02 -1.631959464247846325e-01
-8.586131578136556308e-02 -1.732655394857002817e-01
-8.325791447333043271e-02 -1.767661805752204773e-01
-7.920857263442723784e-02 -1.817308192667058120e-01
-7.624179709392420179e-02 -1.855875689856830435e-01
-7.381514788990040099e-02 -1.924730070158078288e-01
-7.302017891878749556e-02 -1.954903131479296952e-01
-7.258791590617347245e-02 -1.969888364491534094e-01
-7.153019276197285226e-02 -2.006865607087300885e-01
-7.039873739113475248e-02 -2.071934709704489341e-01
-6.843267455496766793e-02 -2.111477276406190651e-01
-6.838956676578113181e-02 -2.161732007864593241e-01
-6.833079104387956848e-02 -2.185319002093634722e-01
-6.799633681184151512e-02 -2.194223666866252642e-01
-6.788624398568524065e-02 -2.201854394793686109e-01
-6.775141665647431422e-02 -2.217788877795819069e-01
-6.732393055110130753e-02 -2.274746291348265503e-01
-6.794779179993970519e-02 -2.411228937193042321e-01
-7.003856389564110108e-02 -2.490758216986520279e-01
-7.002826659974729917e-02 -2.501529550439579030e-01
-7.001645850023149875e-02 -2.506049973296852751e-01
-6.999230306933203194e-02 -2.512757816956912027e-01
-6.987101702226333755e-02 -2.535119575173968576e-01
-6.960139250759368734e-02 -2.564864962476130494e-01
-6.897087500605730837e-02 -2.590994630795689369e-01
-6.693563222211393327e-02 -2.608263680712497035e-01
-5.769647356944059696e-02 -2.566194070443820197e-01
-5.452145036093788977e-02 -2.585080143541189091e-01
-5.585146680545180486e-02 -2.744145762802126520e-01
-5.436363784316024933e-02 -2.730005733859674488e-01
-5.262810928495233187e-02 -2.713459289314921197e-01
-4.936818117392440669e-02 -2.683217788692459083e-01
-4.646928006746426504e-02 -2.659269054182014647e-01
-4.365561475053438001e-02 -2.671454081442113382e-01
-4.239747505483201784e-02 -2.663816667264817251e-01
-4.143090990792577810e-02 -2.655798392192943447e-01
-3.273866605076869440e-02 -2.706903460357478197e-01
-2.245333156101423505e-02 -2.667654629347378514e-01
-1.884208958132149725e-02 -2.659700449062371574e-01
-1.709541501617653503e-02 -2.716447058125289749e-01
-1.666196906466845679e-02 -2.716747110106754182e-01
-1.642832424893077292e-02 -2.717106643506362329e-01
-1.615544639524651299e-02 -2.717681193195218281e-01
-1.284260665694285548e-02 -2.763232122486277142e-01
-8.566592575332739393e-03 -2.830448766233555902e-01
-8.188825049892217364e-03 -2.834329440355968233e-01
-7.993276298982528519e-03 -2.835857217731176383e-01
-7.761275431972504413e-03 -2.836556294364829811e-01
-7.548942353595694717e-03 -2.813680891657080463e-01
-6.667068647990655010e-03 -2.720665437375278661e-01
-5.916832229186613605e-03 -2.700695338103085152e-01
-5.516888499593104039e-03 -2.688959877667698728e-01
-4.429901413739680514e-03 -2.642905046005595837e-01
-2.575656370530934013e-03 -2.548347606773210816e-01
-2.349236731471692451e-03 -2.544356621159717391e-01
-1.230365667795853529e-03 -2.523068512754881865e-01
1.286563466952514315e-03 -2.437891759862023666e-01
2.831433202722634206e-03 -2.415676489819295336e-01
3.962099963171948624e-03 -2.396645202673549913e-01
5.584455824510165325e-03 -2.345664676117697467e-01
7.043971924742926764e-03 -2.315436012498361118e-01
8.070809603265316143e-03 -2.301326955870741653e-01
1.124086914404641077e-02 -2.260068904329141926e-01
1.432384699082090568e-02 -2.179025508341487782e-01
2.136639235053346825e-02 -2.094934639490828310e-01
2.536737331128572498e-02 -2.049371579482437145e-01
2.591778461691919555e-02 -2.042798950406158609e-01
2.640947414980801544e-02 -2.036812137607864059e-01
2.953843693294164879e-02 -1.991492224870194394e-01
3.298164517231073206e-02 -1.943390442756731673e-01
4.304346137209972417e-02 -1.883392602807040794e-01
5.329706975231687099e-02 -1.859322525955160177e-01
4.623650523570213555e-02 -1.786124516276961505e-01
4.697548275520543881e-02 -1.776134375689882583e-01
4.824573025067027676e-02 -1.768910353839498739e-01
4.925947826313934602e-02 -1.764533886951010766e-01
5.063786916061334409e-02 -1.751408144327429306e-01
5.259156057138927864e-02 -1.707778756210253934e-01
5.229897643755011816e-02 -1.673217853881609762e-01
6.701069454851416030e-02 -1.660826164256240245e-01
6.689388849186528319e-02 -1.641429334527996220e-01
6.607661078912789587e-02 -1.627211873259277741e-01
6.514816628428084233e-02 -1.607106362442773384e-01
6.544887279173490502e-02 -1.573750117183755903e-01
6.546933112297589896e-02 -1.521156238783850367e-01
6.630340860657733815e-02 -1.486929377276113295e-01
6.502682229393709490e-02 -1.485011371322764728e-01
6.273512139804003629e-02 -1.479171457009775537e-01
6.084497512478253406e-02 -1.443807413343231871e-01
6.050220386550395069e-02 -1.401606895956454268e-01
6.074685128766722092e-02 -1.360074572914325430e-01
6.173534607464493951e-02 -1.325774849936625921e-01
6.291221915238685847e-02 -1.280725923715798631e-01
6.489770191372359887e-02 -1.186536562178762688e-01
6.427226610875076684e-02 -1.124896828676559407e-01
6.540130372668608028e-02 -1.113131808962227604e-01
6.478836386769117051e-02 -1.078412208237840425e-01
5.597585936606193358e-02 -9.738757890128570127e-02
5.565122217284339950e-02 -9.628568302891797603e-02
5.544340760499119614e-02 -9.517977213942035997e-02
5.416037093567751398e-02 -9.188417165143827892e-02
5.256846612566748456e-02 -8.899949276261330533e-02
5.956495389923851386e-02 -7.557141540220463360e-02
5.782050741715753783e-02 -7.448974996527429893e-02
5.623203818474664661e-02 -7.376892530192374897e-02
4.942087711965822971e-02 -7.267028647307154088e-02
4.802068075408229969e-02 -7.094245127488103819e-02
4.753088379873392916e-02 -6.969679161154748726e-02
4.680098212190905715e-02 -6.770076725022333708e-02
4.013638900549421074e-02 -6.519572392399385075e-02
3.787813212614447866e-02 -6.042769400110276773e-02
3.728044978092027312e-02 -5.601419217950199397e-02
3.472022209353271827e-02 -5.132249858324850617e-02
3.029003541804676375e-02 -4.896162763423328457e-02
2.768191297423102520e-02 -4.797867767487430657e-02
2.593926021693929163e-02 -4.697679323146307373e-02
2.377874887023038314e-02 -4.494202588833253603e-02
2.199757422405027030e-02 -4.239776740059296445e-02
2.029773706678667661e-02 -3.933146468724819933e-02
1.757846280803121788e-02 -3.550259616354837361e-02
1.511884085689488809e-02 -3.127395164055297994e-02
1.427647627548809910e-02 -2.659679335770263539e-02
1.272052303999218759e-02 -2.224298950231719252e-02
1.074971002147615678e-02 -1.896238385415034700e-02
8.855916236660958327e-03 -1.650469182288856126e-02
7.344830376148599356e-03 -1.461763529702046413e-02
5.325226919154114544e-03 -1.150594108717147707e-02
2.612377384048616188e-03 -4.150811153850446182e-03
1.202832778694948399e-03 -2.304641278842769689e-03
