-2.693405523185750210e-03 -2.854966477151252551e-03
-4.964246230149202931e-03 -5.494855619838036678e-03
-4.652375263624520044e-03 -8.560754026784595655e-03
-3.524103606897547192e-03 -1.122522543410685129e-02
-3.100779072277031704e-03 -1.225939950205697307e-02
-2.192688377263503352e-03 -1.498963847024588174e-02
-2.038095879842893605e-03 -1.755059095812973660e-02
-1.309116575026948379e-02 -1.909600221116553032e-02
-1.347180151324168726e-02 -1.983148961803038804e-02
-1.374500277932133412e-02 -2.016526826487705093e-02
-1.459922616383579896e-02 -2.082693096133460264e-02
-1.716180992084895621e-02 -2.179851285593219223e-02
-2.156010132039771349e-02 -2.125701595956482753e-02
-2.634849842371151177e-02 -2.033398152811123280e-02
-2.948767310052913607e-02 -2.107656986097642543e-02
-3.262374250080611604e-02 -2.229943825176494004e-02
-3.399069501455256187e-02 -2.582035228173301666e-02
-2.569646790766730304e-02 -3.525385193309001769e-02
-3.719810398521844474e-02 -3.764650373508669767e-02
-3.845719644924185804e-02 -4.045306681574763891e-02
-3.853240391151804833e-02 -4.289915008528720486e-02
-3.941301986989345640e-02 -4.440316880215568890e-02
-4.084303447855442554e-02 -4.555900507506520369e-02
-4.134991574742765547e-02 -4.628336297568833024e-02
-4.169386031685431288e-02 -4.696686612027466123e-02
-4.642644088691892656e-02 -4.879359208230839295e-02
-4.799280638217002376e-02 -5.055409385500684444e-02
-4.782564336625184931e-02 -5.225735950621192283e-02
-4.733528926800559256e-02 -5.425323260261113306e-02
-4.737351346531652047e-02 -5.594560064486587408e-02
-3.771401738609719834e-02 -6.744281719240431683e-02
-3.794686826895947440e-02 -6.792375582730186823e-02
-3.968257369991517319e-02 -6.951829810782250707e-02
-4.159714748988065092e-02 -7.004457472477748636e-02
-4.215279498866815466e-02 -7.009865696475268970e-02
-4.298292925857744723e-02 -7.308925711386535240e-02
-4.466849554291397323e-02 -7.452251652889620159e-02
-4.574517400214803131e-02 -7.516341744565589733e-02
-4.666167125812735461e-02 -7.563543017718345196e-02
-4.538528266605707656e-02 -8.659348331731524240e-02
-4.599258524635985168e-02 -9.227966476256255213e-02
-4.836821183806173929e-02 -9.398372783182445955e-02
-4.941595298775590395e-02 -9.561894465286160938e-02
-4.978423224139329195e-02 -9.680068335556279990e-02
-5.080514557916286644e-02 -9.840457732815581504e-02
-5.455316619542403128e-02 -9.954588699773268823e-02
-5.315972015109195203e-02 -1.053161353762896157e-01
-5.512051631505672511e-02 -1.102191434846694074e-01
-5.559135387907638420e-02 -1.112514748996421277e-01
-5.599426049752698892e-02 -1.122169456142503297e-01
-5.626619646680941500e-02 -1.129157074579802689e-01
-5.659889423496342747e-02 -1.138382979754154062e-01
-5.690071717906571014e-02 -1.147939333418934171e-01
-5.712440322978404317e-02 -1.157670497900151058e-01
-5.727032744893278959e-02 -1.167799942249782702e-01
-5.756813566799003773e-02 -1.175671435990110897e-01
-5.778745400548520456e-02 -1.180064327863112050e-01
-5.787713855668266683e-02 -1.181814382359302890e-01
-5.820164650600682943e-02 -1.188197306824020499e-01
-5.869112645455949739e-02 -1.198668027194267904e-01
-5.886317381529591192e-02 -1.202830067963163302e-01
-5.893865519456216451e-02 -1.204781424551872315e-01
-5.901955988342213327e-02 -1.206981486568653034e-01
-5.913097814302563371e-02 -1.210243693427214551e-01
-5.921919027994770185e-02 -1.213073231353052756e-01
-5.931730756049797409e-02 -1.216530276653215725e-01
-5.936686232278592934e-02 -1.218418803790050492e-01
-5.944894755403756781e-02 -1.221792955780000023e-01
-5.952163331854074674e-02 -1.225081573597064516e-01
-5.958611515652243590e-02 -1.228287913521928926e-01
-5.962638676406583488e-02 -1.230457042815170515e-01
-5.977113943313196870e-02 -1.239781750569455693e-01
-5.981902368441013862e-02 -1.243704470898939068e-01
-2.691998280919534817e-02 -1.076439537967412291e-01
-2.139607428840551231e-02 -1.077685284687304595e-01
-1.948556398135255566e-02 -1.099074630012770448e-01
-4.094727063606338341e-03 -9.919771278485532695e-02
-1.505302654943672241e-03 -1.005422806828071558e-01
-2.297754828132332562e-04 -1.045817780838970840e-01
-4.414112453060507063e-04 -1.104613626276244043e-01
-3.325948446235397170e-03 -1.221769605009466880e-01
-8.523685777938607225e-03 -1.314182389228334691e-01
-8.365253406491045263e-03 -1.328436031640843340e-01
1.652088962820950566e-02 -1.124906307609357392e-01
2.733366891579837310e-02 -1.218390914766285110e-01
3.034940578875894648e-02 -1.239592247506834666e-01
3.163517591991880235e-02 -1.258976597705145362e-01
2.802568936560868862e-02 -1.307901799041718827e-01
2.802568451113307893e-02 -1.307901856690077413e-01
2.802568433254279054e-02 -1.307901858810920637e-01
2.802568422381734176e-02 -1.307901860102086977e-01
2.802568411721602024e-02 -1.307901861368029606e-01
2.802568303297294297e-02 -1.307901874243984630e-01
2.795629194661424996e-02 -1.313193278490329130e-01
2.803018748446323496e-02 -1.314973481657677190e-01
2.810305853719417477e-02 -1.316339336765670609e-01
2.815791124441581125e-02 -1.317257026450747992e-01
2.823312229781406099e-02 -1.318421914975819453e-01
2.832551780855767712e-02 -1.319752887449076872e-01
2.835421926440295434e-02 -1.320149457578055630e-01
2.836593343844541482e-02 -1.320309366101606319e-01
2.836597473486201365e-02 -1.320309927925347737e-01
2.836607207293213861e-02 -1.320311252124430068e-01
2.837195907047522503e-02 -1.320391203777484534e-01
2.837362949883143193e-02 -1.320413841701402469e-01
2.837365151660499463e-02 -1.320414139948640209e-01
2.893263487489250094e-02 -1.327209052422507474e-01
2.990774364979915598e-02 -1.337250181783782577e-01
3.123042482049645172e-02 -1.348935040788201978e-01
3.257131333218618585e-02 -1.357775286079452581e-01
3.355590064438234571e-02 -1.360585511593196406e-01
3.408791260761468572e-02 -1.361235346215863562e-01
3.431649363852493778e-02 -1.361445461881065633e-01
3.495389500454795101e-02 -1.361970797280803169e-01
3.569835427686984808e-02 -1.362617121857793157e-01
3.595341305795658748e-02 -1.362858277932463280e-01
3.621642470542595776e-02 -1.363118867084632257e-01
3.663819606397913237e-02 -1.363564237884455355e-01
3.706816878551515843e-02 -1.364056883154877997e-01
3.750478144390054919e-02 -1.364602353276097579e-01
3.794258703731886312e-02 -1.365201865259409453e-01
3.838585848743916729e-02 -1.365871521019193513e-01
3.888479434390485628e-02 -1.366716110163180009e-01
3.907536477049174117e-02 -1.367068811997010080e-01
4.536548941272808277e-02 -1.407914725872264350e-01
4.806092925750958533e-02 -1.423606108673406978e-01
4.874089223286921790e-02 -1.424859331227514014e-01
5.121824625688049804e-02 -1.431423423867686506e-01
5.653867507297753725e-02 -1.460657661609909563e-01
5.725335824089824999e-02 -1.461484847868954606e-01
5.775423946566597688e-02 -1.463742611820386119e-01
5.777140707795197505e-02 -1.463857702126477867e-01
4.783088810372856242e-02 -1.378396468275498721e-01
4.164729148563842132e-02 -1.287338543818157544e-01
4.034017017401326372e-02 -1.249758405332099809e-01
4.020104903160894722e-02 -1.244342414482559889e-01
3.519576293449989957e-02 -1.177667493269331511e-01
2.787797239262346585e-02 -1.113768354162005952e-01
2.605943638133418824e-02 -1.049403662376287849e-01
2.559946607568040072e-02 -1.022534818256423117e-01
2.553841491229359370e-02 -1.013942460058879225e-01
2.555451981684761509e-02 -1.005299506382839186e-01
2.571351727815995511e-02 -9.965593409610772058e-02
2.632629038490676143e-02 -9.860553342825888190e-02
2.810113168735933406e-02 -9.774500065370206325e-02
3.016621071737476956e-02 -9.743058157589944146e-02
3.214154054425964052e-02 -9.613174389561197908e-02
3.297249989473678700e-02 -9.436490130815947119e-02
3.397683784318058370e-02 -9.302178088941337464e-02
8.079846021663490696e-02 -8.448670154382437181e-02
8.627727565171454394e-02 -8.046328016039622222e-02
8.843813687704640825e-02 -7.876657277954093872e-02
8.843822051244587534e-02 -7.876652445333262587e-02
8.843836089525566879e-02 -7.876644334038999939e-02
9.058155758189541384e-02 -7.704587234826788811e-02
9.058161631684101545e-02 -7.704575089297427404e-02
9.058206270493901480e-02 -7.704482740414375641e-02
9.058298002805260929e-02 -7.704292729427419939e-02
9.058563039459052724e-02 -7.703741965300131556e-02
9.059047853838309017e-02 -7.702727650329985187e-02
9.059886152637236512e-02 -7.700952891045810544e-02
9.060465195333756994e-02 -7.699711521215027443e-02
9.061546463478016566e-02 -7.697359574916289027e-02
8.401676120774795309e-02 -7.505943375010586116e-02
8.401675928724525177e-02 -7.505943451714146286e-02
8.401675927597851423e-02 -7.505943452164130780e-02
8.401675927015160583e-02 -7.505943452396854343e-02
8.401675926764387570e-02 -7.505943452497008950e-02
8.401675926480423051e-02 -7.505943452610423783e-02
8.401675925963345004e-02 -7.505943452816940531e-02
4.952078213946884550e-02 -8.490061381585038702e-02
4.833936779507458370e-02 -8.434971862772135121e-02
4.811066111386332056e-02 -8.424191989061313723e-02
4.755191211795636169e-02 -8.398457480122901997e-02
4.273407398402968155e-02 -8.497576943692049245e-02
3.932952466053779572e-02 -8.441913117748300888e-02
3.758837107775856584e-02 -8.242778825535296283e-02
3.724029249103089079e-02 -8.197052560273875021e-02
3.474782251598784732e-02 -8.043475647431130859e-02
2.606943734538586660e-02 -7.560411829276271478e-02
2.412111446989267591e-02 -6.737018394787272491e-02
2.339889386842274044e-02 -5.502919923732680491e-02
2.575235476840201376e-02 -4.607247924987722953e-02
2.492422803536977968e-02 -4.436652582094430947e-02
2.484407688044475496e-02 -4.418251972796185395e-02
2.479718827667686323e-02 -4.407138574073595633e-02
2.459584302880812867e-02 -4.354597324943779157e-02
2.434820775097378681e-02 -4.241249866999540624e-02
3.455988998156699077e-02 -3.164867466186573747e-02
3.442683008946258172e-02 -3.090126984478512584e-02
2.126567351481430460e-02 -3.212661102639230437e-02
2.126559615525659003e-02 -3.212662403124597749e-02
2.126556397340851473e-02 -3.212662944122984809e-02
2.126434100265190558e-02 -3.212683499552870109e-02
1.773256251535631003e-02 -3.255571385511362575e-02
9.479477369336779952e-03 -3.502739735351316497e-02
5.219180961896571422e-03 -3.167578191669799537e-02
-3.209250739860654376e-04 -1.007908415787359471e-02
-2.104959338528533327e-04 -3.306241907438328166e-03
