-2.637285569405665910e-03 -3.364690301628795333e-03
-2.871116311795065407e-03 -7.939445993378651742e-03
-8.221333102506623788e-03 -1.833479736748817521e-02
-8.006445207437741518e-03 -1.852612938647394195e-02
-9.256864026828725070e-03 -2.520499986763103870e-02
-1.466128068874533903e-02 -2.435862460683611494e-02
-1.742927627192653040e-02 -2.352809914599911581e-02
-2.059168276979593537e-02 -2.425958960397006300e-02
-2.480336956525023076e-02 -2.537868364887345407e-02
-2.672602096114179079e-02 -2.755288650456374014e-02
-2.736936952746803209e-02 -3.161019961631214570e-02
-3.037033136236837877e-02 -3.197388974563827868e-02
-3.337134539850249160e-02 -3.233760434853526905e-02
-3.614776222085525764e-02 -3.318024079764840539e-02
-3.827189579852688373e-02 -3.630431756042064306e-02
-3.790818119562989336e-02 -3.930533159655476283e-02
-3.727183101346531746e-02 -4.288786737682262484e-02
-3.773759699178634575e-02 -4.794694978140221636e-02
-3.898190639125675289e-02 -5.036645927089600239e-02
-4.098606301357542170e-02 -5.677271462437100819e-02
-4.524331704850733521e-02 -5.668213919807883056e-02
-4.789141893889421742e-02 -5.779846671581793244e-02
-5.223923453628684377e-02 -6.196510698705536696e-02
-5.509457044685117655e-02 -6.593276795216963804e-02
-5.414604679967763984e-02 -6.920205432648465771e-02
-5.378235667035149992e-02 -7.220301616138501133e-02
-5.341864206745450955e-02 -7.520403019751911722e-02
-5.491622463198669868e-02 -7.895242941673843995e-02
-5.711523649727841268e-02 -8.102664957405153467e-02
-6.710853694563974348e-02 -7.715712066829526206e-02
-6.918275710295285208e-02 -7.495810880300356194e-02
-7.183850628047713793e-02 -7.436706873884547930e-02
-7.403751814576883805e-02 -7.644128889615858791e-02
-7.829471997946699235e-02 -7.635068899629555983e-02
-8.317219688126670230e-02 -7.404705687257544244e-02
-8.964577377386045987e-02 -7.270042183643422862e-02
-8.955482695993140230e-02 -7.378448411384039285e-02
-9.285487904476483201e-02 -7.796067376642702718e-02
-9.689712358466691378e-02 -7.939676983507874819e-02
-1.028275256657175118e-01 -7.929773483221268238e-02
-1.093138143857502603e-01 -7.979316599110188035e-02
-1.098943573153302322e-01 -7.935593716660691022e-02
-1.078201371580171375e-01 -8.155494903189863809e-02
-1.075654477256994812e-01 -8.485744839977547860e-02
-1.056950942222366907e-01 -8.408490001694537974e-02
-9.594125463926567177e-02 -8.036747142848182923e-02
-9.176850494810767644e-02 -8.045592603421114486e-02
-9.044997688916782408e-02 -8.513747833984798563e-02
-8.752649334393454439e-02 -8.483099792424861341e-02
-8.397369220067980866e-02 -7.901316876905323250e-02
-8.222897036457725573e-02 -7.819518861053792458e-02
-7.675182729692829608e-02 -7.884057473486838497e-02
-7.467760713961520136e-02 -8.103958660016009896e-02
-7.253071277780351322e-02 -8.303763380255820004e-02
-7.033164871127803308e-02 -8.096338917167424098e-02
-6.367099205056361844e-02 -8.226405446165832580e-02
-6.227148287183713327e-02 -8.240080449662723350e-02
-5.927052103693679352e-02 -8.203711436730110051e-02
-5.517685695910764382e-02 -8.257994226477821664e-02
-5.310261232822369171e-02 -8.477900633130369679e-02
-5.273892219889755179e-02 -8.777996816620405041e-02
-5.282952209876057986e-02 -9.203716999990220471e-02
-5.416484776860499423e-02 -9.973650936357135455e-02
-5.256049312147442754e-02 -1.021349552428995194e-01
-5.170877586275683668e-02 -1.048862610667411488e-01
-4.962543655843696527e-02 -1.070601757973532048e-01
-4.754213559151940216e-02 -1.092340766641337890e-01
-4.364984595934082862e-02 -1.120621562820532935e-01
-3.900054508792322183e-02 -1.157037972825056965e-01
-3.866196595710821166e-02 -1.186956783078015887e-01
-3.680300514021863506e-02 -1.230612979428799408e-01
-3.547234156171404085e-02 -1.255880587541740034e-01
-3.410161273673552318e-02 -1.275326693122262878e-01
-3.373789813383852587e-02 -1.305336833483604075e-01
-3.599331809087769063e-02 -1.368490751504650160e-01
-3.646883831306751284e-02 -1.402852559795190190e-01
-3.400967335985675272e-02 -1.433053410506885950e-01
-3.364598323053061973e-02 -1.463063028855889625e-01
-3.328229310120447287e-02 -1.493072647204893022e-01
-3.066289488976094851e-02 -1.499988254534965204e-01
-2.571276825703349561e-02 -1.521014407130892310e-01
-2.425432771703495138e-02 -1.545891811575283714e-01
-2.294526577688566632e-02 -1.616538225878510482e-01
-2.114370567241099716e-02 -1.632712605077752399e-01
-1.696111847482554419e-02 -1.663179423011567903e-01
-1.464629864248733447e-02 -1.690301444955848442e-01
-3.778398493589632794e-03 -1.744091865652006856e-01
-4.479138639078863960e-04 -1.770625406609153685e-01
2.701219336325383163e-04 -1.790836368302495263e-01
2.620452772669864833e-03 -1.773766545575384546e-01
9.572438014578679363e-03 -1.781860331456511792e-01
1.188659827648399885e-02 -1.792501844286402413e-01
1.258946837578800958e-02 -1.778565486882720814e-01
1.281095873609306227e-02 -1.727659194027802436e-01
1.509388477345298234e-02 -1.703811331041199251e-01
1.391941365258968569e-02 -1.697007290761237130e-01
1.099167785649131195e-02 -1.701761276406348333e-01
6.793778829419869041e-03 -1.700785783614696123e-01
-4.211122214585801687e-04 -1.703105274035149330e-01
-8.488213576370222044e-03 -1.688137709345328974e-01
-1.056243373368333238e-02 -1.666147590692411973e-01
-1.263667836456728102e-02 -1.644156950027157171e-01
-1.148675574045456005e-02 -1.577005257567116459e-01
-7.229553906756422225e-03 -1.577911256565746601e-01
-6.992283202938379821e-03 -1.564279674439289225e-01
-6.600197971332631003e-03 -1.522797907808101092e-01
-2.641291295624513188e-03 -1.514669861528179506e-01
6.243898011649691090e-03 -1.483445861701524482e-01
1.404370584293418087e-02 -1.497162872796484467e-01
1.792815060153319165e-02 -1.468309980057199426e-01
2.055485577380211648e-02 -1.452239600939837227e-01
2.320751190396381017e-02 -1.479446667901420098e-01
2.581948155462098979e-02 -1.495994866919344857e-01
2.929938970930833289e-02 -1.490112515500607859e-01
3.272998528280001568e-02 -1.463596264356866461e-01
3.573099931893412851e-02 -1.459959118327896210e-01
3.851158512959335783e-02 -1.436490316226380903e-01
4.245537103222137704e-02 -1.407568068332388511e-01
4.620343720120612119e-02 -1.369130869492643787e-01
4.931102912487615036e-02 -1.323263867943556826e-01
5.151009319140163051e-02 -1.302521421634717513e-01
5.446174244510631340e-02 -1.278250620616451783e-01
5.649927858610408887e-02 -1.247832921472793732e-01
5.224202455117216842e-02 -1.246927167209871817e-01
4.822585256912381019e-02 -1.317918968734914931e-01
4.468304165130009692e-02 -1.355393866768842270e-01
4.166295658013047937e-02 -1.379985516300950010e-01
3.659026679611678684e-02 -1.414200418626936073e-01
2.829127513042985209e-02 -1.417429238548365278e-01
2.563618552333844780e-02 -1.427999347021174648e-01
2.186544183277229492e-02 -1.428568562330482239e-01
1.839614513654656142e-02 -1.430227890707268523e-01
1.374601811186103306e-02 -1.427617020356926336e-01
1.147859496039299945e-02 -1.371688031445131573e-01
1.550841585565208847e-02 -1.338815078699928107e-01
1.825972167949372824e-02 -1.330297906112752337e-01
1.608945183054766997e-02 -1.332961363816734801e-01
1.404319246146861974e-02 -1.340051158431803113e-01
8.093885870499821847e-03 -1.386721824148813287e-01
7.969080298689753400e-03 -1.429454527748884596e-01
-6.946000742696635880e-03 -1.452225779112737702e-01
-7.196649374422800331e-03 -1.377451974219366659e-01
-5.812358095166518003e-03 -1.344672400207741203e-01
-5.721782668874344710e-03 -1.302099859858422137e-01
-7.170649353952828278e-03 -1.266745342300776844e-01
-1.053533965558162665e-02 -1.240372486606720059e-01
-1.148617512200615642e-02 -1.181817632046437971e-01
-1.345776765373874612e-02 -1.159346362990612417e-01
-1.471190069580514265e-02 -1.153958802635004777e-01
-1.691091256109685317e-02 -1.174701004208135724e-01
-1.738337807332639498e-02 -1.187766007540359409e-01
-2.163069747544075702e-02 -1.229795397901203569e-01
-2.110215044937984591e-02 -1.288243754502846339e-01
-2.654291807737721096e-02 -1.280785208583388457e-01
-2.869736259993619851e-02 -1.257083933487679051e-01
-3.284580291456239837e-02 -1.213103696181844771e-01
-3.573802770396165840e-02 -1.173665837155564579e-01
-4.001480742412459601e-02 -1.126948167151132912e-01
-3.991066954355464852e-02 -1.032149947209665547e-01
-3.457890261256576364e-02 -1.042623868458888575e-01
-3.250468245525266198e-02 -1.064613987111805576e-01
-2.956562342902602225e-02 -1.072117242803425352e-01
-2.463912207110887861e-02 -1.075727556763516474e-01
-1.953313603097470846e-02 -1.061804252707355817e-01
-1.733412416568299447e-02 -1.041062051134224731e-01
-1.307687013075107922e-02 -1.041967805397146368e-01
-1.019411140242462710e-02 -1.028243994659180094e-01
-5.421324100062730605e-03 -9.889666828348525618e-02
-3.104896886344997182e-03 -9.351245079878178768e-02
-2.009320322404652224e-03 -8.961867544290237630e-02
1.098323802499150690e-03 -8.503195081442281589e-02
3.656138507107616932e-03 -7.678035582960605898e-02
4.907657741013322049e-03 -7.072696042064452460e-02
5.900703805763246254e-03 -6.821658737978032738e-02
5.537013676437109802e-03 -6.521562554487997376e-02
1.100361479978715848e-02 -5.222016572071347396e-02
1.559124884409329552e-02 -5.328258149232575902e-02
1.620934028065884602e-02 -5.558005199489152864e-02
1.829264124757640567e-02 -5.775395286167211290e-02
2.203831227703374751e-02 -5.768796438496835016e-02
2.239414366894885988e-02 -5.497559566542299658e-02
1.902945336732005804e-02 -5.233831009601733197e-02
1.392706000761811426e-02 -5.191367144128264388e-02
7.340973115577822256e-03 -3.862235640837431705e-02
7.320402550727805532e-03 -3.475109204895904247e-02
9.630598744564015240e-03 -3.229089607996075972e-02
1.314920807970317365e-02 -2.648909711367204711e-02
1.415029007443857102e-02 -2.466354028903242762e-02
9.616713907508815315e-03 -2.447299602819452691e-02
7.442813040728229329e-03 -2.655629699511209002e-02
4.611293461380099740e-03 -2.723698914818654601e-02
5.641754375823360189e-04 -2.719396631814243598e-02
1.415988721404701353e-04 -2.317732582206707970e-02
1.273609664720207462e-03 -2.051835540946522068e-02
4.534006285836676524e-03 -1.456639008517938462e-02
4.321072686213360027e-03 -1.161990249816639495e-02
2.347334860347066992e-03 -9.457227735123974188e-03
2.437934760210091600e-03 -5.200025901425825957e-03
2.074220157313102966e-03 -2.199011865291712695e-03
