-2.881217996897581131e-04 -1.779029356499138526e-06
-7.031070107983492098e-04 -3.047396438874249632e-05
1.534373116277779839e-03 -7.882108814563146618e-03
4.992080712039510121e-03 -1.205760895257377771e-02
7.455078692072241060e-03 -1.611980680358998663e-02
9.202149039333494540e-03 -2.239268057345984372e-02
1.326581974829900250e-02 -3.235476370339233909e-02
1.498410261787146494e-02 -3.713987021421723961e-02
1.600412554766492135e-02 -4.299446959820799746e-02
1.640921354660349052e-02 -4.578844494715215291e-02
1.775835248602160993e-02 -4.792287592987829609e-02
1.879759323799900378e-02 -5.352109581019015572e-02
1.523552722299570047e-02 -5.980518907525281952e-02
1.089639769623339423e-02 -6.191838282974804208e-02
1.071786115880383680e-02 -6.221167202967735343e-02
1.027037516859985976e-02 -6.333801498172102196e-02
1.013889095470282657e-02 -6.387074879034249086e-02
1.008878299446649800e-02 -6.411654683833602208e-02
1.005186203595304778e-02 -6.431593328773689555e-02
1.002630455160319171e-02 -6.446355633283415432e-02
1.000731066449979736e-02 -6.457835939551663518e-02
9.994389347462486958e-03 -6.465886035201921789e-02
9.957742912506938396e-03 -6.489672458665486643e-02
9.895128288889745022e-03 -6.532414502114600174e-02
9.837142742831532505e-03 -6.571497098219759858e-02
9.776483889055880006e-03 -6.608498767690861031e-02
9.752884146302001622e-03 -6.621558025444200524e-02
9.722884483841880837e-03 -6.637145289193996378e-02
9.685341998999267080e-03 -6.655167126700593794e-02
9.635436757949877168e-03 -6.676826322244303058e-02
9.577288631823265355e-03 -6.699191508728931377e-02
9.519120669780965771e-03 -6.718946323540631038e-02
9.444457793612522772e-03 -6.741127717375321182e-02
9.386953527813346812e-03 -6.756185972665514072e-02
9.347063198405860390e-03 -6.765749628305135766e-02
9.311101136578559673e-03 -6.773821273829830347e-02
9.272086878678699809e-03 -6.782042884254353698e-02
9.233583157048298046e-03 -6.789659482040671934e-02
9.187374269203320981e-03 -6.798208732383226316e-02
9.129519315359340206e-03 -6.808096012736294944e-02
9.064020723913213118e-03 -6.818320230943894500e-02
9.015288614133013315e-03 -6.825334494941097396e-02
8.937690020457758622e-03 -6.835583166916438247e-02
7.062641408838507898e-03 -6.931842311270600132e-02
7.062640498372400009e-03 -6.931842324812555189e-02
7.062639694098528549e-03 -6.931842336775032032e-02
7.062638560280832568e-03 -6.931842353638997811e-02
7.062636264295511432e-03 -6.931842387788506032e-02
7.062078079065854837e-03 -6.931850686543210294e-02
7.062076534197942422e-03 -6.931850709501806429e-02
7.062074220429096633e-03 -6.931850743887099653e-02
-2.745870014633600836e-03 -7.800647066317213663e-02
2.706972134024097573e-03 -8.378318196551512442e-02
5.453516487353544072e-03 -8.509014489983553198e-02
5.447316693086787405e-03 -8.833650645470525475e-02
-3.480102786906507078e-03 -9.614685781841735002e-02
-3.566798037249345465e-03 -9.637433725791945405e-02
-4.323543857895278258e-03 -9.744413361106224469e-02
4.625269870672351485e-03 -9.772655711916140853e-02
1.941820062512053524e-02 -1.041518595898613536e-01
1.946746768056186253e-02 -1.043604784010397635e-01
1.948964967840297741e-02 -1.044425743985565869e-01
4.727603420298380661e-03 -1.293674586466932175e-01
4.793183193653206657e-03 -1.294771195001164499e-01
4.850112507111505739e-03 -1.295780867318531426e-01
4.906393114215922523e-03 -1.296829693745027989e-01
4.976290956838912323e-03 -1.298197098721456388e-01
5.072726322188306040e-03 -1.300182286269267184e-01
5.131151938096411777e-03 -1.301424626266564910e-01
5.193747545569937611e-03 -1.302771267094519902e-01
5.355903992191871597e-03 -1.306191661876908994e-01
5.509275254603270867e-03 -1.309053295736824218e-01
5.614757057046522622e-03 -1.310654329414897845e-01
5.763317761895398773e-03 -1.312286227162169916e-01
5.926005139654681730e-03 -1.313219354859017918e-01
6.124009941152948680e-03 -1.313284684351664344e-01
7.590235752108641723e-03 -1.299551723328402353e-01
1.865850228642012068e-02 -1.177469803405438581e-01
3.064215251780693511e-02 -1.149147779626767951e-01
3.157795436874248629e-02 -1.150543633197292637e-01
3.462525159412181697e-02 -1.158521343621056465e-01
3.839684960997363089e-02 -1.186134910004678356e-01
3.521442352860959524e-02 -1.323595646158624572e-01
3.565233144410954319e-02 -1.323485172458335191e-01
3.593693501540668606e-02 -1.323820264986571571e-01
3.626689938236305616e-02 -1.325033377128579382e-01
3.631582662682146523e-02 -1.378781213682192253e-01
3.742150926028536828e-02 -1.385293120960911228e-01
3.878703727522073846e-02 -1.391085846555878414e-01
3.961376738009517173e-02 -1.394443802556084855e-01
4.042552343190621011e-02 -1.398116961702682293e-01
4.126819185777567262e-02 -1.403166807877777589e-01
5.018898585480575936e-02 -1.352381480103658773e-01
5.181950576730715019e-02 -1.415451263799935300e-01
5.204808010025454429e-02 -1.453744815157805015e-01
5.222427144836380014e-02 -1.479358414104621489e-01
5.483737365169216033e-02 -1.460475279084627875e-01
5.483737369605794915e-02 -1.460475276328620231e-01
5.483737371461636090e-02 -1.460475275175769638e-01
5.483737374931384884e-02 -1.460475273020359066e-01
6.246817595846485688e-02 -1.310624282783234840e-01
6.246919727213283424e-02 -1.310626486027471338e-01
6.247012564553421771e-02 -1.310628493438753261e-01
6.247161298054768053e-02 -1.310631718723186401e-01
6.386232209394353265e-02 -1.152340484182886454e-01
6.386232164678316836e-02 -1.152340459164950398e-01
6.386232137965269784e-02 -1.152340444219218801e-01
6.386232112263594274e-02 -1.152340429839205510e-01
6.386232084923405827e-02 -1.152340414542302183e-01
6.386232055252699658e-02 -1.152340397941298417e-01
6.386232020557042199e-02 -1.152340378528566855e-01
6.386231964249095006e-02 -1.152340347022923345e-01
6.386229196553379339e-02 -1.152338797641406648e-01
6.397970949438978872e-02 -1.146456579553183364e-01
8.239408427772455801e-02 -1.153742474040401061e-01
8.204376406406585498e-02 -1.147421168167614275e-01
8.200529382648419352e-02 -1.146790644490862099e-01
8.197041760824720635e-02 -1.146236461334886741e-01
8.190114225655488467e-02 -1.145190330671856382e-01
8.185082484230300770e-02 -1.144480514993345827e-01
8.179844538359958006e-02 -1.143790143401689635e-01
8.171492309279182464e-02 -1.142798518078443348e-01
8.162297154143263733e-02 -1.141870188986157664e-01
8.139264244279577343e-02 -1.140317317184255941e-01
7.865617542634772974e-02 -1.153994948109052371e-01
7.797107859975858923e-02 -1.153459145170420419e-01
7.739700053256838574e-02 -1.149260001299695355e-01
7.666151718501919288e-02 -1.139170707403446836e-01
7.571849026036853170e-02 -1.122803703303079104e-01
7.433958606654018919e-02 -1.103369865069452338e-01
7.142331415362426772e-02 -1.109705171004544827e-01
6.854139104230028146e-02 -1.102914315055745220e-01
6.809263383043760720e-02 -1.097642850442831219e-01
6.753622221132123127e-02 -1.093316275849046532e-01
6.138957718280823456e-02 -1.090093889901327801e-01
6.246422346094552408e-02 -1.058850402286700410e-01
6.332860871699526328e-02 -1.043134076920748249e-01
6.435747353897487699e-02 -1.025260894523317701e-01
1.071742955192839519e-01 -8.135111520876028846e-02
1.071295237695702035e-01 -8.127413654249164565e-02
1.071275695633630565e-01 -8.127077642964739002e-02
1.138383649343411574e-01 -7.735164145331678565e-02
1.138753958881523060e-01 -7.732480754524229116e-02
1.151508983470506814e-01 -7.634134115943623511e-02
1.155656985984625934e-01 -7.600570713550933166e-02
1.163464338332467762e-01 -7.537264905217185007e-02
1.222509780308060623e-01 -7.116016962831012149e-02
1.249210166356261725e-01 -6.777893040960404625e-02
1.319140866280696933e-01 -6.227306403333073004e-02
1.318997156438909690e-01 -6.132739501790120118e-02
1.312955690951447263e-01 -6.104536174269443310e-02
1.305562884808413038e-01 -6.091912080638405003e-02
1.295047731875349495e-01 -6.087542794705137761e-02
1.112629978780133172e-01 -7.233664492373563515e-02
1.103996596653480794e-01 -7.143326137530135733e-02
1.100718140041221371e-01 -7.118830465524285389e-02
1.042292551577885112e-01 -7.368197815431294651e-02
9.681128174076528148e-02 -7.662962450919399982e-02
8.942588579280180694e-02 -7.933987576170054012e-02
8.535488142070669915e-02 -8.010995042754884277e-02
7.474519998817229227e-02 -8.402937099894590423e-02
7.259759039004640147e-02 -8.302204669972733375e-02
7.084501219455835441e-02 -8.182975891735752572e-02
6.848089239122845395e-02 -7.974724386049387992e-02
7.006668534699679596e-02 -7.352736469525522622e-02
7.093399851987851334e-02 -6.995421102157772797e-02
7.217250546462880556e-02 -6.597488107654601863e-02
7.181066553959296328e-02 -6.563655022568697095e-02
7.135688084186968261e-02 -6.513013481883805911e-02
7.109473399107073266e-02 -6.476445106717357292e-02
7.096059365914575423e-02 -6.454368164095404536e-02
7.087391458484597340e-02 -6.438386080544021561e-02
7.081747351827973047e-02 -6.427059802857154613e-02
7.072637743100644581e-02 -6.406996244350791903e-02
5.857663458255701894e-02 -7.047149099575615583e-02
5.439508588746370943e-02 -7.128522272278305094e-02
5.389580455921946095e-02 -7.089820375316545353e-02
5.027677802432178877e-02 -6.860079348813799549e-02
4.927759716086736047e-02 -6.827573855085318499e-02
4.659213070749201185e-02 -5.986032379241569557e-02
4.652705512742754540e-02 -5.809354071565774047e-02
4.523393766077132838e-02 -5.674806969153083080e-02
4.404831763229884178e-02 -5.623021502128058846e-02
4.205511746233747683e-02 -5.536896685685212954e-02
4.062700550810897926e-02 -5.472744574918514404e-02
3.711986238928231818e-02 -5.275907865201966834e-02
3.672585116570582092e-02 -5.255937145303955088e-02
3.420263012645065326e-02 -5.221044885779870665e-02
2.802645203695223325e-02 -5.086209384066714412e-02
2.475712559632233314e-02 -4.797408557531117335e-02
2.203254259170535009e-02 -4.387582829017522279e-02
1.756526298241543882e-02 -3.507000488954525180e-02
1.541419641251579736e-02 -2.841557267896584540e-02
1.361653172300168919e-02 -2.505800147653206369e-02
1.067984939425800986e-02 -1.896105777532327077e-02
7.271176847884315564e-03 -1.296781167690850417e-02
4.637389153970708153e-03 -5.249866764907134761e-03
4.434327223430034083e-03 -4.399703402156676484e-03
3.452996638696561194e-03 -1.763092438243703220e-03
