-6.260974342476796368e-05 -1.650893316199815528e-03
9.488159371548621646e-04 -5.525836386187813615e-03
2.725470435133130285e-03 -1.324632873451622381e-02
3.074004450953337578e-03 -1.861268396507824788e-02
3.033667429820638591e-03 -2.210202615466943035e-02
3.825195087289725779e-03 -2.870612038005094027e-02
3.868579014690234734e-03 -3.561429001419636614e-02
3.343493513619820619e-03 -4.034285806621788761e-02
2.632319052596727472e-03 -4.602450564290690854e-02
1.239878498065366107e-03 -5.600125992169827788e-02
-2.000748624124149173e-03 -6.668251619919317308e-02
-5.793235467909914685e-03 -7.728876268451585763e-02
-7.813174418125280046e-03 -8.032139197418058929e-02
-8.346703541966440931e-03 -8.097234408673203987e-02
-1.177800129232617170e-02 -8.555425826058303540e-02
-1.428566858976697621e-02 -9.034832467312681192e-02
-1.624769357005742890e-02 -9.354971052747250437e-02
-1.955209596664536642e-02 -9.810804819228269302e-02
-2.647244137622609128e-02 -1.048348632952028903e-01
-3.073907816276181051e-02 -1.099516826252598806e-01
-3.365648504486760950e-02 -1.127620549626744545e-01
-3.698124180418606299e-02 -1.165745902455896793e-01
-4.199202651758313087e-02 -1.197584101347185931e-01
-4.302064557188096244e-02 -1.213754479936527825e-01
-4.658000006129063564e-02 -1.239212259146154349e-01
-5.028555437208625384e-02 -1.279018955870286633e-01
-5.451605886880233481e-02 -1.296878054142055481e-01
-5.488298678223197530e-02 -1.302002521169791371e-01
-5.652819912100976590e-02 -1.323307249769896665e-01
-5.907882653124419542e-02 -1.348285532130121533e-01
-5.966306569091199552e-02 -1.353257568162520852e-01
-6.150692986186265948e-02 -1.368051013611474021e-01
-7.240558105402988831e-02 -1.442062742528183450e-01
-7.670700810392248881e-02 -1.503071350120161187e-01
-7.751831836453279556e-02 -1.503561856379866113e-01
-7.895945129901557613e-02 -1.571256963878395474e-01
-8.136375199563977700e-02 -1.583286291927959166e-01
-8.292780559051501910e-02 -1.593150744895156790e-01
-8.426648779453925486e-02 -1.602876360840857217e-01
-8.509257514411291967e-02 -1.609621012941863938e-01
-8.588011072171719551e-02 -1.615978872641844200e-01
-8.913604982149923861e-02 -1.628030847644247325e-01
-9.069874947468614668e-02 -1.634407732280270531e-01
-9.102246246314031619e-02 -1.635777822686888816e-01
-9.339698972125913545e-02 -1.644644091135807618e-01
-9.731810730469672710e-02 -1.657027456812499022e-01
-9.765002202190574410e-02 -1.660951121358518745e-01
-9.785921904249730852e-02 -1.663972464868991030e-01
-9.796655676091289844e-02 -1.665677266466494555e-01
-9.801039320568075142e-02 -1.666400814762469540e-01
-9.803858181759450563e-02 -1.666873835134832227e-01
-9.806358987264529592e-02 -1.667298305774288780e-01
-9.809154159189951983e-02 -1.667777845943602955e-01
-9.815238624273428525e-02 -1.668838879799554031e-01
-2.930850979364212766e-02 -1.646204961738891304e-01
-2.930850880936457237e-02 -1.646204967127762320e-01
-2.930850778482583033e-02 -1.646204972737061456e-01
-2.930850665562961116e-02 -1.646204978919355577e-01
-2.930850471652088687e-02 -1.646204989535881569e-01
-2.930850173953904181e-02 -1.646205005834713853e-01
-2.930849919619542276e-02 -1.646205019759398869e-01
-2.930849720599283670e-02 -1.646205030655664425e-01
-2.930847455826448428e-02 -1.646205154650965952e-01
-2.930846993274100268e-02 -1.646205179975513411e-01
-2.930846770407956672e-02 -1.646205192177343235e-01
-2.930846432009317354e-02 -1.646205210704531074e-01
-2.930846056121723039e-02 -1.646205231284227355e-01
-2.930845894515878361e-02 -1.646205240132083691e-01
-2.930845762478769337e-02 -1.646205247361063884e-01
-2.930845623841180081e-02 -1.646205254951418062e-01
-2.930845522483634114e-02 -1.646205260500704648e-01
-2.930845449768540098e-02 -1.646205264481828412e-01
-2.649921686358769346e-02 -1.648153483997715496e-01
-1.965574716289648222e-02 -1.647281302447996532e-01
-1.652160846706619834e-02 -1.659137685383183791e-01
-1.523663223483991483e-02 -1.665006649287356089e-01
-1.404554386012985857e-02 -1.671058730293218941e-01
-1.257351650099643343e-02 -1.679684885389842175e-01
-1.143049776965081137e-02 -1.688270555173464194e-01
-1.079689338502227980e-02 -1.696035395066101403e-01
-1.040250443846273652e-02 -1.702422547051647139e-01
-9.877846194541611141e-03 -1.708161747555557719e-01
-8.900491778458845954e-03 -1.715183949896281201e-01
-6.917639677169291727e-03 -1.727424195762298775e-01
-2.881184670926789562e-03 -1.770277971126704986e-01
-1.270344239902334617e-03 -1.779994758730421567e-01
-5.299224529037415820e-04 -1.793695513400571095e-01
-7.564090130558508759e-04 -1.826615043119669546e-01
-1.373847056547435660e-03 -1.845502413659344532e-01
-1.373858749321066287e-03 -1.845502684831004936e-01
-1.373859556961039199e-03 -1.845502703561161251e-01
-1.373860923485426986e-03 -1.845502735252488313e-01
-1.380658524741715243e-03 -1.845659749096709157e-01
-1.397829359057772836e-03 -1.846050573493380753e-01
-1.454571584019940904e-03 -1.847274482847953425e-01
-1.454572614921188084e-03 -1.847274503989245475e-01
-1.454573423479214606e-03 -1.847274520570783840e-01
-1.454574674650471050e-03 -1.847274546229176195e-01
-1.521700841783995336e-03 -1.848525227342028565e-01
-1.521700850014058234e-03 -1.848525227474143162e-01
-1.521700859882271252e-03 -1.848525227632553947e-01
-1.521700875396657035e-03 -1.848525227881601118e-01
-1.521700928615196853e-03 -1.848525228735899417e-01
-1.521701043333336355e-03 -1.848525230577428013e-01
-1.584441000025882092e-03 -1.848593975144766643e-01
-1.493260134556745247e-03 -1.845113587905760077e-01
-1.463363187734570371e-03 -1.844275936680058736e-01
-1.462930168841638677e-03 -1.844264198679310129e-01
-1.462919657456553633e-03 -1.844263913869988725e-01
-1.462916820637633671e-03 -1.844263837006505091e-01
-1.422928667154829815e-03 -1.843219414749761309e-01
-1.325780077679167713e-03 -1.840929960630438567e-01
-1.105726347354833283e-03 -1.836587474424695443e-01
-1.017802021373799808e-03 -1.835093463391487267e-01
-9.081783862053893286e-04 -1.833389076768095760e-01
-7.287798626928448237e-04 -1.830937789201514676e-01
-6.059303442613051937e-04 -1.829478853479602207e-01
-4.469002647852355335e-04 -1.827834222005149389e-01
-3.277877851712466617e-04 -1.826772710755862894e-01
-2.103690752376037088e-04 -1.825862551400794787e-01
3.298680953481535061e-03 -1.834184052621989913e-01
4.227557517113351288e-02 -2.244439177022624077e-01
4.626408097697264077e-02 -2.253362739067608922e-01
5.133547516660186966e-02 -2.250208402652045525e-01
5.669726975487422022e-02 -2.263069909155701609e-01
6.487764158122559521e-02 -2.322317274864141301e-01
6.274644791015208944e-02 -2.052932121398186038e-01
6.295282675988271570e-02 -2.045909245070344218e-01
6.303182940464666095e-02 -2.043269624621560088e-01
5.937614767129468368e-02 -1.739931881802524449e-01
7.078382343652292463e-02 -1.785944295296337248e-01
9.369152294720731189e-02 -1.907698871884765668e-01
9.374185827866697573e-02 -1.906776172059116148e-01
9.381530455880501829e-02 -1.905392976730568844e-01
9.385571105027243344e-02 -1.904614132645405244e-01
9.388627276914296438e-02 -1.904017056167063571e-01
8.659053130715452240e-02 -1.848980241286667381e-01
7.251517188853846829e-02 -1.772213803300670965e-01
6.925643165514994148e-02 -1.749432271522134985e-01
6.796430557471941358e-02 -1.737019788738002612e-01
6.794348913616320151e-02 -1.736840798383362250e-01
6.793550591915237247e-02 -1.736772911876839076e-01
5.847140585487819314e-02 -1.679890101979638339e-01
5.847140243865539544e-02 -1.679890074335510242e-01
5.847140097041191725e-02 -1.679890062454453270e-01
5.847139992618398396e-02 -1.679890054004535282e-01
5.847139837845143073e-02 -1.679890041480242013e-01
5.039344798819918314e-02 -1.545997083809597106e-01
5.001435699396673817e-02 -1.510199691123000065e-01
5.559887928520102635e-02 -1.482942038984285671e-01
5.661073772224295420e-02 -1.457416210265960743e-01
5.561072804672475417e-02 -1.416869228183041118e-01
5.345268458567548064e-02 -1.383328638453325543e-01
5.043926535396182909e-02 -1.357090779771505662e-01
4.973983814437668571e-02 -1.346477025452094967e-01
4.848616482165703928e-02 -1.333014468291910393e-01
4.739082144921233364e-02 -1.323702569185368494e-01
4.331325948356395256e-02 -1.293739671224256316e-01
3.464565898968935409e-02 -1.259827518284593884e-01
3.297433390229112526e-02 -1.243998601369899898e-01
3.325004552990281498e-02 -1.234645079198203044e-01
3.524464000476263542e-02 -1.216920087307526432e-01
3.735994179668572501e-02 -1.197490876349830841e-01
3.472314051027847182e-02 -1.112360913074205010e-01
3.489265725059799428e-02 -1.062018385695804451e-01
3.500832859862033214e-02 -1.051231754527034712e-01
3.514528985084077600e-02 -1.040430784812483023e-01
3.529794507124291159e-02 -1.028955151741675900e-01
3.541397059716359236e-02 -1.019043422022310325e-01
3.546700134737165028e-02 -1.006432327283122985e-01
3.250757891463470356e-02 -9.598299844906116318e-02
2.777419720201242809e-02 -9.362459503516594450e-02
2.989702789127359969e-02 -9.010559801418860371e-02
2.953487575852239630e-02 -8.982502281200990812e-02
2.931379795548709477e-02 -8.963862917174714173e-02
2.837312824885654741e-02 -8.812820570517118646e-02
2.703845982293772571e-02 -8.607656528158605380e-02
3.201488929191901450e-02 -7.792277630779800845e-02
2.861562122839905048e-02 -7.756240202482798940e-02
2.046407310638330077e-02 -7.340483112906842633e-02
1.839715088597426718e-02 -6.805722696120994342e-02
1.623647528189815434e-02 -6.050077249600508550e-02
1.454707221429245821e-02 -5.499246290506164953e-02
1.285791644196199873e-02 -4.805066579965146245e-02
1.278703066194970123e-02 -4.759171886475076912e-02
1.273754040387378716e-02 -4.724147037894065038e-02
1.234402507393443649e-02 -4.450361782797460086e-02
1.133667910528694811e-02 -3.933870225077366889e-02
1.031772717132528258e-02 -3.101556667675716555e-02
9.435062674728733959e-03 -2.435143244135266893e-02
8.583284963808867837e-03 -1.962701100836550250e-02
7.603571265106784556e-03 -1.450731455865752681e-02
6.938979770057107990e-03 -9.688360323740112870e-03
5.983083978155937475e-03 -7.277386599488832979e-03
5.147742880823359853e-03 -5.851980915051171669e-03
4.607469309770999104e-03 -5.029951825637652384e-03
3.931729387748239893e-03 -4.073429980959122898e-03
3.137516030329509219e-03 -3.032512114966723436e-03
2.394810117745833303e-03 -2.147073636170017917e-03
