-3.346274274548325365e-04 -1.928030676439803108e-03
-7.181360821810828720e-04 -3.846731944177780166e-03
-1.178091052240260979e-03 -5.574687504555740983e-03
-1.906563122472907041e-03 -7.411035863049328896e-03
-3.186112024077448427e-03 -9.388636851810346767e-03
-4.382331657558973144e-03 -1.064504826392750556e-02
-5.345367612601344826e-03 -1.148242450274252965e-02
-8.107990908355506079e-03 -1.347957135713237324e-02
-1.928225176541001340e-02 -1.588823920328341285e-02
-1.666497710216133243e-02 -1.952041365938416220e-02
-1.626385074264433822e-02 -2.394898818655113309e-02
-1.747489174732735212e-02 -2.575056400582510438e-02
-2.430005848225592555e-02 -2.424692319152404671e-02
-3.508672644088955961e-02 -1.953951377651671692e-02
-3.842763676974032122e-02 -1.886346806494576533e-02
-4.007995076455865557e-02 -1.890540310930442086e-02
-4.023682705879395860e-02 -1.891600661988132592e-02
-4.029818726352010771e-02 -1.892042595104575370e-02
-4.056930654375935641e-02 -1.894173009455970419e-02
-4.089710991941723772e-02 -1.897122028434102686e-02
-2.093678868001432047e-02 -3.351278214052254290e-02
-2.088597560313648280e-02 -3.359233656830058062e-02
-2.073450960697809792e-02 -3.382858481976638160e-02
-1.658851276255204205e-02 -3.792461224208719395e-02
-1.655786630516930744e-02 -3.980983098294342548e-02
-1.658243777384014669e-02 -4.076977288950767164e-02
-1.658888459974584492e-02 -4.135207918918949732e-02
-1.282493675569692203e-02 -4.834549247291205359e-02
-1.268670010811452642e-02 -5.113778211809928698e-02
-1.316147018371926179e-02 -5.384980300825421839e-02
-1.346774608596295816e-02 -5.484850436948366520e-02
-1.406366527658210568e-02 -5.647555222598018426e-02
-1.801794556898104332e-02 -6.223097508492043267e-02
-2.172804954583155632e-02 -6.518755593207226084e-02
-2.271495701181029322e-02 -6.515685756842548582e-02
-2.430151785853231633e-02 -6.625189828120416069e-02
-2.747961697859278851e-02 -6.884664428179158857e-02
-3.250234080461032737e-02 -6.919925652606236099e-02
-4.868066637543660286e-02 -6.203527422422960846e-02
-4.869087445675938236e-02 -6.207499114576663091e-02
-4.869177453822318841e-02 -6.207862142090173757e-02
-4.869226216608025376e-02 -6.208059720336654014e-02
-4.869303317006742210e-02 -6.208373424896090204e-02
-4.869404656198992459e-02 -6.208788207740371240e-02
-4.869517795496196982e-02 -6.209254619024447142e-02
-4.869664197572692171e-02 -6.209863437719145840e-02
-4.870497462370135255e-02 -6.213446700103929243e-02
-4.871126032676972861e-02 -6.216290639038586641e-02
-4.871284579811393373e-02 -6.217028258387325562e-02
-4.871341600078669259e-02 -6.217295595667286096e-02
-4.871407789371497155e-02 -6.217607300692639533e-02
-4.871475002680683564e-02 -6.217925354627323875e-02
-4.871531366557653453e-02 -6.218193262692764400e-02
-4.871580657773759426e-02 -6.218428451020489162e-02
-4.871624614548473314e-02 -6.218638896991649651e-02
-4.871665174900535744e-02 -6.218833679279662380e-02
-4.871687211842171128e-02 -6.218939747996318768e-02
-4.871688436443586540e-02 -6.218945647265650134e-02
-4.871693874065154140e-02 -6.218971848257988377e-02
-4.871706599432651386e-02 -6.219033205554209964e-02
-4.871708197703459448e-02 -6.219040915879409798e-02
-4.871708595332301106e-02 -6.219042834246720636e-02
-4.871712776790067950e-02 -6.219063011127042712e-02
-4.871715575875786713e-02 -6.219076521050798806e-02
-4.871715775385720981e-02 -6.219077484100390962e-02
-4.871716679688936624e-02 -6.219081849416106811e-02
-4.871718938991694697e-02 -6.219092756937070338e-02
-4.871719333338064145e-02 -6.219094660956805271e-02
-4.871719536550925961e-02 -6.219095642149356784e-02
-4.871719999703714304e-02 -6.219097878489582287e-02
-4.871720438068457421e-02 -6.219099995209857734e-02
-4.871720754032692058e-02 -6.219101520939944450e-02
-4.871720937801828077e-02 -6.219102408341661836e-02
-4.871721171793796240e-02 -6.219103538281314097e-02
-4.871721509283698931e-02 -6.219105168043073673e-02
-4.871723661143357448e-02 -6.219115560462464692e-02
-4.871723875096799911e-02 -6.219116593840978702e-02
-4.871724167255519350e-02 -6.219118004970920766e-02
-4.871726417283237659e-02 -6.219128873636937255e-02
-4.871731675305438630e-02 -6.219154279244593769e-02
-4.871741223129105736e-02 -6.219200437126233549e-02
-4.871747026134518738e-02 -6.219228506803935186e-02
-4.871749260240379464e-02 -6.219239316548492991e-02
-4.871749823324504625e-02 -6.219242041314750752e-02
-4.871750170967800719e-02 -6.219243723617862152e-02
-4.871752652984814858e-02 -6.219255735745733704e-02
-4.871766909354832004e-02 -6.219324773911040494e-02
-4.871806313028322066e-02 -6.219515964876702607e-02
-4.871829818164093162e-02 -6.219630276626100102e-02
-4.871834201156854255e-02 -6.219651614017517732e-02
-4.871834565965976749e-02 -6.219653390298292978e-02
-4.871834934441657966e-02 -6.219655184479883775e-02
-4.871835099972295080e-02 -6.219655990497296311e-02
-4.871843097726744759e-02 -6.219694945541195952e-02
-5.227222558544027120e-02 -7.059063531244616496e-02
-5.148640078500411194e-02 -7.149030711553433504e-02
-5.123720496557357396e-02 -7.187183246320186236e-02
-5.113543556227968800e-02 -7.206216271410638419e-02
-5.203765793312120636e-02 -7.583753210926502675e-02
-5.074137335942453808e-02 -7.454664625536637501e-02
-5.030161504339807077e-02 -7.416580944403185216e-02
-4.958969233185096803e-02 -7.361106400183344001e-02
-4.851872811378296624e-02 -7.295625897461391340e-02
-3.183243098409663241e-02 -9.002299306709266036e-02
-3.000438557730104525e-02 -9.438143902493160986e-02
-1.412902173314397637e-02 -9.762951626679100547e-02
-3.766753987657469119e-03 -3.024336213648097516e-02
-3.766369867523719842e-03 -3.024253089273688799e-02
-3.766339890471895931e-03 -3.024246602274021506e-02
-3.766324299635115912e-03 -3.024243228440244916e-02
-3.747502207766749329e-03 -3.020172878145242074e-02
-3.683232564408029253e-03 -3.006315850198789871e-02
-3.540611021265646727e-03 -2.975803078858140285e-02
-3.507674979820137474e-03 -2.968804916281444009e-02
-3.457017182440490829e-03 -2.958077817283903330e-02
-3.308518847786517947e-03 -2.926896413833375218e-02
-3.175937523705870541e-03 -2.899406490282623039e-02
-3.148072655051174350e-03 -2.893672703903072199e-02
-3.018066057923711205e-03 -2.867117561978735699e-02
-2.697420876853067438e-03 -2.802393478742122926e-02
-2.563837810475256152e-03 -2.775424567398060080e-02
-2.496740753314013930e-03 -2.761813318662145744e-02
-2.359915210094446370e-03 -2.733835831741818559e-02
-1.812664192671543072e-03 -2.616297190597871927e-02
-1.713968211186875238e-03 -2.593635288898260213e-02
-1.626200252352405203e-03 -2.572974790178894633e-02
-1.061233486551903769e-03 -2.424875812697331254e-02
-9.017103294534827354e-04 -2.376852765941993989e-02
-7.949959563047425889e-04 -2.342750713144390456e-02
-7.157100643706886195e-04 -2.316266817282983809e-02
-6.563522027315813259e-04 -2.295745755103144672e-02
-5.994635286506213830e-04 -2.275483285075037554e-02
-5.034138071804252282e-04 -2.239851411953312083e-02
-1.479955772046193823e-04 -2.090413676011640756e-02
6.325999613182231780e-05 -1.986930864500618954e-02
1.497547378536740370e-04 -1.940844929541734112e-02
1.839788894608218692e-04 -1.921932922569391175e-02
2.220922453306329117e-04 -1.900384111071381707e-02
2.923983965664109772e-04 -1.859171915428418226e-02
3.903237729523180736e-04 -1.798137480702258900e-02
4.266228362489114085e-04 -1.774250332313459175e-02
4.509193082233129584e-04 -1.757819717536236725e-02
4.749090655630991962e-04 -1.741215437081845147e-02
5.024453785420227242e-04 -1.721645281147999793e-02
5.216179141996709788e-04 -1.707665521366947062e-02
5.397746933940425137e-04 -1.694132885829797985e-02
5.489569086913959669e-04 -1.687172485348091555e-02
6.053017210924507624e-04 -1.642475010571781829e-02
6.708363019209260441e-04 -1.584790167740873085e-02
6.907286976330740758e-04 -1.565542638513933715e-02
7.032131024704922195e-04 -1.552898855096968185e-02
7.227923374661220915e-04 -1.531982853412833419e-02
7.414431830943366171e-04 -1.510468647892448599e-02
7.500867667692679396e-04 -1.499808041840453195e-02
7.566762020450197839e-04 -1.491310664106300019e-02
7.614413039613281836e-04 -1.484931563495892060e-02
7.647621918244097575e-04 -1.480353408330004582e-02
7.673011291286386268e-04 -1.476771950744404371e-02
7.719017230216325496e-04 -1.470081915009366358e-02
7.834499043483655889e-04 -1.451855443193491614e-02
7.922403053943556824e-04 -1.435984487726820087e-02
7.989737509441550804e-04 -1.421861278994617644e-02
8.053562694586209082e-04 -1.405499985284896017e-02
8.131183870071770001e-04 -1.368674980200917067e-02
8.101217145407319398e-04 -1.336235295233512838e-02
8.062696649913323734e-04 -1.325119364971749300e-02
8.044333824998440956e-04 -1.321082108417183029e-02
8.022648624393350237e-04 -1.316907185969696213e-02
7.995077485843959421e-04 -1.312263233128105333e-02
7.970544130641212671e-04 -1.308594860456452867e-02
7.916502359699397395e-04 -1.301602064964288777e-02
7.832519827212183110e-04 -1.292693444785246448e-02
7.757540039738769185e-04 -1.286048417068282740e-02
7.703983421525999187e-04 -1.281838488223270914e-02
7.661461639037590475e-04 -1.278749942248481528e-02
7.624650641188541458e-04 -1.276232029796397528e-02
7.588544148840393371e-04 -1.273886886265760028e-02
7.495199448572556185e-04 -1.268314279365254441e-02
-1.212471172065249410e-02 -2.800060315757258583e-02
-1.213086569860353375e-02 -2.749934542310030969e-02
-1.213196704606065747e-02 -2.733755536593632587e-02
-1.213242470450363354e-02 -2.721582620945935116e-02
-1.213253530053049443e-02 -2.713470369636763677e-02
-1.213246970637471556e-02 -2.704799980670648946e-02
-1.213220525535820687e-02 -2.696168033320204063e-02
-1.213165028885378888e-02 -2.686360318190086222e-02
-1.213042607507124580e-02 -2.672944583517861822e-02
-1.212818254133412807e-02 -2.656752251419021785e-02
-1.212567886311764764e-02 -2.643501146235620672e-02
-1.212308406462155562e-02 -2.632378125259500837e-02
-1.211691613920701932e-02 -2.611498225894452047e-02
-1.161937208498864046e-02 -2.275451770876589508e-02
9.844161049226913054e-03 -9.581319235120249259e-03
8.452822914892807807e-03 -8.107857350184086154e-03
7.477721826174519963e-03 -6.867466272512500434e-03
6.662587299326219389e-03 -5.652739659314297976e-03
5.805991270758500619e-03 -4.287332066026254378e-03
4.704865473598150195e-03 -2.813822783850565730e-03
3.570675186119697496e-03 -1.760710942270672912e-03
