-3.064145343367520938e-03 -1.504487551458500490e-03
-8.173488713509003203e-03 -3.898367883714682399e-03
-1.186736988000967885e-02 -6.957668409651551582e-03
-1.535642257669567017e-02 -7.383082957863607021e-03
-1.788272064420845173e-02 -1.000624456535035775e-02
-2.154772512816538130e-02 -1.527407476644905213e-02
-2.415519754551330792e-02 -1.662159958107374547e-02
-2.649817201372445252e-02 -1.962614406619596352e-02
-3.000524018582841415e-02 -2.528756288154439258e-02
-3.187342065415094822e-02 -2.940979292623728883e-02
-3.872917788146484214e-02 -3.865318560531474934e-02
-3.964445265356490028e-02 -4.072091094957159402e-02
-4.262304249771661085e-02 -4.240336928891109275e-02
-4.425211230435102672e-02 -4.819482474071578454e-02
-5.171905164868279003e-02 -5.616699089913638338e-02
-5.282008593240600930e-02 -6.045251944080127365e-02
-5.565197505842773423e-02 -6.244006778795960222e-02
-5.810931731854589860e-02 -6.794112506934765761e-02
-5.713875018791307603e-02 -7.126195988898369194e-02
-5.950268938296075782e-02 -7.806404930786514651e-02
-5.987030512626252687e-02 -8.387504967431827496e-02
-6.097133940998574614e-02 -8.816057821598317912e-02
-6.020688877804174916e-02 -8.971809017524472185e-02
-5.919547588996362103e-02 -9.406787740191992209e-02
-6.064414837009390880e-02 -9.880226445516560041e-02
-5.846591095843965691e-02 -1.023563033764699343e-01
-6.408616189913567129e-02 -1.075938621770699682e-01
-6.550557736855448787e-02 -1.055530433866974788e-01
-6.862449981837852320e-02 -1.040789274890816102e-01
-6.979697931882332396e-02 -1.032027756976943017e-01
-7.322535660884858799e-02 -1.062283464638411751e-01
-7.512293304038245023e-02 -1.057321016078642956e-01
-7.836579222914087650e-02 -1.069625278108986555e-01
-8.425424894580403612e-02 -1.087449982207033122e-01
-9.206547181272335678e-02 -1.112484319667761262e-01
-9.659885296924811127e-02 -1.139288127372443948e-01
-1.007926991069629241e-01 -1.138322895444549981e-01
-1.060900277291294269e-01 -1.173651495384117893e-01
-1.083215254112030596e-01 -1.196900694382185687e-01
-1.111534145372247706e-01 -1.216776177853768903e-01
-1.153917126893555106e-01 -1.252647375181018263e-01
-1.158143569196320027e-01 -1.301475047419993758e-01
-1.118711065048672709e-01 -1.289089855341626623e-01
-1.083820538081812779e-01 -1.284835709859506181e-01
-1.029368209718198313e-01 -1.247700540251559242e-01
-9.974118199980074040e-02 -1.204791280313439739e-01
-9.725692301300342679e-02 -1.189404152171453927e-01
-9.712688849215929399e-02 -1.154347396473841686e-01
-9.440841524513077232e-02 -1.142529615304599538e-01
-9.157652611910906126e-02 -1.122654131833016322e-01
-8.729319631063361951e-02 -1.122876204991895138e-01
-8.560956168507448394e-02 -1.115251009029185336e-01
-8.179198095877146524e-02 -1.094392713192102601e-01
-8.058916163938417698e-02 -1.132431784238566441e-01
-8.329024326513091714e-02 -1.169676692224283915e-01
-8.567403245498363129e-02 -1.189432463790730254e-01
-8.596101016616837509e-02 -1.219922300727849102e-01
-8.683855244428631548e-02 -1.305838401137139337e-01
-8.560396755219788767e-02 -1.331517114782800326e-01
-8.316175781891083085e-02 -1.310697932316989833e-01
-8.369133506945942991e-02 -1.253458385080728210e-01
-8.314230378390796705e-02 -1.200423517427353787e-01
-8.121299704670098540e-02 -1.160472213714870970e-01
-7.883289058944541183e-02 -1.139012607560188906e-01
-7.381227634324410980e-02 -1.119413171768954968e-01
-6.996949360981184751e-02 -1.118936108309044053e-01
-6.849678312036500127e-02 -1.161937878857608603e-01
-6.513682743562836108e-02 -1.127002977070243467e-01
-6.304148503492967848e-02 -1.146821787889070604e-01
-5.667138390262693032e-02 -1.152035700393955892e-01
-5.498694314622109419e-02 -1.213113307471524877e-01
-5.327122294636585376e-02 -1.254007727721744292e-01
-5.280157058424887057e-02 -1.288842036434076077e-01
-5.143374016395182297e-02 -1.322175085886352908e-01
-5.028320833906112231e-02 -1.385819628012520122e-01
-4.977222409024712607e-02 -1.438766290221790700e-01
-4.848874164450958646e-02 -1.465462047155584591e-01
-4.731768789782341000e-02 -1.515861475602851005e-01
-4.585817507357627804e-02 -1.559239635964465853e-01
-4.414927807962668038e-02 -1.620825919865120091e-01
-4.291469318753825951e-02 -1.646504633510781357e-01
-4.117796493663581497e-02 -1.681976769508646830e-01
-4.006876711405426422e-02 -1.711232186094958641e-01
-3.975857456145020369e-02 -1.686108104797628404e-01
-4.058247412536890308e-02 -1.639674033850924140e-01
-4.512283990150087881e-02 -1.524403041206833509e-01
-4.631782374080749970e-02 -1.497594928335809761e-01
-4.597022081142843053e-02 -1.460552948348552982e-01
-4.737155238698541326e-02 -1.436614735473445703e-01
-4.332806883698880895e-02 -1.416548541263825955e-01
-4.650957051930126179e-02 -1.409620671428954419e-01
-4.842085583951974415e-02 -1.380934930640946301e-01
-4.512493829244600130e-02 -1.379174605699729217e-01
-4.406250982438009167e-02 -1.353094458933363498e-01
-4.173427051778180047e-02 -1.283680131643365196e-01
-4.140964576810932801e-02 -1.253322041572033085e-01
-3.855431056310675009e-02 -1.218309185140576956e-01
-3.506030110370265962e-02 -1.276008194243022920e-01
-3.542349428639230552e-02 -1.371971589879003861e-01
-3.762220818001925371e-02 -1.398506251473016493e-01
-3.828957684025401098e-02 -1.430199061715614339e-01
-3.802355156749887694e-02 -1.470237988415710184e-01
-3.587635430454984287e-02 -1.505458206070230953e-01
-3.471883857024794795e-02 -1.462800966203404163e-01
-3.142988529719183827e-02 -1.351518925426825612e-01
-2.884440811083294545e-02 -1.327819992321801479e-01
-2.747853976201264023e-02 -1.362414417651438281e-01
-2.843604483671809471e-02 -1.430716450599329725e-01
-2.363062133237926743e-02 -1.354556902904029692e-01
-2.224525350873329463e-02 -1.327706850472185063e-01
-1.956414731426911816e-02 -1.360360133078107603e-01
-1.840216569514444706e-02 -1.388109450267968892e-01
-1.924061814396550024e-02 -1.448796469410606469e-01
-2.003999568492804972e-02 -1.484254096928553368e-01
-1.728730866446994557e-02 -1.466637411907695532e-01
-1.513308205228692215e-02 -1.444385784697377328e-01
-1.265586258751839714e-02 -1.470193959163524633e-01
-1.044369138835794450e-02 -1.455332633884000859e-01
-8.416839011391733655e-03 -1.421642232876950407e-01
-5.650740125222917555e-03 -1.366868947042426674e-01
-2.911044626636191072e-03 -1.312848670620214986e-01
5.357880410922746030e-05 -1.276527840913957434e-01
-2.016787741971828190e-04 -1.245827383322118814e-01
3.727708346066781176e-04 -1.192670309088217778e-01
4.622803515538377594e-03 -1.149230465566945247e-01
1.100803929028437537e-02 -1.136529759766677083e-01
1.490362879888082297e-02 -1.134546677482142218e-01
8.657217053585616884e-03 -1.122790932142837123e-01
6.423007299225476537e-03 -1.094875407378345100e-01
9.493755503784191002e-03 -1.079642222064129409e-01
6.345515681987481602e-03 -1.083822874037960321e-01
-5.621710313625414950e-03 -1.054967202965470807e-01
-7.454780708222114027e-03 -1.008376694515605992e-01
-3.559916623621578631e-03 -1.019074141190396132e-01
-2.666534206046167785e-04 -1.047532343914396175e-01
-2.015375840641812910e-03 -1.007579127983014022e-01
-5.176380695391981368e-03 -9.711292918544985053e-02
6.262526219059642201e-04 -9.069217245573746311e-02
6.638689401714162504e-03 -8.946047645380640623e-02
6.689526048218948258e-03 -8.943603513770105595e-02
2.120908671294785726e-03 -8.787636988507283031e-02
-1.910407717654604180e-03 -8.502543689509278746e-02
2.964750515080194146e-03 -8.390229563772602650e-02
1.082589338261846605e-02 -8.632050262872451030e-02
1.314955154071123164e-02 -8.578239974112730759e-02
8.958097991107267372e-03 -7.983137396477055225e-02
1.352865022966283186e-02 -7.800953916389682941e-02
1.927363598295727884e-02 -7.693774154529549325e-02
2.187721740876759011e-02 -7.747015418899601269e-02
2.308826745784171505e-02 -7.341345262821008522e-02
2.750310721196696367e-02 -7.390454144239626266e-02
2.384119564588361648e-02 -7.042213090252079366e-02
1.959651497727614086e-02 -7.197772623012839432e-02
1.521245573152231294e-02 -7.031368195904048879e-02
1.488384911066663492e-02 -6.546344099886797219e-02
2.014674764328042850e-02 -6.456081528584257934e-02
2.720694826359766963e-02 -6.329489533768715981e-02
3.677644969175528078e-02 -6.620640004885608443e-02
4.166363947626497422e-02 -7.041438347627752836e-02
4.277281432022545654e-02 -7.333991707772605229e-02
4.352722862328717995e-02 -7.106782904731666350e-02
4.055446463230448495e-02 -6.748884987482899056e-02
3.874830884877478870e-02 -6.516446629274032232e-02
3.630212953271146070e-02 -6.261566600197786270e-02
3.204300437862865614e-02 -6.143933077702343898e-02
2.782986279380437328e-02 -6.218158003465006772e-02
2.336682793140485576e-02 -6.032072593853543552e-02
1.944261120780365129e-02 -5.788782287891048456e-02
1.700186461091535498e-02 -6.068896676358877945e-02
1.466869363583215777e-02 -6.306276929560626632e-02
6.571684265386124046e-03 -6.487410833077199290e-02
2.377827954876503280e-03 -6.314993091231201061e-02
4.817125441292644580e-04 -6.174523449014072962e-02
-4.511845693947667238e-04 -5.843758241426601913e-02
4.091719576915216726e-03 -5.554915622504805195e-02
3.419159607861765437e-03 -5.294583443957152913e-02
7.199587482111415374e-03 -5.162909013331825475e-02
8.983203659751304304e-03 -4.889347473254693904e-02
1.165299355364171445e-02 -4.393197118674789514e-02
9.143542732509937418e-03 -4.506021498889990762e-02
6.536581538646923581e-03 -4.881770800765361518e-02
4.118813121465223978e-03 -5.095046290073945022e-02
2.549891855698950159e-04 -4.991273538911268626e-02
-2.674780088939308692e-04 -4.657992937896297814e-02
2.893705779339234528e-03 -4.329155240460814263e-02
5.278436709310990217e-03 -3.799757845626114405e-02
3.566867141327147942e-03 -3.323317158566795049e-02
3.097214779210167353e-03 -2.974974071443478238e-02
4.280884433555158346e-03 -2.583139739943752372e-02
4.073053215316445319e-03 -2.214385330959078510e-02
3.356731388814987102e-03 -1.870078206655119077e-02
1.021087118770138639e-03 -1.879075398217565709e-02
-3.985276297212658834e-04 -2.042798732766840097e-02
-5.852376982776907877e-03 -1.777581342836555972e-02
-5.123915205073561151e-03 -1.310596979469716254e-02
-1.323942416175463276e-03 -1.052777142511124656e-02
7.257011498316856156e-04 -1.342372589864118670e-02
4.149179922787904484e-03 -7.458187218365238021e-03
2.087066231189086372e-03 -4.959496034499516828e-03
