0.000000000000000000e+00 0.000000000000000000e+00
0.000000000000000000e+00 0.000000000000000000e+00
5.146427515751828691e-03 -6.572133901064106977e-03
5.960152931376597185e-03 -7.506040393601524051e-03
7.834683545395853752e-03 -9.435884775010982758e-03
1.139675350827089317e-02 -1.421283774301316041e-02
1.769053507891255733e-02 -2.101832812029693839e-02
2.026847989093940108e-02 -2.469452598165801371e-02
2.371247897949807851e-02 -2.850731281052786351e-02
2.593752589431624900e-02 -3.105663241585011197e-02
2.912276848316362396e-02 -3.338484756810488480e-02
3.252229097819247378e-02 -3.697656145406229972e-02
3.261137481682935269e-02 -3.731990655381467459e-02
3.261797314934572478e-02 -3.734404289266072402e-02
3.403155186919257918e-02 -3.944029564860688369e-02
3.681727525232487280e-02 -4.289272914354481936e-02
4.261445235649510138e-02 -5.150222320684534616e-02
4.458853642490415853e-02 -5.454267421864809201e-02
4.739719557171098718e-02 -5.763610458452214647e-02
4.830285028122217189e-02 -5.945218060306450836e-02
4.849346636630623431e-02 -5.989773056315182698e-02
5.001498973902849393e-02 -6.352875699970238210e-02
5.132545894705178163e-02 -6.824771067169567440e-02
5.135571479926950844e-02 -7.067003553140047134e-02
5.373830345672203634e-02 -7.876827511850056918e-02
5.249916658027654892e-02 -8.326439016285928918e-02
4.305353479945468742e-02 -8.545389745015685712e-02
4.480960684925772847e-02 -8.799854532011130992e-02
4.708064812518068104e-02 -9.373263860088336397e-02
4.788030828740087730e-02 -9.792212063987917881e-02
4.766024637189766183e-02 -1.006180140707213094e-01
4.754543543479794465e-02 -1.047808972717772930e-01
4.676478928542588537e-02 -1.094585076693029291e-01
4.679130250914936145e-02 -1.111815544939050021e-01
4.690181770540922945e-02 -1.125819268203684109e-01
4.640584805474951002e-02 -1.148343692381284809e-01
4.604670369996442802e-02 -1.168060805186324214e-01
-1.318801101046733135e-02 -1.617000216416317193e-01
-1.322043493143219665e-02 -1.617167000302338065e-01
-1.475296560443247959e-02 -1.632693169551684698e-01
-1.488392885378737700e-02 -1.634497233401583094e-01
-1.562808044185372974e-02 -1.644772474674882634e-01
-2.116863874888438510e-02 -1.681218583094626629e-01
-5.989151355692953760e-02 -1.885820623193988077e-01
-6.006710439853252953e-02 -1.887329523601065651e-01
-6.008290052077053939e-02 -1.887467803137986011e-01
-6.009146375873004875e-02 -1.887542937856743208e-01
-6.011010478459845319e-02 -1.887706912157690875e-01
-6.070430194675648788e-02 -1.893118553098696588e-01
4.071644686990046752e-02 -1.779596182111169433e-01
8.873311538497176409e-02 -1.743060175039604087e-01
8.873311562321965773e-02 -1.743060170060618808e-01
8.873311576022456515e-02 -1.743060167197444388e-01
8.873311595836298749e-02 -1.743060163056681655e-01
8.873311625497713739e-02 -1.743060156857941245e-01
8.873311670707896559e-02 -1.743060147409770666e-01
8.873311750869859738e-02 -1.743060130657271278e-01
8.873311928501374790e-02 -1.743060093535309940e-01
8.873315136100652645e-02 -1.743059423209498693e-01
8.873316264897093686e-02 -1.743059187316532421e-01
8.873316595815562702e-02 -1.743059118162392229e-01
8.873318180642045250e-02 -1.743058786973287755e-01
8.873318969014315494e-02 -1.743058622224541165e-01
8.873323563279977844e-02 -1.743057662163500221e-01
8.873324193224102485e-02 -1.743057530526804788e-01
8.873324632962525937e-02 -1.743057438636908818e-01
8.873326299218639579e-02 -1.743057090450385593e-01
8.873326950272576730e-02 -1.743056954405032832e-01
8.873328292438667497e-02 -1.743056673945614365e-01
8.873330082123843943e-02 -1.743056299976503409e-01
8.873330476370022701e-02 -1.743056217596211654e-01
8.873330857511198266e-02 -1.743056137954508422e-01
8.873331260563359357e-02 -1.743056053734601263e-01
8.873331941657497390e-02 -1.743055911416865333e-01
8.873333542410995201e-02 -1.743055576934721684e-01
8.873333925559331870e-02 -1.743055496875297872e-01
8.873334440121488642e-02 -1.743055389357089091e-01
8.873335078046785951e-02 -1.743055256062573388e-01
8.873335488993366882e-02 -1.743055170195579595e-01
8.873335758775070803e-02 -1.743055113825016655e-01
8.873336141468171623e-02 -1.743055033861933001e-01
8.873336429166418793e-02 -1.743054973748003611e-01
8.873336573349618894e-02 -1.743054943621279163e-01
8.873336944055044972e-02 -1.743054866163430694e-01
8.873337152613648693e-02 -1.743054822585788366e-01
8.873337499740105438e-02 -1.743054750054981727e-01
8.873337755264255888e-02 -1.743054696664252945e-01
8.873338065938941865e-02 -1.743054631750171612e-01
8.873338338317800222e-02 -1.743054574837945569e-01
8.873338693760540741e-02 -1.743054500570089260e-01
8.873339144201058959e-02 -1.743054406453217187e-01
8.873339621297365865e-02 -1.743054306767093387e-01
8.873340403864936332e-02 -1.743054143255474142e-01
8.873340904340784596e-02 -1.743054038685263873e-01
8.873341538820692098e-02 -1.743053906116551199e-01
8.873342167797590441e-02 -1.743053774698213043e-01
8.873343789184391650e-02 -1.743053435928518802e-01
8.873344670483804264e-02 -1.743053251792960057e-01
8.873345595396160690e-02 -1.743053058546267797e-01
8.873346568509865584e-02 -1.743052855229946518e-01
8.873349442720152025e-02 -1.743052254718276406e-01
8.873350430507723208e-02 -1.743052048341556248e-01
8.873350826038507722e-02 -1.743051965704398298e-01
8.873353930024120706e-02 -1.743051317205024653e-01
8.873355459592463523e-02 -1.743050997645451405e-01
8.873359141419792651e-02 -1.743050228446673677e-01
8.873360271257835219e-02 -1.743049992407447180e-01
8.873362223463036880e-02 -1.743049584568352461e-01
8.873364023234701914e-02 -1.743049208579300069e-01
8.873365349635654875e-02 -1.743048931484771358e-01
8.873366633255780345e-02 -1.743048663329864745e-01
8.873368509784763936e-02 -1.743048271317477194e-01
8.873393919847800959e-02 -1.743042963578640414e-01
8.873857525662295909e-02 -1.742946286261700395e-01
8.874643925869213357e-02 -1.742782993476028608e-01
8.875543787284986830e-02 -1.742597204510073494e-01
8.876288819654230833e-02 -1.742444228779487236e-01
8.784307469093487197e-02 -1.659245501086026031e-01
8.783745093966556505e-02 -1.659100229348250966e-01
8.783742788432079285e-02 -1.659099627486121942e-01
8.783740793292602045e-02 -1.659099106610658347e-01
1.297731902771816215e-01 -1.410819530576903902e-01
1.294233754380806345e-01 -1.403301814852536411e-01
1.292788891098537452e-01 -1.400125528559025556e-01
1.291626910374040205e-01 -1.397574092066337925e-01
1.290350826193201184e-01 -1.394796659694036434e-01
1.288696829734470584e-01 -1.391265752896260754e-01
1.286682866180099694e-01 -1.387115117610848991e-01
1.282171693209677721e-01 -1.378428298024163001e-01
1.280206770985683473e-01 -1.374832112001515283e-01
1.278788678135401036e-01 -1.372285901982585044e-01
1.277856970198210929e-01 -1.370631394525645974e-01
1.277044025845187614e-01 -1.369198015974809335e-01
1.276288888467920768e-01 -1.367874090378068952e-01
1.267966540876324100e-01 -1.353551717057248915e-01
1.263569827146534541e-01 -1.346007993302133499e-01
1.260866776410392853e-01 -1.341330417779572903e-01
1.260571698565616516e-01 -1.340817279608655932e-01
1.258505601086181702e-01 -1.337207569324251333e-01
1.255852443341433922e-01 -1.332520344310066107e-01
1.252097061980921022e-01 -1.325749817291257682e-01
1.250257952520958948e-01 -1.322354740133506457e-01
1.246252589746290329e-01 -1.314685717100093909e-01
1.242607077711909841e-01 -1.307254568417987595e-01
1.240509970714886862e-01 -1.302818419941519368e-01
1.239527898630586183e-01 -1.300720972487065530e-01
1.238814138534570647e-01 -1.299194148077517375e-01
1.236908984206169793e-01 -1.295128320177253434e-01
1.232956448847560976e-01 -1.286845701859180569e-01
1.229355836546475456e-01 -1.279548130969012376e-01
1.226837376762433818e-01 -1.274573890801518339e-01
1.223488013814859193e-01 -1.268099588804465216e-01
1.220345490779540104e-01 -1.262168466463328420e-01
1.215394822102437572e-01 -1.253142708370425518e-01
1.211642137596885133e-01 -1.246642886610031947e-01
1.210084028232433495e-01 -1.244068077457384652e-01
1.204755393806714037e-01 -1.236283224867476965e-01
1.199181139801425711e-01 -1.228648207736252329e-01
1.196026577125360729e-01 -1.222430490309952128e-01
1.194121775872379054e-01 -1.218048890920434002e-01
1.192243960569708272e-01 -1.213411303804076830e-01
1.190709321269004806e-01 -1.209446030069091793e-01
1.187749016283531217e-01 -1.201474207314599807e-01
1.184486199494362152e-01 -1.192372253811073840e-01
1.179353087575051168e-01 -1.177731451129429563e-01
1.175916769690853181e-01 -1.167832809046560200e-01
1.172667497852349222e-01 -1.158455030760655313e-01
1.163955699200307503e-01 -1.133464089757985210e-01
1.148221179275360770e-01 -1.090718174508403804e-01
1.135010970235245387e-01 -1.063930101701823783e-01
1.121998960436033921e-01 -1.049411494492416413e-01
1.117021971321416479e-01 -1.039452260176445125e-01
1.110278134863040139e-01 -1.026396879397912382e-01
1.101964067477372855e-01 -1.012299170830735229e-01
1.098296202894360890e-01 -1.006175937159393685e-01
1.076512013500895704e-01 -9.643733665941574273e-02
1.066333118897718757e-01 -9.417234739100316387e-02
9.962583511060799091e-02 -7.526378228965863171e-02
9.659187597793822411e-02 -7.608392449544482128e-02
9.176469679781910915e-02 -6.390765032613772434e-02
9.149946128925089128e-02 -6.174165403780132455e-02
8.903434959013602212e-02 -5.936277778066589850e-02
8.657899560210025047e-02 -5.867582504746100130e-02
8.294777812513547122e-02 -5.605302281459289410e-02
7.949497039272011845e-02 -5.027924747005544509e-02
6.889559272561748826e-02 -4.784645634671837872e-02
6.767461855548043137e-02 -4.735036695472798207e-02
6.367367224152392646e-02 -4.582336834900258699e-02
5.504854274610693210e-02 -4.444145786699558315e-02
4.872632570050388495e-02 -4.008693945916036450e-02
4.524994313321488437e-02 -3.745104528700162611e-02
3.797405137893520438e-02 -3.036461733645374680e-02
3.260735728525710614e-02 -2.572157539356040995e-02
2.926888384281674943e-02 -2.318030248630403509e-02
2.693134207230288985e-02 -2.010128367352970527e-02
1.724648883664461202e-02 -1.254065266992251092e-02
1.484279497625334149e-02 -9.744056731924920917e-03
1.322049414524538620e-02 -8.564835434390500810e-03
1.025106129064850755e-02 -6.628516501556371184e-03
