-9.133295119294483188e-04 -1.498110746761419825e-03
-5.033260035394843644e-04 -5.521873114678955627e-03
5.153934600730417873e-04 -1.157589479707971276e-02
-1.459308632802541793e-03 -1.555222808212201706e-02
-2.285276181335227797e-03 -2.080886979734503095e-02
-4.552619306091887884e-03 -2.330004747255038852e-02
-5.676888240143659892e-03 -2.552445805573364326e-02
-6.587690576388531734e-03 -2.758459669643106502e-02
-7.748659028061275281e-03 -3.025721675355589474e-02
-9.206774106436417873e-03 -3.327612802869014952e-02
-1.125511523018499736e-02 -3.642554655290857618e-02
-1.414114894249159093e-02 -4.065929442969167668e-02
-1.610491286165569025e-02 -4.302324210062080656e-02
-1.692817439734884202e-02 -4.403241393910284351e-02
-1.842131739884898811e-02 -4.585312776050237682e-02
-2.107998002961916639e-02 -5.104667336549968681e-02
-2.222097711686913182e-02 -5.313142230045578979e-02
-2.442492329062405376e-02 -5.569865422696020085e-02
-2.865553406726497818e-02 -6.076924674539655596e-02
-3.255097874304638955e-02 -6.458047651922688148e-02
-3.387827302284371345e-02 -6.625771193120319480e-02
-3.620883912633954260e-02 -6.860816588027582319e-02
-3.926370995312281065e-02 -7.088126646985222490e-02
-4.232434561570615900e-02 -7.258746587597950106e-02
-4.460040282854502852e-02 -7.360909319406228057e-02
-7.175837170328580594e-02 -6.463003220740684562e-02
-7.252541520686540955e-02 -6.489055552654757197e-02
-7.320213388591123582e-02 -6.544227488371409662e-02
-7.298228431661200888e-02 -6.988681913514094290e-02
-7.356871940288686740e-02 -7.345955427906590562e-02
-7.466947508374446874e-02 -7.516048619202557457e-02
-7.660824948828481862e-02 -7.854079462375532228e-02
-8.074568632085635245e-02 -1.030823987698592376e-01
-8.312103273621879174e-02 -1.094515183158312893e-01
-8.410134812308829588e-02 -1.117114575981763003e-01
-8.615794804235567261e-02 -1.165247722681345688e-01
-8.725783804467614202e-02 -1.221613323142484997e-01
-8.803276025627118639e-02 -1.244612714083967314e-01
-8.958524471026808877e-02 -1.284846689903795802e-01
-9.274611841601820839e-02 -1.389974042364315598e-01
-9.376009453388930992e-02 -1.459974311615823694e-01
-9.409248969200577351e-02 -1.489242203462399217e-01
-9.363412128190486128e-02 -1.526051964883470557e-01
-9.320292585376314942e-02 -1.574323219297964482e-01
-9.358447505962527724e-02 -1.604066870743827145e-01
-9.480229805447387692e-02 -1.620201617970999375e-01
-9.928740723246255728e-02 -1.680262625546634359e-01
-1.005599009086806245e-01 -1.724219770030805954e-01
-1.020193734814269643e-01 -1.741220171696531149e-01
-1.017718193432120555e-01 -1.781206291290896027e-01
-9.421940126223365963e-02 -1.911009081405435350e-01
-9.444544195722533175e-02 -1.941358209954044123e-01
-9.408239884852334645e-02 -1.973659727726055912e-01
-9.400450707404858774e-02 -2.020281655030305434e-01
-9.298643851309332242e-02 -2.068171794882314174e-01
-9.290462887858083607e-02 -2.084442263222359426e-01
-9.291518028193476719e-02 -2.088044411276204493e-01
-9.291986243779203070e-02 -2.092463168762688230e-01
-9.248227004415660035e-02 -2.131075749653981721e-01
-9.287086703067555515e-02 -2.188605082042645311e-01
-9.299070901437367365e-02 -2.195566129782718368e-01
-9.306620927547440414e-02 -2.202689964787322985e-01
-9.199517423411564254e-02 -2.275364664699847939e-01
-9.166121458596972194e-02 -2.320959456746576888e-01
-9.163269524283394751e-02 -2.323451086123153597e-01
-9.155858758575916023e-02 -2.330248028902271173e-01
-9.101342842645521181e-02 -2.383812800975197987e-01
-9.232659285248906444e-02 -2.398763553169615537e-01
-9.234849351965938868e-02 -2.413004966025295295e-01
-9.071649110368346092e-02 -2.458604178168665721e-01
-8.967039880784746786e-02 -2.552683222492170834e-01
-8.958666020790416462e-02 -2.599038935387360527e-01
-8.959713091874882407e-02 -2.603500007024755480e-01
-8.960363626420217442e-02 -2.605370255236850174e-01
-8.961671313483948742e-02 -2.608512148434544153e-01
-9.504073598736514916e-02 -2.728744922323462774e-01
-9.503828088201105029e-02 -2.732296201698174443e-01
-9.501443840505550964e-02 -2.742289010239211122e-01
-9.488812236168255032e-02 -2.763117073608867824e-01
-9.499037462038104063e-02 -2.795326151631598033e-01
-9.468591983637020260e-02 -2.830467880532283598e-01
-9.418251821552205139e-02 -2.864183487586234866e-01
-9.371863638728437917e-02 -2.890204897489189739e-01
-9.354405672555175799e-02 -2.902031715094341435e-01
-9.347723382644648749e-02 -2.908961433763440629e-01
-9.343826142496723663e-02 -2.923820907013820469e-01
-9.315369057046840595e-02 -2.984814718428899782e-01
-9.216859664871092372e-02 -3.115183785775817449e-01
-9.337585481448298919e-02 -3.197623688276837184e-01
-9.352004716885514712e-02 -3.208468696835251044e-01
-9.354136076211147510e-02 -3.210229819097280002e-01
-9.358179981232722655e-02 -3.213826542263980013e-01
-9.366729256685311922e-02 -3.234632222603691654e-01
-9.384319951328261300e-02 -3.269674284609784265e-01
-9.543309359976293038e-02 -3.340185146712569830e-01
-9.499001513424833176e-02 -3.346605827468430716e-01
-9.456488527024284330e-02 -3.354291786098420602e-01
-9.372799797243974718e-02 -3.386673871689119819e-01
-9.496650670238659941e-02 -3.600865911967593425e-01
-9.443966493451486088e-02 -3.599313598959741345e-01
-9.398350155670499861e-02 -3.597499668310394361e-01
-9.352525530162436596e-02 -3.595449870456100538e-01
-9.273105985314382405e-02 -3.591644840042013120e-01
-8.812328886616220547e-02 -3.743596096833349818e-01
-8.760491852423826775e-02 -3.688398811590311022e-01
-8.583440269924526300e-02 -3.631023407191532049e-01
-8.470772084288978598e-02 -3.618784936396880481e-01
-8.384542169991801575e-02 -3.609798907268748080e-01
-8.378067086877756531e-02 -3.609106980868359571e-01
-8.371394662834703848e-02 -3.608384932377289300e-01
-8.297228382249646761e-02 -3.598620295410034919e-01
-8.021632576109075097e-02 -3.536650837142239490e-01
-7.541292476146994883e-02 -3.409402713983360478e-01
-7.376468651361008100e-02 -3.365625421630416558e-01
-7.255383284009581102e-02 -3.337037371685176446e-01
-6.923515271018283734e-02 -3.258045245676363666e-01
-6.588425073802249565e-02 -3.165354214978151060e-01
-6.462824254207534536e-02 -3.130904000548042077e-01
-6.332800709162497710e-02 -3.096346121235221127e-01
-5.797431123540769393e-02 -2.973945641795827655e-01
-5.587865054537807102e-02 -2.912763625953944668e-01
-5.506543211045159675e-02 -2.905939760973336172e-01
-5.258602578948876061e-02 -2.877933718366109117e-01
-4.822176750292284791e-02 -2.837351796080224142e-01
-4.653438669136333861e-02 -2.823276456406000334e-01
-4.559231953584038516e-02 -2.815789322113453896e-01
-4.336276551494099712e-02 -2.731408617516772885e-01
-3.883666199307959227e-02 -2.711796751220845736e-01
-3.541882209265448389e-02 -2.732723206984915554e-01
-3.114277760405972234e-02 -2.604263831094500992e-01
-2.444399542024108807e-02 -2.523723131707383827e-01
-2.026541448409347954e-02 -2.521649352707793224e-01
-1.839073700830140198e-02 -2.499385218468560266e-01
-1.698979887246772694e-02 -2.452500921681428359e-01
-1.642449844252860669e-02 -2.422293040316098878e-01
-1.628530685756636801e-02 -2.411663221529737333e-01
-1.623249861234160943e-02 -2.399173951288116613e-01
-1.634294275633146193e-02 -2.387759930997597202e-01
-1.344484334940213369e-02 -2.328481227328543790e-01
-9.190304042489157860e-03 -2.255056588125622652e-01
-4.904495040348540516e-03 -2.201267125860825735e-01
-2.654823961540109527e-04 -2.167543533718548077e-01
7.334787037569622924e-04 -2.140040646004029157e-01
1.902979557245653222e-03 -2.110688175857209914e-01
3.805253377645933816e-03 -2.090758951463499160e-01
5.014815656926529391e-03 -2.077498522641808010e-01
6.618365708187542648e-03 -2.057907879228551562e-01
9.077209666414634559e-03 -1.982834404714613474e-01
1.124069923269193673e-02 -1.921739998718008102e-01
1.162697435542051072e-02 -1.896374443641563601e-01
1.125340121872243568e-02 -1.834909695855049261e-01
1.274154689700903072e-02 -1.759352374973149891e-01
1.177272196075070283e-02 -1.729231167752094400e-01
1.107888834058326152e-02 -1.702770800026864595e-01
1.045739365879038048e-02 -1.675595572286424639e-01
9.915342037806510259e-03 -1.653551700495161925e-01
9.772121619024312644e-03 -1.646781831009055952e-01
9.166244739381889522e-03 -1.615214255511558394e-01
7.160403833206709437e-03 -1.538833832937348267e-01
6.073916857567695192e-03 -1.467225945763769301e-01
4.377844904073662814e-03 -1.412518522239886443e-01
3.873614016127638771e-03 -1.393493337154222689e-01
3.141695410141702623e-03 -1.360516037097424802e-01
9.569442555065158385e-04 -1.248190399469591289e-01
2.642617472792736268e-04 -1.187162576734464847e-01
-1.095645168276066140e-04 -1.167928572983823743e-01
-8.211474052340734468e-04 -1.139545023854731942e-01
-1.644352786049614688e-03 -1.106869958555158073e-01
-1.934728879356581617e-03 -1.090024412690598771e-01
-2.067589189752994886e-03 -1.072628731549628983e-01
-2.350352343862163566e-03 -1.044444945173305800e-01
-2.512329697972992548e-03 -1.009539273384830876e-01
-2.371257058991630903e-03 -9.633528349305021943e-02
-2.627804024094225390e-03 -9.459789354887815360e-02
-2.733118255498394236e-03 -9.414738109058391757e-02
-2.994941178808336289e-03 -9.311367874190357163e-02
-3.615773933299340232e-03 -9.035139811007895927e-02
-3.734726955732154720e-03 -8.848347433353666303e-02
-3.828140208126904875e-03 -8.669403934847193238e-02
-3.853261472203737235e-03 -8.407072798332074215e-02
-3.033748612276840947e-03 -7.819340022416047808e-02
-3.186595000926904352e-03 -6.787936316794741798e-02
-2.924401282045126487e-03 -6.142005117809719306e-02
-2.404818910084855106e-03 -5.668569876536216912e-02
-2.403900503901818322e-03 -5.646975607263906433e-02
-2.401731077421466205e-03 -5.633085663375350660e-02
-2.349171536869270986e-03 -5.543389947250947775e-02
-1.956524337672497886e-03 -5.214622742419902646e-02
-1.697806568467623073e-03 -4.630432233597247399e-02
-2.030971954808690350e-03 -4.230983085491202278e-02
-1.664217592948059746e-03 -3.883463918443430529e-02
1.187755225309355999e-03 -2.920175998767047393e-02
3.455111908914479564e-03 -1.949166221322463227e-02
2.750370706653147267e-03 -1.712154059531070457e-02
2.563434430021250231e-03 -1.513820240233925384e-02
2.422866840973975436e-03 -1.470165554431692757e-02
3.216279822117401772e-03 -1.001840297504596501e-02
1.185548784319544668e-03 -3.444311533450987624e-03
8.443142394666400740e-04 -6.746372104454094291e-04
