-2.048470660714208497e-02 4.643515996024980344e-03
-2.054177693127885035e-02 3.463819884546901796e-03
-2.070969862329110830e-02 2.729014663280366054e-03
-2.099292586143011036e-02 1.940000708476778647e-03
-2.134906047286167646e-02 1.206540862496305148e-03
-2.162586973513793906e-02 7.360103607642648656e-04
-2.187440887077596666e-02 3.625517960554137725e-04
-3.930027347734352944e-02 -1.120259257038066364e-03
-3.994509713908946796e-02 -4.286645070204183998e-03
-4.050617361238960379e-02 -1.000158026641306298e-02
-3.737995508205467499e-02 -1.804375346922931084e-02
-3.786917115372746140e-02 -1.915480449802360249e-02
-3.819411749329715972e-02 -1.981588304964498198e-02
-3.824357174286101280e-02 -1.991572767331706642e-02
-3.867981519454651712e-02 -2.082995369781479034e-02
-3.910231197991460850e-02 -2.214131307575558857e-02
-3.909056881800807709e-02 -2.406136603086576550e-02
-4.070449938301855253e-02 -2.641820884088402765e-02
-4.513882443126743943e-02 -2.989143956523527060e-02
-4.796864108526373988e-02 -3.194942262640509262e-02
-4.871057957613552508e-02 -3.274813512202565807e-02
-5.363709253500937441e-02 -3.511152955664950670e-02
-5.883581113327870232e-02 -3.732359244333833398e-02
-5.959241246503003964e-02 -3.784067661771866459e-02
-6.098066139235840122e-02 -3.860235838699055400e-02
-7.480410097597557650e-02 -4.120000543906634366e-02
-7.480551589407417878e-02 -4.274320713252664078e-02
-7.497518609409443979e-02 -4.384157179803844367e-02
-7.660593950965004229e-02 -4.592236645087736935e-02
-8.508751293357401380e-02 -4.638367853019671749e-02
-8.584278178462390052e-02 -4.647510243536127905e-02
-8.088471538704149200e-02 -4.947811585787369182e-02
-8.088471502133584567e-02 -4.947811607785473909e-02
-8.088471457809552623e-02 -4.947811634447481233e-02
-8.088471354660002610e-02 -4.947811696494509859e-02
-8.088440571949269409e-02 -4.947830213351767786e-02
-8.088439612867988349e-02 -4.947830790281331631e-02
-8.088438768031148973e-02 -4.947831298488303969e-02
-8.088438139363801627e-02 -4.947831676659981970e-02
-8.088431308493594651e-02 -4.947835785751063253e-02
-8.088413528011018094e-02 -4.947846481684091413e-02
-8.088412205352271678e-02 -4.947847277343362521e-02
-8.088410063763994129e-02 -4.947848565640555057e-02
-4.687550492331588742e-02 -7.919154433955517824e-02
-4.649851684319026429e-02 -8.151385395807680956e-02
-4.617956166343782642e-02 -8.379640514848443744e-02
-4.613751330797604550e-02 -9.466221840839549040e-02
-5.057013340067657847e-02 -1.083465897909517833e-01
-5.207296356006185095e-02 -1.107367713849514712e-01
-5.326719392449275059e-02 -1.133621857706881286e-01
-5.371902929809337784e-02 -1.155779542971738655e-01
-5.444946968960893974e-02 -1.179631587506601159e-01
-5.564554311524219643e-02 -1.199296200481715369e-01
-5.630260859648687777e-02 -1.214719220726180743e-01
-5.368003395347555745e-02 -1.241825159508627152e-01
-5.367929737489757214e-02 -1.241866110716479399e-01
-5.367914723791894493e-02 -1.241874580022854502e-01
-5.367912179062774708e-02 -1.241876019737253589e-01
-5.367648914590431031e-02 -1.242032228853429399e-01
-5.367032268938602690e-02 -1.242480101507958540e-01
-5.367023397254264139e-02 -1.242487822422267685e-01
-5.367022117791568625e-02 -1.242488940152630117e-01
-5.366906717029192725e-02 -1.242594581503627671e-01
-5.366788844733466624e-02 -1.242714525597318764e-01
-5.366788459927034766e-02 -1.242714941742958240e-01
-5.366783162436956217e-02 -1.242720689056422689e-01
-5.366725447614592581e-02 -1.242785693514848189e-01
-5.366724833004552636e-02 -1.242786411119228551e-01
-5.366723174725204770e-02 -1.242788350152754101e-01
-5.366341782500869823e-02 -1.243921434167991752e-01
-5.366540674432945801e-02 -1.244450493463902102e-01
-5.366871866904688454e-02 -1.244888376581654438e-01
-3.004224559162125413e-02 -1.177402892975301651e-01
-3.003899249001325961e-02 -1.177424990133634497e-01
-3.003890471639565976e-02 -1.177425587167941073e-01
-3.003887301204912277e-02 -1.177425802830819185e-01
-3.003885176790959538e-02 -1.177425947343239826e-01
-3.002831932134525372e-02 -1.177497903580242422e-01
-3.001873909414179073e-02 -1.177563888741175041e-01
-3.001744335519231782e-02 -1.177572852203812720e-01
-3.001515959352264035e-02 -1.177588672933247288e-01
-3.001284171745294965e-02 -1.177604759268781470e-01
-3.001014928873549023e-02 -1.177623482000621780e-01
-3.000559139929575084e-02 -1.177655267143484091e-01
-3.000141057154119550e-02 -1.177684522272613721e-01
-2.999861651437072535e-02 -1.177704126425231090e-01
-2.999667828152319249e-02 -1.177717750612275460e-01
-2.999466260401739692e-02 -1.177731940689895201e-01
-2.999307947589003806e-02 -1.177743101037237866e-01
-2.999115475746803525e-02 -1.177756687606162228e-01
-2.998846844529820879e-02 -1.177775683508782423e-01
-2.998543380113892487e-02 -1.177797189075240475e-01
-2.998351766913841948e-02 -1.177810793427102320e-01
-2.998195515129583807e-02 -1.177821901630958651e-01
-2.998148575632440804e-02 -1.177825241176112953e-01
-2.997976320741396403e-02 -1.177837506406043538e-01
-2.997741149892216642e-02 -1.177854276906538378e-01
-2.997528716694626560e-02 -1.177869451092098674e-01
-2.997355444967100824e-02 -1.177881845594200422e-01
-2.997254369431464477e-02 -1.177889083049456082e-01
-2.997194884854280372e-02 -1.177893344920226404e-01
-2.997189122889841462e-02 -1.177893757844498540e-01
-2.997160117355524012e-02 -1.177895836756293613e-01
-2.996974090405246649e-02 -1.177909180354505259e-01
-2.996926571061085329e-02 -1.177912591797802833e-01
-2.996911973375587096e-02 -1.177913640012258900e-01
-2.996797190318315623e-02 -1.177921886114375039e-01
-2.996608816708654782e-02 -1.177935433945906246e-01
-2.996404788178304301e-02 -1.177950128563133858e-01
-2.996217768353960295e-02 -1.177963617202270330e-01
-2.996123627778133486e-02 -1.177970413880347067e-01
-2.996088533368505488e-02 -1.177972948771470740e-01
-2.996085988314929616e-02 -1.177973132627103264e-01
-2.996058973751802509e-02 -1.177975084376223919e-01
-2.995733930540310508e-02 -1.177998597707472783e-01
-2.995719107334686437e-02 -1.177999671305593743e-01
-2.995356520944931350e-02 -1.178025967517619954e-01
-2.994149254148876713e-02 -1.178114007451071255e-01
-2.993965484237421509e-02 -1.178127473607535614e-01
-2.970904246088578241e-02 -1.179929816157439110e-01
-2.883137757808422810e-02 -1.186153525512925189e-01
-2.738235847027356909e-02 -1.191357596905235905e-01
-2.651436432735960677e-02 -1.192689685510350123e-01
-2.332232014685928223e-02 -1.196189377709897944e-01
-2.174514304355970595e-02 -1.205072218397023054e-01
-2.056023701092024591e-02 -1.210496510056403435e-01
-1.466247701045763838e-02 -1.218720355444961323e-01
-5.230679499066568684e-03 -1.231646861201400600e-01
9.607036657661384774e-03 -1.272111526895374212e-01
1.874508193614689289e-02 -1.298125604615060769e-01
1.886703866194933826e-02 -1.298612606591270924e-01
8.527146909189227408e-02 -1.794597345818994549e-01
8.807931755391505690e-02 -1.781957033418339331e-01
9.077608607739286184e-02 -1.759562021091129469e-01
1.078777549634806487e-01 -1.727231426645006451e-01
1.125453362885590891e-01 -1.685610212046639023e-01
1.121864174293461108e-01 -1.678803173638463986e-01
1.117454200506329126e-01 -1.672078720248537653e-01
1.117598514632975465e-01 -1.656930828092336161e-01
1.128575326449050703e-01 -1.639980316762269796e-01
1.372047831916680949e-01 -1.577834182291293075e-01
1.375757504276482468e-01 -1.575844081218540638e-01
1.377517097171481186e-01 -1.574884972008268602e-01
1.391727867972934463e-01 -1.567628247436816114e-01
1.422842250229837957e-01 -1.564285750733210856e-01
1.463108293594965192e-01 -1.559911605313826499e-01
1.514104035118523095e-01 -1.551983847264413463e-01
1.361615244160107319e-01 -1.421247949559809876e-01
1.358553079912709904e-01 -1.417396141439522528e-01
1.357509209366855596e-01 -1.416008298173369040e-01
1.343621539101378382e-01 -1.400303611147879213e-01
1.291676638826009527e-01 -1.360539345244860809e-01
1.166174500689627636e-01 -1.273488415095295756e-01
1.060110095530421848e-01 -1.174040937009563634e-01
1.031012620650587630e-01 -1.131454074344551836e-01
1.015057833592074021e-01 -1.092442009457111757e-01
1.011185266790648740e-01 -1.085924619533184116e-01
9.825443746341082363e-02 -1.053960769627366456e-01
9.375108139629949322e-02 -9.824340191548679158e-02
9.200316095631816404e-02 -9.216854093891488353e-02
9.165984494609503985e-02 -8.695468822605291470e-02
9.084645187971535085e-02 -8.375628563350562272e-02
9.171853278716456115e-02 -8.226279537570099776e-02
9.227929965823211678e-02 -7.976747395713547351e-02
9.216852873370887100e-02 -7.813962952260433692e-02
9.225115907050643327e-02 -7.771930786310667083e-02
9.232009124176190906e-02 -7.747723755046020955e-02
9.239017986273005689e-02 -7.727358594682609549e-02
9.248016177812795613e-02 -7.704895646576423451e-02
9.277460114016029824e-02 -7.640793056814310091e-02
7.599562196555935401e-02 -7.494343439090132841e-02
6.659866524590334069e-02 -7.096650113886374123e-02
6.616966759178789792e-02 -7.018750194730853653e-02
6.492323843228532676e-02 -6.921548243378947141e-02
6.364553673357392638e-02 -6.858080978414141105e-02
6.036740497004700057e-02 -6.690372179426409827e-02
5.739329709693100773e-02 -6.427581873624910180e-02
5.708762682556988571e-02 -6.357789564854471331e-02
5.618998319997790813e-02 -6.232234810275555370e-02
5.271875083746567492e-02 -5.965223908290343685e-02
5.059421139836896286e-02 -5.633622891346123235e-02
4.815205532002563710e-02 -5.253227790590804525e-02
4.546310946533191344e-02 -4.779524357245167748e-02
4.295225357565646968e-02 -4.310010046386126420e-02
4.262626855177125557e-02 -4.259053390088295837e-02
4.242351970848855236e-02 -4.222291468080627969e-02
4.162067358671930201e-02 -4.030144837989855372e-02
4.060094396054939742e-02 -3.692506327655467602e-02
3.914361342190573329e-02 -3.206010062279650297e-02
3.610082768626827338e-02 -2.687697584512867971e-02
2.985985308120966616e-02 -2.245105180507468018e-02
2.760183756296123031e-02 -2.087872695623238170e-02
2.605567317342855418e-02 -1.979437955414769384e-02
2.304742378561041444e-02 -1.764696759050170261e-02
1.937572260599624771e-02 -1.484604023752313096e-02
1.433271691324770891e-02 -1.457293691311765949e-02
1.044058607052585595e-02 -1.208429388044691272e-02
7.299592622998495386e-03 -7.675069301350006222e-03
4.858157401685259807e-03 -3.745360450948751092e-03
