1.350068889486182380e-02 -7.266291571372668172e-03
1.351609948707000429e-02 -7.358675393523295832e-03
1.556666437081758760e-02 -9.396022764868906460e-03
1.783955043402843388e-02 -1.135750850812895438e-02
1.926644644749091195e-02 -1.302938436341322288e-02
1.228366524297259087e-02 -1.947771361285035446e-02
1.550774457358645303e-02 -2.627984238445037896e-02
1.728371408224739156e-02 -2.922252135951373606e-02
1.914381989336884360e-02 -3.200717850623042982e-02
2.035070828775708759e-02 -3.346708719435622509e-02
2.144197801261531200e-02 -3.530979274517832139e-02
2.407076471256157368e-02 -4.137502703243851193e-02
2.413381714244819398e-02 -4.152335792523390717e-02
2.417279117888462142e-02 -4.161667738569493208e-02
2.429248261558198535e-02 -4.190952365367106580e-02
2.490003312553977499e-02 -4.340159857978757862e-02
2.587283001805892879e-02 -4.562966961360383211e-02
2.614449256684501025e-02 -4.671501237734475287e-02
2.607098961630145359e-02 -4.782764054028409290e-02
3.534680763530213560e-03 -6.940892928554917574e-02
3.534613889644280804e-03 -6.940902731581169438e-02
3.534243933777410276e-03 -6.940956968842811048e-02
-2.883132621174134321e-03 -7.237489565543264725e-02
-4.516998495761324721e-03 -7.538226949139537059e-02
-6.865300477466232745e-03 -8.031186023966095655e-02
-7.793205456592180828e-03 -8.223341111687300364e-02
-8.612565331861516543e-03 -8.403668385870842472e-02
-9.324542529887416831e-03 -8.585744210992916903e-02
-9.747121011828788900e-03 -8.721547246033128920e-02
-1.014995521302906011e-02 -8.913019409341575716e-02
-1.032455189749774231e-02 -9.053099896217561837e-02
-1.051045925930751274e-02 -9.284023840744942691e-02
-1.075405962461253341e-02 -9.483362673757035621e-02
-1.146685249432496251e-02 -9.631797366571669128e-02
-1.207811973315133479e-02 -9.733722323797719400e-02
-1.226145465242623432e-02 -9.794867906802062762e-02
-1.233174220223251516e-02 -9.835010165818716676e-02
-1.239410014451904074e-02 -9.900024636744829409e-02
-1.242194752710739855e-02 -9.989645700086588476e-02
1.764426856813873686e-03 -9.800390525238995842e-02
3.354561441319660331e-03 -9.767519574287443496e-02
3.354834642050956352e-03 -9.767516438342203899e-02
3.387840184049588539e-03 -9.767143537572041401e-02
3.387898497552947492e-03 -9.767142889177166110e-02
3.447555089559756463e-03 -9.766498774232029723e-02
3.465201228995724511e-03 -9.766315582211140822e-02
3.730084453283574134e-03 -9.763962505132137149e-02
3.826102460089203343e-03 -9.763290433228492826e-02
3.864633714757789544e-03 -9.763047357661970571e-02
4.239283711699857841e-03 -9.761409249726384074e-02
4.343601682854687611e-03 -9.761155322642413312e-02
4.346694349764055297e-03 -9.761148956960789824e-02
4.357840287662923841e-03 -9.761126550972545890e-02
4.472749477159834904e-03 -9.760942602336093732e-02
4.523375384532736868e-03 -9.760887345962139527e-02
4.537694607858590821e-03 -9.760874421392330691e-02
3.923190202696186929e-02 -7.395278421522966106e-02
3.943864422821746762e-02 -7.395392141406392783e-02
4.770198442128684851e-02 -6.996572498985016708e-02
4.810488406104632131e-02 -7.015618022144420873e-02
4.812584970198473255e-02 -7.016703500584280107e-02
5.710493923148706602e-02 -6.641828765924048805e-02
5.707402113347151418e-02 -6.709563828144943232e-02
5.694294298323121506e-02 -6.796498064986433718e-02
5.644553025380713573e-02 -7.003425325182911776e-02
5.553434250868799493e-02 -7.312436442497942390e-02
5.471164855371916935e-02 -7.587965007689995156e-02
5.378226492129341285e-02 -7.933791098473753911e-02
7.288678960960259801e-02 -7.357788386315355922e-02
7.321411449034166685e-02 -7.564241618150754909e-02
7.397428790503275675e-02 -8.184448822049419925e-02
7.483793018595423507e-02 -8.475907090387395371e-02
7.542389611877625688e-02 -8.603317678326553863e-02
7.645407635364198651e-02 -8.778248116929562861e-02
7.678079287898176286e-02 -8.820152744088213814e-02
7.763746748641814355e-02 -8.904993031790961466e-02
7.763747135257079157e-02 -8.904993356185113285e-02
7.763748177187858313e-02 -8.904994230427847046e-02
7.933275004672034336e-02 -9.052230187595838862e-02
8.304218842414870516e-02 -9.716332783064744738e-02
8.752357236105882954e-02 -9.882063681269895317e-02
8.950189605648872782e-02 -1.013592366285032131e-01
9.004655047979766291e-02 -1.033483686830546783e-01
9.062595168782018595e-02 -1.035619343731501718e-01
9.131128117769413133e-02 -1.036981170937737035e-01
9.203847458252135960e-02 -1.038301576891524913e-01
9.272217481434248676e-02 -1.040301981070978210e-01
9.341824581959320972e-02 -1.045902943270736740e-01
9.408933000886945952e-02 -1.063424521389321614e-01
9.446603676132608873e-02 -1.071869392269939741e-01
9.472090400930521792e-02 -1.076271754278827208e-01
9.510301862695498543e-02 -1.081695263338297713e-01
9.553963464608564160e-02 -1.086809470918706916e-01
9.665966057483429963e-02 -1.097570970782494465e-01
9.759382493536256087e-02 -1.105338079456719275e-01
9.788886397936949479e-02 -1.107659645206287014e-01
9.822075257480263055e-02 -1.110214693083148990e-01
9.881735883678711974e-02 -1.114685152379615435e-01
9.946210488219182910e-02 -1.119381554366537940e-01
1.005550060360267395e-01 -1.127156321565458141e-01
1.062770801211701810e-01 -5.674183302269193707e-02
1.076931082944357215e-01 -5.766114517869271733e-02
1.091162037030797283e-01 -5.839921529788428406e-02
1.107613049231738894e-01 -5.908346282470472444e-02
1.121831796735012071e-01 -5.964231851754488167e-02
1.134546878731765296e-01 -6.018585937802305857e-02
1.150285342368132929e-01 -6.125112762565290692e-02
1.174703205471916007e-01 -6.362597873755766742e-02
1.194543236318512253e-01 -6.466852604921922987e-02
1.209025208916653243e-01 -6.543029497337315981e-02
1.218655037374439115e-01 -6.602535681407672996e-02
1.231045049325530105e-01 -6.682250956040940160e-02
1.252706599206727112e-01 -6.724009052156346145e-02
1.266988121175542381e-01 -6.663645287815980756e-02
1.272054511748978156e-01 -6.572218082735538369e-02
1.269918430252496566e-01 -6.409053770932256200e-02
1.258622191069809215e-01 -6.164094432985305072e-02
1.269019462141197097e-01 -5.524165432817939453e-02
1.262497526547499416e-01 -5.446117167035013917e-02
1.259814118727058951e-01 -5.417430503754999682e-02
1.257695869540329525e-01 -5.395883609058001879e-02
1.253708430967601095e-01 -5.357603397075153678e-02
1.250298984080925602e-01 -5.326863647523630285e-02
1.247187840898693056e-01 -5.300154847314897388e-02
1.242827037602991375e-01 -5.264533732649832876e-02
1.239258376585353066e-01 -5.236716186944004314e-02
1.234276767050258156e-01 -5.199531122099696617e-02
1.227760600518403022e-01 -5.153143152521413861e-02
1.215547549376464476e-01 -5.069923961763066894e-02
1.339891091841290127e-01 -2.174810602852853339e-02
1.340060085782242005e-01 -2.118989626342497601e-02
1.340139569357120253e-01 -2.070760335865975271e-02
1.357598571221721173e-01 -1.380725101443373501e-02
1.348869140815577294e-01 -1.335633443290766900e-02
1.306137474761534523e-01 -8.956931872868967651e-03
1.220469400262904486e-01 -8.968819766892269577e-03
1.215255666453027988e-01 -8.377881638603909553e-03
1.213818351961498399e-01 -8.160639664243343402e-03
1.213611173069620991e-01 -8.127812363659928444e-03
1.211763498302203812e-01 -7.821189509047104041e-03
1.027362350009631553e-01 -1.048965586895843783e-03
1.027023947274347954e-01 -3.606219604632354084e-04
1.027374908621796895e-01 5.539583088751556068e-04
1.029147699754086320e-01 1.807749717249728565e-03
1.030484303143134606e-01 2.380821563562478781e-03
1.050387217705199688e-01 4.972744871354104618e-03
1.119688672193029505e-01 8.424681630495972975e-03
1.217903675781782935e-01 1.048729262285126758e-02
1.250536379879598758e-01 1.506958949389277345e-02
1.243705737618465562e-01 1.751067401832517509e-02
1.235349612101431377e-01 1.847391854299287525e-02
1.226240406895829776e-01 1.898119722720491634e-02
1.207526291488485726e-01 1.929259575578517322e-02
1.142073828146560610e-01 1.766197146051888892e-02
1.123941545446338203e-01 1.905901758831106060e-02
1.111524562877193728e-01 2.575596087754804600e-02
1.107611344896452521e-01 2.615598231035957955e-02
1.087563276163277665e-01 2.750353902860161459e-02
1.077223871309594266e-01 2.799234979578771321e-02
1.071962292200791395e-01 2.821863971351751960e-02
8.087001429366347249e-02 1.401610358181509634e-02
7.995687874520590599e-02 1.485342890367916113e-02
7.913039889232481583e-02 1.567312884740134499e-02
7.810770008872774950e-02 1.676397039853998877e-02
7.739780767196534350e-02 1.763792670916351085e-02
7.673804347268071979e-02 1.878249202665195627e-02
7.642714884322956981e-02 1.948429067929416739e-02
6.978746451242330562e-02 2.231401931544881728e-02
6.533118650331382060e-02 2.934327425395202513e-02
6.760706856123013808e-02 4.190279192786812434e-02
6.718719819619410616e-02 4.340718400275407618e-02
6.699887194669436330e-02 4.404254539550910008e-02
6.668282382879826831e-02 4.548798740995357859e-02
6.621853607602595782e-02 4.687301794994054582e-02
6.174802895790375973e-02 4.668774037965267576e-02
5.541996868141160770e-02 4.911976439959074570e-02
5.488893582982342506e-02 5.049422751599887127e-02
5.182680904333966665e-02 6.122119398831688680e-02
5.000585295869826308e-02 6.308658124489037455e-02
4.781082314178324716e-02 6.590895935856072585e-02
4.773464321960160101e-02 6.616704669229050984e-02
4.749467599351415992e-02 6.652081999261899581e-02
4.700878852239817607e-02 6.692078609693317970e-02
4.651874127569392142e-02 6.722760984940298612e-02
4.594363770784140599e-02 6.754230444052694571e-02
4.561566588227884689e-02 6.771054495169283316e-02
4.417566173362223736e-02 6.840720253685728114e-02
1.834484839462112091e-02 1.380613082254731304e-02
1.831679740706372225e-02 1.381531713548541165e-02
1.829471837751587768e-02 1.382240422050463186e-02
1.826935163443510826e-02 1.383038876162544749e-02
1.824978446412576019e-02 1.383643130247387207e-02
1.823539585722719347e-02 1.384080933010552704e-02
1.822251892555221825e-02 1.384468013032468317e-02
1.818861914306715843e-02 1.385465495845358483e-02
1.817106680919754538e-02 1.385969578330532512e-02
1.814945330626905814e-02 1.386578560120641131e-02
2.724181539430337636e-03 4.344660437576258402e-03
2.718272967477200659e-03 4.339685434455540364e-03
