-8.278779455367465956e-03 3.512654614213805721e-03
-8.374652960706985977e-03 3.467535652831384325e-03
-8.398508487057768090e-03 3.456512469964790300e-03
-8.489407553414160881e-03 3.415419049937355300e-03
-2.313221206691971552e-02 7.753855367020459632e-03
-2.323712443392847438e-02 7.700260332500106011e-03
-2.351207918700845903e-02 7.563303980269910770e-03
-2.672975331118356349e-02 7.675358820285657288e-03
-2.794128903998356964e-02 7.230042804737546458e-03
-2.810240357519159030e-02 7.064077504723405634e-03
-2.837019901533140154e-02 6.792973645733932364e-03
-2.935510101809588046e-02 6.344026661755467270e-03
-3.370888549966018222e-02 8.177987825577678546e-03
-4.019375826252623296e-02 1.054622736611868748e-02
-4.153466617108733661e-02 9.481249674572660505e-03
-4.266582124150936073e-02 7.971739834972586120e-03
-4.310287500731804083e-02 6.987324962616919821e-03
-4.357593431118723243e-02 5.802257256376740051e-03
-4.432528027205800969e-02 4.497013792152745534e-03
-4.510717257830847843e-02 3.616645163976657702e-03
-4.566828050472011152e-02 3.129292460670622406e-03
-4.715284521646265908e-02 2.254454316917175148e-03
-5.182379060977176238e-02 1.864039210062813125e-03
-5.188037100071923868e-02 1.820138668990097484e-03
-5.193673610617791092e-02 1.777439286913179428e-03
-6.157898048745441555e-02 2.559560196160825651e-03
-6.165492572060918275e-02 1.824149222844572175e-03
-6.180749221748742250e-02 1.266748932759649733e-03
-6.305988498316555946e-02 -2.457010084623679298e-04
-6.422533327110843682e-02 -2.846309331902619963e-03
-6.393130651028386402e-02 -4.887650438754755078e-03
-6.305499736503496211e-02 -8.168108474459605597e-03
-6.430351620980538641e-02 -1.013479367088051739e-02
-6.278013762307213530e-02 -1.732433752895639820e-02
-6.289050197129775199e-02 -1.769576783322080252e-02
-6.185161256911014815e-02 -2.243989973787758815e-02
-6.303221832868441399e-02 -2.475165182687488058e-02
-6.347601940767107209e-02 -2.518686113982811225e-02
-6.384152208103348325e-02 -2.558784343472002981e-02
-6.426226140912566498e-02 -2.961826088916113750e-02
-6.337599419446592053e-02 -3.250145532274484328e-02
-6.345993361113391740e-02 -3.288263269113306936e-02
-6.354380910280323091e-02 -3.318017562933155834e-02
-6.362683543448043044e-02 -3.342726417866871691e-02
-6.373649628691345492e-02 -3.370605367119122731e-02
-6.390615632062536522e-02 -3.406609920608824615e-02
-5.245135626595342354e-02 -5.330984175403709335e-02
-4.998943599345626737e-02 -6.390266724741812399e-02
-5.049636347857282270e-02 -6.589912229559717616e-02
-5.084696275585662284e-02 -6.713239258611052029e-02
-5.115521925430950578e-02 -6.824840042071894652e-02
-5.141660664370229644e-02 -6.938685485351095417e-02
-5.111186386795369546e-02 -7.256156982045716686e-02
-4.926072543555667232e-02 -7.859924448166531741e-02
-4.413415146844271164e-02 -9.247198441242207578e-02
-4.454883873381713238e-02 -9.307453159299616807e-02
-4.470929196593412258e-02 -9.329395080522351336e-02
-4.488173481965568312e-02 -9.353710298967324310e-02
-4.516455782802714786e-02 -9.396176389042323884e-02
-4.252615624171647568e-02 -1.040482597453524366e-01
-4.254798464323090307e-02 -1.040988125440361206e-01
-4.258800521060135402e-02 -1.041951167182342125e-01
-4.171780114474478440e-02 -1.093636773499048476e-01
-4.246152628627227615e-02 -1.108223358294782579e-01
-4.265288156256678148e-02 -1.110384059923871375e-01
-4.307467549975822069e-02 -1.114492484850273663e-01
-4.286771237217845698e-02 -1.173710223497916039e-01
-4.289659399376261062e-02 -1.175398362280812709e-01
-4.293016062600667204e-02 -1.177344181589121408e-01
-4.339413204384007239e-02 -1.204556271816862312e-01
-4.322523749915029023e-02 -1.251063898582159273e-01
-4.251980458961264475e-02 -1.303535536277920237e-01
-4.160893776206888578e-02 -1.315651370891521288e-01
-4.103992790469182528e-02 -1.322218361361538752e-01
-3.976761003673361106e-02 -1.382893325125333084e-01
-3.867443749432154798e-02 -1.438559968837682113e-01
-3.846843664841799459e-02 -1.440575196703597627e-01
-3.825919550159394278e-02 -1.442573235144416210e-01
-3.681333506058991761e-02 -1.474790999178159367e-01
-3.596429748324028730e-02 -1.560803053921841488e-01
-3.600357953540576222e-02 -1.640812892940609058e-01
-3.504614613432590481e-02 -1.716528518842353468e-01
-3.314344219669467656e-02 -1.763766139301352343e-01
-3.218767757546640157e-02 -1.780029535987113776e-01
-3.125393437052215173e-02 -1.794581924062001732e-01
-3.007577386050707194e-02 -1.812369573087605490e-01
-2.848678049505406693e-02 -1.863833303112291950e-01
-2.389286258843787564e-02 -1.971830562790198305e-01
-1.826341520333846224e-02 -2.054403878868945044e-01
-1.404946929394664326e-02 -2.111452763965327439e-01
-1.023724828349680156e-02 -2.162591928172911404e-01
-6.014868014742684975e-03 -2.219393803751987526e-01
-1.152597373472261794e-03 -2.286365645324113238e-01
2.722900002036398280e-03 -2.361539101417846342e-01
4.891978020015928103e-03 -2.416895272614552614e-01
6.655135123025122598e-03 -2.452106848752690083e-01
7.706393298532683567e-03 -2.454242846032679837e-01
8.492581055328756248e-03 -2.459137622074230867e-01
8.724700737191263059e-03 -2.560757714926361617e-01
8.961819346257251379e-03 -2.561151540358234668e-01
9.049546929488932329e-03 -2.561337179633903505e-01
9.098588514239825537e-03 -2.561451561287325096e-01
9.209683823868105440e-03 -2.561741297648180149e-01
1.298039010498465949e-02 -2.599640913450326773e-01
1.335664735307900801e-02 -2.601339530798995048e-01
1.362156129996061789e-02 -2.602379439483017975e-01
1.593426635183530296e-02 -2.613909529612084004e-01
2.097841975927364558e-02 -2.671790942920701517e-01
2.796562361092694987e-02 -2.725392598139474987e-01
3.468461396710102729e-02 -2.761515179501796702e-01
4.024241735001523462e-02 -2.803185257053924517e-01
4.128438727588343293e-02 -2.794099573826743232e-01
4.255081056606610512e-02 -2.791962557698842717e-01
4.729954473682994320e-02 -2.799756046152300781e-01
5.259761689353491948e-02 -2.803345436124805024e-01
5.500356844311038440e-02 -2.787811597648578443e-01
5.709320646594957804e-02 -2.773422670444027349e-01
5.823778494561510088e-02 -2.765290108767036736e-01
6.102900054004516822e-02 -2.744661623854756649e-01
6.487689281122040186e-02 -2.652405229570928835e-01
6.733957139474316955e-02 -2.636867986006100617e-01
6.960850636308593686e-02 -2.641021174269496119e-01
7.209559833547744823e-02 -2.631115863827004353e-01
7.386475869841041542e-02 -2.616675635516342857e-01
7.456273352839044855e-02 -2.611227748542666594e-01
7.516860266035087224e-02 -2.606981279739561397e-01
7.775424149896145720e-02 -2.599034017701802868e-01
7.759665489807737737e-02 -2.536066823911499735e-01
7.762242450226246315e-02 -2.535070251570367694e-01
7.767196625699555879e-02 -2.533037594287906313e-01
7.667144793302191341e-02 -2.485044151072268170e-01
7.667593969159837430e-02 -2.484351154554134411e-01
7.638720007832011660e-02 -2.467856834280231504e-01
7.548147825325986215e-02 -2.365906794067790531e-01
7.246186368933188460e-02 -2.301571013116762987e-01
7.233580530319524970e-02 -2.296031655333112265e-01
7.066144629362575147e-02 -2.264124530841250260e-01
6.800877087525088183e-02 -2.219818804566438819e-01
6.755908730005029394e-02 -2.149270079280030388e-01
6.705867140904954449e-02 -2.085379180465118942e-01
6.709779615422685473e-02 -2.068227109264111629e-01
6.616647168733814921e-02 -2.038052881543863382e-01
6.325923807903911789e-02 -1.961989146518247906e-01
6.520337257541479470e-02 -1.859372342329978500e-01
6.621001358193771835e-02 -1.844689542900699031e-01
6.659193146920193429e-02 -1.841587288052758398e-01
6.708406748151059251e-02 -1.836312994383338115e-01
6.652163636847417683e-02 -1.777206238313390474e-01
6.704799265911660922e-02 -1.735347500516089547e-01
6.749588969518027781e-02 -1.719698233780423968e-01
6.857474247414555024e-02 -1.703937094039867650e-01
6.795818849972536102e-02 -1.681149951708082457e-01
6.634794853676115323e-02 -1.661083034018168425e-01
6.500934164239784152e-02 -1.640440045100003408e-01
6.524078931879574716e-02 -1.605834148851138787e-01
6.331645942347637057e-02 -1.577474310895010390e-01
6.195521908553466156e-02 -1.566866154499102215e-01
5.695012027621405154e-02 -1.530808918231063021e-01
4.994343123145608687e-02 -1.440253781232647967e-01
4.763151502739335075e-02 -1.364826603809374261e-01
4.522969493452037859e-02 -1.314240565679722916e-01
4.527329141557759340e-02 -1.304440280740893077e-01
4.526922804620727575e-02 -1.288379212924963824e-01
4.424702029915227042e-02 -1.233318199488347561e-01
4.342050713624283353e-02 -1.198377999825864515e-01
4.348268662576602189e-02 -1.192819164587060332e-01
4.264157727800876874e-02 -1.170926857438026325e-01
4.258904698003680017e-02 -1.148929320202193849e-01
4.308769786036550226e-02 -1.133176312120477841e-01
4.324030877396365519e-02 -1.109102689787629381e-01
3.986540231031910492e-02 -1.048213541123028808e-01
3.687451372324565546e-02 -9.899806649068278175e-02
3.654432501939003375e-02 -9.303468295033176516e-02
3.572765066918187626e-02 -9.041582401641796995e-02
3.532315307932830384e-02 -8.989557025424606274e-02
3.424931925757909029e-02 -8.843836671603430566e-02
3.288742158943703392e-02 -8.262082758826001794e-02
3.228971593039117738e-02 -8.145228658915322495e-02
3.199860987825055292e-02 -7.962150773237519630e-02
3.170228236186153209e-02 -7.667931644269455893e-02
3.220273379385003854e-02 -6.938196045169502113e-02
3.302599088104298669e-02 -5.591727839113273119e-02
2.946016063849657071e-02 -4.880308462016513110e-02
2.462645757862128720e-02 -4.210360801539879405e-02
2.391857555790877221e-02 -4.108528587106290153e-02
2.339831858044666424e-02 -4.032254748085191409e-02
2.205340669222121547e-02 -3.825423255657035837e-02
2.045665037442714884e-02 -3.537670102277071238e-02
1.943591797446229258e-02 -3.155597332309633546e-02
1.666277779730458361e-02 -2.740255959244699765e-02
1.125420867694136920e-02 -2.364519794542465150e-02
1.106388302712549808e-02 -2.036982730348319698e-02
1.247824319779795334e-02 -1.654748692116702127e-02
1.198650968816373889e-02 -1.610952653352569139e-02
1.046331074057227882e-02 -1.611489335942231996e-02
8.136053741158187635e-03 -1.481695596889284934e-02
5.400115461478976163e-03 -1.162715119965028812e-02
2.421212583923042141e-03 -7.045904136482413448e-03
1.176670448676498835e-03 -1.606413214704706816e-03
