-4.648699748538568863e-03 -1.743691909208922031e-03
-1.320161037115121644e-02 8.969205266192944483e-04
-1.556216787086629402e-02 2.858461956969407763e-04
-2.025512027162253148e-02 -1.173127726733908910e-04
-2.694172558662090780e-02 -2.498189445343692531e-03
-2.924405661304204512e-02 -9.747945231308239970e-04
-3.083031421202278577e-02 -3.975453813684077359e-04
-3.356020549094825695e-02 -2.624824102303326937e-04
-3.877915244248116011e-02 -1.854961181837629829e-03
-4.295006373454172965e-02 -2.061627973376574559e-03
-4.450625745890244428e-02 -1.688992719533118363e-04
-4.826003596151642178e-02 -1.593516270274693367e-03
-5.155824311103022334e-02 -8.108110161576052421e-04
-5.391976627694830548e-02 -1.670099919768653577e-03
-6.006889313464029712e-02 -7.190723005263139202e-06
-6.474068487549070050e-02 -1.328830734483577936e-03
-7.004720152171584058e-02 8.031669084082649861e-06
-7.357199477914093400e-02 -2.640806954926308252e-06
-7.828452287065039428e-02 8.850328793310142592e-04
-8.091591913049443752e-02 8.211137590911592307e-04
-8.354731539033849463e-02 7.571946388513042022e-04
-9.019339931119921272e-02 2.298018962889981920e-03
-9.908679835295541860e-02 4.968813465286459627e-04
-9.969964978057148375e-02 -3.770035050066804574e-03
-1.001849079806891168e-01 -7.168668551068030186e-03
-1.022007479418491765e-01 -8.476149841408601310e-03
-1.034044787066847743e-01 -1.154920435408565184e-02
-1.074853911103156590e-01 -1.406470624948237547e-02
-1.089493182157010992e-01 -2.011533808809294957e-02
-1.075754579470340339e-01 -2.414197746051089874e-02
-1.067286186161557210e-01 -2.960618126531439770e-02
-1.046103981421219326e-01 -3.989096075483247739e-02
-1.059512139877706038e-01 -4.619030502746319933e-02
-1.059867856092750610e-01 -4.887087304780892566e-02
-1.058234058037507835e-01 -5.145303682634222442e-02
-1.075641778853703989e-01 -5.844583033897305518e-02
-1.077052164082644564e-01 -6.266494772533230673e-02
-1.083377042474428231e-01 -6.564106152373137826e-02
-1.066663668683164035e-01 -6.976818796844584669e-02
-1.085282581564577242e-01 -7.601580984521924544e-02
-1.066338509709786192e-01 -8.021833931670328821e-02
-1.072678323941513440e-01 -8.356668389292176702e-02
-1.062717413145373019e-01 -8.895700891929923804e-02
-1.083124804211628156e-01 -9.646985148741063498e-02
-1.091302594354529171e-01 -1.023245497313303720e-01
-1.111990703634833516e-01 -1.106564126572653350e-01
-1.111849116423456185e-01 -1.133123644369556926e-01
-1.128560340649506361e-01 -1.153162526867144710e-01
-1.143301357850436545e-01 -1.177180143419601366e-01
-1.124257689413783734e-01 -1.194383993023358514e-01
-1.092445125997839050e-01 -1.246141199886631745e-01
-1.114404489504412510e-01 -1.336901281634434724e-01
-1.107816056657425774e-01 -1.365224378470714650e-01
-1.119607809107318885e-01 -1.396452527588506465e-01
-1.156180865039394545e-01 -1.417652503295781519e-01
-1.149572818303748745e-01 -1.441011915886378503e-01
-1.149485707432017778e-01 -1.481223532706312518e-01
-1.131581362672286206e-01 -1.534910498322313022e-01
-1.146568542279770425e-01 -1.558430811448347775e-01
-1.143136609377655571e-01 -1.569118096593413725e-01
-1.116822646779215000e-01 -1.568478905391015310e-01
-1.089032016384943458e-01 -1.570824442519839215e-01
-1.071480258227557325e-01 -1.588766779343257773e-01
-1.052854517732214612e-01 -1.586359331052767108e-01
-1.022847217341670140e-01 -1.593181512870972816e-01
-1.000416129037026980e-01 -1.632241693143249572e-01
-1.009228131769012021e-01 -1.663233943724608255e-01
-9.934623233129658004e-02 -1.631276964049185318e-01
-9.345350260778576001e-02 -1.606443105502767532e-01
-9.000458018200178933e-02 -1.609808455273392946e-01
-8.605325305908441413e-02 -1.598300857293740718e-01
-7.853005097620398278e-02 -1.716506489930286483e-01
-6.884403214145294603e-02 -1.888414030101669694e-01
-6.672975788202055447e-02 -1.877329338676642090e-01
-6.379045704865940469e-02 -1.851632196618636650e-01
-6.021593344859207247e-02 -1.851279309451692723e-01
-5.703371144079460303e-02 -1.900554370588078967e-01
-5.384050338779883954e-02 -1.922525540321896320e-01
-4.792820520101442189e-02 -2.034460770906305060e-01
-4.848980203764475388e-02 -2.073160556914821484e-01
-5.269233150912878971e-02 -2.092104628769612673e-01
-5.573924553280690253e-02 -2.076841408996794869e-01
-5.830895973860748815e-02 -2.047448400663183510e-01
-6.109751463134923538e-02 -2.068682932177954015e-01
-5.929260847296838333e-02 -2.086379106594818678e-01
-5.566069988655774486e-02 -2.128473512924649869e-01
-5.193228833428078367e-02 -2.177522332186633547e-01
-4.815560996689605133e-02 -2.230047904028348293e-01
-4.724456861096780480e-02 -2.248452988470693303e-01
-4.681106286316737836e-02 -2.219676800677516659e-01
-4.327686852969663683e-02 -2.195989700630040509e-01
-3.990334913068222661e-02 -2.201585748464192360e-01
-3.864559818298387434e-02 -2.221990310482347131e-01
-2.657489624171420137e-02 -2.265664417446062728e-01
-2.327052864038293284e-02 -2.319908748649537333e-01
-1.919360034318224814e-02 -2.304682913732315486e-01
-1.627228749378745523e-02 -2.323664370442702909e-01
-1.276193586231016627e-02 -2.359549044089539749e-01
-8.476439497624426583e-03 -2.381067423431059149e-01
-6.915265944170624797e-03 -2.387583987889750070e-01
-4.209990905900511116e-03 -2.388437314174708948e-01
-2.305654118695143421e-03 -2.405640556570375066e-01
1.956589991039245683e-04 -2.419889555601689446e-01
3.377383145569963930e-03 -2.470405385997473946e-01
3.089114983615163720e-03 -2.508371362835044582e-01
3.899171405915430929e-03 -2.530991987641381669e-01
1.839324413408273363e-03 -2.591970710308443837e-01
-1.745158844845222552e-03 -2.617145042586471182e-01
1.089885766310580385e-03 -2.665662002614537229e-01
1.672643262846738648e-03 -2.636147027037100132e-01
1.260551023302314017e-03 -2.611556501849134904e-01
2.734652743395335917e-03 -2.587538885296678526e-01
5.837616287090813261e-03 -2.525112464819875280e-01
6.864337050945039723e-03 -2.440759087078780420e-01
6.605947863548783730e-03 -2.404260728583101081e-01
4.900502390452356367e-03 -2.386072229353129182e-01
2.481594238190944560e-03 -2.352217824892464115e-01
2.892475798551095729e-03 -2.317979741654492554e-01
2.917320519274966498e-04 -2.304223674644376718e-01
-3.870958786811816085e-03 -2.223881966054834236e-01
-3.013876892937251886e-03 -2.191151642787655396e-01
-4.685214272063677188e-03 -2.149880378340510712e-01
-4.052726432885307879e-03 -2.120119240356520274e-01
-5.708350786070548986e-03 -2.101684885363486188e-01
-8.898601119648201843e-03 -2.072266977884409112e-01
-1.029309352254046718e-02 -2.021574096697061895e-01
-8.695880542710648572e-03 -2.000043604484806614e-01
-7.147869379842401727e-03 -1.977517597647017455e-01
-4.059845323426183698e-03 -1.952323344836839336e-01
-5.356106481416240874e-04 -1.953457689900445771e-01
1.020583076219087068e-03 -1.972384976914678678e-01
2.097249139236892230e-03 -1.949095583711762392e-01
2.771885370553898412e-04 -1.907321430016790664e-01
1.183532968700636142e-03 -1.875586320810546659e-01
4.990777206836710580e-04 -1.849247459066640509e-01
2.060504122487659233e-03 -1.793212500113110230e-01
1.548920533309619844e-03 -1.769115207510942589e-01
1.932695938467836111e-03 -1.740585182124319841e-01
1.719555125952159074e-03 -1.715010614518230614e-01
3.292182529475782497e-03 -1.692981911106863635e-01
5.442556936093279583e-03 -1.653849862446291064e-01
5.656478514750479594e-03 -1.615632744588851866e-01
6.040253919908695861e-03 -1.587102719202228840e-01
4.740740234539213803e-03 -1.547087466497918118e-01
6.984414874623672519e-03 -1.461045814361933981e-01
1.114163525041804610e-02 -1.431178252182152000e-01
1.239515707870494227e-02 -1.400201244084228747e-01
1.413813617006103550e-02 -1.386618863884280239e-01
1.254117543069208779e-02 -1.345599347665094592e-01
1.312393292722823825e-02 -1.316084372087657772e-01
1.271184068768381990e-02 -1.291493846899692544e-01
1.299612474320842141e-02 -1.263457054098867383e-01
1.288247528032635501e-02 -1.237389253906980707e-01
1.232660898247075684e-02 -1.199886024688336522e-01
1.269622566649122354e-02 -1.144796481504810060e-01
1.276039763508125466e-02 -1.108558920691029293e-01
1.480113674170676664e-02 -1.033430495009915184e-01
1.886188420809472091e-02 -9.966091271060721624e-02
2.221022878431319625e-02 -1.002948941337799271e-01
2.641275825579723555e-02 -9.840048694830082210e-02
3.243581613433432764e-02 -1.005593574855700584e-01
3.424221648459882528e-02 -1.019565926513590348e-01
3.998522665450238156e-02 -9.967122322189216066e-02
4.288740095366633254e-02 -1.001544893687947024e-01
4.465701839535279882e-02 -9.834958321041384344e-02
4.394642265833692552e-02 -9.603828824846941115e-02
4.179337343711141128e-02 -9.444107526863959601e-02
3.954077275333248154e-02 -9.289306410577136131e-02
3.702134747231466266e-02 -8.980504004935511986e-02
3.713478197867535469e-02 -8.628080537407056827e-02
3.493191163753863598e-02 -8.470817797054694398e-02
2.903918191402780208e-02 -8.719156382518875037e-02
2.554205339394516328e-02 -8.650732353369318395e-02
2.354815485883245824e-02 -8.235411732078888603e-02
2.437962478938874092e-02 -7.927950850330839350e-02
2.232802830666274010e-02 -7.713660384033053929e-02
1.729782811099112028e-02 -7.498174746595140383e-02
1.554265229525247927e-02 -7.318751378360954796e-02
9.423404412119029683e-03 -6.407817105352114906e-02
4.262691161359672895e-03 -5.115010431356682707e-02
5.909197343309338137e-03 -4.909648572116583065e-02
5.474450251975441877e-03 -4.609133443515883027e-02
5.513508118578640260e-03 -4.254192493707834033e-02
7.381559858537433197e-03 -4.093603092653531200e-02
5.194187586820527350e-03 -3.551607977394947990e-02
1.998957424149787766e-03 -3.381536128159596394e-02
-1.079291874141730155e-03 -2.772168807784129024e-02
-1.980916009432286758e-04 -2.462246301970542200e-02
-9.086572814991934191e-04 -2.231122877857008927e-02
9.151724705911216387e-04 -1.936471104991948841e-02
4.226296997709200025e-03 -1.692059801840226432e-02
4.510581053233805003e-03 -1.411691873831973434e-02
4.396931590351736870e-03 -1.151013871913105814e-02
4.371817488364905871e-03 -1.158448530242865010e-02
1.432516655003768236e-03 -1.415419950822922011e-02
-2.142006945063550105e-03 -1.418948822492360935e-02
-4.560915097324957576e-03 -1.080404777885712875e-02
-3.295939418968239342e-03 -4.851820182058985687e-03
6.864473012320351612e-04 -2.137426972553319558e-03
