-3.197639489602736342e-03 -2.103283253443292457e-03
-3.959710427679415286e-03 -4.709380783222325527e-03
-1.074617440439574675e-02 -9.544677622127767380e-03
-1.469646140105870281e-02 -1.040961040960913797e-02
-1.663631272834143263e-02 -1.094272136503830067e-02
-2.201229768399225184e-02 -1.039302053525783739e-02
-2.642058067543040165e-02 -8.773411893456286442e-03
-2.816357363500034128e-02 -7.629374029894521285e-03
-3.062178567482345265e-02 -6.150964543937847105e-03
-3.287295441822266767e-02 -3.669663602215107300e-03
-3.562693743795763285e-02 -3.623931212018421423e-03
-3.962499040108023729e-02 -5.263206190599716006e-03
-4.999711440683014124e-02 -3.047250220184874719e-03
-5.210039766027343977e-02 1.503892694178608639e-04
-5.372648727719535333e-02 -6.715482247722380418e-04
-5.303303227222430638e-02 -2.196398850571047202e-03
-5.409223371245155954e-02 -8.774219954012873676e-03
-5.384128101410025347e-02 -1.226165283906186475e-02
-5.378350078229898051e-02 -1.451423385274898913e-02
-5.489912293208877581e-02 -1.630042746460088135e-02
-5.601474508187858498e-02 -1.808662107645277878e-02
-5.695985630584338155e-02 -2.013215879371601374e-02
-5.887129191935415451e-02 -2.070847040142713771e-02
-6.164005987759910848e-02 -2.073435437728436692e-02
-6.548009517010387748e-02 -2.233158286683173746e-02
-7.334270787934976665e-02 -2.026027189881264221e-02
-7.965255763967965530e-02 -1.066735343000443925e-02
-7.875831831122115378e-02 -5.250494200995705837e-03
-8.145385227413361184e-02 -3.994688483259247976e-04
-8.334705710258351330e-02 -3.447237450941482311e-04
-8.457775437774907312e-02 -4.497195921342224574e-03
-8.599933243616181278e-02 -7.041809265729244600e-03
-8.700125703524255738e-02 -9.000858234758157828e-03
-8.421258268560596894e-02 -1.502874986799786726e-02
-7.938629855973559912e-02 -2.095443565342913761e-02
-7.725439423352967183e-02 -2.184266270180083153e-02
-7.672474717707933323e-02 -2.434204181764293429e-02
-7.790088665557581837e-02 -2.895383481528371328e-02
-7.979986370950063745e-02 -2.983148426939091422e-02
-8.510078645254666452e-02 -2.873712803323147033e-02
-8.615241073145771256e-02 -2.713833466245469186e-02
-7.947308730084991224e-02 -3.729296710702673795e-02
-7.965469203501915341e-02 -4.576979996001458856e-02
-9.215311216663181482e-02 -5.566222187275935568e-02
-9.662789007124225615e-02 -6.015322026759865881e-02
-8.516991915171320815e-02 -6.307882845178244824e-02
-7.560403359300726933e-02 -6.576320540029546857e-02
-7.548039116819901806e-02 -6.896287846616117045e-02
-7.675201546477165848e-02 -7.277084683935242104e-02
-7.806658230658640452e-02 -7.425458313718141801e-02
-7.881269609047708569e-02 -7.660254347284634058e-02
-8.012498930141695452e-02 -7.771336025384655011e-02
-7.911656567478789204e-02 -7.934056933839529757e-02
-7.966375281908159856e-02 -8.199107443175350507e-02
-7.869852984473446611e-02 -8.364669923007420071e-02
-7.902964292714122208e-02 -8.615500361528100060e-02
-7.832369466696301186e-02 -8.798124483552507979e-02
-7.839555108762881475e-02 -9.031902024247888405e-02
-7.794885948919154373e-02 -9.231579044097594500e-02
-7.776145924811643517e-02 -9.448303686967679527e-02
-7.757405900704129886e-02 -9.665028329837763166e-02
-7.754143594902383751e-02 -1.006527489647364298e-01
-7.917026266285116798e-02 -1.065528668584025118e-01
-8.077832685370291144e-02 -1.090963607351627257e-01
-8.241407995625316119e-02 -1.161153065705575888e-01
-8.395604189948602247e-02 -1.172533321540325524e-01
-8.450322904377972899e-02 -1.199038372473907599e-01
-8.607360670078455234e-02 -1.209986621785837796e-01
-8.673449139578731648e-02 -1.234763119147649635e-01
-8.427996525712695697e-02 -1.278667220910744140e-01
-8.382656927215066667e-02 -1.310971372496361198e-01
-8.197241049978638838e-02 -1.351395977763379108e-01
-8.122922111936384248e-02 -1.402223434899916021e-01
-8.412460865393436849e-02 -1.444792951449229701e-01
-8.719836566411695578e-02 -1.474296911187681358e-01
-8.670850810901893635e-02 -1.493979928554440284e-01
-8.496892630037863881e-02 -1.511015238119439719e-01
-8.503312953024809440e-02 -1.568391238880856575e-01
-7.998634199606134698e-02 -1.642294010776489122e-01
-7.733592434637354129e-02 -1.647765701695146356e-01
-7.523264109293024970e-02 -1.679742096591173850e-01
-7.657053689125650764e-02 -1.755400845317660885e-01
-8.219493757834089864e-02 -1.803539447936717000e-01
-8.457868543010331475e-02 -1.853886317382046622e-01
-7.956107510738318067e-02 -1.882170029165201874e-01
-7.508694797536601129e-02 -1.907837910541707038e-01
-7.462571149303062756e-02 -1.950615052320776588e-01
-7.593819201053322865e-02 -1.985248476629204728e-01
-7.716752976346005766e-02 -2.001382733612657450e-01
-7.586145419159766312e-02 -2.046650245765813114e-01
-7.044291935625815460e-02 -2.122440962250796426e-01
-6.844382277883703791e-02 -2.114244504141923608e-01
-6.320093837463217068e-02 -2.126188734257989099e-01
-6.004603084227783105e-02 -2.174153062861784169e-01
-5.736831694644487639e-02 -2.181921621627651020e-01
-5.246252320911235639e-02 -2.251798972104304131e-01
-4.717081853809208802e-02 -2.277660883488178134e-01
-4.485592667404720429e-02 -2.292149099053265027e-01
-4.281038895678396933e-02 -2.301600211292913201e-01
-3.761347699738766537e-02 -2.364609875060966204e-01
-3.241656503799136835e-02 -2.427619538829019485e-01
-3.037102732072811950e-02 -2.437070651068667382e-01
-2.884409037061715780e-02 -2.449932162349095222e-01
-2.653007791958721107e-02 -2.442759635783933736e-01
-2.536755116392472656e-02 -2.395492661187463568e-01
-2.379600129124388730e-02 -2.382679203594931239e-01
-2.270164505508447117e-02 -2.329669976164470968e-01
-2.111648245956966596e-02 -2.318005563192001850e-01
-2.045559776456689141e-02 -2.293229065830190150e-01
-1.905574908581504981e-02 -2.279688249900850561e-01
-1.782505181064950039e-02 -2.238163528138369662e-01
-1.536639435722380112e-02 -2.205895888608168376e-01
-1.367310107748416319e-02 -2.181757843845729128e-01
-1.261429230281030378e-02 -2.163031020244867153e-01
-1.144183872547657917e-02 -2.146033097171987092e-01
-1.141318295709273234e-02 -2.122939500240168531e-01
-1.180974751452510720e-02 -2.091499361700190629e-01
-1.017514857522286431e-02 -2.023174237190139835e-01
-8.617229477804001780e-03 -2.009212609414249284e-01
-7.522873241644573508e-03 -1.956203381983789014e-01
-5.924079870867790705e-03 -1.945687139194678394e-01
-5.291610889636976477e-03 -1.920478635310046978e-01
-1.184220330992332652e-03 -1.889747572934153963e-01
1.988243932398613828e-03 -1.886214461363141526e-01
3.928095259681348844e-03 -1.880883351808849968e-01
4.901604144990156543e-03 -1.860860855595741215e-01
6.809852018989917197e-03 -1.837165665076177790e-01
9.770825587099584569e-03 -1.827594421376695921e-01
1.261353629032250373e-02 -1.823753888878723584e-01
1.566329028996930883e-02 -1.809884441823090828e-01
1.841727330970428442e-02 -1.810341765725057284e-01
2.150581525839684663e-02 -1.780121642326066567e-01
2.367857057652972969e-02 -1.676684559406287356e-01
2.527741669535569016e-02 -1.666167969660964920e-01
2.787100291749958561e-02 -1.670775647533982722e-01
2.961190955275739070e-02 -1.662419964839462194e-01
3.411241882228355227e-02 -1.668723444452436533e-01
3.642731068632842212e-02 -1.683211660017523981e-01
3.847284840359165015e-02 -1.692662772257171599e-01
4.660438126020682165e-02 -1.649700508742785177e-01
5.376957167484806149e-02 -1.592046858569581280e-01
5.471468289881286501e-02 -1.571591481396948931e-01
5.600083402685565592e-02 -1.556322111895839522e-01
5.620231045679531523e-02 -1.532091011976438322e-01
5.544068493232120337e-02 -1.511100252884460815e-01
5.656228466657660381e-02 -1.460388240257421977e-01
5.816113078540256082e-02 -1.449871650512099541e-01
5.873671559104026718e-02 -1.423799480538041062e-01
6.022186415915715962e-02 -1.411554337220947974e-01
6.096797794304784079e-02 -1.388074733864299026e-01
5.531353868390989637e-02 -1.368932659803925034e-01
5.115549964117760418e-02 -1.342423501690529208e-01
4.874169516493365856e-02 -1.325490568893132604e-01
4.584580423970836816e-02 -1.299346553961445994e-01
4.441357255755096212e-02 -1.249337109772559323e-01
4.481194205082464355e-02 -1.208335049143740847e-01
4.414919444292837031e-02 -1.189788479803580434e-01
4.426657789480019367e-02 -1.162397026471822664e-01
4.246692417105580458e-02 -1.126565976374944017e-01
4.410844949908098583e-02 -1.047052572447605551e-01
6.009659419904548466e-02 -9.418887567316530651e-02
5.946017598060904241e-02 -9.039781325841741988e-02
5.689848601440918030e-02 -8.942085852655776157e-02
5.307044058645681017e-02 -8.444812446245035520e-02
5.207585309408038071e-02 -8.058311930272449297e-02
5.104707766245707851e-02 -7.760730804805565652e-02
4.920284571176403166e-02 -7.659175267371293172e-02
4.600317264589833671e-02 -7.671539509852119687e-02
4.108674856625211397e-02 -7.375857612660784157e-02
3.730074962733367222e-02 -6.894385973311829841e-02
3.495278929166875659e-02 -6.819774594922763111e-02
3.372827495995947555e-02 -6.671259738111071091e-02
3.106419183938849415e-02 -6.605055852285991735e-02
2.790928430703415453e-02 -6.125412566248040341e-02
2.929155297331838617e-02 -5.347331424799953853e-02
3.089611856957007185e-02 -5.148929541174952079e-02
3.167070081528189363e-02 -4.918450103274535357e-02
3.109438920757076966e-02 -4.727306541923458755e-02
2.572717691034314552e-02 -4.993670312620299145e-02
1.918887055802051891e-02 -5.176108666255658380e-02
1.558894703355969032e-02 -5.165271592371985243e-02
1.359217683506263805e-02 -5.209940752215711651e-02
1.141707185657473908e-02 -5.123959618755739159e-02
1.001970216768844311e-02 -4.986814517014953596e-02
7.585340527459608420e-03 -4.917886281380279279e-02
6.447314943984645656e-03 -4.763690087056993844e-02
3.796809850626432954e-03 -4.708971372627623192e-02
-2.414092601883178774e-03 -3.774131972874814750e-02
-1.632173249467048148e-03 -2.961247122098919701e-02
-2.528127429132254899e-05 -2.725549817228918592e-02
8.061143465364463759e-04 -2.503719254151932916e-02
4.109558141439972716e-03 -2.205950032152902487e-02
7.688010393279757181e-03 -2.100575502268462597e-02
9.315272225877678849e-03 -1.999729670043433327e-02
9.214273289366473746e-03 -1.777321884418956929e-02
5.924905683327491221e-03 -1.616055464353893453e-02
-3.481664227886052459e-04 -1.452940155078756221e-02
-8.743329370668530580e-04 -1.147063483810566512e-02
1.051624278911041533e-03 -1.598793370776775647e-03
