-2.358726919977636397e-03 -1.018994353352215389e-03
-2.935401802158372087e-03 -3.271097277766242019e-03
-3.137939249853237238e-03 -5.875639172983080326e-03
-5.069297160574370159e-03 -8.974576142620352762e-03
-8.112918365750267091e-03 -1.283605152490740163e-02
-3.303511297877645587e-03 -2.700958818879535886e-02
1.864665006541137474e-04 -3.960914875857881462e-02
-2.793877439065211004e-04 -4.318839847011034239e-02
-1.600058404174526001e-03 -4.695079546298428635e-02
-3.171681357168480535e-03 -5.218824846341732493e-02
-3.265695832810974579e-03 -5.806919546642976687e-02
-3.556570644957373750e-03 -6.235446304831973596e-02
-3.887679905258586196e-03 -6.284804746846005263e-02
-4.008831668838717943e-03 -6.298955879947829017e-02
-4.271949375593168258e-03 -6.330875721826130509e-02
-4.979722620660608640e-03 -6.441431385623229422e-02
-5.213700293520598383e-03 -6.483085361139465097e-02
-5.523046972160062726e-03 -6.537925795588088451e-02
-3.785848992618925934e-02 -6.463957212595670965e-02
-3.864792473942223194e-02 -6.622985171244182012e-02
-3.921756454801556685e-02 -6.718110296505011569e-02
-3.984982442963496546e-02 -6.820415559936836292e-02
-4.041265479357895180e-02 -6.914609925283674019e-02
-4.097218427757986364e-02 -7.019014864116493446e-02
-4.153209293349723052e-02 -7.122914061045533540e-02
-4.482599056892054568e-02 -7.295219191214619148e-02
-4.527645850801537142e-02 -7.602366717265826579e-02
-3.829845370953810502e-02 -8.823506636108024992e-02
-3.832920769517998705e-02 -8.981696096606386903e-02
-3.846661429055039938e-02 -9.197518919892692935e-02
-3.854491130954657008e-02 -9.320848250666126378e-02
-3.908365315567725179e-02 -9.499317504554484481e-02
-4.155981339614556180e-02 -1.014786887218764311e-01
-4.346704830110616896e-02 -1.055134940509812186e-01
-4.361021884706463986e-02 -1.056868696749651559e-01
-4.387057625640316399e-02 -1.059753967593492774e-01
-4.477291214487855858e-02 -1.066802140603104465e-01
-4.625589942073500549e-02 -1.070263528548178467e-01
-4.754391959709775017e-02 -1.071606755884861734e-01
-5.013824136461427633e-02 -1.083233865205960877e-01
-3.770361233959418357e-02 -1.236285126641781112e-01
-3.833578794615587204e-02 -1.245668727243351426e-01
-3.864607122125601757e-02 -1.249218575549921467e-01
-3.894023685537003482e-02 -1.252087624212759043e-01
-5.167402863295172954e-02 -1.241571226868451588e-01
-5.720281841497845687e-02 -1.255563873207058978e-01
-5.724284309342364541e-02 -1.255924033160962239e-01
-5.765363444177690200e-02 -1.259856517417847765e-01
-7.263405799812898411e-02 -1.243456723608342002e-01
-7.259623409539829597e-02 -1.248355951824351023e-01
-7.259355588559734951e-02 -1.249069641738336650e-01
-8.369930960907297213e-02 -1.227013187975111719e-01
-8.370053215781872447e-02 -1.227010145953291026e-01
-8.370053352557066395e-02 -1.227010142550987032e-01
-8.370053450648677618e-02 -1.227010140110944419e-01
-8.370054295959471202e-02 -1.227010119083768586e-01
-8.710813119355870215e-02 -1.220816457500662339e-01
-9.389468379436854972e-02 -1.180623444714340720e-01
-9.509081280666008273e-02 -1.184175122665674235e-01
-9.585675765407025706e-02 -1.186630252930824941e-01
-9.687983227477564574e-02 -1.190030966956475422e-01
-9.770602626038317473e-02 -1.192839389947964041e-01
-1.002752547509307562e-01 -1.201699525026796722e-01
-9.025905523769374439e-02 -1.434876572249625115e-01
-9.026113685693384903e-02 -1.435039937592641479e-01
-9.027136403912183749e-02 -1.435831752078613743e-01
-9.027285856765468464e-02 -1.435946088260776077e-01
-9.027327840173687834e-02 -1.435978148815288680e-01
-9.027488341261540039e-02 -1.436100485767768664e-01
-9.041345643438934709e-02 -1.446234355225172463e-01
-9.051236315818748934e-02 -1.456359849374001814e-01
-8.985522453647394603e-02 -1.477853216029327010e-01
-8.274877463738841699e-02 -1.501938204293947754e-01
-6.631971438309117173e-02 -1.636729968301502136e-01
-5.913145137447992084e-02 -1.636554212543995801e-01
-5.774669228559252410e-02 -1.642916171995149333e-01
-5.423737416864734401e-02 -1.654088022247831857e-01
-4.089765439130006036e-02 -1.537567560000008549e-01
-4.046412327604562154e-02 -1.544365555757987729e-01
-4.034479514391828281e-02 -1.552545738803719211e-01
-4.026728630112193924e-02 -1.560697048616024873e-01
-3.983888092481310123e-02 -1.569730127376997852e-01
-3.872144851913094515e-02 -1.577662090027619479e-01
-3.603082445537424822e-02 -1.585228806219884379e-01
-3.302982836746130163e-02 -1.586340044246639380e-01
-3.229348311478266037e-02 -1.591615224508510507e-01
-3.195294841653108925e-02 -1.602481944438300665e-01
-3.165844865119944035e-02 -1.624342483007449323e-01
-3.121022031080852854e-02 -1.638949440208164465e-01
-2.990145260462283988e-02 -1.647402098981090024e-01
-2.326645445580963201e-02 -1.644313026736497763e-01
-1.483694579755351350e-02 -1.675011590075745627e-01
-1.054624205879153842e-02 -1.709776764488241119e-01
-8.269166234492615966e-03 -1.762953822948915283e-01
-6.490620645208756111e-03 -1.799574041709457728e-01
-1.110179579347736652e-03 -1.845958315578253295e-01
8.911382823442691448e-03 -1.848998245561578879e-01
1.515365617092134104e-02 -1.884895745345819273e-01
1.962807548201495750e-02 -1.945156224927766242e-01
2.160039791126635786e-02 -1.959851320455613111e-01
2.285235517338448513e-02 -1.963457481998781562e-01
2.324912840927463586e-02 -1.964132744757676463e-01
2.370587684161775191e-02 -1.964724591518237640e-01
2.436716577727238500e-02 -1.965300339952724684e-01
2.483633829751381514e-02 -1.965544888753449071e-01
2.528288516353862161e-02 -1.965672615389013611e-01
2.906810252060783653e-02 -1.967236363502717078e-01
3.784857324322575545e-02 -2.021485273543293659e-01
4.417267886788640852e-02 -2.077792730969017232e-01
5.222292136936836776e-02 -2.096989229228748419e-01
5.899273077374981439e-02 -2.113373776877141563e-01
6.305648848718560517e-02 -2.112950545974512095e-01
6.462912116991102740e-02 -2.103979443047403752e-01
6.811316426344933561e-02 -2.101394139731362631e-01
7.228452887095376811e-02 -2.105391766092573336e-01
7.357400003206425454e-02 -2.106949312310937017e-01
7.522256513950920098e-02 -2.108845310369522608e-01
8.315443967308482065e-02 -2.162036254952764136e-01
8.490142680694814925e-02 -2.168711981681196166e-01
8.639110791429287228e-02 -2.173261491395575284e-01
8.700490752441984721e-02 -2.175245354802415043e-01
1.041452155687998676e-01 -2.329618278439863077e-01
1.056500820538232299e-01 -2.334513985858184815e-01
1.070650498798923211e-01 -2.338438349719904885e-01
1.087440491736869214e-01 -2.342125691817253108e-01
1.106623772796823391e-01 -2.344638448010871179e-01
1.132299912143407555e-01 -2.342651176437157978e-01
1.124466847127600783e-01 -2.242646776277995024e-01
1.124466724704763915e-01 -2.242646588100052629e-01
1.124466567550442692e-01 -2.242646346534885038e-01
1.115217391775020217e-01 -2.220670697504326940e-01
1.115115981145377022e-01 -2.220264473718618348e-01
1.112982531550204823e-01 -2.210595911059755059e-01
1.091284097484470500e-01 -2.145896530635331423e-01
1.096983825842275384e-01 -2.113497460021565577e-01
1.103024938032426405e-01 -2.102311460344122584e-01
1.080045084192934601e-01 -2.050214791424270211e-01
8.995408059089324282e-02 -1.949135103070834540e-01
8.906983917241308168e-02 -1.920694292017876281e-01
8.907937738910469416e-02 -1.897826605273869593e-01
9.004571370220851301e-02 -1.890141502160389009e-01
9.136029869422666871e-02 -1.886583147792284254e-01
8.528272195065417227e-02 -1.792159279290160279e-01
8.481945615326473564e-02 -1.776864511430359672e-01
8.481850308094444901e-02 -1.776812382023812698e-01
8.481677590522694599e-02 -1.776717541262943512e-01
8.480807695250386358e-02 -1.776232474014350082e-01
7.487654780774974372e-02 -1.652118715814078209e-01
7.708463848368746207e-02 -1.501650352767383290e-01
8.040643578716559492e-02 -1.458675872576258858e-01
8.396595859487621105e-02 -1.426523526810264952e-01
8.428059701849599517e-02 -1.401311684989340056e-01
8.450392335748613259e-02 -1.390152485729149456e-01
8.457622803449965643e-02 -1.386523877014244344e-01
9.158460074748582536e-02 -1.285496138341901129e-01
8.963089313408788283e-02 -1.259553647848044855e-01
8.622181895051837797e-02 -1.250736249223315111e-01
7.934451999622581242e-02 -1.237604582438002893e-01
7.337469869696031100e-02 -1.174364737825521199e-01
7.110029562820406601e-02 -1.133028927975330696e-01
7.022912800314178028e-02 -1.104991019446063538e-01
7.002403331776327344e-02 -1.096238965720523761e-01
6.966855721245046595e-02 -1.079634550196889170e-01
6.758904197567289218e-02 -1.012684708205063844e-01
7.013773352362540070e-02 -9.672575549387306404e-02
7.080061391405474691e-02 -9.502404219393589813e-02
7.103623216708444821e-02 -9.285487616790227827e-02
7.121217031836947486e-02 -9.039027204417783568e-02
7.130917800678392149e-02 -8.841457926086770946e-02
7.135600000148882571e-02 -8.668424586112045971e-02
6.884851332927607870e-02 -7.794948193487302723e-02
5.334141217037258881e-02 -7.203653248529257036e-02
5.230029526896226577e-02 -7.047887665958743608e-02
5.132791378693347256e-02 -6.908413502290570996e-02
4.938095351467671618e-02 -6.891653993593402361e-02
4.668284522234909112e-02 -6.823498433411580300e-02
4.561714968356308381e-02 -6.485492268449100095e-02
4.530731650865345989e-02 -6.273819598246735407e-02
4.471706949084224697e-02 -5.995366464153818742e-02
3.259301928006620719e-02 -5.489136597437068582e-02
2.770471707522725174e-02 -5.081263317941083629e-02
2.651825121528417206e-02 -4.748956825899115081e-02
2.445085342650931207e-02 -4.392585427478343241e-02
1.981494858305912765e-02 -4.120795701323639454e-02
1.862824988566269199e-02 -4.062146303056266700e-02
1.770269629214876392e-02 -4.008480798107642851e-02
1.625127543032260993e-02 -3.872741927579948645e-02
1.526953079127416069e-02 -3.667260608342969019e-02
1.400629569590905454e-02 -3.401623588755552097e-02
1.264554846642486352e-02 -3.111978640526917583e-02
1.211091019472523671e-02 -2.787731859679049712e-02
1.207330664372975593e-02 -2.296290573182259084e-02
1.189241302765147064e-02 -1.821090080189065666e-02
1.079226232000809853e-02 -1.622192615020029427e-02
9.271120711912907847e-03 -1.531990780357529378e-02
7.154591018974458365e-03 -1.471626788542623049e-02
5.540371710859423940e-03 -1.455002338944334610e-02
3.321178576897274026e-03 -3.710986334460736336e-03
3.321176706105803938e-03 -3.710960282632173434e-03
