-1.095945983730579280e-03 -5.296057288257654573e-03
-2.815836308763473936e-03 -9.589278029838851566e-03
-5.417870066702457771e-03 -1.168331955847275519e-02
-5.862259765795344545e-03 -1.464608040096614973e-02
-7.399980841755152139e-03 -1.663945042039752589e-02
-8.513187335406525655e-03 -1.785589147535267263e-02
-9.253670273525780449e-03 -1.860988567880521652e-02
-1.166149885352379262e-02 -2.073664348265490814e-02
-1.442410681059462345e-02 -2.254611777105779494e-02
-1.371336624251662251e-02 -2.514281949056330553e-02
-1.368602066602414222e-02 -2.699277950992528402e-02
-1.418289092735018284e-02 -2.794025485891025312e-02
-1.456696599912551092e-02 -2.838569455677099687e-02
-2.999217741531784095e-02 -1.222272529153926000e-02
-2.980511570064024729e-02 -1.245446102852295137e-02
-2.884163971992404277e-02 -1.332201145279540352e-02
-2.720386247796117984e-02 -1.653150222444399811e-02
-2.809205133215682618e-02 -1.836522441460826729e-02
-3.093998297119917792e-02 -2.059923853539401273e-02
-3.043623430299359153e-02 -2.567418777608638028e-02
-2.740603144264737445e-02 -3.300866485342007772e-02
-2.693911665508758740e-02 -3.510621919516734857e-02
-2.666782492216723810e-02 -3.638345587528762914e-02
-2.571464219746886007e-02 -4.149008848912418002e-02
-2.583437318495854576e-02 -4.600648518251607144e-02
-2.654511649251543523e-02 -4.776428021706270038e-02
-2.742928803697007242e-02 -4.933103302498922926e-02
-2.787003423940365848e-02 -5.045595513013453881e-02
-2.949627868235059694e-02 -5.370718726111199659e-02
-3.195737752880752763e-02 -5.779247407712227724e-02
-3.265192518240007946e-02 -5.907801789155141953e-02
-3.399460765908304816e-02 -6.165370934858725727e-02
-3.845821056002768357e-02 -7.331777068843360612e-02
-4.212752384698417035e-02 -8.043326293303013075e-02
-4.233922330936255168e-02 -8.051107923642564224e-02
-4.288969839595907496e-02 -8.072751852399084882e-02
-4.364380331451982870e-02 -8.116763223115150416e-02
-4.702228527970573474e-02 -8.124541650768515866e-02
-5.454649631405130566e-02 -7.561410085813992377e-02
-5.037522986693069443e-02 -8.414241987157948521e-02
-5.316802619914870465e-02 -8.999856206139363046e-02
-5.330841743192431953e-02 -9.226138851044954348e-02
-5.359967682374162934e-02 -9.474230787498896800e-02
-5.386692755273043282e-02 -9.713470663587867038e-02
-5.538462248412041183e-02 -9.977544052059407476e-02
-5.706779810602628789e-02 -1.023763455003948858e-01
-6.333038193715621877e-02 -1.146133740028397741e-01
-6.553595648162600928e-02 -1.239516192978767362e-01
-6.629083293733088744e-02 -1.255536541972065434e-01
-6.694441141804340079e-02 -1.270754547218644337e-01
-6.693603450554247436e-02 -1.287174572174118736e-01
-6.728167428639592051e-02 -1.300463009125860658e-01
-6.816737124623319100e-02 -1.309087185178746948e-01
-6.863588228731223873e-02 -1.312400967063716006e-01
-6.910766625514673522e-02 -1.315327850103237550e-01
-7.226139544698313710e-02 -1.327212888260884405e-01
-7.659934905760150403e-02 -1.337693974578697820e-01
-7.851311536163328719e-02 -1.343934183277327998e-01
-8.490670885020409897e-02 -1.322471638754763867e-01
-8.657906241185110707e-02 -1.322228193014297615e-01
-8.828423850078617741e-02 -1.321691930934943970e-01
-8.993385710349545425e-02 -1.319126340577606860e-01
-9.072100333891500168e-02 -1.317195858288091881e-01
-9.039507027849885690e-02 -1.326156288108347459e-01
-9.039506978377738478e-02 -1.326156296345790686e-01
-9.039506788888761191e-02 -1.326156327896972908e-01
-8.964428406484090117e-02 -1.340393785330380172e-01
-8.964427954079606797e-02 -1.340393901219802675e-01
-8.964427481680883880e-02 -1.340394022231754245e-01
-8.964427049603478082e-02 -1.340394132915462277e-01
-8.964407170111816925e-02 -1.340399226055516979e-01
-8.964135568812346688e-02 -1.340468944262391549e-01
-8.964080893109617476e-02 -1.340483009268875481e-01
-9.451066851828741899e-02 -1.588565783030902456e-01
-9.426350869876629068e-02 -1.589604853516417560e-01
-9.395868951431554650e-02 -1.590989599735968540e-01
-9.377938559961469800e-02 -1.591840799774168480e-01
-9.363121789223734226e-02 -1.592553261405440512e-01
-9.354926185704466601e-02 -1.592946798382588458e-01
-9.351682757878530816e-02 -1.593101769918555122e-01
-9.348085500179960372e-02 -1.593272829479155384e-01
-9.337853420894082213e-02 -1.593752276678038760e-01
-9.164127367586827333e-02 -1.587338167610162776e-01
-7.722289084225567035e-02 -1.549332987468524103e-01
-6.353184797554688179e-02 -1.582493403550301603e-01
-5.889163056376971184e-02 -1.604071556403328658e-01
-5.557331496609670130e-02 -1.622070902754929600e-01
-5.502001661377566716e-02 -1.633521783795685023e-01
-5.439302443279663002e-02 -1.642668490692382743e-01
-5.325983181429818497e-02 -1.650107025909002545e-01
-4.888417330093834667e-02 -1.652089017898027146e-01
-4.289704751886173895e-02 -1.634897057649943031e-01
-4.224410556560698887e-02 -1.641475456921842879e-01
-4.180906502828878740e-02 -1.649670463892458361e-01
-4.561833434156402356e-02 -1.749219462057492180e-01
-4.497498368279934100e-02 -1.755311765640529820e-01
-4.429304746554366123e-02 -1.761231975157274143e-01
-4.366617502088507990e-02 -1.766050886108095630e-01
-4.311908260480629834e-02 -1.769452259570012398e-01
-4.265376504239280775e-02 -1.771032855822414764e-01
-4.220211222789908151e-02 -1.769179666820140662e-01
-3.889558476361412720e-02 -1.673805734370084897e-01
-3.453407314452808241e-02 -1.655244622353881367e-01
-2.999514346764248565e-02 -1.645599843238470805e-01
-2.082435056761306955e-02 -1.702165379622556374e-01
-1.962517742031311824e-02 -1.693152314812058634e-01
-1.799642007746303160e-02 -1.680148793793218853e-01
-1.639358796938014673e-02 -1.666276060179945062e-01
-1.546027421717931227e-02 -1.844375150919036199e-01
-1.331258374960902352e-02 -1.881247785315713072e-01
-1.266940280768494125e-02 -1.884483828096514824e-01
-1.244871454446958535e-02 -1.885093019501608569e-01
-1.234537907457179499e-02 -1.885252273236774911e-01
-1.214043407761416365e-02 -1.885200727286350519e-01
-1.190563344629289033e-02 -1.884163916863241806e-01
-1.154184544472373723e-02 -1.878335113614038321e-01
-1.145673824537475800e-02 -1.875825993996586560e-01
-1.142798849628973851e-02 -1.874869155129555154e-01
-1.110922742604946063e-02 -1.861087638017722423e-01
-1.048591393787292811e-02 -1.814899716778795025e-01
-1.003770621785638091e-02 -1.809588051545344412e-01
-9.845031469418607031e-03 -1.808623337633641082e-01
-9.468987763916194081e-03 -1.807112406399400406e-01
-8.780428538872789984e-03 -1.804224859680733650e-01
1.010793492639971633e-03 -1.878773102535437889e-01
3.040951592970430641e-03 -1.871235607157263059e-01
5.958751904071658660e-03 -1.866492734930061959e-01
2.127083914995103048e-02 -1.902352625530678853e-01
3.989854249057014912e-02 -1.873953781462735779e-01
4.659564926878279750e-02 -1.836408890875309563e-01
5.021176359672516881e-02 -1.810378996323336320e-01
5.226966965927310610e-02 -1.799172331196005059e-01
5.529231011915538424e-02 -1.772766112372977654e-01
5.436811522088965537e-02 -1.675414887970645139e-01
5.186030069221658073e-02 -1.617916786096137427e-01
5.152695886718439144e-02 -1.610728645873120979e-01
4.418250694990643462e-02 -1.534194819162806589e-01
3.689835154130228362e-02 -1.486970300282850765e-01
3.623221441043976421e-02 -1.448602968585486483e-01
3.636280912402646559e-02 -1.416016502198790827e-01
3.671901691822184594e-02 -1.406089319486439337e-01
3.718202828169941271e-02 -1.398665489196127543e-01
3.755820123749688266e-02 -1.394292101675525530e-01
3.890685017840533888e-02 -1.383549210297823628e-01
4.088986844282317679e-02 -1.374106627152958393e-01
6.271460386856655966e-02 -1.454285242541100698e-01
6.271504009404729740e-02 -1.454285991570711811e-01
6.271564411171355602e-02 -1.454287028995180642e-01
6.616831628698824352e-02 -1.458312669060490840e-01
6.608616141415796230e-02 -1.456311960528318961e-01
6.564221166425905640e-02 -1.447707702568491739e-01
6.465421188350918558e-02 -1.432901419330801507e-01
6.304867628014104719e-02 -1.415090193649184147e-01
6.158320213186425224e-02 -1.396495682473175570e-01
6.313954658419640431e-02 -1.326944400320793360e-01
6.070849675505208404e-02 -1.282191518650034334e-01
5.736982865529672432e-02 -1.276095540871862444e-01
5.096873049335242517e-02 -1.257499584567495776e-01
4.409223372555458320e-02 -1.198893026316745769e-01
4.121284550719561679e-02 -1.169723229065472853e-01
4.053377681985365771e-02 -1.155198499342041246e-01
4.044596335865587033e-02 -1.152911695300019301e-01
4.033136875809835431e-02 -1.149775121455890309e-01
3.149645837094061651e-02 -1.048076284807658159e-01
3.246152691232717657e-02 -1.014533048481968402e-01
3.307981337473084316e-02 -1.004845312573855454e-01
3.354385060748095448e-02 -9.975642948426573231e-02
3.393660252998053489e-02 -9.919299418549325231e-02
3.450820156283208873e-02 -9.848901665883239009e-02
3.573692773685787499e-02 -9.744259496387468189e-02
3.380877778838682624e-02 -9.359575968472688690e-02
2.488976866289614037e-02 -8.993285372485541884e-02
2.440596076117483582e-02 -8.710420489790300647e-02
2.333132352365512377e-02 -8.543981958236447627e-02
2.285215321275116396e-02 -8.502841034596521352e-02
2.071075641554697908e-02 -8.212954784127808605e-02
1.811659050446562391e-02 -7.717524798094252403e-02
1.720547301222741243e-02 -7.565495453024555228e-02
1.647392886304619927e-02 -7.322749986237456210e-02
2.056652745373911424e-03 -6.815564104226995434e-02
-1.554540587002911861e-03 -6.397061100158017710e-02
-2.657878964227112454e-03 -5.955576497598372154e-02
-3.749626367860858789e-03 -5.564172253905026733e-02
-4.744130615401862330e-03 -5.243541971113731270e-02
-4.830122652225707532e-03 -5.213015967723886451e-02
-4.858684203645351717e-03 -5.202540510278840652e-02
-5.100277142260183950e-03 -5.100804632876438510e-02
-4.963634631740392392e-03 -4.797696808020299186e-02
5.240050248197685064e-03 -3.339899738598357121e-02
4.616880896305898714e-03 -3.188932781546879175e-02
3.753708357977633778e-03 -3.055519956282169367e-02
7.830445615524504743e-03 -2.017634384659897084e-02
6.923443744498476368e-03 -1.543095590006542984e-02
6.320501436242364351e-03 -1.317193248507805489e-02
6.055959259427632670e-03 -1.222419390051900610e-02
5.972373585096097011e-03 -1.192684861605439878e-02
5.758951238532207875e-03 -3.829604408100843391e-03
3.994006477157292442e-03 -1.725947004753597067e-03
2.889669200594179380e-03 -1.167152785284532139e-03
