-2.009112692704858281e-03 -5.134116903357206947e-03
-4.815707292176769558e-03 -8.747945017189746181e-03
-5.893883982157119457e-03 -1.093424722872692913e-02
-7.706788101382401612e-03 -1.402597914952857794e-02
-1.027049486633090439e-02 -1.760574491226925622e-02
-1.093099487527791729e-02 -2.148669802637153542e-02
-1.415277796166897195e-02 -2.519166494944018522e-02
-1.739277538452037308e-02 -3.160010162558456875e-02
-2.396669940001370375e-02 -3.532673746330931147e-02
-2.539791542364107022e-02 -3.788318342003424433e-02
-2.794717720800707350e-02 -4.153446514047576255e-02
-3.072322130196364701e-02 -4.659543409546188647e-02
-3.207673559413557612e-02 -4.858129643978165851e-02
-3.278794331253753747e-02 -4.936320317504249572e-02
-3.387724353774996394e-02 -5.052006353464370825e-02
-3.564769299104635081e-02 -5.352375199832632574e-02
-3.617309737287170701e-02 -5.631252326466675701e-02
-3.792848932326609024e-02 -5.791414935875202619e-02
-4.433346325910920288e-02 -6.008239720321003480e-02
-4.631199243596871573e-02 -6.260546517796909682e-02
-4.721870685319050354e-02 -6.416977182535008040e-02
-5.504428652568094799e-02 -6.626949883679149333e-02
-6.133801672711824970e-02 -6.988718515904307482e-02
-6.352073730012081088e-02 -7.336820357449388985e-02
-6.597073351162455190e-02 -7.694390498732649186e-02
-7.017169127314677735e-02 -8.091062196871269541e-02
-7.374755843094908669e-02 -8.336197862076036302e-02
-7.584356839900410763e-02 -8.514597805315020362e-02
-8.075072931283784616e-02 -8.977630925091295566e-02
-8.797296493532270889e-02 -9.609228102548263151e-02
-9.148555090848180249e-02 -9.791354850192859893e-02
-9.304232364494857688e-02 -1.001334033269714041e-01
-1.018762115818866582e-01 -1.121597886495781515e-01
-1.049313450723331764e-01 -1.160396030219572050e-01
-1.064376781761707802e-01 -1.165743761117841032e-01
-1.087596054134907647e-01 -1.199744066158113381e-01
-1.128849723946375450e-01 -1.239199000556415603e-01
-1.163156069271550214e-01 -1.248622571087510957e-01
-1.195515609880052205e-01 -1.268483090821474202e-01
-1.201946527941704784e-01 -1.295416597089689703e-01
-1.205370335963081019e-01 -1.311935224771092479e-01
-1.211761690702689853e-01 -1.320413797961408620e-01
-1.208521729766130343e-01 -1.339063134249686704e-01
-1.219296991617260517e-01 -1.358685017269232465e-01
-1.251265802780462399e-01 -1.391610724142674782e-01
-1.287570857777549649e-01 -1.429850577380184506e-01
-1.403937183751158280e-01 -1.544614099849190014e-01
-1.462498963396010043e-01 -1.628083640426548351e-01
-1.517529895729420597e-01 -1.663462532760233148e-01
-1.545716492002519038e-01 -1.686807514635406124e-01
-1.567075887383219124e-01 -1.708123912161679803e-01
-1.612169190435029931e-01 -1.752023428564933871e-01
-1.670994193692114105e-01 -1.787771018823483271e-01
-1.686496433179427157e-01 -1.818433690199169894e-01
-1.699611540523326969e-01 -1.848188491570451064e-01
-1.732115593757113381e-01 -1.889981924438277616e-01
-1.757634164775013774e-01 -1.919061055647226510e-01
-1.776212372424325892e-01 -1.941011344073775291e-01
-1.800771768698022357e-01 -1.977418118842887429e-01
-1.854441053380524451e-01 -2.053586206912678680e-01
-1.891184561180479784e-01 -2.073190223235724938e-01
-1.911088346676165783e-01 -2.076174944690516444e-01
-1.937181739605990660e-01 -2.127238996754753642e-01
-1.975876061709642695e-01 -2.156413780078472731e-01
-2.001023267031937780e-01 -2.169015808260708333e-01
-2.026921973805766997e-01 -2.221095817479850076e-01
-2.091255321203105699e-01 -2.288358152808913082e-01
-2.074135052454493811e-01 -2.384061935798846843e-01
-2.076056507858110578e-01 -2.385867491916249528e-01
-2.080460055679643760e-01 -2.391072040060754356e-01
-2.060253702177226309e-01 -2.443065013129729623e-01
-2.068908085771323790e-01 -2.464370029931523820e-01
-2.047014633263497252e-01 -2.443523886029729253e-01
-2.008229687814757636e-01 -2.449052539018283237e-01
-1.983579274877603771e-01 -2.470976127489457053e-01
-1.969418635356595115e-01 -2.471670910798270671e-01
-1.896091128699183836e-01 -2.450883217665214275e-01
-1.812769490765941960e-01 -2.424721140629925997e-01
-1.798376080933984655e-01 -2.432261297272989287e-01
-1.793912214441085728e-01 -2.436508130805250527e-01
-1.790003167320515232e-01 -2.440539565423749113e-01
-1.783999307631474185e-01 -2.446754611640176991e-01
-1.772036378022048830e-01 -2.456283118473155114e-01
-1.630153869176902970e-01 -2.397554869906651509e-01
-1.493836904948443456e-01 -2.354992962826910063e-01
-1.475717337353206204e-01 -2.358747222191385218e-01
-1.471546696350908012e-01 -2.362062186398754260e-01
-1.468886023106530936e-01 -2.364953407831041909e-01
-1.466757469143120940e-01 -2.367457283272434709e-01
-1.459936976727377878e-01 -2.370359422124756754e-01
-1.355740268416365246e-01 -2.335353504539985359e-01
-1.241043525117032503e-01 -2.312822502217261877e-01
-1.217243406490892965e-01 -2.312782653828668045e-01
-1.210629334354410974e-01 -2.312994750280346068e-01
-1.203816533869887101e-01 -2.313369469063540906e-01
-1.183635600860857007e-01 -2.316163128209985933e-01
-1.139405122399128056e-01 -2.313645059909463786e-01
-1.113101462015828880e-01 -2.311925118772558407e-01
-1.100770622836896584e-01 -2.311868225606055482e-01
-1.092643173499998482e-01 -2.311548263708732287e-01
-1.078858878271413829e-01 -2.308404427117225211e-01
-1.085700440647578979e-01 -2.193489942246537316e-01
-1.065306508560376619e-01 -2.183929201632252570e-01
-1.033440560858456120e-01 -2.194343978046840171e-01
-1.012968116844399635e-01 -2.184365384408838706e-01
-9.934873449138037493e-02 -2.169086212033100036e-01
-9.599717973622193257e-02 -2.155195934051322426e-01
-9.195318215152877006e-02 -2.168920774672545293e-01
-8.909732057177363607e-02 -2.183012681152826928e-01
-8.599671960902233181e-02 -2.193351628758965499e-01
-8.037958839721444371e-02 -2.184013037497859744e-01
-7.584855054276287700e-02 -2.201152485338456755e-01
-7.482651513021440493e-02 -2.201988167385885153e-01
-7.250971884228821218e-02 -2.204667058751579312e-01
-6.657723093903024358e-02 -2.254150741443695927e-01
-6.415342562923503911e-02 -2.209694045549398522e-01
-6.164071016412683846e-02 -2.184520662217260545e-01
-5.995049719427124335e-02 -2.178608039793669127e-01
-5.757399097699084783e-02 -2.171335385832637022e-01
-5.507067273650340794e-02 -2.063341919359571452e-01
-5.345672307173830046e-02 -2.050737125500263214e-01
-5.251909760850768938e-02 -2.046658803400586979e-01
-4.948684477518191377e-02 -2.028737115500429677e-01
-4.631272859876338355e-02 -2.010965960507091477e-01
-4.449649454528317033e-02 -2.003592460710595657e-01
-4.300112390817347613e-02 -1.994903448608000562e-01
-3.231847022936888691e-02 -2.013995459453034875e-01
-2.699722386648664707e-02 -1.922463625631385398e-01
-2.337698649739046453e-02 -1.875110517261578402e-01
-2.061914535767064849e-02 -1.832519723166609604e-01
-1.817945460649011968e-02 -1.813322126099803366e-01
-1.658729268950331903e-02 -1.807805993590194393e-01
-1.570019696693947947e-02 -1.782193054589958914e-01
-1.090396800431643956e-02 -1.702604599901846316e-01
-3.512004753928270502e-03 -1.632283534420961579e-01
1.842120738884899488e-03 -1.578952158762075009e-01
2.551356221011913047e-03 -1.560740938882642370e-01
3.262358297126505182e-03 -1.545598784581461993e-01
4.284946723985737227e-03 -1.504586082728255614e-01
5.520804618428259807e-03 -1.462719828727193916e-01
6.782938119747083418e-03 -1.441986626453184428e-01
7.367328364483623215e-03 -1.415171392976310172e-01
8.186667780435426256e-03 -1.392381354980507246e-01
9.286248426619205659e-03 -1.360247218404760094e-01
1.034249588071699082e-02 -1.332188101022118154e-01
1.094805015121449836e-02 -1.326447650528491395e-01
1.183060829662311783e-02 -1.315998648258573933e-01
1.234100161957452438e-02 -1.260656640913830617e-01
1.621160728987701416e-02 -1.205561335235415532e-01
1.743023636149308719e-02 -1.173767852032828324e-01
1.862762730119132959e-02 -1.130000240401326100e-01
1.939283784030007216e-02 -1.075183374722130381e-01
1.981265397129838846e-02 -1.051700226287635986e-01
2.068185210774393240e-02 -1.030023132885135306e-01
2.433166608101258385e-02 -9.566846267696811623e-02
2.605235690520186012e-02 -9.212870111467999501e-02
2.598114020026895052e-02 -9.178786740607498829e-02
2.593318206445948543e-02 -9.153230892183268630e-02
2.630595528587411497e-02 -8.994057548261472079e-02
2.761703995097876743e-02 -8.560170776938312576e-02
2.773698461956256023e-02 -8.231263614845910070e-02
3.074206817647049533e-02 -7.850552118740321272e-02
3.435275710752865724e-02 -7.383774527204274574e-02
3.137300524786584138e-02 -6.250582661876551149e-02
3.287939401632661990e-02 -5.596022520706481207e-02
3.340938019272065435e-02 -5.322813988854625117e-02
3.315037885956200608e-02 -5.012100164492017812e-02
3.267304470309360248e-02 -4.607040090841250934e-02
3.437046091393984593e-02 -4.305554142310330512e-02
3.577530031343813949e-02 -4.054468772949963024e-02
3.575485421603656622e-02 -3.987336619628248369e-02
3.732512115702571465e-02 -3.655862741046398551e-02
4.074129970387816574e-02 -2.829814618959725081e-02
4.084197225559131617e-02 -2.710431530154505664e-02
4.073633775106721977e-02 -2.682799858613339056e-02
4.031325005004528922e-02 -2.608056672080773936e-02
3.983465654212149654e-02 -2.508255482825935689e-02
4.120442757502072728e-02 -2.176820651382402674e-02
4.242279733789553614e-02 -1.911802369709128535e-02
4.177264663020169994e-02 -1.858927852855362522e-02
4.125976564702876770e-02 -1.756287160206023920e-02
5.074962738270594881e-02 -1.108562740502291345e-02
4.914704904786088013e-02 -9.762210642677427233e-03
4.804968139933832316e-02 -8.335123687396497200e-03
4.777052812711173047e-02 -7.843848421718880790e-03
4.756150621594124051e-02 -7.413282167767454647e-03
4.714747637641170802e-02 -6.238414621450237910e-03
4.683435103519374004e-02 -3.666593001939226666e-03
4.644717014798830507e-02 1.406843553923244148e-03
4.052844440680398314e-02 4.952382395684187637e-03
3.315225517955788098e-02 1.077193304009378509e-02
2.902402155661854694e-02 1.151009839872551080e-02
2.857423901504764843e-02 1.183989734916599500e-02
2.815378962536742996e-02 1.220383116724996914e-02
2.545204361108575203e-02 1.136370656693365400e-02
1.458907883834336533e-02 4.748400207339831779e-03
1.008634987413654927e-02 -2.981147194569863223e-03
7.880461436830611677e-03 -3.198945360008801329e-03
4.012556286196724761e-03 -2.862080140500076770e-03
