-1.193178234886918855e-05 -1.299943613254707451e-03
-1.486901839587968864e-04 -2.507035107808061429e-03
-3.329648180354357148e-04 -3.813135942008650820e-03
-5.588315941829999790e-04 -5.286314301284000643e-03
-1.032331774710520608e-02 -6.778415125287988625e-03
-1.056216286693275989e-02 -7.248695517562288478e-03
-1.080909498901996314e-02 -7.644905665899787151e-03
-1.164683415026725351e-02 -8.524083521360055829e-03
-1.212481964556596549e-02 -9.968366263703320670e-03
-1.259951723932988855e-02 -1.217622691267709195e-02
-1.309325554053709754e-02 -1.457704065158771725e-02
-1.368762784085690055e-02 -1.680504819378795742e-02
-1.393296228234841908e-02 -1.728586011803082828e-02
-1.402100724782306962e-02 -1.740491726508318696e-02
-1.452414661231657411e-02 -1.829561801163879717e-02
-1.481287305304650019e-02 -2.001213174849827275e-02
-1.506550767461736426e-02 -2.198884706594193134e-02
-1.534993246407396691e-02 -2.397255642342891249e-02
-1.562168264188242180e-02 -2.568406213988925352e-02
-1.586160950857308169e-02 -2.756389057154372269e-02
-1.557090419195325190e-02 -3.060935660221508411e-02
-1.564040473979483661e-02 -3.228335599780527559e-02
-2.688914594700792665e-02 -3.406444813001514860e-02
-2.684368255603798714e-02 -3.526196134829181345e-02
-2.694070287978763897e-02 -3.669237951034336198e-02
-2.704316594484693775e-02 -3.757625851779609893e-02
-2.711944799635368844e-02 -3.810938588636038349e-02
-2.723450769121856310e-02 -3.879000443591705538e-02
-2.775713962444619626e-02 -4.075233509583945507e-02
-4.024782553159991089e-02 -4.399186464133961888e-02
-4.090895210542044858e-02 -4.500790095599110918e-02
-4.167179294126865247e-02 -4.629987494479526067e-02
-4.267637003116829530e-02 -5.380992227364135572e-02
-4.715010114115471274e-02 -6.160468666814101352e-02
-4.745519913589087840e-02 -6.220983822303167987e-02
-4.865590768451585196e-02 -6.454437794826803354e-02
-5.051024725849982688e-02 -6.772405423023904192e-02
-5.110649584850589233e-02 -6.864816055308173293e-02
-5.152621145962119065e-02 -6.929471113079441191e-02
-5.295149863705563009e-02 -7.645821468661984088e-02
-5.424820036893714115e-02 -8.179477750779572121e-02
-5.463433412956082702e-02 -8.348406873902336489e-02
-5.449921268401002050e-02 -8.639253312249026151e-02
-5.473215559951617737e-02 -8.945526313471559299e-02
-5.474277840817823315e-02 -9.210176069971527657e-02
-5.512619977514907066e-02 -9.388596567796717030e-02
-5.766187206272923443e-02 -1.088866591319936489e-01
-5.655060432600101522e-02 -1.196936979435912624e-01
-5.649060669983682614e-02 -1.208092743606452996e-01
-5.648930587002778253e-02 -1.219843922589385343e-01
-5.657949139569807412e-02 -1.231852809272846738e-01
-5.673978611392273969e-02 -1.242939621238875331e-01
-5.688393967474388024e-02 -1.250596281235856755e-01
-5.533819415549811466e-02 -1.307478201329757006e-01
-5.273846662309194383e-02 -1.375823623278209784e-01
-5.290950330069307123e-02 -1.396431396755530574e-01
-5.338362405173702196e-02 -1.407077872973454269e-01
-5.350309491902605769e-02 -1.408741834009646920e-01
-5.396075659946251296e-02 -1.413459404505574002e-01
-5.483250476681889723e-02 -1.418036047763784058e-01
-5.558994574091741941e-02 -1.419020094044897706e-01
-5.633160855453955840e-02 -1.418348623966648181e-01
-5.900744566125901841e-02 -1.434034854249960911e-01
-6.006093819104821319e-02 -1.541195554951442226e-01
-6.024827230299380915e-02 -1.559116571439909671e-01
-6.032771392630701529e-02 -1.569783498743408945e-01
-6.224200391781479352e-02 -1.767742336246773405e-01
-6.299939195952397597e-02 -1.778610194897287389e-01
-6.329459067712905895e-02 -1.782356615694977442e-01
-6.556327568618440516e-02 -1.855445115273812451e-01
-7.141491381660661220e-02 -1.992880100976373858e-01
-7.544386274603732956e-02 -2.066669586131628378e-01
-7.544386275586853485e-02 -2.066669586301601858e-01
-7.544386275670073028e-02 -2.066669586315990070e-01
-7.544386275943480713e-02 -2.066669586363259759e-01
-8.035063369645370490e-02 -2.218688389710715414e-01
-8.034907758939430211e-02 -2.218771253404934751e-01
-8.033718961550993798e-02 -2.219451725447539325e-01
-8.058762930430561633e-02 -2.243343608869711459e-01
-8.200613515329667480e-02 -2.293915289397866486e-01
-8.287926861840735904e-02 -2.365393464074196372e-01
-8.515413883844877296e-02 -2.421837190844170207e-01
-8.681597621119185870e-02 -2.465519128306216945e-01
-8.720831870316529677e-02 -2.481348793609828018e-01
-7.997895000148343148e-02 -2.341243645879266533e-01
-7.997894974764559184e-02 -2.341243643057414059e-01
-7.997894966379935633e-02 -2.341243642125316049e-01
-7.997894951494062543e-02 -2.341243640470490328e-01
-7.997894893523121995e-02 -2.341243634026003995e-01
-7.997893859834701025e-02 -2.341243519113431204e-01
-6.282147263621619404e-02 -2.062364638712307630e-01
-6.318502185505557589e-02 -2.118497390117050072e-01
-6.408667254545946657e-02 -2.165243137437764254e-01
-6.608321487635886171e-02 -2.239149158788965865e-01
-6.685915769494361893e-02 -2.311017283813238954e-01
-6.670179409605925258e-02 -2.312123936228040466e-01
-6.634009090787741647e-02 -2.314061535516818147e-01
-6.532398161882291276e-02 -2.339980196365060994e-01
-6.421199135781888168e-02 -2.418216419342598400e-01
-6.415035335277222139e-02 -2.421136946906745913e-01
-6.414646311285795988e-02 -2.421319233043604524e-01
-6.414466832749619873e-02 -2.421403475913220804e-01
-6.551755227493083478e-02 -2.566354939234669619e-01
-6.551755440876709524e-02 -2.566355159340416026e-01
-6.551755583847575226e-02 -2.566355306816546222e-01
-6.551755703608641568e-02 -2.566355430352311173e-01
-6.551755819915457135e-02 -2.566355550325666313e-01
-6.551756041543763120e-02 -2.566355778942684407e-01
-6.673042914907885426e-02 -2.858890786215015356e-01
-6.656736718707470524e-02 -2.875272321285502475e-01
-6.654916932793167317e-02 -2.876013414732302986e-01
-6.654916886601169868e-02 -2.876013433683848319e-01
-6.654916855566259115e-02 -2.876013446416785246e-01
-6.546404851746547016e-02 -2.908952933707160682e-01
-6.516635021990524468e-02 -2.903180247936676950e-01
-6.454605202999232072e-02 -2.890059430116444505e-01
-6.403099948629835392e-02 -2.877558584112432372e-01
-6.392174235417005801e-02 -2.874572708456596404e-01
-6.344108551365121307e-02 -2.857237249647175403e-01
-6.282106549247899741e-02 -2.797068265410477261e-01
-6.258938138583616806e-02 -2.783095645585504929e-01
-6.250228233672487643e-02 -2.777876805317376907e-01
-6.212819671636837793e-02 -2.750368546431516958e-01
-6.310306892465077089e-02 -2.555370034031771986e-01
-6.307610050244941147e-02 -2.553773984807182762e-01
-6.300098011659706343e-02 -2.549321083690837542e-01
-6.331418402539024104e-02 -2.408692155780821353e-01
-6.327527121099869867e-02 -2.399503411971796452e-01
-6.327327492942555476e-02 -2.399140302048504148e-01
-6.329290978019497249e-02 -2.382847696983479702e-01
-6.295110690667789222e-02 -2.324561499904215234e-01
-6.293601885347546721e-02 -2.323810008319953657e-01
-6.234173984203917468e-02 -2.274402917739981045e-01
-6.077378658630661762e-02 -2.088216229667765877e-01
-5.892205074821839361e-02 -1.994488297741458527e-01
-5.800885961009818320e-02 -1.955872628475249786e-01
-5.742596705816965102e-02 -1.930689029609808649e-01
-5.694324524114754288e-02 -1.908477277295739238e-01
-5.324037379734389980e-02 -1.795748188835526449e-01
-4.934145972132092384e-02 -1.687050395886229570e-01
-4.729639463711891173e-02 -1.632147465561352706e-01
-4.560362769008579481e-02 -1.574183412264895943e-01
-4.392457124040773792e-02 -1.531669568771429069e-01
-4.033031975795354357e-02 -1.464033660955959271e-01
-3.677603096122034065e-02 -1.401315310874247377e-01
-3.528990704665829758e-02 -1.388518701609271766e-01
-3.332000680042370572e-02 -1.369065910800107422e-01
-3.118189735556563605e-02 -1.279576755437095703e-01
-2.598233479444893995e-02 -1.201313670824880886e-01
-2.018166834921489294e-02 -1.145272121673989452e-01
-1.705783799280120513e-02 -1.073387109134677081e-01
-1.393539281472947096e-02 -9.981610289778021505e-02
-1.294682685955585687e-02 -9.745560067099005852e-02
-1.278249527282808960e-02 -9.706596321833449448e-02
-5.569681948212175382e-03 -8.623582805425117348e-02
-5.455264562811551303e-03 -8.601626778604576362e-02
-5.422902509030643435e-03 -8.595047302978434112e-02
-5.381325409139006699e-03 -8.586336869671427896e-02
-5.182044863917823797e-03 -8.540743192259432626e-02
-4.406740440920104383e-03 -8.385618794175465907e-02
-3.069634871778729405e-03 -8.136469856580440252e-02
-1.008692019989346818e-03 -7.746309891955174831e-02
2.185137266498243802e-03 -7.354354254504395783e-02
2.429548104411059350e-03 -6.607495710581724746e-02
4.198522155858863680e-03 -6.082753699368859818e-02
6.930734582779984020e-03 -5.853233970014807414e-02
7.426624140526883258e-03 -5.543796555938192150e-02
7.977788220622970827e-03 -5.255038236164612242e-02
1.330388024014917542e-02 -4.759400803961937043e-02
1.606155047105600059e-02 -4.056976680716208039e-02
1.441850569648231266e-02 -3.973548494211635168e-02
1.340658605915585194e-02 -3.899750681793364565e-02
1.324056803351666457e-02 -3.867808085257751910e-02
1.322570188318828409e-02 -3.843160785806389035e-02
8.464842429234630677e-03 -4.104652317308492282e-02
-1.829320762343575367e-03 -4.633499386923496666e-02
-1.830078731445788226e-03 -4.632373630098808592e-02
-1.831137598258367367e-03 -4.630750154681074343e-02
-1.836163451786277257e-03 -4.621915257938035565e-02
-1.839746177425486589e-03 -4.613415445912942559e-02
-1.842754811222386841e-03 -4.597023287920389695e-02
-1.832134331559144742e-03 -4.567306816431606492e-02
-1.813544577274642201e-03 -4.549947229805334503e-02
-1.792673661564357385e-03 -4.537393547348847478e-02
-1.792015265242711576e-03 -4.537057438397171932e-02
-1.791475046164605397e-03 -4.536783759705016739e-02
-1.741688966198143545e-03 -4.517109265472446511e-02
-8.759140610491911096e-05 -4.031448306115253954e-02
-2.692183830743733255e-04 -3.530434371236824964e-02
-1.419270551957325151e-03 -3.075917928401712687e-02
-1.623273304421825151e-03 -2.674533766281188274e-02
-4.377031584348402868e-04 -1.817367778484390434e-02
1.321307912671121050e-03 -9.092954332387980301e-03
1.140663687668396712e-03 -7.201345791177425279e-03
9.992531398025838660e-04 -6.452687000640978075e-03
9.807500442037262508e-04 -6.341987059445714295e-03
8.351260177248474685e-04 -5.376317761342471954e-03
3.974767694615332953e-04 -2.487270747837181262e-03
3.733578707449987789e-04 -2.367513531505950272e-03
