1.488538464487646233e-03 -3.451930842691258109e-03
8.335545253748127955e-04 -7.879623554708978933e-03
-6.949158611387007357e-05 -1.163822083242811375e-02
-2.606121263415367081e-03 -1.585868979453207775e-02
-4.405468207749526841e-03 -1.724957784886231582e-02
-6.226806188239859124e-03 -1.856269493621687597e-02
-7.337741309277558480e-03 -2.078386941423648188e-02
-5.030748333289517329e-03 -2.380275327547831318e-02
-5.122990781866070160e-03 -2.790329158589710187e-02
-5.190803050335742429e-03 -3.036718078770113405e-02
-1.329723755868668887e-02 -3.904413512109374679e-02
-2.427325559734092725e-02 -3.882098013069892883e-02
-2.738568699118679520e-02 -3.960867345991261196e-02
-3.550501535376646145e-02 -4.241699630675467569e-02
-3.861468769146551155e-02 -4.259065427003039944e-02
-4.069820697829759637e-02 -4.027304620114981887e-02
-3.979789641873102829e-02 -3.751499249883841203e-02
-3.942141553031026230e-02 -3.302319756924242816e-02
-3.933247220301903241e-02 -2.727698142653225272e-02
-3.861912572740294758e-02 -2.385773206725911103e-02
-4.106713057377036485e-02 -2.001339601686282985e-02
-4.371079429584939086e-02 -2.195386089277029384e-02
-4.717596992456537380e-02 -2.339574070676896794e-02
-4.963959921198337483e-02 -2.243740429529355804e-02
-5.319219038074578243e-02 -2.134171339252488586e-02
-5.758274952861034551e-02 -2.132306998094144618e-02
-5.699506605974965362e-02 -2.283708887064905130e-02
-5.364949821543981562e-02 -2.370566315478123479e-02
-5.106992269121967548e-02 -2.736158390178662289e-02
-4.474839111594061669e-02 -3.189161960437698201e-02
-4.464202649931622857e-02 -3.767500765684498459e-02
-4.940554206879136517e-02 -4.085337869965593310e-02
-5.262257741808318290e-02 -4.008285284492558997e-02
-5.703094417759867890e-02 -3.884268316287388390e-02
-6.311030050005343728e-02 -3.632764650248412192e-02
-6.557178890351143818e-02 -3.537706262986902578e-02
-6.773627028639227221e-02 -3.547665826122151089e-02
-7.008112381259314072e-02 -3.493837053401584181e-02
-7.250516117960542628e-02 -3.412005035063034319e-02
-7.303232677839728570e-02 -3.644494053984031340e-02
-6.905346473705815946e-02 -3.800817517147858648e-02
-6.505028326050329990e-02 -3.959811854215593285e-02
-6.135904125826392025e-02 -4.035218060664189088e-02
-4.945486855561320033e-02 -4.590791511978819378e-02
-4.620322134308817164e-02 -4.620661019985331658e-02
-4.230333263841556946e-02 -4.576751074873355862e-02
-3.403872153788082416e-02 -4.994972369165517900e-02
-3.157578821692261228e-02 -4.710263921898208417e-02
-2.700040586906756607e-02 -4.777472574866694494e-02
-2.661994473428165586e-02 -4.995218621642562307e-02
-2.721269113005942569e-02 -5.231243883815221013e-02
-2.893621945221378292e-02 -5.643743425875891173e-02
-4.079781940712660232e-02 -5.970750989742924092e-02
-4.433747755439501614e-02 -5.711276275663056123e-02
-4.611731540204928176e-02 -5.542339784415926951e-02
-5.132301844560625131e-02 -5.665173581642599793e-02
-5.218025816616139040e-02 -5.908682960628019315e-02
-5.421956790173396157e-02 -6.417480103419688497e-02
-6.918948050749471057e-02 -6.997036328083872103e-02
-6.648588547375539060e-02 -7.088607293593100767e-02
-5.741833844398091385e-02 -7.137163316235346777e-02
-5.465307025793034873e-02 -7.410972057259107570e-02
-5.563476644703215651e-02 -7.657995522618053774e-02
-5.367137682150746603e-02 -7.734373426302372512e-02
-5.125721567503099124e-02 -7.527490763479949276e-02
-5.106667393728567955e-02 -7.259151766419984220e-02
-4.747749801135237729e-02 -6.719133098213711519e-02
-4.577273400335536008e-02 -6.546595180305495032e-02
-4.387656828027841627e-02 -6.441728056125495261e-02
-4.172184800212035138e-02 -6.220343272770463561e-02
-3.577773123112710368e-02 -6.382421405087707056e-02
-3.286747825433681408e-02 -6.796629997335473794e-02
-3.025365247154152698e-02 -7.126806695851155282e-02
-2.927297664238886696e-02 -7.812318910725518650e-02
-2.898291879617836270e-02 -8.170398578270157697e-02
-2.280657102126124047e-02 -8.572058116973943487e-02
-2.352822301123779630e-02 -8.893220580477147197e-02
-2.713571062926038724e-02 -9.168288302248624178e-02
-2.993269729428245721e-02 -9.079358140653877307e-02
-3.223337686214955422e-02 -9.278827330355327030e-02
-3.576611827049016451e-02 -9.580347069712741304e-02
-3.871086027692146464e-02 -9.495594936476846326e-02
-4.214286183630363419e-02 -9.645567086243374277e-02
-4.208897090561264376e-02 -1.007165028633686121e-01
-3.974142300477225692e-02 -1.035223038068867479e-01
-3.757688071712760036e-02 -1.034227422292160747e-01
-3.462802709129918916e-02 -1.092760527272892274e-01
-3.172422023250177220e-02 -1.145540733070355421e-01
-2.980747339202148571e-02 -1.169356061570785282e-01
-2.278408619779903263e-02 -1.214520287371596841e-01
-2.338461918611893856e-02 -1.238144831476100938e-01
-2.328502355476645344e-02 -1.259789645304909278e-01
-2.401279269592065252e-02 -1.289907035546011826e-01
-2.195882569226200939e-02 -1.282922841377369116e-01
-1.667165312536064009e-02 -1.256883124080926950e-01
-1.219395657818476801e-02 -1.291939201280687677e-01
-1.189648523861289164e-02 -1.337219354574986641e-01
-8.807189098529151841e-03 -1.365364284400990003e-01
-5.038925282758501163e-03 -1.355128837366400552e-01
-1.806958503792986497e-03 -1.332464456855043389e-01
8.559530460707577212e-03 -1.370779276431155491e-01
1.373970457575716952e-02 -1.370665516998519073e-01
1.666980852640423394e-02 -1.347426167973093947e-01
2.083716976494343412e-02 -1.347739693007009021e-01
2.300165114782426815e-02 -1.346743736693484239e-01
2.509266782182689726e-02 -1.362757475861130219e-01
3.045658997169021359e-02 -1.401524759145558185e-01
3.419740180514317662e-02 -1.447065481489305250e-01
3.662708153388030685e-02 -1.459013272557560248e-01
3.964289792130187146e-02 -1.422762415061628039e-01
4.247955602961694249e-02 -1.392058540870350081e-01
4.406993442830345331e-02 -1.370759519295445539e-01
4.630480592264145379e-02 -1.372252898634261919e-01
4.976847135817151491e-02 -1.371447918839681368e-01
5.893375564699548930e-02 -1.412739398198515628e-01
6.553830447190045483e-02 -1.381294281399721158e-01
7.011912957767973964e-02 -1.347506966967865760e-01
7.554093317265329899e-02 -1.365443983243129766e-01
7.831409676511884299e-02 -1.367851351890594647e-01
8.165599869090278684e-02 -1.402254954497867689e-01
7.897835001962111301e-02 -1.468885081096926448e-01
7.886592742796857958e-02 -1.494321825520966429e-01
7.901220856089202771e-02 -1.515835141073983983e-01
8.380735973959409224e-02 -1.510424757844866517e-01
8.682425566311428866e-02 -1.466189813383541318e-01
8.691913492842381905e-02 -1.443995089395418707e-01
8.723184886802176630e-02 -1.421184401586266799e-01
8.942684970704055381e-02 -1.377593203630457508e-01
9.187948347638046076e-02 -1.386787712910333148e-01
9.419574060025369400e-02 -1.391159282736369185e-01
1.008374215734728352e-01 -1.378259612814244361e-01
1.043267027864023533e-01 -1.385195050840671571e-01
1.122909420395026975e-01 -1.400647435648903760e-01
1.171170257373710943e-01 -1.416236129646857300e-01
1.209123535948986999e-01 -1.371900284470151943e-01
1.292459063401290853e-01 -1.364465515902578419e-01
1.304455169288105953e-01 -1.391737202526257544e-01
1.306059449474415712e-01 -1.410185772589210573e-01
1.306463655441789939e-01 -1.388145039556344940e-01
1.324105581992369163e-01 -1.372991119535347804e-01
1.340165097830076646e-01 -1.351648062185966670e-01
1.396982994250215993e-01 -1.319956154298617401e-01
1.439218107384781509e-01 -1.273233288702108057e-01
1.443102928659501794e-01 -1.241219242639098053e-01
1.360118560643913399e-01 -1.258215535398816143e-01
1.336406079245866796e-01 -1.251899216606160159e-01
1.312429651711782275e-01 -1.244649456292904605e-01
1.282402515238872942e-01 -1.240958604377681712e-01
1.209834022592429226e-01 -1.188725772615074894e-01
1.213319917664149733e-01 -1.156488674936150124e-01
1.195910394022485362e-01 -1.139485070630656405e-01
1.177383780069482383e-01 -1.116748369341318686e-01
1.148912935342751296e-01 -1.092119036131736637e-01
1.089363476169831896e-01 -1.054435353544520698e-01
1.077679985142832586e-01 -1.034804541466008143e-01
1.060659316336046570e-01 -1.017690981979733345e-01
1.041149177621509408e-01 -1.001280848815802038e-01
1.030663074251147726e-01 -9.823195321218508580e-02
1.007964863588845655e-01 -9.501776140702765383e-02
9.853343132284334005e-02 -9.176801965425403218e-02
9.704880050303034411e-02 -8.645834862390083808e-02
9.778362763242405553e-02 -7.842084367154450453e-02
9.453978460650003246e-02 -7.119754177781868754e-02
9.349117426946385034e-02 -6.930141010842356952e-02
9.139235757737811106e-02 -6.770219050115995618e-02
8.606620058939577766e-02 -6.384006227467109440e-02
8.105584363295510741e-02 -5.491521872402523735e-02
8.192315421274641574e-02 -5.204046109202748599e-02
8.402139524676791038e-02 -4.650736762848465405e-02
8.567834712964687849e-02 -4.155269053083440745e-02
8.666004331874868627e-02 -3.908245587724495929e-02
8.680159466008818825e-02 -3.684978617163078146e-02
8.621396540227671546e-02 -3.610862783765325656e-02
8.239184491190089388e-02 -4.222998459663894477e-02
7.944816760018824642e-02 -4.180221124865547006e-02
7.665436056971658418e-02 -3.934944039852174280e-02
7.258199512813892640e-02 -3.665330594559224053e-02
7.038754860146023695e-02 -3.673614716548978532e-02
6.711919445670307127e-02 -3.646740380368151263e-02
6.226671614523086873e-02 -3.481519025182625710e-02
5.990264985132250780e-02 -3.480319196785790908e-02
5.809165220795870638e-02 -3.312258673105906992e-02
5.624956909919020392e-02 -3.145082270283731940e-02
5.448246526340770612e-02 -2.915295974902357493e-02
4.727056300654063070e-02 -2.456391027001407837e-02
4.556069610777889467e-02 -2.285470863088761087e-02
4.451208577074271949e-02 -2.095857696149248939e-02
4.198792042501862248e-02 -1.776590140303841922e-02
3.567755408645431614e-02 -1.077963648085042934e-02
3.136556631497617459e-02 -9.613021703426302689e-03
2.937845153042349666e-02 -1.185510768150345624e-02
2.594272353952600460e-02 -1.188571123385456264e-02
2.371884756326609819e-02 -1.177525878346076700e-02
1.929297723885123328e-02 -8.809438513418177061e-03
1.524155156425209198e-02 -5.771374522311695753e-03
8.861034087700480830e-03 -4.954470167844855083e-03
6.257490262464614379e-03 -4.808572806964241629e-03
3.824598261334240072e-03 -3.959119678951218690e-03
1.488538464487646233e-03 -3.451930842691258109e-03
