-1.011392888042659394e-02 -3.680655768526912590e-04
-1.467079875148496505e-02 -3.538395419958654826e-03
-1.804406746480986465e-02 -7.769098134681486773e-03
-1.808894839377267472e-02 -8.079403001479908836e-03
-2.485391374973596607e-02 -1.286214752880067251e-02
-2.767635975588964015e-02 -1.604568151188926969e-02
-2.928479810486164098e-02 -2.083397706396449001e-02
-2.942491123679754489e-02 -2.223553851916236501e-02
-2.912245017920362181e-02 -2.373100057564871135e-02
-2.844816516270821591e-02 -2.445287695844388168e-02
-2.783550596434533619e-02 -2.519265923641046331e-02
-2.800353285007111878e-02 -2.789585466287882592e-02
-2.871241845411891605e-02 -3.080123577987137207e-02
-2.880957790108106334e-02 -3.129882963627240305e-02
-2.889904325770381241e-02 -3.319569125147970451e-02
-2.793257673793239290e-02 -3.971789516793714642e-02
-2.705053665760681278e-02 -4.664753408571509913e-02
-2.801579217042024852e-02 -5.263400688273627004e-02
-2.827258882028326967e-02 -5.389234153570584412e-02
-3.752701297745356102e-02 -7.098562102483585434e-02
-3.752708443278560818e-02 -7.098576217176057190e-02
-3.752836450412336960e-02 -7.098829185107186079e-02
-3.879624847509064584e-02 -7.437252227119657555e-02
-4.038137323839947196e-02 -7.788018588887422877e-02
-4.307110341259927366e-02 -8.248576586672541622e-02
-4.425262025359365248e-02 -8.478190488701833893e-02
-4.630005256247837070e-02 -8.610859832057141117e-02
-4.516466404425278913e-02 -8.840610093923989554e-02
-4.366781300254455461e-02 -9.320876654967229225e-02
-4.381738047299826855e-02 -9.736913286089556030e-02
-4.370489207214377225e-02 -1.003736812661839700e-01
-4.104437145617786248e-02 -1.071115221691707198e-01
-5.112422125285854407e-02 -1.213382565656081769e-01
-4.994923322885316819e-02 -1.230842826867674933e-01
-4.881856006405630583e-02 -1.248499477936678981e-01
-4.814360613142019962e-02 -1.264424708973225508e-01
-4.809570127427893055e-02 -1.283866547824652482e-01
-4.840178258825377638e-02 -1.317181198716110280e-01
-4.535830663074557484e-02 -1.341112354566681431e-01
-4.489405012542537626e-02 -1.370555245250051901e-01
-4.347112023593883295e-02 -1.407703274813874028e-01
-4.378767564773519694e-02 -1.436058709170085768e-01
-4.162394101471509483e-02 -1.469689883998474833e-01
-4.047004536480044989e-02 -1.535299763577927246e-01
-4.019907626210261070e-02 -1.558060964686990291e-01
-3.980319306710734112e-02 -1.569594375689341292e-01
-3.907422102504996136e-02 -1.583276147001684286e-01
-3.753669227756854104e-02 -1.608541556534118788e-01
-3.681899424594730491e-02 -1.638619956602769545e-01
-3.489053298782041762e-02 -1.648605866156738764e-01
-3.373079038242175753e-02 -1.662819485413676301e-01
-3.184917928035410628e-02 -1.740889363401793288e-01
-3.037821937908501829e-02 -1.788436943809941226e-01
-2.595814561750725905e-02 -1.821132552887783917e-01
-2.412038823763052592e-02 -1.864269769210858685e-01
-2.432825022845503879e-02 -1.875543260542882062e-01
-2.422051857293650370e-02 -1.883203872308718274e-01
-2.394722750575583800e-02 -1.890178671177207559e-01
-2.389190689477550811e-02 -1.891396064973724367e-01
-2.245583092801156297e-02 -1.951010206833995453e-01
-2.193181850346684683e-02 -1.960143687480468133e-01
-2.166572197997352137e-02 -1.963926676214351186e-01
-2.021133857328598349e-02 -2.095344911315705494e-01
-2.007475434278068252e-02 -2.097079983451651530e-01
-1.931007847048662324e-02 -2.129360188201527282e-01
-1.825210300091432980e-02 -2.157851126784956497e-01
-1.657401200150493761e-02 -2.188436453064206144e-01
-1.539721826607001569e-02 -2.239809153634569061e-01
-1.339056549741805130e-02 -2.268704162107843814e-01
-1.241350412329369872e-02 -2.282742847883844906e-01
-1.037897621176966934e-02 -2.323837747576980861e-01
-1.093924409154940595e-02 -2.367300261370317294e-01
-7.633525042076217022e-03 -2.382761416742607552e-01
1.822523336051109621e-03 -2.401960164000718490e-01
7.979490953878034393e-03 -2.411003840923865993e-01
2.525620473983295616e-02 -2.510545089450960665e-01
2.624429074502902803e-02 -2.511363045213306777e-01
3.008752816105689579e-02 -2.507058384751678637e-01
3.750298450749384865e-02 -2.485372763211171065e-01
3.931234207022618610e-02 -2.488645578530499225e-01
4.663791084572274648e-02 -2.507635786050171345e-01
4.692267375273859176e-02 -2.508344893587615698e-01
4.738498249332516454e-02 -2.509468938348473621e-01
6.154935522156061017e-02 -2.431057168615266550e-01
6.985380016553975613e-02 -2.395069808102098519e-01
7.744236799404335958e-02 -2.388121511471309188e-01
9.958109773888806915e-02 -2.202668693902663788e-01
1.081339580605591433e-01 -2.103242183308749458e-01
1.135604372650286659e-01 -2.092038883686112016e-01
1.182948250890762665e-01 -2.064559435751240624e-01
1.447443483444767198e-01 -1.768097763350306439e-01
1.533949986811183885e-01 -1.651192551368517725e-01
1.769495020224281234e-01 -1.447161801219746247e-01
1.769495020916835304e-01 -1.447161791375167483e-01
1.769495021506450327e-01 -1.447161782993858503e-01
1.769495022971849241e-01 -1.447161762163445275e-01
1.769495024658428450e-01 -1.447161738189066960e-01
1.769495025747772898e-01 -1.447161722704307929e-01
1.769495026541118010e-01 -1.447161711427127628e-01
1.769495027246174301e-01 -1.447161701404963141e-01
1.769495027872993176e-01 -1.447161692494930429e-01
1.769495028415825066e-01 -1.447161684778760227e-01
1.769495028884716936e-01 -1.447161678113631222e-01
1.769495029294791966e-01 -1.447161672284564826e-01
1.769495029632730809e-01 -1.447161667480887648e-01
1.769495029910671813e-01 -1.447161663530070197e-01
1.769495030129985269e-01 -1.447161660412612239e-01
1.769495030298954275e-01 -1.447161658010785168e-01
1.769495030425179138e-01 -1.447161656216550130e-01
1.769495030518168366e-01 -1.447161654894746907e-01
1.769495030586134277e-01 -1.447161653928639991e-01
1.769495030638824906e-01 -1.447161653179663832e-01
1.769495030686195070e-01 -1.447161652506319118e-01
1.769495030738296448e-01 -1.447161651765717372e-01
1.769495030805484370e-01 -1.447161650810667444e-01
1.769495030897862142e-01 -1.447161649497558933e-01
1.769495031026401266e-01 -1.447161647670430207e-01
1.769495031204420532e-01 -1.447161645139960484e-01
1.769495031442132049e-01 -1.447161641760997264e-01
1.769495031758137049e-01 -1.447161637269122614e-01
1.769495032155813385e-01 -1.447161631616337429e-01
1.769495032676522417e-01 -1.447161624214700348e-01
1.769495033336737078e-01 -1.447161614830073106e-01
1.769495034112539833e-01 -1.447161603802434027e-01
1.769495034993731064e-01 -1.447161591276769910e-01
1.769495036035502178e-01 -1.447161576468584399e-01
1.769495037304484597e-01 -1.447161558430758999e-01
1.769495038836450540e-01 -1.447161536654848202e-01
1.769495040612522052e-01 -1.447161511409223722e-01
1.769495042454997114e-01 -1.447161485219820021e-01
1.769495045050981374e-01 -1.447161448320021804e-01
1.769495052318923456e-01 -1.447161345013267819e-01
1.839158617365215798e-01 -1.377257017029473729e-01
1.839247811592730764e-01 -1.376768102029578833e-01
1.839289722373005365e-01 -1.376557364477931922e-01
1.839333624213125296e-01 -1.376348030971650260e-01
1.839347685456936554e-01 -1.376283273673504504e-01
1.839390800298691120e-01 -1.376091134620301415e-01
2.070006051061850372e-01 -1.313454854221593471e-01
2.072007310499545674e-01 -1.309308322484111775e-01
2.072377045541377028e-01 -1.308481411762274782e-01
2.073307735940587426e-01 -1.306325803637545524e-01
2.074162782247487291e-01 -1.304264341840493668e-01
2.163394981591373056e-01 -1.257459719244679308e-01
2.163922562705610786e-01 -1.256499530989838298e-01
2.168511613545442696e-01 -1.251186439893434699e-01
2.176320530286042498e-01 -1.245507797961150215e-01
2.185576150128346884e-01 -1.239315221720592719e-01
2.140350486850180756e-01 -1.129267660558234826e-01
2.142739952107849399e-01 -1.041686751949260775e-01
2.137738565554259673e-01 -1.027440575675107465e-01
2.135333148167239681e-01 -1.008013037634691578e-01
2.120861840849968261e-01 -9.999813020928535745e-02
2.101370804185414276e-01 -9.961411319818512522e-02
2.076527773169970226e-01 -9.909411894831909873e-02
2.072124551384384727e-01 -9.896195924713784009e-02
2.067541843139773794e-01 -9.879570381057348194e-02
2.046440116226549422e-01 -9.593810247366810207e-02
1.959998220248610201e-01 -9.883018761797870977e-02
1.952388511043284536e-01 -9.830767237474015430e-02
1.944106272107561095e-01 -9.727396032052156027e-02
1.929154402211526453e-01 -9.553652374279060500e-02
1.914411926361506699e-01 -9.534062839147394719e-02
1.903272500614647256e-01 -9.406105961775339253e-02
1.897935388561039771e-01 -9.315081437737975090e-02
1.878147431900100417e-01 -9.180253906705081179e-02
1.865419582200725790e-01 -9.103244584806764739e-02
1.850130887035554006e-01 -8.910230256415609118e-02
1.766506938690198536e-01 -8.310268670963258386e-02
1.746252218837875680e-01 -8.079074534806859886e-02
1.706955437070062365e-01 -7.920528966639070467e-02
1.691130149218026124e-01 -7.790299507406622803e-02
1.680095654016665330e-01 -7.716200726930277920e-02
1.659432321332342530e-01 -7.617703885108277617e-02
1.622657707029585561e-01 -7.503762108676391429e-02
1.536374925479007947e-01 -7.284055252811388881e-02
1.518274485450715749e-01 -7.158404573544452365e-02
1.278329624950603760e-01 -6.175208573878111090e-02
1.224510864713607566e-01 -6.023678529650571684e-02
1.047444223058951879e-01 -5.225638002263718190e-02
1.046565865839058085e-01 -5.175130093479857196e-02
1.003826602610463914e-01 -5.003754822001790781e-02
9.871864300155412664e-02 -4.865721859942859912e-02
8.977712127817276400e-02 -4.479563816061948867e-02
8.215925675857138621e-02 -4.065964130434598922e-02
7.264902906406957295e-02 -3.448646155458189033e-02
7.129105510629574205e-02 -3.360194432415496840e-02
6.594740548234211130e-02 -3.162797870862806004e-02
5.488777267204594107e-02 -2.865593867521690208e-02
4.831015576580874327e-02 -2.675751817727063317e-02
4.627937361337455813e-02 -2.574570986255246552e-02
3.974690964126938175e-02 -2.280645287737760249e-02
3.364897078189815066e-02 -2.128793325012340309e-02
3.202440341345311886e-02 -1.996940522679675062e-02
3.123111086446584209e-02 -1.820883087091465166e-02
1.561817430352400483e-02 -1.127577555377433545e-02
1.187982173204100815e-02 -9.204858293418185372e-03
8.645560629833149227e-03 -7.233938549328721920e-03
3.310484245410558884e-03 -5.289974103131828836e-03
