5.821195951969432465e-04 -1.869660895777661667e-03
2.893157089029264363e-03 -3.201022579353122750e-03
1.074849454246365466e-03 -7.560255723879359332e-03
-9.541372371618780024e-04 -9.118233098256368213e-03
-2.416940967549381127e-03 -1.100710295331970220e-02
-4.067519050525516405e-03 -1.229287618157020104e-02
-5.618005797388184695e-03 -1.390034049717901732e-02
-8.065544837644423454e-03 -1.574295348563433533e-02
-1.129262174082800059e-02 -1.593175831648972404e-02
-1.717539169806459737e-02 -1.637401706477019034e-02
-2.734480041340310585e-02 -2.004750719156950939e-02
-2.969751035831355926e-02 -2.247807376367197407e-02
-3.668969928306924089e-02 -2.445662623908612457e-02
-3.912896785126199206e-02 -2.320927092940697559e-02
-4.099869009969752537e-02 -2.379140962677610271e-02
-4.573917671198246548e-02 -2.138602897473965841e-02
-4.738589320382662062e-02 -1.779692666525524436e-02
-5.059917330036536182e-02 -1.795936141402608432e-02
-5.122517304738271465e-02 -1.963184092932960048e-02
-5.351063940585181616e-02 -2.504063400489263749e-02
-5.623752461286124493e-02 -2.853602625651332006e-02
-5.960788865818786308e-02 -2.755649341858660076e-02
-6.269923039940061837e-02 -2.527720401337922931e-02
-6.565435914588610422e-02 -2.485208949597230918e-02
-7.146877616741674488e-02 -2.721373296851848506e-02
-7.286898207955062878e-02 -2.930365548340538653e-02
-7.466979874676986373e-02 -3.010689005754775202e-02
-7.598242524557213828e-02 -3.247831766889140714e-02
-7.785208614134979388e-02 -3.306043726408834649e-02
-8.028508919706554836e-02 -3.183320562618891653e-02
-8.555462573566287310e-02 -3.325333521762115219e-02
-8.763215744925145767e-02 -3.557621780678446588e-02
-9.212596605161298136e-02 -3.750461492968375221e-02
-9.485398781444447092e-02 -3.972125485219710206e-02
-9.648578846216172844e-02 -4.106733774312888025e-02
-9.805505264428325540e-02 -4.261449239605642064e-02
-1.004235045865993492e-01 -4.449863761193414979e-02
-1.023701318549579825e-01 -4.660430212422669860e-02
-1.001202382814709441e-01 -5.000567233160816555e-02
-9.614600312049316477e-02 -5.242908313662256181e-02
-9.546527170981629340e-02 -5.369464413387805418e-02
-9.414017553871785460e-02 -5.136348296826601795e-02
-9.227051464294019900e-02 -5.078136337306907167e-02
-9.097666557939677878e-02 -4.834962609904413372e-02
-8.915707147691868950e-02 -4.760670118758305452e-02
-8.474283316096452301e-02 -4.967257433822596518e-02
-8.269399224730106246e-02 -5.313654236386104041e-02
-8.676125689223035398e-02 -6.273888219607438865e-02
-9.039921998214921206e-02 -6.784105935423390132e-02
-9.390002280257853107e-02 -6.672574504560672970e-02
-9.912980487430109178e-02 -6.614874905135395555e-02
-1.044657491578435682e-01 -6.622228535682976591e-02
-1.090062733573973625e-01 -6.481321001839242257e-02
-1.124702413830324377e-01 -6.686205093205591088e-02
-1.152330983367824829e-01 -7.116251528719226560e-02
-1.187615480187741296e-01 -7.243749300055073170e-02
-1.200553970823175359e-01 -7.486923027457566271e-02
-1.219250579780952054e-01 -7.545134986977261593e-02
-1.232501541491936303e-01 -7.778251103538463829e-02
-1.282550982906622838e-01 -7.962750073862757960e-02
-1.304720267648723231e-01 -8.192762853562732261e-02
-1.300195714559397586e-01 -8.529316028038086417e-02
-1.264830703965382497e-01 -8.829387748219133525e-02
-1.233447842752622287e-01 -9.256537319712754286e-02
-1.243124639134727122e-01 -9.901944002811161050e-02
-1.281247475141469028e-01 -1.038451118206005636e-01
-1.310468091420440018e-01 -1.054385314445213662e-01
-1.324845699246956221e-01 -1.074078346340456985e-01
-1.342478739718828140e-01 -1.083317689883806778e-01
-1.357990657505407095e-01 -1.106450946377853239e-01
-1.394593004441558870e-01 -1.118508660556016276e-01
-1.407468417447365894e-01 -1.143026465465762365e-01
-1.318559102669048244e-01 -1.116226822849512440e-01
-1.296149421166682691e-01 -1.091166016543439476e-01
-1.278579458324437812e-01 -1.081726240830592906e-01
-1.219771808347936415e-01 -1.108404573046930103e-01
-1.186826657083981523e-01 -1.146222260361647871e-01
-1.189420556335847451e-01 -1.176139868362887225e-01
-1.192847046503867775e-01 -1.197715747734263564e-01
-1.181488079393956808e-01 -1.205867142117253848e-01
-1.160288020793331931e-01 -1.184711497948626457e-01
-1.115601249839228287e-01 -1.141247443313723464e-01
-1.031197824952606729e-01 -1.123348618188686754e-01
-9.854846023051865023e-02 -1.155427025562091592e-01
-9.621337337244234567e-02 -1.226885084678726728e-01
-9.376151242663767482e-02 -1.239760920189390686e-01
-9.004986470320207326e-02 -1.228645507422286010e-01
-8.747348752996018939e-02 -1.239148307489888884e-01
-8.550367394541120991e-02 -1.236543831389780718e-01
-8.591757111211670295e-02 -1.206958568876556337e-01
-8.454870086675313201e-02 -1.161677832582258402e-01
-7.902092600271946876e-02 -1.128148151006945765e-01
-7.344743187365988801e-02 -1.078377259176548086e-01
-6.879607523621542042e-02 -1.030154325278305888e-01
-6.252986321265002756e-02 -1.033799732887425576e-01
-5.682604984613907201e-02 -1.059044323928501480e-01
-5.482494690354937361e-02 -1.057444804364221919e-01
-5.217930208210749127e-02 -1.066629563293867156e-01
-4.835227817190482225e-02 -1.057801840311052149e-01
-4.344871718995561155e-02 -1.083552666322666475e-01
-4.286659759475867221e-02 -1.102249275280443169e-01
-4.055556010092634112e-02 -1.115562892116197802e-01
-2.906890226691130966e-02 -1.082886871246017124e-01
-2.421543528481909235e-02 -1.083653703011968200e-01
-2.217051195923465043e-02 -1.083461613419111486e-01
-1.840868978111199344e-02 -1.097330617402526992e-01
-1.209292946365693976e-02 -1.096190834544468889e-01
-5.832559532926998719e-03 -1.096105814508379905e-01
-6.483483981894239048e-04 -1.104663900685058098e-01
4.733166822338041868e-03 -1.101140411396149543e-01
8.886447133256732481e-03 -1.119083090983713086e-01
1.212173473967812984e-02 -1.123124193776049162e-01
2.224637579725960781e-02 -1.165698526082504238e-01
3.510533669241781840e-02 -1.126102920716366557e-01
3.755719763822247537e-02 -1.138978756227030514e-01
4.830391275035703785e-02 -1.106621195974799715e-01
5.087281839825674723e-02 -1.080760099498810634e-01
5.262354917000421073e-02 -1.071119087068166942e-01
5.407388322809555253e-02 -1.051827724060217378e-01
5.573699233602572023e-02 -1.039372465213306840e-01
5.793840065615808027e-02 -1.044206385352750011e-01
6.010225410577272470e-02 -1.047834112238567317e-01
6.221610211474566665e-02 -1.049853594940021728e-01
6.511092119854987315e-02 -1.054292514466679404e-01
6.819115702232728116e-02 -1.039188962775920017e-01
6.959136293446117894e-02 -1.018289737627050967e-01
7.152986805879728294e-02 -1.014679691464535766e-01
7.403705803866919566e-02 -1.026500955174952656e-01
7.777644118288237762e-02 -1.014858372249291957e-01
7.914306958140325532e-02 -9.907558896137702575e-02
8.261880224753925805e-02 -9.777287582724097925e-02
8.530597929640355848e-02 -9.861226462226536926e-02
8.732585967425213203e-02 -9.851262232851869249e-02
8.958360030016107589e-02 -9.917694333050686151e-02
9.134686209686258829e-02 -9.825308943100193038e-02
9.166942969237057426e-02 -9.610168655151127282e-02
9.026303713875750978e-02 -9.448866333905285575e-02
8.828196930873223602e-02 -9.230477477687380750e-02
8.782951399979967155e-02 -8.893924303212026594e-02
8.871499223121892541e-02 -8.661257772282281164e-02
8.857422202751921714e-02 -8.431880399751537358e-02
9.134503369507868120e-02 -7.961892679577356469e-02
9.695407773506953264e-02 -7.787254890801054152e-02
9.943985915929874631e-02 -7.912749686451538145e-02
1.008275340464785952e-01 -7.699732700606903846e-02
1.026033077659619513e-01 -7.611365909746568847e-02
1.040285566258317279e-01 -7.410416991703978884e-02
1.057167509319834470e-01 -7.293899691197966439e-02
1.088078883482082038e-01 -6.820554219662483542e-02
1.102808886392477872e-01 -6.379943412907845834e-02
1.088343100947331554e-01 -6.219892283940188504e-02
1.071062455559339682e-01 -6.068605231571479880e-02
1.059410725508738577e-01 -5.899785800956307974e-02
1.039315833704479580e-01 -5.757260914969330318e-02
1.036510120886574154e-01 -5.560906107762132733e-02
1.047777480729740057e-01 -5.320734737994629177e-02
1.042157330473845872e-01 -5.133135961903376177e-02
1.055032743479653035e-01 -4.887957912805915295e-02
1.050417740781309367e-01 -4.697236336176376092e-02
1.071755495382808038e-01 -4.249283475451429148e-02
1.106644991589939148e-01 -4.052444627748399975e-02
1.134901310494281501e-01 -4.110018459443121053e-02
1.203171943362034979e-01 -3.972436667884619160e-02
1.265982581025634490e-01 -3.432850736187436497e-02
1.283102088887558834e-01 -2.962745945821009669e-02
1.249101577113378436e-01 -2.947318374823664627e-02
1.174725534789649306e-01 -2.973798047035329170e-02
1.118650828745337417e-01 -2.638965272529896280e-02
1.109411485201987624e-01 -2.462634867811178477e-02
1.086904206890477315e-01 -2.327620955927746024e-02
1.080479914311694989e-01 -2.142532609875866592e-02
1.055962109401948901e-01 -2.013778479817794273e-02
1.043765622609037075e-01 -1.650387793616164139e-02
1.053741252518083926e-01 -1.389976534214218233e-02
1.046844086490553716e-01 -1.040963691512138828e-02
1.053128639818581985e-01 -7.611740445464717716e-03
1.030831457445912785e-01 1.816311438261552624e-03
1.043647698532173124e-01 1.299924856907056121e-02
1.078570706700377191e-01 1.814430419117334103e-02
1.036498945369557223e-01 2.124497944498456373e-02
8.976996090754225943e-02 2.353932868985314508e-02
7.692732186185745336e-02 1.839404153620493795e-02
7.499723018191498114e-02 1.411024199535348966e-02
7.467355323714237880e-02 1.089999733666797282e-02
6.848142480885233141e-02 -7.311889632979035958e-04
6.661170256041680504e-02 -1.313327660667034085e-03
6.531164933705423115e-02 -3.724922160740068260e-03
6.349832074705315244e-02 -4.487970743980863007e-03
5.708670085598556432e-02 -1.390015169768769659e-03
5.395313937389515507e-02 3.787128757096041090e-03
5.212323294499224963e-02 5.202134747584106350e-03
4.905350408441021270e-02 5.415016176924031992e-04
4.033033094877481323e-02 -5.085461142010317889e-03
3.093865512925856112e-02 -6.157126830362503328e-03
2.365862613852600521e-02 -5.865621393856419383e-03
1.286537096379757050e-02 -6.756190663951614633e-03
5.141245695411221679e-03 -2.346760190687532423e-03
4.277621003757524354e-03 -5.646787082414912685e-04
1.869660895777662101e-03 5.821195951969432465e-04
