-9.082844314138239367e-03 -5.552290185206463537e-03
-1.543686159685351417e-02 -9.476798837103247650e-03
-1.779894622952632455e-02 -1.175106169778259227e-02
-1.789867109671370790e-02 -1.187778355553915748e-02
-1.837652090470772923e-02 -1.250984369919191062e-02
-1.879830820425438739e-02 -1.309324884857637240e-02
-2.980639554814013339e-02 -1.983931622130709685e-02
-3.007626516934890082e-02 -2.016715083968087865e-02
-3.057707542504422421e-02 -2.077927492422849964e-02
-3.067348815447473384e-02 -2.089685881925337427e-02
-3.076360747642871429e-02 -2.100651169320322253e-02
-3.139561972300763254e-02 -2.176290514500779996e-02
-3.971033425268858524e-02 -2.683952559294199708e-02
-5.102380699182745144e-02 -3.216865536130941033e-02
-5.142554370650240236e-02 -3.247556470686081137e-02
-5.243843600755442036e-02 -3.367112573899553457e-02
-5.265427355744859567e-02 -3.399682502451942950e-02
-6.410075930063487137e-02 -4.004163231321011124e-02
-6.410190080482625063e-02 -4.004205689114849476e-02
-6.934763971729367149e-02 -4.295636977555505887e-02
-6.934824168944317413e-02 -4.295696406191653466e-02
-6.935329524650751809e-02 -4.296194250004196219e-02
-7.148704085651781670e-02 -4.402081812935878385e-02
-7.860375904454416918e-02 -4.681776193530200886e-02
-8.161672369700018193e-02 -4.923253716594062912e-02
-8.329745442249109066e-02 -5.108952015693543625e-02
-8.418230822440656014e-02 -5.266793845429588311e-02
-8.308430261718645349e-02 -5.561054873378071944e-02
-8.182347823854359270e-02 -6.110833751842639772e-02
-8.208430795470152141e-02 -6.633237706931535693e-02
-8.346367525982160973e-02 -6.976975766231810483e-02
-8.144305417754647836e-02 -7.511050977637195869e-02
-7.331191250870205955e-02 -8.313050006157705896e-02
-6.963534421097006266e-02 -8.670778075538679297e-02
-6.600722932798600007e-02 -9.174022979235350872e-02
-6.454206475036999846e-02 -9.680143545750576062e-02
-6.155638366285594992e-02 -1.015880481422827414e-01
-6.022971926995410868e-02 -1.057878763966706159e-01
-5.774001788999286872e-02 -1.103494383474885598e-01
-5.379847002885854157e-02 -1.149502960904900117e-01
-4.685886596413508381e-02 -1.257889511281609085e-01
-4.407910977549611697e-02 -1.299054421521046165e-01
-4.178022068867055794e-02 -1.334950101377752885e-01
-3.864564168265830629e-02 -1.427758143517527667e-01
-3.724451962914192282e-02 -1.462009591427799460e-01
-3.648006477443870021e-02 -1.486122076549848681e-01
-3.582063465668006846e-02 -1.507406770076617497e-01
-3.368609766042688497e-02 -1.550266054816059058e-01
-3.334380940859284215e-02 -1.609188880496569551e-01
-2.865296002307625434e-02 -1.614846332032080223e-01
-2.616613287783937231e-02 -1.633900413815840835e-01
-2.403597451301417443e-02 -1.687241861581739721e-01
-2.311917892853378176e-02 -1.721323073100262391e-01
-2.167442923717785228e-02 -1.742388198272711852e-01
-2.057301636437453354e-02 -1.786051592255111509e-01
-2.200236101526276827e-02 -1.809926014356658397e-01
-2.010966377903047192e-02 -1.836009329544841528e-01
-1.909455314970958523e-02 -1.855248845140280156e-01
-1.838911097155540228e-02 -1.864656424591941419e-01
-1.362650798557956365e-02 -1.921364048003505465e-01
-1.367708386772211425e-02 -1.936936445701864795e-01
-1.260308342193755017e-02 -1.935076918698944715e-01
-9.852873895666504345e-03 -1.914999942495965168e-01
-7.753375332708467398e-03 -1.910302732053744956e-01
-7.668523179845817064e-03 -1.910506618219412200e-01
-7.577181747208699102e-03 -1.910746640220777615e-01
-7.444216927973775107e-03 -1.911129137186858284e-01
-7.289084800691654834e-03 -1.911615959567999623e-01
-6.966516213453331254e-03 -1.912716676212229960e-01
-6.780548312544717494e-03 -1.913368294487853838e-01
-6.688408693267170087e-03 -1.913685282307117097e-01
-6.567463220220736558e-03 -1.914087032503718200e-01
-6.490118332300830531e-03 -1.914331120194257274e-01
-6.335190872662675721e-03 -1.914775161090050415e-01
-6.051849590614720963e-03 -1.915328059760133539e-01
-5.753710637126897669e-03 -1.915195318857872420e-01
-5.335899688355391635e-03 -1.912859853248878028e-01
-3.724502487786845832e-03 -1.897797135301774463e-01
-8.537020368095360164e-04 -1.894309440470455519e-01
-7.242249767753567618e-06 -1.896899705700172412e-01
1.772196585135306715e-03 -1.907523365498986212e-01
2.108182744507396816e-03 -1.910780773190292603e-01
2.356166937652344473e-03 -1.913677254201897882e-01
2.555795963999035053e-02 -1.873486011972515797e-01
3.103412420143108683e-02 -1.904400720333829788e-01
3.552641697345452348e-02 -1.929336734440547096e-01
3.988265783097180023e-02 -1.952463084737334764e-01
5.534622746572667729e-02 -1.909183430520604297e-01
6.183564249183653300e-02 -1.938008283139490140e-01
6.275898507236954416e-02 -2.084763888171304314e-01
6.463362392139654355e-02 -2.090881547151218767e-01
6.598188906138675869e-02 -2.095832324405830227e-01
6.797337536600803198e-02 -2.103307573424352261e-01
7.242978249162874971e-02 -2.119984175904729706e-01
8.374526191055338409e-02 -2.077966220585790447e-01
8.420178992739298096e-02 -2.086491727458947565e-01
8.441380032816375723e-02 -2.086961209681324481e-01
8.495134439523799319e-02 -2.087043980050623526e-01
8.500098438919408139e-02 -2.087005067997160512e-01
8.652434987465884575e-02 -2.084115344935862368e-01
9.045138083733329781e-02 -2.072989282418749302e-01
9.094358098953181369e-02 -2.071596795437464500e-01
9.094493438236653238e-02 -2.071592999645918975e-01
9.209280475524776743e-02 -2.068456988515924577e-01
9.402551015549703850e-02 -2.063713647792997097e-01
9.771632676698215059e-02 -2.058376879838930418e-01
9.905060261572393165e-02 -2.059030616956943893e-01
1.001867982866907480e-01 -2.061664319108140186e-01
1.016454965735503063e-01 -2.068814687428897070e-01
1.022907595477513115e-01 -2.073628825952604227e-01
1.027744880322962878e-01 -2.077865024843551511e-01
1.032923804517835303e-01 -2.082582732170599471e-01
1.041765595285736312e-01 -2.086513727238606397e-01
1.047771761674274466e-01 -2.081844483661437761e-01
1.050453652051664827e-01 -2.078059149052971510e-01
1.053491938365626879e-01 -2.072967538338673088e-01
1.054259421806511415e-01 -2.071598242134092549e-01
1.057876985342188492e-01 -2.065028436720481864e-01
1.058540234928207202e-01 -2.063843212886136702e-01
1.059202865647032726e-01 -2.062676620769192393e-01
1.059327478287272889e-01 -2.062459547582245201e-01
1.059405084342898151e-01 -2.062324762340944639e-01
1.199566859307090727e-01 -1.934231857569594926e-01
1.187689266627140333e-01 -1.927541640793664357e-01
1.178837755849888452e-01 -1.922057665841096497e-01
1.169677497666890553e-01 -1.915842844848813231e-01
1.158087091823028214e-01 -1.906760970876249794e-01
1.145005851585469553e-01 -1.888687914789084765e-01
1.120330777308885251e-01 -1.853892041182398087e-01
1.097069139231219709e-01 -1.817311333308609389e-01
1.088682728062154992e-01 -1.809767199605778476e-01
1.058709141472826964e-01 -1.808008009272522310e-01
1.063995429349639532e-01 -1.653959417877421956e-01
1.060186098246458791e-01 -1.641680510776416246e-01
9.886402569452805433e-02 -1.558127329445076481e-01
9.548993493816688993e-02 -1.486214156383112162e-01
9.447322651282291650e-02 -1.462640440498207128e-01
9.292831420431803269e-02 -1.423861684789272108e-01
9.304044868517769018e-02 -1.416196221924329868e-01
9.256775822950333299e-02 -1.364283266849729837e-01
9.152237347327010775e-02 -1.346512672423328671e-01
8.987172283189570621e-02 -1.311766128276323218e-01
8.637322820956429281e-02 -1.281464804327840379e-01
8.449133277686575461e-02 -1.238507156255493069e-01
8.401045528430466092e-02 -1.219316190389247295e-01
8.393711116967460251e-02 -1.188408526979242569e-01
8.438899792248984177e-02 -1.175540016511333885e-01
8.504908284538531538e-02 -1.164375007952343499e-01
8.520742614782396418e-02 -1.124206211416172163e-01
8.469902010176963425e-02 -1.088099977296684145e-01
8.287872711771841761e-02 -1.076039604560849738e-01
8.158329373313180644e-02 -1.056832718550149292e-01
7.911952913684516808e-02 -1.016694953400361645e-01
7.755211544745731211e-02 -9.859207208800854771e-02
7.463224468213623675e-02 -9.527179370877202069e-02
7.356167678203560933e-02 -9.347058973824273753e-02
7.321589550874540997e-02 -9.281604072650263826e-02
6.990779326424641227e-02 -8.698090149607803911e-02
8.492752568093857313e-02 -5.762044556241863180e-02
8.407817489708910297e-02 -5.759905730102601179e-02
8.356156673449137429e-02 -5.756201039512696960e-02
8.302158565959553982e-02 -5.750564093831558865e-02
8.250148446985840212e-02 -5.743639859450623553e-02
8.223373779050828503e-02 -5.739419248488423358e-02
8.204218639876616204e-02 -5.736080297686425161e-02
8.187283161100854245e-02 -5.732884078423560598e-02
8.154705845937641751e-02 -5.726018844906425459e-02
8.043258644817116720e-02 -5.693013150425671465e-02
7.937132662113471904e-02 -5.636592215294543989e-02
7.885878078625169207e-02 -5.587396950398667433e-02
6.560232056348434815e-02 -5.862038470707608279e-02
6.409020294559919506e-02 -5.742739066910303863e-02
6.316195103606733752e-02 -5.527366804586618387e-02
6.263691657122970324e-02 -5.370623445041884658e-02
5.354573055303622764e-02 -5.421806442538663201e-02
5.235080631260181916e-02 -5.369773633029831933e-02
5.090432815258914834e-02 -5.314595839519581366e-02
3.983809207113062079e-02 -4.782472100247646407e-02
3.779086361039336178e-02 -4.650619336411416366e-02
3.061218935563118568e-02 -3.884089570332540514e-02
3.084136180953040221e-02 -3.757531772092873729e-02
3.004400226611014108e-02 -3.682745606796516274e-02
2.948994713484485650e-02 -3.633431100155366800e-02
2.810812255911850771e-02 -3.487842356223393864e-02
2.814327943828539777e-02 -3.082701899755704508e-02
2.494652339451022480e-02 -2.801485216578354989e-02
2.431112882488547719e-02 -2.766890422019373588e-02
2.252850071056442666e-02 -2.717931461965258574e-02
1.825683758296755069e-02 -2.703596464906831212e-02
1.545455369994416274e-02 -2.541859906442407724e-02
1.406193574903251940e-02 -2.424029933344507351e-02
1.303833922733574173e-02 -2.136722431573483127e-02
1.143815696124348552e-02 -1.970727263005653609e-02
1.083869307863676891e-02 -1.868969286200530475e-02
1.164058606830504355e-02 -1.459400926841647461e-02
1.257373586086181667e-02 -1.146994794073915094e-02
1.239492854636468737e-02 -1.093954470465709032e-02
1.147136348101979522e-03 -1.046994367115876290e-02
1.720443887282579326e-03 -1.442177794545088576e-03
