-1.029141412979484504e-03 -2.555415127488275696e-03
-2.338081785021149748e-03 -4.535689436589836199e-03
-1.852212763810288888e-03 -7.732948540887085026e-03
-3.347261132150114449e-03 -1.050326935696132766e-02
-5.905573285670417776e-03 -1.354139585498468495e-02
-6.473244509579678327e-03 -1.761781350695366261e-02
-6.532497575521123770e-03 -2.181477179837155306e-02
-8.310707735098798316e-03 -2.507199061881676752e-02
-1.120086977000252053e-02 -2.763513409469807447e-02
-1.183692828848805639e-02 -2.979295332915738240e-02
-1.684709171965336275e-02 -3.409853777405782993e-02
-2.445214374817264100e-02 -4.137489106719018789e-02
-2.903995210587669365e-02 -4.484071538290861775e-02
-3.107298463741606578e-02 -4.615122603511758598e-02
-3.736561369212179629e-02 -5.013775802834710693e-02
-4.382089544845560458e-02 -5.453853883062895203e-02
-4.527340200546423749e-02 -5.568691950810784191e-02
-4.768845879806295207e-02 -5.774112853125849126e-02
-5.842070362997538180e-02 -6.189925567825625696e-02
-6.358456094758394017e-02 -6.462264011572040057e-02
-6.520548944933521329e-02 -6.539240091040218750e-02
-6.824454993254557011e-02 -6.671370401347222201e-02
-9.308001311051987414e-02 -7.027258151374417283e-02
-9.308177305236532695e-02 -7.027291982373709556e-02
-9.308306432705296118e-02 -7.027316845497401376e-02
-9.320372764400028376e-02 -7.029792076716741278e-02
-9.320385621508568696e-02 -7.029794872335518030e-02
-9.320402286203069431e-02 -7.029798496360992188e-02
-1.068155704457439820e-01 -7.207841404474310543e-02
-1.064873039215643441e-01 -7.335497257867601428e-02
-1.063764600418686812e-01 -7.432852000572719164e-02
-1.064797573089789201e-01 -7.557222509375741137e-02
-1.119760781870624972e-01 -7.818453836025567039e-02
-1.126767813214343411e-01 -8.963038582507762420e-02
-1.126776127040063635e-01 -8.965538642898401855e-02
-1.126779377781391561e-01 -8.966485528268619554e-02
-1.118828205385539315e-01 -9.633589697055895684e-02
-1.119060434087540135e-01 -9.647434883019347096e-02
-1.119374731183307159e-01 -9.665151710213047698e-02
-1.123098588161008937e-01 -9.848434832670233119e-02
-1.113514563271640889e-01 -1.007282492337766566e-01
-1.098027450230211199e-01 -1.008017319361410313e-01
-1.097404631969502858e-01 -1.008468088733456280e-01
-9.405674938739286284e-02 -1.048138792524992008e-01
-9.403195476623477100e-02 -1.048254394118581373e-01
-9.387399331372743572e-02 -1.048970889351625441e-01
-8.323483941655028528e-02 -1.109449349333955781e-01
-8.055205532092575560e-02 -1.136048981345073733e-01
-8.055202347089890358e-02 -1.136052997309241197e-01
-8.055189912933463647e-02 -1.136068695701178272e-01
-6.974602535550755711e-02 -1.213684505467304553e-01
-6.969427502907581118e-02 -1.214374647055706108e-01
-6.943142690218857827e-02 -1.217847934978884689e-01
-6.197874859582725576e-02 -1.279090710066597969e-01
-6.158668352087276476e-02 -1.284307630229840069e-01
-6.158668150521760809e-02 -1.284307656559667554e-01
-6.158667979232554379e-02 -1.284307678934595853e-01
-6.158667638419626500e-02 -1.284307723453817496e-01
-6.158666962274484541e-02 -1.284307811776271291e-01
-6.158666218081766675e-02 -1.284307908987443181e-01
-5.078002494607593981e-02 -1.351940891707253956e-01
-5.078002494207307926e-02 -1.351940891761448937e-01
-5.078002493958975322e-02 -1.351940891795070931e-01
-5.078002493703301368e-02 -1.351940891829687130e-01
-5.078002493450024107e-02 -1.351940891863978589e-01
-5.078002493081699292e-02 -1.351940891913846754e-01
-5.078002491799539497e-02 -1.351940892087440116e-01
-1.900739260644887865e-02 -1.562919261409306815e-01
-1.900739259869114670e-02 -1.562919261437938634e-01
-1.900739258861624745e-02 -1.562919261475122501e-01
-1.900739248264747203e-02 -1.562919261866226039e-01
-1.900353307273106376e-02 -1.562933497015603634e-01
-1.277550734288295312e-02 -1.572799155376308489e-01
1.980974572836540284e-03 -1.616614195790669062e-01
1.049134251447060052e-02 -1.690419386483570929e-01
1.557145235829148801e-02 -1.728055163950318607e-01
2.125028657593618781e-02 -1.774355793562719386e-01
2.494565186745630048e-02 -1.781740225771653585e-01
2.759659479843700955e-02 -1.798565281203224619e-01
2.853490303044622228e-02 -1.814831670882267878e-01
2.792251451097289491e-02 -1.841491375741829140e-01
2.766605485759116370e-02 -1.849708619343483629e-01
2.815298761739710651e-02 -1.849691185026602347e-01
3.126232382372701180e-02 -1.842521694154935219e-01
3.391910597662580601e-02 -1.842135929801995420e-01
3.450838328215349166e-02 -1.848611751315028806e-01
3.510993816720826832e-02 -1.857003826356009302e-01
3.587780761144761243e-02 -1.868711453528168476e-01
3.653932174793200066e-02 -1.878154000411651203e-01
3.719741145966095480e-02 -1.884914329609251871e-01
4.268142797248602321e-02 -1.876286952753088433e-01
5.029665215466017775e-02 -1.920131704538799167e-01
5.391874160603545713e-02 -1.933034684065487174e-01
5.615492901564660827e-02 -1.944807556772367996e-01
5.675791432508416751e-02 -1.947636159674486778e-01
6.104978243409909383e-02 -1.965916046838588616e-01
6.486209505758461225e-02 -1.990741180030867474e-01
6.969059527783516561e-02 -2.033336474722375609e-01
7.398072313862311122e-02 -2.081633793234005936e-01
7.852042994983324253e-02 -2.083885254262747011e-01
8.285584768514935028e-02 -2.108232631664212764e-01
8.314650227195705123e-02 -2.108934463066989562e-01
8.351769082521529053e-02 -2.109748848997493043e-01
9.228629534398502532e-02 -2.184220612290761476e-01
9.286043125293297340e-02 -2.184275071867255724e-01
9.326160047295604938e-02 -2.183237021664028998e-01
9.770854899478033373e-02 -2.195594733158519885e-01
1.051052566292480089e-01 -2.255037209648234064e-01
1.124185139722037458e-01 -2.279314563715600372e-01
1.165899528153193920e-01 -2.323029014063372477e-01
1.182906990761721927e-01 -2.335944935572871473e-01
1.191717732715426165e-01 -2.339194805655572251e-01
1.193403395932204208e-01 -2.339854157592571038e-01
1.207449378185140587e-01 -2.347025671170418493e-01
1.239645180522349621e-01 -2.367183275278644805e-01
1.243353119578080035e-01 -2.366572260207813472e-01
1.244185157960385757e-01 -2.366445262320646392e-01
1.343125929392912643e-01 -2.442196073597663053e-01
1.366709050520290014e-01 -2.448621342191904804e-01
1.371730911242447226e-01 -2.447684434050448055e-01
1.379753101833968709e-01 -2.446930421183781956e-01
1.474311064838664809e-01 -2.510979720807974269e-01
1.474900763429942141e-01 -2.511004369594511676e-01
1.477013009835319857e-01 -2.510868136995069722e-01
1.514974924158379033e-01 -2.530241514830081084e-01
1.546374823155934330e-01 -2.569362650624706368e-01
1.547553930769231811e-01 -2.570291928638361867e-01
1.553287253510990951e-01 -2.574576698712114364e-01
1.598024258746767179e-01 -2.607975182806416825e-01
1.621310146691328502e-01 -2.571661844144111919e-01
1.639344141778750763e-01 -2.511677218644737253e-01
1.643869106987982665e-01 -2.507972967760074279e-01
1.657257868357233932e-01 -2.496700691161310992e-01
1.665038762970529884e-01 -2.468575329871987856e-01
1.599631216490196850e-01 -2.422363529688898731e-01
1.598867134669959000e-01 -2.421358949290991769e-01
1.588034188542324643e-01 -2.409033177267162484e-01
1.460013052253230081e-01 -2.334296916137503786e-01
1.422143489790198556e-01 -2.312479529390535082e-01
1.407695724686612582e-01 -2.297980766585466517e-01
1.407695159747134606e-01 -2.297980245298322510e-01
1.407694779390781248e-01 -2.297979894338804951e-01
1.342417801335835659e-01 -2.252608478653596036e-01
1.342415136797187325e-01 -2.252604953936421794e-01
1.342408928008519964e-01 -2.252596741050380824e-01
1.342408759582051914e-01 -2.252596518263472736e-01
1.342408744037641988e-01 -2.252596497702043787e-01
1.342258357402295876e-01 -2.252397679176441070e-01
1.183073666456748163e-01 -2.116100908367569977e-01
1.181211306410879930e-01 -2.113459946839477133e-01
1.172749261298847157e-01 -2.101539432425225118e-01
1.108635441168004665e-01 -2.052634866346045583e-01
1.049928059005518083e-01 -1.980276875461585984e-01
9.904083771992387708e-02 -1.922902723375456979e-01
9.723652976346063015e-02 -1.894674448702363956e-01
9.538521976259344004e-02 -1.865570177033232802e-01
9.470070887362924683e-02 -1.854965659079934048e-01
8.945572553906723512e-02 -1.779566548136553850e-01
8.047136185437565870e-02 -1.644023059359132344e-01
7.638508938905505530e-02 -1.544332111152173226e-01
7.423619390120564376e-02 -1.471173093993279057e-01
7.402560724041197526e-02 -1.448608654015102748e-01
7.337926085872566173e-02 -1.404934488203109511e-01
5.893763115820531417e-02 -1.128994557862113834e-01
5.421893978206420578e-02 -1.023131881139018179e-01
5.386822185270345731e-02 -1.012238033384273983e-01
5.188566681994029317e-02 -9.711879529084337104e-02
5.100985595034587122e-02 -9.288946177580766073e-02
5.105794092310425580e-02 -9.096837783329667082e-02
5.098957755451418578e-02 -8.844189363170140705e-02
4.862353869811248536e-02 -8.269625606618119518e-02
4.622106945884658924e-02 -7.742963886375478499e-02
4.541150973696759380e-02 -7.255170872229112222e-02
4.455556763881958482e-02 -7.010923359490951745e-02
4.444026462716338388e-02 -6.986474303416238818e-02
4.303138100657309673e-02 -6.707502533374810894e-02
4.174111105745778594e-02 -6.377973231898220741e-02
4.157750131761119017e-02 -6.127061152324716348e-02
4.100171631515381332e-02 -5.820145896748380593e-02
3.901435198658333853e-02 -5.429498919594721862e-02
3.688875004553188175e-02 -4.685198808834863116e-02
3.997234619357153962e-02 -3.303078843007652837e-02
3.923403387963890487e-02 -2.642817721051359675e-02
3.837788152279122955e-02 -2.193784852052535483e-02
3.837063877035371690e-02 -2.190110691287195169e-02
3.832506545845446727e-02 -2.166708428305305634e-02
3.809335930592548658e-02 -2.036775788780662705e-02
3.790511574195008782e-02 -1.727969909286827810e-02
3.662849533308313449e-02 -1.256691680542958156e-02
3.281877249754663189e-02 -7.265874102867234119e-03
2.704142675850997393e-02 -2.145048378538713489e-03
2.519235456509135579e-02 6.885507382756213138e-04
2.508459416334446815e-02 2.997116344963255199e-03
2.445338960211375021e-02 4.004308693564048033e-03
2.330026639755624143e-02 4.396646692884653880e-03
1.656245698293044161e-02 5.504322768296482935e-04
1.452202235891845647e-02 1.602484125163412126e-03
1.314899944168661239e-02 2.033396354762957541e-03
3.693162509699960024e-03 3.032744492358587147e-04
