-6.157382308160310076e-04 -1.610704286061856406e-03
-1.777851552707288571e-03 -2.414126428276553923e-03
-2.586469564952934789e-03 -2.771596866622281618e-03
-3.699960674343604362e-03 -3.037148133152065693e-03
-1.233685273024412096e-02 -2.187532662007024564e-03
-1.417316467088665030e-02 -2.073418444870813414e-03
-1.516197887574515304e-02 -1.972367249221834186e-03
-3.539397631281104156e-02 3.548558198295163543e-03
-3.776335378647147079e-02 3.745188941898981976e-03
-3.989708308644152740e-02 2.898307222221171292e-03
-4.160427226735000095e-02 5.387080120428794361e-05
-4.463078084440567916e-02 -2.317527723663194688e-03
-4.689123529587382183e-02 -3.231990009014143288e-03
-4.836942781719954371e-02 -3.817715633013940048e-03
-5.188635464913016193e-02 -6.056375111451408992e-03
-5.632138795785179841e-02 -7.830301284988726643e-03
-5.797907979215127794e-02 -8.271216382322983673e-03
-5.928218142237793448e-02 -8.548606795903447575e-03
-7.572391681543289010e-02 -9.014826033302166669e-03
-7.767312422022668028e-02 -1.040175497727699981e-02
-7.753957602736309684e-02 -1.107791201314363948e-02
-8.683699868876161576e-02 -1.363304064881242124e-02
-9.395179855505955691e-02 -1.889625997302835092e-02
-9.632416374283155058e-02 -2.249037790171812962e-02
-9.878056797996533078e-02 -2.622637152527100904e-02
-1.056360050686356716e-01 -3.088115564024991253e-02
-1.104637202934276585e-01 -3.115326807968618952e-02
-1.126943104702537030e-01 -3.293526741481855868e-02
-1.145505631906613558e-01 -3.794654930087267702e-02
-1.178114435520065256e-01 -4.425298919705698830e-02
-1.190472673972209905e-01 -4.633243758952505092e-02
-1.213631202376924956e-01 -5.028203821206810031e-02
-1.276348137384495651e-01 -6.861271798883591955e-02
-1.321033617418161110e-01 -7.999162287706917951e-02
-1.327305197634158773e-01 -8.195890008859532672e-02
-1.330651130086559497e-01 -8.392066957817530259e-02
-1.346622661207371729e-01 -9.475646004108344289e-02
-1.350918658389108074e-01 -9.567812745269849151e-02
-1.354988050756456286e-01 -9.650102222175836741e-02
-1.345956351594323197e-01 -1.033929402424582505e-01
-1.344373579611235769e-01 -1.095125948936760685e-01
-1.357175088433508758e-01 -1.116342644534915746e-01
-1.362233352195332536e-01 -1.144863054102832900e-01
-1.350170543466429895e-01 -1.189527937882354086e-01
-1.351500241076141196e-01 -1.209822409455889869e-01
-1.358496738147059735e-01 -1.224877871319995093e-01
-1.359075473602578965e-01 -1.337559475254886665e-01
-1.376692766125566791e-01 -1.423696954440175910e-01
-1.386096494988785788e-01 -1.443200192668036286e-01
-1.391676716594713592e-01 -1.461718128700998098e-01
-1.387278523905228766e-01 -1.487335523484410171e-01
-1.392774744671191334e-01 -1.503399398597388414e-01
-1.400925756211577056e-01 -1.516783106934630476e-01
-1.378686289668608067e-01 -1.562620977872222761e-01
-1.387345700874406396e-01 -1.602850483841829210e-01
-1.385724703246303813e-01 -1.640690862504626812e-01
-1.388237691798662188e-01 -1.651084338994354972e-01
-1.388946791063744579e-01 -1.657056332676000443e-01
-1.389709932884670707e-01 -1.708002929657825575e-01
-1.392856404506783718e-01 -1.765633306546339765e-01
-1.395751165166957686e-01 -1.770118744143683587e-01
-1.389974520331679619e-01 -1.795948951427611406e-01
-1.426272711632746160e-01 -1.879214085675921242e-01
-1.433086262033890224e-01 -1.936003439946544780e-01
-1.439928494875282183e-01 -1.948499424536820901e-01
-1.455189935349300578e-01 -1.975926718963955941e-01
-1.475994382864686261e-01 -2.045457789519382896e-01
-1.481926681897486886e-01 -2.064205806915437036e-01
-1.487286224644419896e-01 -2.076449836857651443e-01
-1.508511196954493983e-01 -2.142626352747004914e-01
-1.502251735098205643e-01 -2.280617929775207442e-01
-1.511024298532991361e-01 -2.341983306649449981e-01
-1.510841623369396092e-01 -2.343572298618799288e-01
-1.509402526533364930e-01 -2.347766994590690659e-01
-1.502106148725745050e-01 -2.365355233470393115e-01
-1.561375178755241011e-01 -2.588452213561501236e-01
-1.559050795808286927e-01 -2.591748393200155043e-01
-1.556969353584792548e-01 -2.595081113851755439e-01
-1.552957156234631153e-01 -2.609445237447868826e-01
-1.559816626641273296e-01 -2.648438101196783356e-01
-1.570116349362517538e-01 -2.708080507127190728e-01
-1.576451587019004896e-01 -2.747554983064823819e-01
-1.559966433993670298e-01 -2.754669545191693047e-01
-1.507815420194888179e-01 -2.761887960856219126e-01
-1.450583417152858379e-01 -2.765241369727877152e-01
-1.433291171448961565e-01 -2.775374558853767604e-01
-1.425514348994137148e-01 -2.790199885422889325e-01
-1.430405150588332508e-01 -2.824443277437777566e-01
-1.432665825598425924e-01 -2.843824492158902872e-01
-1.425517391322660143e-01 -2.848910463968543638e-01
-1.391482103517056035e-01 -2.845222120264195298e-01
-1.349008422152781217e-01 -2.847069199240614967e-01
-1.335202661600157215e-01 -2.857720408106405041e-01
-1.327230914406692941e-01 -2.871235548138937332e-01
-1.323855757416311785e-01 -2.881068130278650608e-01
-1.300522401367104064e-01 -2.872124145463838540e-01
-1.203639079223665503e-01 -2.829434766388187472e-01
-1.176405360109666898e-01 -2.834193111856306846e-01
-1.161144838865900836e-01 -2.838854415915207929e-01
-1.134481212815145190e-01 -2.836740470763885469e-01
-1.097390953165037625e-01 -2.816709162284949386e-01
-1.042363073450436467e-01 -2.780276736319280961e-01
-1.009088715991765667e-01 -2.734309437132848020e-01
-9.950173377211669890e-02 -2.730293958378409158e-01
-9.696467058906861614e-02 -2.701649795075553029e-01
-9.282690573297773529e-02 -2.676698735541619412e-01
-8.773489129044952095e-02 -2.603545708923925006e-01
-8.541637370954942299e-02 -2.601003745409825596e-01
-8.485441194517562291e-02 -2.603153282534459989e-01
-8.428505767873140098e-02 -2.605145275780276215e-01
-8.324665276391426949e-02 -2.604493361558837261e-01
-7.962383270979732364e-02 -2.512877174274260050e-01
-7.235519379682188446e-02 -2.378960055886212011e-01
-6.807999325264053880e-02 -2.331275493943978927e-01
-6.494479704243391605e-02 -2.348453423494846204e-01
-6.194953151171632422e-02 -2.294718300115907716e-01
-5.895560843128409140e-02 -2.253967487872669540e-01
-5.734547954089103117e-02 -2.252475547980339055e-01
-5.594748253861402121e-02 -2.242717738132639360e-01
-5.316104490287626438e-02 -2.225614483744338956e-01
-5.128876115675779640e-02 -2.209522197183854120e-01
-5.033887155992142898e-02 -2.197255908854877648e-01
-4.860781275559960396e-02 -2.158846826986177136e-01
-4.823712020523681504e-02 -2.064830934251866146e-01
-4.744274715770251810e-02 -2.059259994786749870e-01
-4.681926782736180181e-02 -2.055650968256942934e-01
-4.536731649125792104e-02 -2.048896678177371533e-01
-4.205665337317571195e-02 -2.038217784479861849e-01
-3.367400812816354061e-02 -2.117898575429690844e-01
-3.312835969660474916e-02 -2.105317494827057823e-01
-3.275446919597094914e-02 -2.086505867472659703e-01
-3.279996357487555136e-02 -2.074161117551947819e-01
-3.283393418553989113e-02 -2.061524317888729918e-01
-3.169914145612423573e-02 -1.981202005538406363e-01
-2.873027021886839782e-02 -1.925631033547531568e-01
-2.474795504209114511e-02 -1.893205736296720565e-01
-2.606480750597334889e-02 -1.884868929590933495e-01
-2.725888042752944163e-02 -1.869574616185851468e-01
-2.720144865815980403e-02 -1.841174953171831608e-01
-2.492055336779381777e-02 -1.805895276268147109e-01
-1.495378143578292643e-02 -1.757803183484818454e-01
-1.097276658939837744e-02 -1.713391768954226346e-01
-1.076232273777195589e-02 -1.670330243518564906e-01
-9.188104920963870159e-03 -1.628189510285499020e-01
-6.296148150370869945e-03 -1.597329649200008306e-01
-3.568025353859258578e-03 -1.588438000498270108e-01
8.498452049420262460e-04 -1.555557014322415665e-01
4.244449330441802358e-03 -1.499117231428208630e-01
7.091489993489122866e-03 -1.450692291233109388e-01
1.015155527882267116e-02 -1.411906656453982833e-01
1.285916065751158827e-02 -1.376648546442766907e-01
1.360465855475288116e-02 -1.345077430096976168e-01
1.410001439024485131e-02 -1.331766525691502334e-01
1.468097607199488758e-02 -1.319006912251328989e-01
2.214935383398718496e-02 -1.242159669425286772e-01
2.229796669652486102e-02 -1.229497605104148544e-01
2.227957945923731212e-02 -1.228174025174177120e-01
2.210925857627617924e-02 -1.221607842793795279e-01
2.176712857262380618e-02 -1.210383289857117489e-01
2.169967586788359992e-02 -1.195432491967633876e-01
2.379416751339641714e-02 -1.156050339926474740e-01
3.157697483557949519e-02 -1.079933086996267000e-01
4.099414249182685432e-02 -1.027757665070867105e-01
4.318992975150145325e-02 -9.725506868743466482e-02
4.523834114010049506e-02 -9.311300902346907049e-02
4.595398292197765133e-02 -9.144971224753180306e-02
4.649354333075675361e-02 -8.888370506998510834e-02
4.272587517287971398e-02 -8.206300915859345013e-02
4.736474352410656452e-02 -7.850346005414138295e-02
4.904297246050283443e-02 -7.536682779365569407e-02
4.885994529672316178e-02 -7.430086700983760950e-02
4.897433118264513802e-02 -7.265607837696635984e-02
4.900907695811364262e-02 -7.052129779480620364e-02
4.807952588992443765e-02 -6.938673835434641668e-02
4.737155911570471722e-02 -6.876562728211141340e-02
4.603304649088663103e-02 -6.762604969516501641e-02
4.452813712009676128e-02 -6.540983325013155492e-02
4.513512703789253344e-02 -6.232025159927605251e-02
4.513770807216191394e-02 -5.958725082414438601e-02
4.271456393376785871e-02 -5.730952201033815557e-02
4.201642426916014916e-02 -5.273753725822633714e-02
3.756784966873300685e-02 -4.668588459930133466e-02
3.140820756709560707e-02 -3.786817607703998195e-02
2.416171984975722109e-02 -3.158007155423285528e-02
2.174196323697700009e-02 -3.021114653925634913e-02
1.948940485442748199e-02 -2.889871400658085288e-02
1.698121888959201048e-02 -2.719011359302836439e-02
1.585002984279218138e-02 -2.473704025729174527e-02
1.380469413420666071e-02 -2.251752555880513415e-02
1.229009319416974992e-02 -1.912298923369184708e-02
8.756315654194799653e-03 -1.649833427661289223e-02
7.892133199644971522e-03 -1.465847974409595182e-02
6.654664741338344250e-03 -1.300303399563878214e-02
5.091384143012064878e-03 -1.093507228203282819e-02
3.926058996686868953e-03 -8.718374515788421611e-03
3.042566524456252319e-03 -7.570312895431606515e-03
2.201691327845734045e-03 -6.791373596713667048e-03
1.209476724429397456e-03 -4.265622745663518942e-03
2.044687943799467292e-03 -1.163859874513682117e-03
