1.280812410838125464e-05 -2.190198059283719764e-05
2.600959407281248567e-04 -4.440635256115772864e-04
4.408545930358725648e-03 -6.660859416824187022e-03
1.132844599739251702e-02 -1.176926779906259032e-02
1.431112790952543054e-02 -1.581675151966735124e-02
1.822246347782902759e-02 -2.168986003436437771e-02
1.287972384333308136e-02 -3.690325869658005881e-02
1.194183352908904233e-02 -4.046407269221065361e-02
1.201162086206090246e-02 -4.339290327294470506e-02
1.266281281622909198e-02 -4.457269431631494944e-02
1.098115409234952551e-02 -4.790128425855300076e-02
1.071087609082111043e-02 -5.829237767159078237e-02
8.434400456344314650e-03 -6.769296089950985196e-02
7.216111306552637321e-03 -6.942059069587182274e-02
5.912481829196296508e-03 -7.215740625852788692e-02
4.620271167565200010e-03 -7.847620981384022254e-02
2.711080786529422582e-03 -8.258858721340886500e-02
6.040375881201618139e-04 -8.690054116880889523e-02
2.964215360205756360e-04 -8.803149852130102981e-02
-2.673454063686511381e-03 -9.220145047850596132e-02
-2.774826214083843737e-03 -9.239784629230608781e-02
-2.865456814888397812e-03 -9.261681969819451909e-02
-3.021175482434258416e-03 -9.309250014976484799e-02
-3.516993881184401864e-03 -9.422173830408429873e-02
-4.707794789788604696e-03 -9.569514444698129507e-02
-3.134772375714507675e-02 -9.006992876916991575e-02
-3.149312875308721976e-02 -9.141150675110217005e-02
-3.136251696848939979e-02 -9.267843987445885390e-02
-3.099170166955183756e-02 -9.420700359241429567e-02
-3.068272740443797955e-02 -9.535953015990682180e-02
-3.038900398218746801e-02 -9.674470066777680899e-02
-3.004478821889816631e-02 -9.958231572864856274e-02
-2.995557964138252649e-02 -1.019360081724831335e-01
-2.986197976164379000e-02 -1.033195816663819711e-01
-2.966721421891039406e-02 -1.046997176580233835e-01
-4.288390150578302862e-02 -1.168358039314299074e-01
-4.289994575388374892e-02 -1.185214021987189975e-01
-4.302773484598476639e-02 -1.195922610465591646e-01
-4.333638871062880232e-02 -1.211296891726681701e-01
-4.739696838730229900e-02 -1.303106456596847262e-01
-4.782827622077445023e-02 -1.324424428290114086e-01
-4.749727706874824762e-02 -1.327838488089015667e-01
-4.659555276094377169e-02 -1.334619024136869947e-01
-4.526128799121965224e-02 -1.341683687486176224e-01
-4.370878167618263976e-02 -1.347339582455305551e-01
-4.302055746275045001e-02 -1.351917233054134027e-01
-3.808838761102814607e-02 -1.351338091701674848e-01
-3.578246915754161595e-02 -1.358483431469310887e-01
-3.460613830569062022e-02 -1.365517278470957663e-01
-2.907787970861328702e-02 -1.358958453076056228e-01
-2.281131568843691726e-02 -1.365329073386105097e-01
-2.214181426173956677e-02 -1.369747274397222769e-01
-2.155991397925190525e-02 -1.373277665435714556e-01
-1.500039593804299194e-02 -1.387183470714743461e-01
-1.507565334167335590e-02 -1.399983222160694762e-01
-1.473166420772094136e-02 -1.410913782557858542e-01
-1.299175858084735714e-02 -1.439235239865800375e-01
-1.307715781747344382e-02 -1.466376080062801457e-01
-1.295793502439327068e-02 -1.469217547119681944e-01
-1.141865228926419902e-02 -1.493735577036155171e-01
-1.799570367619685030e-02 -1.635674787906818139e-01
-1.595663029007866537e-02 -1.639138003803305710e-01
-1.465310036589086325e-02 -1.645479125456131841e-01
-1.364126377949050062e-02 -1.655321885727961406e-01
-1.237044226273932568e-02 -1.672260848331253991e-01
-1.160045957816947110e-02 -1.686333701715247158e-01
-1.147490631903669289e-02 -1.705933916114804882e-01
-1.138959427958985068e-02 -1.732715465473658178e-01
-1.049336123731644393e-02 -1.744964383986996603e-01
-3.798322550916601644e-03 -1.685693047289799629e-01
-3.777115854625861992e-03 -1.685551935326753681e-01
-3.480607414669462107e-03 -1.683482016453992369e-01
5.698450941967649584e-03 -1.659622136019739957e-01
6.556456700697614950e-03 -1.671492925684916475e-01
7.356249745921402371e-03 -1.681811054550036710e-01
8.408828716815182000e-03 -1.691983594242252309e-01
1.055880165241033890e-02 -1.655365016839563663e-01
1.588992368550031647e-02 -1.516656893887928792e-01
1.684141811835524610e-02 -1.513846880204054446e-01
1.943911446824496403e-02 -1.511882049247322279e-01
2.220343318083635095e-02 -1.505642531815139518e-01
2.276198987666813722e-02 -1.505926289816742758e-01
2.348930058213703070e-02 -1.505569377218407834e-01
2.560303635045079948e-02 -1.497338691460839977e-01
2.749596308843969480e-02 -1.495259128164104501e-01
2.905778176004292224e-02 -1.499988131967771865e-01
3.065458958683725185e-02 -1.510302440056810747e-01
3.255876498542849273e-02 -1.527683795199302752e-01
3.485037005287208722e-02 -1.555598763494467907e-01
3.592735129621734552e-02 -1.575434105734882795e-01
3.662068417138732851e-02 -1.601749488029821367e-01
3.770407584991271321e-02 -1.629042321310391617e-01
3.878372735223920009e-02 -1.639455389853262945e-01
4.077184762332453083e-02 -1.646444739546630565e-01
4.382307786947482742e-02 -1.640105874413275711e-01
4.511687869822597619e-02 -1.638249506717436021e-01
4.679904809891525380e-02 -1.631875562740117414e-01
4.916237685016476566e-02 -1.621582057641748620e-01
4.999922666215621953e-02 -1.619830438096995784e-01
4.969994791896174824e-02 -1.468947473007205518e-01
5.426083817136113929e-02 -1.451501605379154625e-01
5.495484395162197194e-02 -1.451816604523200605e-01
5.628668964156482990e-02 -1.452138558289541304e-01
5.852001404287709291e-02 -1.452649310783776515e-01
6.351295424120874389e-02 -1.455563725464597835e-01
7.200016718639368207e-02 -1.456428213730764365e-01
7.623808232736553614e-02 -1.450960347693434904e-01
7.930051792748404882e-02 -1.469502180785645373e-01
8.331806402151313573e-02 -1.494498814987844648e-01
9.074699539087893729e-02 -1.468429757236215938e-01
9.391677547688345729e-02 -1.462098619486977280e-01
9.616619021577818560e-02 -1.515991043567090635e-01
9.886111166833745634e-02 -1.502368263450058472e-01
1.032647782812850801e-01 -1.468275881735985611e-01
1.057351316904992511e-01 -1.455485161056445376e-01
1.092075651350843946e-01 -1.452579598115310844e-01
1.093109692495283641e-01 -1.452175344724921657e-01
1.094173736561191573e-01 -1.451782615229832707e-01
1.096659711286197131e-01 -1.450968273683415355e-01
1.259791713147557224e-01 -1.453318883451634458e-01
1.335437593816364288e-01 -1.462267465563452107e-01
1.331325908550609893e-01 -1.428909209992741680e-01
1.322488370892311860e-01 -1.414019836761394866e-01
1.312813856539474244e-01 -1.403252444145196010e-01
1.303735744233222027e-01 -1.396275071386856026e-01
1.290727198972214662e-01 -1.390327904305834195e-01
1.269789657571330777e-01 -1.386546270354545307e-01
1.244324378323989205e-01 -1.382706060257042346e-01
1.221376928009120788e-01 -1.366326633298273197e-01
1.193742917055862079e-01 -1.350845358167006016e-01
1.189636909638587814e-01 -1.342833117635389983e-01
1.187667188709354837e-01 -1.336990926036513705e-01
1.221473181221923859e-01 -1.239490422906357053e-01
1.210876815689428121e-01 -1.227656181361378301e-01
1.152358532535588675e-01 -1.190527576820878813e-01
1.135308570774881953e-01 -1.164249741846837549e-01
1.128960987536838795e-01 -1.151230477263050639e-01
1.133186816988313167e-01 -1.128935512011115666e-01
1.142786724840418322e-01 -1.109898140994657612e-01
1.146009809282264036e-01 -1.051151688159093628e-01
1.057610766946032593e-01 -1.012592785463034689e-01
1.036829731554355649e-01 -9.918144966126965500e-02
1.023513248684549543e-01 -9.743346645986794563e-02
1.003734116983396596e-01 -9.472078968480604488e-02
9.883539122211359995e-02 -9.301529330568762688e-02
1.004327047797796968e-01 -9.071576579923736061e-02
1.029756233069761273e-01 -8.860690153308513339e-02
1.050772118349118239e-01 -8.697818910104540557e-02
9.921915534334138642e-02 -7.726354076286370831e-02
9.671238727692783865e-02 -6.885361180719616614e-02
9.480620274116806356e-02 -6.436015630768068818e-02
9.259897329966612634e-02 -6.116280381962645174e-02
8.825079730851305426e-02 -5.503073075756215182e-02
8.503515682211737481e-02 -5.040391475322846676e-02
7.988396222615555542e-02 -4.197978778995323235e-02
7.833121755474370396e-02 -3.344872225280660222e-02
7.878253175675940800e-02 -3.116323341786995590e-02
7.778006052728710096e-02 -2.683906658618349234e-02
7.713679774142438716e-02 -2.553823337515957748e-02
8.288888849478864840e-02 -1.144387044145407477e-02
8.326243470830661797e-02 -9.322626978685952248e-03
8.341888126610591536e-02 -4.945523994164484523e-03
8.333810399390879919e-02 -4.214822047503167211e-03
8.326852777737152322e-02 -3.774912032970850935e-03
8.302724023591834257e-02 -2.666891172397369177e-03
8.302566378467701735e-02 -1.854809446185333921e-03
8.309491670047779166e-02 -6.404245446740647546e-04
7.395918029326227494e-02 -3.282423362528248765e-03
7.251590603758137354e-02 -2.441324199223483121e-03
6.417601114596126199e-02 -4.613577423427940929e-03
6.073109410365623573e-02 -2.925589639341998321e-03
5.939002326228300099e-02 -1.138248746301831222e-03
5.868624680041652913e-02 4.873358031712358811e-03
6.019590011071777880e-02 1.086255151841098929e-02
6.013949126346811863e-02 1.105569488337776636e-02
5.971301494092780271e-02 1.260382330202684809e-02
5.942406557329063532e-02 1.404961542488757618e-02
5.949440955633159001e-02 2.156454470583468730e-02
5.962895030772617788e-02 2.497459416720916939e-02
5.953471598715057850e-02 2.575952514942916535e-02
5.909386705792699784e-02 2.671540716078414299e-02
5.902026466071413902e-02 2.678010202558501682e-02
4.416624940928513821e-02 8.744833371662930066e-03
4.393893509350443871e-02 8.711822816472971839e-03
4.349369045788525900e-02 8.663739335108996270e-03
4.331189040695468395e-02 8.650371855186852338e-03
4.323331960238779165e-02 8.645714847512949233e-03
4.311645892255028950e-02 8.640016565638711579e-03
3.239353258452640910e-02 -7.008795507609716369e-03
3.136693201121021346e-02 -6.206055302753552515e-03
3.084852867421818481e-02 -5.584213176641676310e-03
2.990730295977874972e-02 -4.345320241346059195e-03
2.919754680671583780e-02 -3.382157494353407821e-03
2.874075715266454986e-02 -2.762462191484829546e-03
2.814021563065812956e-02 -1.957950783948570958e-03
1.535494170941893027e-02 -1.106967808670799311e-03
1.309004206839394467e-02 -5.397435946884646769e-04
8.315229167497438165e-03 2.393601144917001226e-04
2.713577575124321434e-03 -4.322120754637113040e-04
