-1.049609061035189882e-03 -5.740807877478878302e-03
-3.758432831100571529e-03 -8.613343087188836747e-03
-5.359144655831538095e-03 -9.880239112679071664e-03
-8.819981365269312368e-03 -1.189723182234730427e-02
-1.953874631337409670e-02 -1.595478255127770126e-02
-2.098048754583930336e-02 -1.822950540490272595e-02
-2.115577262374438577e-02 -2.000582463762884400e-02
-2.470430571364143693e-02 -2.280868502568337772e-02
-2.694064486819832543e-02 -2.702876806125008996e-02
-3.082381887447965471e-02 -3.058171000306659712e-02
-3.574869563792400229e-02 -3.641147942734622445e-02
-4.678697017321929025e-02 -4.506365439415178920e-02
-5.171465658287308087e-02 -4.992850247026942023e-02
-5.446663100802303509e-02 -5.193307805796096299e-02
-6.239328532610643324e-02 -5.764939202528338025e-02
-6.930299795076885760e-02 -6.488664916261624449e-02
-7.149773134966264099e-02 -6.846090310897337550e-02
-7.216549047537190731e-02 -7.257720022763990142e-02
-7.646827761954524960e-02 -7.600321439249346778e-02
-7.884234878365732613e-02 -7.842829969780203136e-02
-7.895932437005170890e-02 -8.014607195348973090e-02
-8.013985234882789466e-02 -8.152969887349525990e-02
-8.119392491187235605e-02 -8.292998229361027429e-02
-8.181282505513029490e-02 -8.462195256336169091e-02
-8.333173614545964780e-02 -8.658318812997406466e-02
-8.648687876835101096e-02 -8.910774376089321269e-02
-8.840618142545028646e-02 -9.115597504286539199e-02
-8.711833395887068343e-02 -9.460322559239518758e-02
-9.013855891382861751e-02 -9.751427222903234771e-02
-9.438459781598164400e-02 -1.014418088090716513e-01
-9.499411513280460462e-02 -1.026815571036523156e-01
-9.629033978903674129e-02 -1.049499809192018240e-01
-1.047327237242935416e-01 -1.153832891225742563e-01
-1.076220262927228971e-01 -1.218779669416471950e-01
-1.088431317291630868e-01 -1.228511043096938288e-01
-1.108682548717451616e-01 -1.251333294620733116e-01
-1.125401781757750380e-01 -1.316605806128560152e-01
-1.132741026524188149e-01 -1.319104297527388114e-01
-1.139632808143090509e-01 -1.326342159341351856e-01
-1.150638980101103964e-01 -1.367395726561224656e-01
-1.168247936005331750e-01 -1.402814966193306756e-01
-1.187098620417986750e-01 -1.421565031028259873e-01
-1.195007920279418656e-01 -1.441229831517127080e-01
-1.186972737231608704e-01 -1.472934605671610275e-01
-1.207657798271899868e-01 -1.494069614413166547e-01
-1.238747093556600148e-01 -1.516354132579301461e-01
-1.260379715622734764e-01 -1.578730478888130118e-01
-1.266200088380366739e-01 -1.628236001953848877e-01
-1.289261866875604789e-01 -1.642986890323370197e-01
-1.292239609308976078e-01 -1.668975745860651616e-01
-1.277941174193016338e-01 -1.717477408569522968e-01
-1.289294035998856669e-01 -1.739614121033472016e-01
-1.308309650928091150e-01 -1.758503983636472978e-01
-1.301724897908644318e-01 -1.803603511344690769e-01
-1.304629223545262229e-01 -1.845255752992393528e-01
-1.312985499204215589e-01 -1.875520021467850795e-01
-1.320484691808476718e-01 -1.887658480055263710e-01
-1.323948987497375607e-01 -1.890234729926149049e-01
-1.339156730563636211e-01 -1.924143080138395467e-01
-1.369304811081043516e-01 -1.982158229511346015e-01
-1.372782553186316645e-01 -1.996021350926247828e-01
-1.376060052211318108e-01 -2.008385268683861857e-01
-1.392799893161345837e-01 -2.053956725166623254e-01
-1.411624463041893096e-01 -2.076123662312671092e-01
-1.421707707206903704e-01 -2.082799899359073226e-01
-1.434709535736794495e-01 -2.110570700149544954e-01
-1.459068604628834531e-01 -2.184275661212612130e-01
-1.456606109397604321e-01 -2.208729216543557916e-01
-1.457047864607455556e-01 -2.215691449444235905e-01
-1.473935910432062069e-01 -2.312208856464932627e-01
-1.506299280300260612e-01 -2.366380020828612318e-01
-1.505221259191391325e-01 -2.397390712182582984e-01
-1.503712945374303389e-01 -2.401076681513639732e-01
-1.501661981804483237e-01 -2.405883365123757944e-01
-1.499240961588985677e-01 -2.412929129687648444e-01
-1.496742504927031647e-01 -2.460191171518248954e-01
-1.494732618490046405e-01 -2.462320049806853428e-01
-1.492851562478228755e-01 -2.464468072432354218e-01
-1.489343711702205142e-01 -2.471290188315180825e-01
-1.520781409925955618e-01 -2.541052927573350106e-01
-1.545565601576933679e-01 -2.663897585913619914e-01
-1.578015453274639879e-01 -2.764142970659476672e-01
-1.571240335716810044e-01 -2.776731297385213737e-01
-1.568376394488954495e-01 -2.780970783679040936e-01
-1.565344761936892648e-01 -2.785517956215660118e-01
-1.560850807377035521e-01 -2.792812815178545294e-01
-1.555413038800281256e-01 -2.805199895622183526e-01
-1.577553877021502238e-01 -2.858027242343781360e-01
-1.562873401159727005e-01 -2.882725803619223814e-01
-1.527027870551461997e-01 -2.902068826286668402e-01
-1.472889756485614154e-01 -2.951435032681435366e-01
-1.426583440739864206e-01 -2.960178049824949142e-01
-1.406773728783823063e-01 -2.975557964838889680e-01
-1.395695935582233760e-01 -2.996147174728411300e-01
-1.414281527339959210e-01 -3.056297511243019627e-01
-1.392276504170806561e-01 -3.035692935634893286e-01
-1.337063981192273543e-01 -3.018166849315228606e-01
-1.317047837161650359e-01 -3.022264011604365308e-01
-1.304527783960219567e-01 -3.022911849798771700e-01
-1.263240721092180052e-01 -3.011460522552357744e-01
-1.203476975706407326e-01 -2.977830228809394963e-01
-1.117767381458140419e-01 -2.891305835675678226e-01
-1.020377218563376792e-01 -2.820717962597690254e-01
-9.680029766371502087e-02 -2.785654408475746191e-01
-9.121297768649822002e-02 -2.749927902340190689e-01
-8.248089644899538053e-02 -2.717179909539813032e-01
-7.778378334400301575e-02 -2.611740364067693387e-01
-7.449640495471897272e-02 -2.579666866738359321e-01
-7.426917793714801763e-02 -2.578119608403287022e-01
-7.399167764169682637e-02 -2.576212468009059231e-01
-7.280737027521594351e-02 -2.567408189850582945e-01
-6.962918302588837205e-02 -2.523780119505106279e-01
-6.653684466168546807e-02 -2.494316389997316696e-01
-6.308901194810326296e-02 -2.471322168835196620e-01
-6.017652399239090122e-02 -2.451490700847382687e-01
-5.780733109725287588e-02 -2.403765340522520666e-01
-5.486828540100734120e-02 -2.386309147434575728e-01
-5.199042988683934274e-02 -2.383176163025208238e-01
-4.863098713294439907e-02 -2.381606766573429179e-01
-4.619803306020921208e-02 -2.358356828613472067e-01
-4.464505015302745045e-02 -2.349204985063533258e-01
-4.356289106350241108e-02 -2.342631477291211572e-01
-4.073113326524774314e-02 -2.300210021340330091e-01
-3.773147850309727797e-02 -2.270208026213252073e-01
-3.677849645633599063e-02 -2.261510760066622050e-01
-3.572257205023132709e-02 -2.244010964719848622e-01
-3.320849911227144458e-02 -2.117913550915268284e-01
-3.093667906325705749e-02 -2.101154922791080848e-01
-2.911854558262618603e-02 -2.091147209295634024e-01
-2.835796845326285509e-02 -2.086515031706991929e-01
-2.793324070958333460e-02 -2.083548746368701632e-01
-2.765521415528342589e-02 -2.081312989218002119e-01
-2.704692319365762515e-02 -2.066417837596060125e-01
-3.001378247333929411e-02 -1.970838001214089141e-01
-2.612431478394749984e-02 -1.912558400736648900e-01
-2.394003152035831944e-02 -1.880990265246570148e-01
-2.458534709163107471e-02 -1.869069151760505143e-01
-2.540356454646518908e-02 -1.854166469945114637e-01
-2.570193919167328145e-02 -1.831217439752127474e-01
-2.458355850701863729e-02 -1.807727127523089117e-01
-2.099508475180597578e-02 -1.783417810226186062e-01
-1.820741166688706961e-02 -1.766137616696871471e-01
-1.844475885388655728e-02 -1.747542796426420353e-01
-1.809202006116246431e-02 -1.734139186668447741e-01
-1.724520634783339307e-02 -1.725272975617919979e-01
-1.673946879856208145e-02 -1.722496890406721437e-01
-1.610607462102423004e-02 -1.719255392160888296e-01
-1.682882884659552686e-02 -1.657601257171185394e-01
-1.740509513907566308e-02 -1.603420993267235806e-01
-1.539512443694381234e-02 -1.588393991873002786e-01
-1.474982606207861195e-02 -1.565169822335380212e-01
-1.414931949617252889e-02 -1.538467019152373327e-01
-1.372103814591705065e-02 -1.527754298600107474e-01
-1.306174478500541497e-02 -1.517025971606169865e-01
-1.030872869420518950e-02 -1.471943741051550958e-01
-1.076780357462556528e-02 -1.455904735566455332e-01
-1.101445647446807827e-02 -1.451110434977888330e-01
-1.148469537047958067e-02 -1.443070397716529341e-01
-1.271727893743176963e-02 -1.423635054076745621e-01
-1.358825506475549311e-02 -1.406444844749991374e-01
-8.777915387483422802e-03 -1.347097015177346480e-01
-6.127542451718429733e-03 -1.278326171396279576e-01
-1.144648526000016609e-03 -1.187090201086733604e-01
3.666786645196438814e-03 -1.035354760854622497e-01
5.961926812785660161e-03 -9.344058836950534797e-02
7.152255717094859779e-03 -9.031485785332943328e-02
7.286551972731879906e-03 -8.661695789337882367e-02
7.607087960192124819e-03 -8.235942625082805224e-02
1.105899220282551693e-02 -7.822618146673909756e-02
1.335628967759141042e-02 -7.336527478225965404e-02
1.387724703330859080e-02 -7.159346736658647736e-02
1.454889194828867804e-02 -6.965139094418219823e-02
2.678904808094503126e-02 -5.453883285820911031e-02
2.695750109384508625e-02 -5.393016403310415402e-02
2.696818653269392185e-02 -5.388344458966024680e-02
2.700181732283081504e-02 -5.373402496475621071e-02
2.721506069100520023e-02 -5.290284687850379391e-02
3.271885424630852773e-02 -4.507413227174054959e-02
3.378712424546123638e-02 -4.066207761438593582e-02
3.412450379065425088e-02 -3.772621582564253395e-02
3.282892509769527734e-02 -3.435967207396414813e-02
3.429969248749548810e-02 -2.782970167825183846e-02
3.291898280183204462e-02 -2.423609551374755061e-02
3.269000681987715984e-02 -2.093353724094122736e-02
3.258931635612073718e-02 -2.076301857688895441e-02
3.249248267028572584e-02 -2.055131340272889351e-02
3.232749327352069796e-02 -1.983263309359060630e-02
3.247341444874939781e-02 -1.740905102652164776e-02
3.894093302429054576e-02 -7.312030192966264240e-03
3.468269646867253725e-02 -5.478846095461120669e-03
3.029710807865486008e-02 -2.419523259034992487e-03
2.927517109014754135e-02 -9.235610336431196920e-04
2.843679078836773219e-02 2.895164446393627342e-04
2.716123864230321136e-02 1.696157866094157984e-03
2.484890937172818184e-02 2.616850648602862383e-03
1.784961435037595717e-02 1.527743000978198289e-04
1.475083120221465718e-02 1.550684097692931309e-03
1.283804884978971203e-02 4.549309988576525840e-03
2.974299168209267388e-03 -6.026883891873950801e-04
