-3.557108549043024818e-03 -1.923375183098687859e-03
-6.138258453703384493e-03 -4.154887844453951547e-03
-6.354968239092846118e-03 -5.666930579493596049e-03
-7.016344571631171964e-03 -7.512230763980149058e-03
-1.173895314921474288e-02 -8.594578135043405565e-03
-1.290209573193637493e-02 -9.027042170937365703e-03
-1.326990849832308632e-02 -9.330984480570278516e-03
-2.292346456023894655e-02 -7.210392790691418086e-03
-2.327887663570068350e-02 -8.913061029248737013e-03
-2.354169467192101378e-02 -1.039606462287968533e-02
-2.422426826840907294e-02 -1.251982958838862223e-02
-3.118818649560761713e-02 -1.328688364301969932e-02
-3.508435999955390044e-02 -1.514111006580496840e-02
-3.766759102177687918e-02 -1.496445539025738000e-02
-4.237219688551750046e-02 -1.930072245505350115e-02
-5.243962615906377217e-02 -1.969747579468641985e-02
-5.282135331691149849e-02 -2.057095455204266052e-02
-5.351893900525988429e-02 -2.137838933244719242e-02
-5.819462766847263019e-02 -2.283058491368089582e-02
-5.871332843236165555e-02 -2.483441557930328447e-02
-5.913376681016205977e-02 -2.641926438008791039e-02
-6.005284202224562412e-02 -2.807277797059666916e-02
-7.036110165148927453e-02 -2.532593997990034360e-02
-7.191113954567181221e-02 -2.672082343049863098e-02
-7.256569086406097768e-02 -2.816653771134559545e-02
-7.300137378988671988e-02 -2.968554081420401308e-02
-7.340573341424351528e-02 -3.133798599944416508e-02
-7.383934062563436707e-02 -3.298956388353044278e-02
-7.500390294986597484e-02 -3.567058427123803721e-02
-7.922564950946031637e-02 -3.755007271497451393e-02
-7.624536826402016076e-02 -4.562586305435528677e-02
-7.710068744485611136e-02 -5.132133182060041182e-02
-8.335302638302141687e-02 -7.087645199021490316e-02
-8.692557549040876019e-02 -7.884899961052260764e-02
-8.846139243504649863e-02 -7.910523842946318163e-02
-9.019765844329399873e-02 -7.993550784426620148e-02
-9.165152917200888871e-02 -8.148162039791098654e-02
-9.242928604903746792e-02 -8.239109135439019738e-02
-9.333505825930162036e-02 -8.437260985692515702e-02
-9.556734617101425577e-02 -9.021735101314884431e-02
-9.901569757669331784e-02 -9.572944148148750110e-02
-1.066089191274185305e-01 -1.004303824355514269e-01
-1.085645728970447421e-01 -1.061909819845026220e-01
-1.097848435962304331e-01 -1.113175424681773218e-01
-1.113318459973519359e-01 -1.167507463089504094e-01
-1.154382198448366537e-01 -1.204689371009830395e-01
-1.190456305820983690e-01 -1.292475892890526668e-01
-1.238116881685169257e-01 -1.367250031356036510e-01
-1.255379647222081840e-01 -1.398092145065564507e-01
-1.265855919632002391e-01 -1.418870604659873691e-01
-1.276455601910505000e-01 -1.438505930141599776e-01
-1.298304487471088897e-01 -1.467087169527968582e-01
-1.319924504871246296e-01 -1.498936760592095019e-01
-1.332197196804587869e-01 -1.519881634301520068e-01
-1.343792142545163215e-01 -1.544197155643217134e-01
-1.362066553324431661e-01 -1.574079529017451407e-01
-1.377079078762889486e-01 -1.592192447985513182e-01
-1.383035889669914642e-01 -1.601843648665297326e-01
-1.408122435314518028e-01 -1.633035439188065818e-01
-1.448979264402585898e-01 -1.678093540931051286e-01
-1.463669840007691125e-01 -1.691043762447514420e-01
-1.477592822721291443e-01 -1.705253641042163704e-01
-1.497803211815364188e-01 -1.785159612292838982e-01
-1.504594854402930004e-01 -1.869145566236374012e-01
-1.506922138024189006e-01 -1.879011431198138737e-01
-1.514048539353071432e-01 -1.904326100780662223e-01
-1.531596877955457570e-01 -1.944156084558157915e-01
-1.547940612109620362e-01 -1.951584718991071499e-01
-1.562304472772537145e-01 -1.948061929704395234e-01
-1.572623261214405876e-01 -1.978335686557376183e-01
-1.559935669267101532e-01 -2.050268216874496230e-01
-1.526517167523915586e-01 -2.161422763723253593e-01
-1.520189862395262270e-01 -2.196320787089356408e-01
-1.515935102514504307e-01 -2.202176087670577043e-01
-1.510369281416463483e-01 -2.234654409924434204e-01
-1.497875353908632023e-01 -2.321417822499243500e-01
-1.494092001290525940e-01 -2.330658628809320898e-01
-1.490639275174470701e-01 -2.336055156013506773e-01
-1.482835058994338151e-01 -2.367976093049965758e-01
-1.470655597029514872e-01 -2.395949081248058277e-01
-1.465358715069309814e-01 -2.418644259067424807e-01
-1.461019993408831097e-01 -2.442394653457471421e-01
-1.437376926066263605e-01 -2.459094719120650530e-01
-1.386982247972004534e-01 -2.470580384770555971e-01
-1.323180207310947210e-01 -2.510612720103748696e-01
-1.271672322685529488e-01 -2.567746742569511076e-01
-1.146393768120436835e-01 -2.592764992015462733e-01
-1.150485470802405513e-01 -2.613209539621888511e-01
-1.134966538142503228e-01 -2.623494348587249725e-01
-1.103187627974716589e-01 -2.652875470792601664e-01
-9.657415221652868031e-02 -2.677428259146656941e-01
-8.227258971769103868e-02 -2.674907543219429140e-01
-7.697175411633624953e-02 -2.687798888099999783e-01
-7.524841839166493407e-02 -2.693520945540191502e-01
-7.350247639581485026e-02 -2.702100348864346913e-01
-7.371432955432849488e-02 -2.720424948808483068e-01
-6.048151048775027988e-02 -2.650021284520447939e-01
-5.593841013674589330e-02 -2.645228568128973334e-01
-5.255478765906287236e-02 -2.654368366055472328e-01
-4.908559800829198627e-02 -2.659853709309080161e-01
-4.552248929302256386e-02 -2.649079622422609859e-01
-4.168434715757567133e-02 -2.616853499235708425e-01
-3.397983179477839094e-02 -2.604320655634944082e-01
-2.697635139932130430e-02 -2.585165817851079462e-01
-1.891677015330531578e-02 -2.598179333115326339e-01
-1.799481003245778643e-02 -2.556383018443955657e-01
-1.497143447872284136e-02 -2.556194047537154179e-01
-1.137839016893289062e-02 -2.562053140231878579e-01
-9.400330062129579403e-03 -2.565860084913088035e-01
-7.719987866423977038e-03 -2.568998727425335638e-01
-1.074542231964198662e-03 -2.514672872645755675e-01
2.929749285058615323e-03 -2.506265753051731826e-01
5.392899958185677980e-03 -2.471064932399519298e-01
8.084258101183895012e-03 -2.462601760283256447e-01
1.074263133606482602e-02 -2.460498180111204136e-01
1.329983428901165832e-02 -2.426489215134929600e-01
1.579480162020367034e-02 -2.400033204194549907e-01
1.798814018343958612e-02 -2.399555403087925420e-01
2.055017767613186511e-02 -2.389293643261281019e-01
2.504057220053740665e-02 -2.379805796645401428e-01
2.710650952466418795e-02 -2.367172044495492178e-01
2.887192122175650730e-02 -2.366225530977895397e-01
3.113780157581170355e-02 -2.332917237762230922e-01
3.424565486813757609e-02 -2.299089826225872712e-01
3.555485052682386821e-02 -2.288663728812236065e-01
3.657649790398174311e-02 -2.279767071092101693e-01
3.922413137399549665e-02 -2.238581846038489032e-01
4.385108926625964215e-02 -2.224433383711216239e-01
4.842756019647836280e-02 -2.210267140223438898e-01
5.061599059092719566e-02 -2.189576173189688724e-01
5.225746211883060960e-02 -2.175060193900444083e-01
5.293790727166244880e-02 -2.158190992562034616e-01
5.390879299264371427e-02 -2.121114347502578712e-01
5.933940467288397608e-02 -1.969180130617114444e-01
6.256681676850020524e-02 -1.863835343238099407e-01
6.426668135372418100e-02 -1.827229863763110973e-01
6.498639386418139652e-02 -1.807056087531504207e-01
6.551963253446030366e-02 -1.789920356270741364e-01
7.081742527347124894e-02 -1.733807493305933312e-01
7.317411995908872091e-02 -1.683111672420322114e-01
7.645257094606248971e-02 -1.664127111574755513e-01
7.743266547352181672e-02 -1.641751127724708492e-01
7.709643097854404492e-02 -1.608815853102406601e-01
7.792944063703030610e-02 -1.583039684972960548e-01
7.987095848089637018e-02 -1.565462407281528190e-01
8.173664057803302352e-02 -1.561818531600941418e-01
8.341073881431972092e-02 -1.552124511467027901e-01
8.409142185011624082e-02 -1.540461212247044021e-01
8.499822780179819293e-02 -1.528986728235239845e-01
8.848171262845404283e-02 -1.516808847341818145e-01
8.825042123575589648e-02 -1.498389077931583380e-01
8.742417890459806828e-02 -1.468704581534330533e-01
8.673496584297459011e-02 -1.445975723111380673e-01
8.610985882978090811e-02 -1.427812636871783059e-01
9.043415561324404106e-02 -1.350468346968299038e-01
9.035975951548137763e-02 -1.324803833440797995e-01
8.953679764282068687e-02 -1.319819334059748883e-01
8.803861475737125020e-02 -1.276388746355029136e-01
8.283822943556096163e-02 -1.205901110171207768e-01
7.982639002893604507e-02 -1.172448494784447959e-01
7.978316651183647856e-02 -1.153738177990005220e-01
7.978337031379613420e-02 -1.137523512346635679e-01
7.952747383888759958e-02 -1.109628693479403488e-01
7.726039852977517608e-02 -1.008485853139777511e-01
7.467466707390174596e-02 -9.512982043658679832e-02
7.455000927700396185e-02 -9.387467146246367133e-02
7.376821595346232108e-02 -9.168563352110220555e-02
7.340571161605340123e-02 -8.919822173414562738e-02
7.346855734670124094e-02 -8.779004007616900140e-02
7.344558432549420923e-02 -8.585151131004849223e-02
7.211997383520993288e-02 -8.293396557429937033e-02
7.143259183521744049e-02 -7.923253428355285510e-02
7.028442721318038655e-02 -7.654607484923538208e-02
6.928628888814000741e-02 -7.475895517103421650e-02
6.774345495814018681e-02 -7.411424947143721575e-02
6.557182888431842271e-02 -6.832503336139936212e-02
6.110255056840623034e-02 -6.061048927246336787e-02
5.989043806671816295e-02 -5.731165082062695398e-02
6.027335665932642694e-02 -5.318204763295189541e-02
5.482449421150350360e-02 -4.928464517385518218e-02
5.055495494509681248e-02 -4.642265167933647130e-02
4.930341550078810170e-02 -4.244540341037310316e-02
4.715883340066771151e-02 -3.774225079414261080e-02
4.402606278585782795e-02 -3.479086746163367883e-02
4.288070114333493443e-02 -3.454191277314424408e-02
4.199271541759463239e-02 -3.393072065970199197e-02
4.049426132841002501e-02 -3.206769153561606772e-02
3.894612664404090152e-02 -2.950959999775869258e-02
3.842324379934915213e-02 -2.621846457837761005e-02
3.389520519548481353e-02 -2.228988910145865768e-02
2.450532311096047244e-02 -1.794828038550459748e-02
2.262582848190847901e-02 -1.617680020546043845e-02
2.197427807369521646e-02 -1.515626468251283186e-02
1.735991168155163328e-02 -1.254659485070715175e-02
1.358671378604988864e-02 -7.837983838683341281e-03
9.605699437170538146e-03 -7.219171452824416774e-03
6.278101984097040310e-03 -6.368332884863730885e-03
4.808159254951158493e-03 -3.277513977017704715e-03
2.137719517967047456e-03 -3.075770865050720532e-03
