-5.347263009169710667e-03 -4.237374762725776116e-03
-7.967205409514881848e-03 -4.471074644078540730e-03
-1.141812433294225361e-02 -6.046406299386166729e-03
-1.572077659707441996e-02 -6.599162257331808203e-03
-2.076906222348497838e-02 -7.556460453287402491e-03
-2.581734784989553680e-02 -8.513758649242997648e-03
-3.176007414756610442e-02 -8.917022657199985547e-03
-3.591384108519186241e-02 -1.042829005806570480e-02
-3.853378348553703620e-02 -1.066198993941847029e-02
-4.132456824253939037e-02 -1.276999885883801401e-02
-4.652173919545636582e-02 -1.276878561187353052e-02
-5.159198185201770148e-02 -1.655890428881598084e-02
-5.365849017062834792e-02 -1.849667747506058418e-02
-5.512953520073813479e-02 -2.426856141607396447e-02
-6.017782082714870362e-02 -2.522585961202956223e-02
-6.394847395095783205e-02 -2.771706036279052501e-02
-6.590888229114207075e-02 -3.108195148440705616e-02
-7.042448413622257042e-02 -3.137904401363100781e-02
-7.519447117997177243e-02 -2.669199318841109642e-02
-7.519325793300728200e-02 -2.149482223549412790e-02
-7.821834919484464688e-02 -2.358147423102698731e-02
-8.247829412842160035e-02 -2.366568867960924805e-02
-8.341604875371907979e-02 -2.617878147743250145e-02
-8.554730596777866680e-02 -3.141805313742245670e-02
-8.733807868105206151e-02 -3.810573467358253918e-02
-8.951325647263133622e-02 -4.901071879585283675e-02
-9.190077722167672158e-02 -5.706145401294295677e-02
-8.891899991387680613e-02 -5.804192900323196236e-02
-8.606542913248549365e-02 -6.042816500500620969e-02
-8.627959196039830525e-02 -6.536967252920149185e-02
-9.162685496956801678e-02 -6.960704729192726536e-02
-9.377818436024316917e-02 -6.988346102105340296e-02
-9.471593898554066249e-02 -7.239655381887666330e-02
-9.931704002647451235e-02 -7.363086585022247943e-02
-1.045989540339312129e-01 -7.196822816305105397e-02
-1.057917719816862945e-01 -7.209575656567077107e-02
-1.076667591435419430e-01 -7.452349316825392089e-02
-1.067302047307726459e-01 -7.720742832273437550e-02
-1.064965048494198874e-01 -7.982737072307953541e-02
-1.043884959300003384e-01 -8.261815548008190346e-02
-9.948970225357842145e-02 -8.330093131766472259e-02
-9.710467298155049665e-02 -8.564445998888374489e-02
-9.459158018372725019e-02 -8.658221461418122433e-02
-9.335726815238142018e-02 -9.118331565511508807e-02
-9.501990583955284564e-02 -9.646522966257178866e-02
-9.476424241083115929e-02 -9.625228008162345361e-02
-8.882151611316058126e-02 -9.584901607366647092e-02
-8.500943388884919794e-02 -9.808636674893431162e-02
-8.477573400749643939e-02 -1.007063091492794854e-01
-8.011124683590953310e-02 -1.013677280629756150e-01
-7.800323791648998417e-02 -1.041585128199779692e-01
-7.776953803513722563e-02 -1.067784552203231430e-01
-7.619420637982959876e-02 -1.102293741437505165e-01
-7.555602924355535321e-02 -1.135948718888492720e-01
-7.308557879319883821e-02 -1.150012460410349130e-01
-7.266156448483740427e-02 -1.233082513103289785e-01
-7.487824287722559535e-02 -1.294846774893523011e-01
-7.377084610779909013e-02 -1.302943036057659654e-01
-7.138581683577116532e-02 -1.326378322769850016e-01
-7.224064827697565527e-02 -1.446081059443906636e-01
-7.526573953881300627e-02 -1.466947579399235091e-01
-7.990886978651322303e-02 -1.457990325213923688e-01
-8.135606641571889452e-02 -1.409423460692616203e-01
-8.101438170240451986e-02 -1.371937279931280396e-01
-8.267701938957593144e-02 -1.424756420005847402e-01
-8.676679357306640861e-02 -1.432840548700339278e-01
-9.013168469468296751e-02 -1.413236465298496891e-01
-9.059962609778224318e-02 -1.386824252231425858e-01
-9.285772707345453514e-02 -1.401302284758305094e-01
-1.024850786931233992e-01 -1.394889532390565789e-01
-1.003984266975905260e-01 -1.425140445008939716e-01
-9.937705772997487697e-02 -1.468594106127994736e-01
-9.247642661286646637e-02 -1.489058467547945686e-01
-8.847275173149346528e-02 -1.516331673636190924e-01
-8.459592712895128153e-02 -1.505690910654482184e-01
-8.071910252640913941e-02 -1.495050147672773722e-01
-7.313637369550678169e-02 -1.492512361920908803e-01
-6.862137195669038015e-02 -1.515526576390187896e-01
-6.877207715364351548e-02 -1.583899026254741438e-01
-7.139261966025277351e-02 -1.612221164829787667e-01
-7.399120513671125776e-02 -1.612215098594965146e-01
-7.722917447919031009e-02 -1.630525049435258278e-01
-8.104192831007241138e-02 -1.634136617271917113e-01
-8.221399595742305555e-02 -1.659054691014348881e-01
-8.609082055996519767e-02 -1.669695453996057621e-01
-8.856187763380396483e-02 -1.681617567238786193e-01
-9.043686479565962721e-02 -1.705894933264617830e-01
-8.779677871839225434e-02 -1.753186578931909823e-01
-8.829044685871270670e-02 -1.911016138911720841e-01
-8.631057296539514090e-02 -1.952981661768778410e-01
-8.720690500740851947e-02 -2.025398819010365281e-01
-8.908182066895753426e-02 -2.049676250208378181e-01
-8.667550597334955365e-02 -2.070768406700037034e-01
-8.418369859910633524e-02 -2.082489083173543476e-01
-8.056314404876813162e-02 -2.099963670765902790e-01
-7.694258949842990025e-02 -2.117438258358262104e-01
-7.445078212418668184e-02 -2.129158934831768268e-01
-7.170278271526434044e-02 -2.112764910562091591e-01
-6.486553772880895852e-02 -2.114271962531622806e-01
-6.160621146244321666e-02 -2.093618946642979706e-01
-5.406611846178945718e-02 -2.095766641156930066e-01
-4.899587580522812846e-02 -2.057865454387505788e-01
-4.635465449852105291e-02 -2.053186040356512754e-01
-4.362793399596059940e-02 -2.039134431304301109e-01
-4.211538836504191696e-02 -2.028701171326636743e-01
-4.047470770802127221e-02 -2.004210236061938488e-01
-3.781205797712088035e-02 -1.997187822154777026e-01
-3.676751873238996715e-02 -1.960341568934794165e-01
-3.208046790717005575e-02 -1.912641698497301868e-01
-2.688329695425308724e-02 -1.912653830966946911e-01
-2.564716505246053893e-02 -1.880707277082530882e-01
-1.550667322211972399e-02 -1.804904188540615573e-01
-1.099107137703923820e-02 -1.801933263248376160e-01
-5.452815817071981867e-03 -1.790444354718203901e-01
2.769608996502729301e-04 -1.783855080351416933e-01
1.917641556670920825e-03 -1.759364145086718956e-01
4.580291287571314207e-03 -1.752341731179557216e-01
7.328290696493667752e-03 -1.735947706909880539e-01
9.948233096838839801e-03 -1.733610708096352815e-01
1.273901785384119745e-02 -1.712530618902157464e-01
1.342179369142400616e-02 -1.663542682137938433e-01
1.665976303390305502e-02 -1.645232731297645301e-01
2.117536487898354775e-02 -1.642261806005405611e-01
2.390208538154399431e-02 -1.628210196953194244e-01
2.658609203633107917e-02 -1.618844717997682536e-01
2.799246618851671670e-02 -1.594140213494117664e-01
2.986745335037236868e-02 -1.569862847468286027e-01
4.000605380995984200e-02 -1.572017258047943566e-01
4.426539212005454332e-02 -1.597160968326705732e-01
5.150710784421323740e-02 -1.606124288746839379e-01
5.365783061140615845e-02 -1.629346006220163123e-01
5.436135674939342188e-02 -1.604000859172178828e-01
5.710935615831576329e-02 -1.587606834902501873e-01
5.977200588921616209e-02 -1.580584420995340411e-01
6.364883049175831808e-02 -1.569943658013631671e-01
6.752565509430048796e-02 -1.559302895031922931e-01
7.346838139197105211e-02 -1.555270254952353104e-01
7.728046361628243544e-02 -1.577643761705031511e-01
7.981497832108087886e-02 -1.584679023084904215e-01
8.217865066922211414e-02 -1.610457374845444545e-01
9.197623802206590649e-02 -1.624112891597100927e-01
9.674622506581513626e-02 -1.670983399849299833e-01
1.006871139227992068e-01 -1.653314156725607387e-01
1.002838499148421963e-01 -1.593886893748901745e-01
9.911299551445605649e-02 -1.566833257962163828e-01
9.794214111406990275e-02 -1.539779622175426466e-01
9.723989972335375653e-02 -1.513153124866422339e-01
9.389696563188798528e-02 -1.465220836654711201e-01
9.342963085227093400e-02 -1.412822768823056019e-01
8.495488132681938698e-02 -1.305877508639661511e-01
8.636246220875135049e-02 -1.229202009609993013e-01
9.343582705327030391e-02 -1.152965781527703071e-01
9.284157701173392785e-02 -1.062652964450845477e-01
8.883790213036089900e-02 -1.035379758362600100e-01
8.719722147334027507e-02 -1.059870693627298494e-01
8.555654081631962338e-02 -1.084361628891996748e-01
8.125388855218745876e-02 -1.089889188471453163e-01
7.814465434207444605e-02 -1.068156324263193763e-01
7.810315374126554355e-02 -1.020870744830724292e-01
7.793231138460836316e-02 -1.039613835211392057e-01
7.490722012277101216e-02 -1.060480355166720651e-01
7.064727518919405869e-02 -1.061322499652543189e-01
6.970952056389657925e-02 -1.086453427630775792e-01
6.510841952296272939e-02 -1.098796547944233953e-01
5.982650551550602186e-02 -1.082170171072519699e-01
5.888995761995487882e-02 -1.055330104524648954e-01
5.599427961427243250e-02 -1.010168019839021714e-01
5.522918069886072201e-02 -9.385990081458983614e-02
5.152448320024685668e-02 -8.785250363899510528e-02
5.131214024278078073e-02 -8.499825473381493468e-02
4.707476548005500028e-02 -7.965099172464522315e-02
4.679835175092886268e-02 -7.749966233397007076e-02
4.428525895310560234e-02 -7.656190770867259132e-02
4.288009804788443791e-02 -7.383518720611213781e-02
4.183677205011801514e-02 -7.232264157519345538e-02
3.938767852364818273e-02 -7.068196091817280369e-02
3.898441451569119309e-02 -6.473923462050222566e-02
3.730230475816827956e-02 -6.245977672094325805e-02
3.491727548614035476e-02 -6.011624804972422881e-02
3.491788210962259303e-02 -5.751766257326574455e-02
3.001908843320068992e-02 -5.683488673568293237e-02
2.818809334917136977e-02 -5.359691739320387310e-02
2.782693656550551051e-02 -4.978416356232177181e-02
2.533512919126230944e-02 -4.861209591497113458e-02
2.416427479087615571e-02 -4.590673233629737060e-02
2.286528536438803272e-02 -4.460713628632700933e-02
1.894703166134361141e-02 -4.094266115846908333e-02
1.784024151539936182e-02 -3.753444956559693485e-02
1.596653910081482358e-02 -3.476502173248126326e-02
1.596714572429706186e-02 -3.216643625602277901e-02
1.390184413543273448e-02 -2.890710998965704062e-02
1.400983548461249770e-02 -2.253847801287167663e-02
1.149674268678923736e-02 -2.160072338757419719e-02
1.017700295989667006e-02 -1.793684836598035542e-02
9.261811988232206139e-03 -1.501853520635827374e-02
6.812718461762375458e-03 -1.337785454933762552e-02
6.409454453805384956e-03 -7.435128251667051831e-03
8.646805129073224794e-03 -3.623046027355671973e-03
7.241715724158696681e-03 -8.963320420133738010e-04
