-3.459321348229833868e-03 -2.439868652640761297e-03
-4.444596580847847561e-03 -7.707246138086495425e-03
-3.354034902011080507e-03 -1.654761670338412635e-02
-1.476727277905845633e-03 -2.387268157743553318e-02
-2.296426553873850713e-03 -2.530915074635690237e-02
-3.063437507806504763e-03 -2.620485338201464232e-02
-3.487618769366511093e-03 -2.663438120353461142e-02
-8.673248164532753463e-03 -2.923375655331098347e-02
-2.138566147387919655e-02 -3.228445583888335524e-02
-2.179793352216059105e-02 -3.356986958380498570e-02
-2.373896538955085414e-02 -3.555627375431371501e-02
-2.611095012810972851e-02 -3.872666881273345574e-02
-2.739874406421448708e-02 -4.008751784047858563e-02
-2.794755696634251135e-02 -4.059783277412598590e-02
-2.923724354693679750e-02 -4.169384411210804581e-02
-3.164089556460248503e-02 -4.351224420134442578e-02
-3.229507985835966544e-02 -4.397199374117532339e-02
-3.317083654742728621e-02 -4.456694035053324066e-02
-3.631106771772574238e-02 -4.642054560364189397e-02
-3.777003702985830269e-02 -4.969300173190176889e-02
-2.959084584828232042e-02 -6.274673353567172818e-02
-3.056001194005861232e-02 -6.406908065743714686e-02
-3.146211575195607263e-02 -6.535555490452389649e-02
-3.223927323917945287e-02 -6.666409185772383117e-02
-3.297049559076823538e-02 -6.799208982868464035e-02
-3.405500727386050891e-02 -6.921291998580596239e-02
-3.508360315281895681e-02 -7.014936255437524693e-02
-3.587859001991177549e-02 -7.085434749216724948e-02
-3.705867756751653197e-02 -7.194947084476815968e-02
-3.853297331599962738e-02 -7.539431461373564958e-02
-3.906270505570889895e-02 -7.661402109769666069e-02
-3.826717783866150774e-02 -7.974300569110912007e-02
-4.270635073390612740e-02 -8.326167841777029621e-02
-4.627623126457636876e-02 -8.512919577714452013e-02
-4.771236927753598478e-02 -8.536482826883662334e-02
-4.835288144908337499e-02 -8.537768801393487428e-02
-4.956320428411766649e-02 -8.534894632505794776e-02
-5.351876944280632015e-02 -8.573389088811846082e-02
-8.351575994660391522e-02 -5.814596986939860046e-02
-8.353123095550231414e-02 -5.814598856389434356e-02
-8.353855002900560656e-02 -5.814600019682941712e-02
-8.372712798172207704e-02 -5.814694262303628236e-02
-8.416167662955570394e-02 -5.815444394348567164e-02
-8.422894253266170750e-02 -5.815636636045604102e-02
-8.426415481003154961e-02 -5.815746341403606884e-02
-1.115803337817144192e-01 -5.288047178718117275e-02
-1.076887081975834298e-01 -6.280292889567341830e-02
-1.051641304859301101e-01 -7.517627531176963862e-02
-1.054097868781418562e-01 -7.609681664282481883e-02
-1.056788134857485767e-01 -7.676984792741051167e-02
-1.059198848912942109e-01 -7.724584960900675312e-02
-1.063902125221917044e-01 -7.800241966878192212e-02
-1.069431708267021969e-01 -7.882675783591457097e-02
-1.069235254542795360e-01 -8.013829003583219923e-02
-1.078502827650622276e-01 -8.155935676458647698e-02
-1.107359378538844141e-01 -8.415993273444741241e-02
-1.134449270665578852e-01 -8.615237308634879354e-02
-1.150691707717571705e-01 -8.700348008053239435e-02
-1.193211122436384497e-01 -9.054249052997256908e-02
-1.240175531963588484e-01 -1.029049445135547386e-01
-1.225333072189136174e-01 -1.081859614384209634e-01
-1.227459484022361130e-01 -1.099399783759880261e-01
-1.229394977536092393e-01 -1.110357168805145012e-01
-1.230096941897613899e-01 -1.113750256839150937e-01
-1.231484688603416561e-01 -1.119776117827515211e-01
-1.233194377394236096e-01 -1.126139571721044702e-01
-1.234261338908937966e-01 -1.129581290412706024e-01
-1.234472648549507223e-01 -1.130216898042438189e-01
-1.234607118629626188e-01 -1.130613557903488026e-01
-1.234689907242117468e-01 -1.130854751497629845e-01
-1.234786721986701474e-01 -1.131133897703313490e-01
-1.235226544988896891e-01 -1.132363458819013041e-01
-9.421245817759543728e-02 -1.407236718578320778e-01
-8.339923309425864573e-02 -1.446935920893137606e-01
-7.822815879624106516e-02 -1.473210682942210359e-01
-7.612972544990524726e-02 -1.491911069628114039e-01
-7.275974260211984235e-02 -1.506507803827855929e-01
-6.866194706145284377e-02 -1.545874848995525686e-01
-6.377105866120044708e-02 -1.608118932841313964e-01
-6.000233004427928812e-02 -1.667549209735112448e-01
-5.922946295988142096e-02 -1.716397521045695540e-01
-5.936261545986615956e-02 -1.765320574772495099e-01
-5.722611164952134261e-02 -1.781259079991540095e-01
-5.378795042523955988e-02 -1.803004280453517905e-01
-5.037933193502504292e-02 -1.815792076603533756e-01
-4.844505274073214462e-02 -1.835919057728666870e-01
-4.640988816410213103e-02 -1.861945655954088674e-01
-4.709122409501786261e-02 -1.922601262801213462e-01
-4.701049353182878976e-02 -1.958368892390414673e-01
-4.566755152041297727e-02 -1.973668714988246753e-01
-4.180750807157448262e-02 -1.990540386488561797e-01
-2.619322282916534267e-02 -1.913159108739896364e-01
-2.415356882518409493e-02 -1.918091739115790340e-01
-2.296086587590508502e-02 -1.920291934840015480e-01
-2.254338089392763506e-02 -1.921015399165412196e-01
-1.961881327053330293e-02 -1.926427241529120038e-01
-1.369381959103883190e-02 -1.948602907882922008e-01
-9.069227980309032752e-03 -1.979109678320388754e-01
-5.309560338258649884e-03 -2.038450253272548196e-01
-3.557909079147099189e-03 -2.045048310800132718e-01
-2.068275312611237739e-03 -2.044697567727505605e-01
-7.813484547521496338e-04 -2.030306597789154344e-01
1.347750654538618228e-04 -2.017877084504781371e-01
4.236733889233145682e-04 -2.015768301390101214e-01
2.184468000052347189e-03 -1.972861983897107041e-01
5.607766641384989530e-03 -1.930439129004556109e-01
1.065313648319052980e-02 -1.910144720917864025e-01
1.659951994998499006e-02 -1.931505232654987525e-01
2.259127970141154573e-02 -1.995237015661545377e-01
2.631126491332917358e-02 -2.053356040204238342e-01
2.754000253874469561e-02 -2.060587387142361337e-01
2.793345258992156396e-02 -2.061678776080440034e-01
2.810881980092715463e-02 -2.062000252658584554e-01
2.912744969985019139e-02 -2.067118119096277296e-01
3.084683896174340162e-02 -2.080223616977833201e-01
3.121570977515198547e-02 -1.958717466335784252e-01
3.158983766661287856e-02 -1.954490836732152848e-01
3.201071386300369248e-02 -1.949807534559133138e-01
3.302808246538950498e-02 -1.934612506432076828e-01
3.425423606495565237e-02 -1.891546292363893433e-01
3.500550358801412382e-02 -1.880555744285885567e-01
3.523937620737303128e-02 -1.878459028744517423e-01
3.723117950296316730e-02 -1.814864363544536896e-01
4.192705423439896384e-02 -1.759584005718275723e-01
4.309704246076054984e-02 -1.755500564902336413e-01
4.549424922523565701e-02 -1.752198706540335771e-01
4.833097767990393590e-02 -1.726248864942692696e-01
5.417918360518815535e-02 -1.718420711141786239e-01
6.595596874621820205e-02 -1.770411725217629628e-01
6.978854321969277241e-02 -1.695467059468643289e-01
7.340117481467640925e-02 -1.671373168982085711e-01
7.691163589452559846e-02 -1.666663020292552810e-01
7.883406149020830145e-02 -1.649083052619211565e-01
7.955959431967295215e-02 -1.609748035779625663e-01
7.967017662313800874e-02 -1.585181966540974985e-01
7.962909464703010753e-02 -1.578484702762520120e-01
7.680590160905824415e-02 -1.524168679074405230e-01
7.488124420363209688e-02 -1.485731804355742980e-01
7.292155615964147908e-02 -1.426408284255600012e-01
7.379107360462060228e-02 -1.382224801106770318e-01
8.680946697480590446e-02 -1.365158851270839857e-01
8.908007793146949238e-02 -1.352161656604884687e-01
8.921954107146669311e-02 -1.351057461363718015e-01
9.054360635572088201e-02 -1.345157216046731774e-01
9.216885690115617091e-02 -1.340278618092334006e-01
1.043798945316659621e-01 -1.380403054377294381e-01
1.100271441189732413e-01 -1.356232921868820995e-01
1.084087599165772520e-01 -1.303712778021104968e-01
1.089831711657962970e-01 -1.268390004857078146e-01
1.103584472313996062e-01 -1.254939566555040575e-01
1.109636736054967904e-01 -1.234307737151197765e-01
1.112133171327367442e-01 -1.209496996631814203e-01
1.114105181741112532e-01 -1.197772504151790179e-01
1.114982848081437217e-01 -1.194144159978661052e-01
1.153684069673145407e-01 -1.122504900341171202e-01
1.132562964042402170e-01 -1.093651758154406683e-01
1.106038748241659209e-01 -1.083399788598734675e-01
1.034543385036559848e-01 -1.039891684260266375e-01
9.285074276189458908e-02 -9.755662597909799116e-02
8.833897914209525026e-02 -9.310663655005192718e-02
8.772071322127773796e-02 -9.182007127421369652e-02
8.783483932683529283e-02 -9.118705938910100228e-02
8.848898971121031687e-02 -9.028996144647757904e-02
8.963267428775423262e-02 -8.926136670187059807e-02
9.139237257761201327e-02 -8.772282631231262395e-02
9.192010568748669452e-02 -8.714921701466764314e-02
8.142912938016941271e-02 -7.503869247082971261e-02
8.019973445018467595e-02 -6.552658085833730495e-02
8.183627110323118958e-02 -6.352521760494747594e-02
8.255438805971770933e-02 -6.107540316994158891e-02
8.247356369175953827e-02 -6.028138054118502287e-02
8.228106590946819565e-02 -5.950326680041927163e-02
8.199742496486919774e-02 -5.889982492821998344e-02
8.055785023486893015e-02 -5.798603417908934632e-02
7.855765003692090354e-02 -5.734718418091557662e-02
7.435040941402996928e-02 -5.527604377887079118e-02
7.075794037272681303e-02 -5.181845662132830016e-02
7.037689034310973257e-02 -5.077948489147719735e-02
6.944148127619390043e-02 -4.908516682258428493e-02
6.685110520291065450e-02 -4.590360412217120434e-02
6.426127330561430540e-02 -4.152354192229280871e-02
6.768638862247014498e-02 -3.219712322768569085e-02
6.555103243913844302e-02 -2.953222993031734064e-02
6.183133227973271889e-02 -2.712811100152352425e-02
5.590292440589574724e-02 -2.881158446491742173e-02
5.249601998890147253e-02 -2.731198787591967644e-02
4.813775172612890646e-02 -2.443586772919145722e-02
4.413590139162786030e-02 -2.216962062725840940e-02
4.255764762265188544e-02 -2.076742793212103116e-02
3.695162240912550772e-02 -1.722613458600781924e-02
2.923819930684197835e-02 -1.131322964640342141e-02
2.672557009789506069e-02 -8.207364722795216019e-03
2.526586174757141506e-02 -5.967374920990668394e-03
2.301474124958533679e-02 -3.313302082262960940e-03
1.944358233761402099e-02 -1.698103504088311743e-03
1.352127192560181358e-02 -1.024356189128298230e-03
9.661720133267350658e-03 -1.350390506437459601e-03
8.235089615701979976e-03 -1.593192065214282544e-03
4.131189636579657432e-03 -6.087689995145358990e-04
