-7.467127155603479373e-03 -4.785240479741991425e-03
-1.714023132188978796e-02 -1.292828860123553490e-02
-1.908624987631568279e-02 -1.421745054291990475e-02
-2.095649515619073602e-02 -1.545850166403831688e-02
-2.266555442669126660e-02 -1.734686160932689264e-02
-2.439515307946116263e-02 -1.915258083031537786e-02
-3.085549759037606657e-02 -2.210734469092741697e-02
-3.045182234381736686e-02 -2.501993957595390061e-02
-3.081922974216566927e-02 -2.789051726783957699e-02
-3.142210245567603893e-02 -3.239940845501942251e-02
-2.871962838655080230e-02 -3.608505378977417549e-02
-3.240527372130555528e-02 -3.878752785889941906e-02
-3.313349477133096382e-02 -4.097276301966468193e-02
-3.175471254762421425e-02 -4.280870245681374364e-02
-3.425709907173089125e-02 -4.656212853463451151e-02
-3.602100356722676838e-02 -4.823011665303466450e-02
-3.790497327792689136e-02 -4.941606692719142935e-02
-3.972723031388242926e-02 -5.084996046653322138e-02
-4.143624755475141391e-02 -5.273830994314838982e-02
-4.321387648107236079e-02 -5.435119721458690073e-02
-4.509787775273063626e-02 -5.553719998704862576e-02
-5.012908485523848851e-02 -5.782884834520283374e-02
-5.831472549029250579e-02 -5.362212895416527958e-02
-5.777915252484738112e-02 -5.130932035144229741e-02
-5.804297488132984656e-02 -4.590466055320460009e-02
-5.776466956464612612e-02 -4.255897375514799963e-02
-6.038048903990249350e-02 -4.215739355939356059e-02
-6.402131609964094305e-02 -4.081172033968057805e-02
-6.721308875180187492e-02 -4.167983762144007731e-02
-7.081789941703486857e-02 -5.040301257141047153e-02
-7.158108634548215887e-02 -5.321129809987054649e-02
-7.411622345522829447e-02 -5.900597000216509236e-02
-7.544856786782755398e-02 -6.317001698864041503e-02
-8.397755873482279365e-02 -6.193028079559013271e-02
-9.039648896823093693e-02 -6.076462957468432152e-02
-9.215700176848375114e-02 -6.244641388090617362e-02
-9.647149462434054246e-02 -6.790907144794380845e-02
-1.019054520246513995e-01 -7.016940124488547925e-02
-9.553113694259823818e-02 -7.514907193595787849e-02
-9.562829284407088626e-02 -7.998546881542108189e-02
-9.937100617459540541e-02 -8.897702492848415246e-02
-1.017352262774391114e-01 -8.823486585529892456e-02
-1.010139309748047387e-01 -9.400828518531009759e-02
-1.017836194566550251e-01 -9.637936226922964866e-02
-1.037699056134921277e-01 -1.004430220970058962e-01
-1.056367591981241111e-01 -1.016978694059460092e-01
-1.185385446417859950e-01 -1.056281195994071831e-01
-1.182930482083835444e-01 -1.123099045548974079e-01
-1.102559557162312437e-01 -1.210879106144951561e-01
-1.090562197229261732e-01 -1.229684466003206633e-01
-1.048000184382550382e-01 -1.371200799022881112e-01
-1.048119524262988850e-01 -1.429444958500169782e-01
-1.020730185099884418e-01 -1.482446023159753046e-01
-1.008870682358316700e-01 -1.501285720266754276e-01
-9.930634159267820449e-02 -1.533037660118176937e-01
-9.709895929425210737e-02 -1.562936362741634555e-01
-9.748444746238749126e-02 -1.602072008359566035e-01
-9.764818427751252583e-02 -1.624273930851254932e-01
-9.762366954305773392e-02 -1.659316865370209781e-01
-9.832168897960108511e-02 -1.690016065218778729e-01
-9.883048358776536091e-02 -1.721853562591757481e-01
-9.943714545382321968e-02 -1.770901407630827706e-01
-1.025589034674571770e-01 -1.805882483942848893e-01
-1.014535980164896628e-01 -1.921312962231046251e-01
-1.049014909863032752e-01 -1.945551597115099396e-01
-1.071216307371672255e-01 -1.943914544573430991e-01
-1.116862932756780419e-01 -1.945630456153094046e-01
-1.133131074455898113e-01 -1.968989852581038147e-01
-1.139175354161866827e-01 -1.992288995182215916e-01
-1.133578451735912374e-01 -2.008300738719429324e-01
-1.115767509614375291e-01 -1.992309198213477739e-01
-1.096927812507373784e-01 -1.980449695471910299e-01
-1.068272222681779238e-01 -1.962780963728602002e-01
-1.047122345969660612e-01 -1.946689369656459667e-01
-1.029246994637194601e-01 -1.975000675288329788e-01
-1.037050445478664429e-01 -2.002394664911831268e-01
-1.041993023854981965e-01 -2.025419843879556481e-01
-1.043630076396650785e-01 -2.047621241388195845e-01
-1.049261204824485927e-01 -2.070817476929868728e-01
-1.067578027303290600e-01 -2.114725665753919015e-01
-1.052586506833950442e-01 -2.134394414223766689e-01
-1.033017426756459856e-01 -2.114893477100587837e-01
-1.003501494399503119e-01 -2.097741609165066634e-01
-9.846617972925017503e-02 -2.085882106423498916e-01
-9.491185495936908800e-02 -2.064742675058587329e-01
-9.400705676009765699e-02 -2.031187661725779303e-01
-9.354989954665533791e-02 -1.999040445117221121e-01
-9.053591499784061081e-02 -1.936829538125036110e-01
-8.869310811094231750e-02 -1.923317430270934658e-01
-8.887240878573034186e-02 -1.887343238113043664e-01
-8.306624933875314531e-02 -1.859717406545646490e-01
-7.793057991965419984e-02 -1.862722205016060228e-01
-7.663441748290075739e-02 -1.881287833802875176e-01
-7.293383909788900277e-02 -1.880114999882671056e-01
-6.894504685459959537e-02 -1.929856973926469821e-01
-6.690898017746867155e-02 -1.950528263530109940e-01
-6.445630989465114813e-02 -1.930377682724505051e-01
-5.968002144678927201e-02 -1.949489516591060567e-01
-5.819040606374006191e-02 -2.039244046198635529e-01
-5.801107382799385731e-02 -2.075217713373477268e-01
-5.561845882245956829e-02 -2.112553139003336689e-01
-5.593217646092634582e-02 -2.157507467473281648e-01
-5.540980673526709616e-02 -2.207253404314325207e-01
-5.860222016443229071e-02 -2.222957150803122894e-01
-6.089804217415877019e-02 -2.220631040013438529e-01
-6.082192160594018793e-02 -2.255984218751022341e-01
-5.866383069880202333e-02 -2.258653387967966830e-01
-5.641620005665640147e-02 -2.261392352762134073e-01
-5.555314416986779913e-02 -2.232621962269632498e-01
-5.502716167863876823e-02 -2.200888509822439831e-01
-4.974928289735616738e-02 -2.152053265286123507e-01
-4.475217916992612482e-02 -2.086072776517927385e-01
-4.253359467614869355e-02 -2.065920059788974861e-01
-3.990888744801688454e-02 -2.046803731581993135e-01
-3.802488617635860907e-02 -2.034943703857375885e-01
-3.619580372028537857e-02 -2.020880587533658013e-01
-3.071696376595356090e-02 -2.036487384529864220e-01
-2.617796263699310316e-02 -2.013187710385505869e-01
-2.429399292629298365e-02 -2.001328207643937873e-01
-2.247863490104482637e-02 -1.986714082850603857e-01
-2.076957563054430966e-02 -1.967830483397717822e-01
-1.174093119555826362e-02 -2.013794938295216663e-01
-7.813722749954935334e-03 -2.019371415196178632e-01
-1.098095393097742525e-02 -1.983233788225047811e-01
-1.531703786276706475e-02 -1.968876091500431635e-01
-2.123937487872077506e-02 -1.907275951728395202e-01
-2.362169917830462054e-02 -1.870353677376668800e-01
-2.270854255120207527e-02 -1.780172579843442848e-01
-2.010135937511622201e-02 -1.764463756037800701e-01
-1.392204137175877959e-02 -1.760627629127513583e-01
-1.029865847306454980e-02 -1.736975863001938014e-01
-7.364316242349928411e-03 -1.719721000106729791e-01
-6.453928013000745281e-04 -1.685872175376226800e-01
2.403446915173939669e-04 -1.594004240168454545e-01
-2.115372813488805744e-03 -1.568132130366144128e-01
-4.016695669544838657e-03 -1.541712968331330758e-01
-8.030221901043075369e-04 -1.479297052690285719e-01
2.234531708137917766e-03 -1.462662678232335145e-01
1.825939236614700003e-03 -1.411024177497919030e-01
6.145786970778906351e-03 -1.374228858227207473e-01
9.204501769603055245e-03 -1.351983558372683580e-01
1.216849703006372269e-02 -1.310666830714128372e-01
9.775516128183158251e-03 -1.277427775146708078e-01
6.757274390099834126e-03 -1.309518315551910228e-01
3.963212890144101469e-03 -1.336516229508258602e-01
2.237005932617280087e-03 -1.354711383596360619e-01
4.866735639349505159e-04 -1.373697785422016704e-01
-3.974239847998780641e-03 -1.369597062172831503e-01
-6.301402012297751577e-03 -1.331952197794491755e-01
-5.620602019777316653e-03 -1.301149478003185977e-01
-4.939802027256879127e-03 -1.270346758211880478e-01
-4.622711952238693980e-03 -1.226115632651781223e-01
-2.211234220588080644e-03 -1.204897267468955507e-01
-1.293523930199015235e-03 -1.181256589480633584e-01
4.861865875713752318e-04 -1.141134526500393737e-01
1.156666146776284690e-03 -1.110503476166267711e-01
3.595764302780240541e-03 -1.088046374719007781e-01
5.472408995683413109e-03 -1.041832278136535089e-01
3.509037295901600104e-03 -1.016445232776997665e-01
1.563323349498741289e-03 -1.025825827849764643e-01
1.553409664581102126e-03 -1.060662142779561501e-01
-9.628535943621589419e-04 -1.099400907260190963e-01
-2.716467383907581693e-03 -1.116493939722325995e-01
-4.600437094607708575e-03 -1.128353442463893713e-01
-9.944896789542641280e-03 -1.151026640697267317e-01
-1.456166475949650235e-02 -1.118353533287096274e-01
-1.352412443959788955e-02 -1.062527835064924348e-01
-1.285364488039297988e-02 -1.031896784730798183e-01
-1.367004904469012495e-02 -9.192569813701456649e-02
-1.611755130485132206e-02 -8.797179421581358127e-02
-1.578078317332796618e-02 -8.468466124828491481e-02
-1.737992675524973121e-02 -8.290360906576274558e-02
-2.398969602777841978e-02 -8.349683549702148488e-02
-3.140783125679331295e-02 -7.943533266438586316e-02
-3.371341763810733333e-02 -7.458311050395646791e-02
-3.489936791226410512e-02 -7.269914079325634493e-02
-3.670761750273147245e-02 -6.990240708848359519e-02
-3.421849849741531030e-02 -6.556722651208969632e-02
-3.280069932036083769e-02 -6.209858870167709460e-02
-2.661854119617776057e-02 -5.051020954080696207e-02
-2.480318317092960675e-02 -4.904879706147353274e-02
-2.273306692905215087e-02 -4.755321178473396332e-02
-2.011422047731904750e-02 -4.450211315237499049e-02
-1.840520323645006978e-02 -4.261376367575980817e-02
-1.747130990275367127e-02 -4.143042431809682707e-02
-2.107993430457551221e-02 -3.868717557088912490e-02
-2.072339710085868703e-02 -3.641900554647412719e-02
-2.055969184669183270e-02 -3.419886579561019074e-02
-2.006810621387707452e-02 -3.100480609367018900e-02
-1.943869846278568903e-02 -2.765942390363663669e-02
-1.945329951232284763e-02 -2.067149895876146601e-02
-1.714530832885780356e-02 -1.878023395762946218e-02
-1.540881066538052520e-02 -1.700203367663262466e-02
-1.146615395984382745e-02 -1.163199246314908404e-02
-6.444749090293719167e-03 -8.772322827265081890e-03
-4.095381490692107974e-03 -6.812232548346361903e-03
-2.372639818998054009e-03 -4.978983918692827734e-03
-6.636225781290730399e-04 -3.090634442077651051e-03
1.213521712453364491e-03 -1.877102260950887702e-03
