-1.670806325471921273e-03 -2.785311285319952510e-03
-3.639215076290151611e-03 -4.878868959245135327e-03
-4.222192659731208511e-03 -5.963069297277549460e-03
-5.179245007032685921e-03 -7.598904590465267034e-03
-2.869748034142749482e-02 -8.129112203238503254e-03
-3.113199978733319911e-02 -7.620301151604885227e-03
-3.164683151352921942e-02 -7.562110510338795888e-03
-3.415902327204324573e-02 -7.856757700394595423e-03
-3.522659818628487427e-02 -8.533256096068017604e-03
-3.557349363105383189e-02 -8.846900992719862467e-03
-3.618608021975207312e-02 -9.418377701480944858e-03
-3.900141578046870811e-02 -1.038796002472369348e-02
-4.407357707869384578e-02 -9.576270233767343598e-03
-5.968889819886850912e-02 3.282605461570112227e-05
-5.902608061395137051e-02 -3.093820421760223698e-03
-5.914680033083798832e-02 -4.847197520919025934e-03
-5.955808372763947423e-02 -6.777911804298570632e-03
-6.032324170642928279e-02 -8.939145858852406631e-03
-6.832355703966955240e-02 -1.233958612599782810e-02
-6.876091588436558655e-02 -1.795542172239811274e-02
-6.975148267481999509e-02 -2.323771864762509687e-02
-7.074218257079377403e-02 -2.686258771232289191e-02
-7.155683281945923735e-02 -2.977443163557953743e-02
-7.265608133698425730e-02 -3.510148076766171632e-02
-7.205674440178252982e-02 -4.093988033273952831e-02
-7.276907434421979459e-02 -4.332885175587109644e-02
-7.256082860092345765e-02 -4.607245570057945383e-02
-7.209940550979503093e-02 -5.032117481552254856e-02
-7.386718851905274552e-02 -5.568373790180135285e-02
-7.806954820532853445e-02 -6.130218624341917527e-02
-7.880649397391488453e-02 -6.348818180641163655e-02
-7.984691191899742635e-02 -6.708026643786126064e-02
-7.941574850957139331e-02 -8.691433261191595927e-02
-8.229514524548597887e-02 -9.079142122337836851e-02
-8.270124113931608123e-02 -9.096775451510193122e-02
-8.448758429864386410e-02 -9.376275773054551510e-02
-8.547521373542407708e-02 -1.055120989052621416e-01
-8.581371509240517947e-02 -1.058556932262729594e-01
-8.613042816769457544e-02 -1.061229659968662281e-01
-8.632246751731455225e-02 -1.062632668648052919e-01
-8.655716303606432460e-02 -1.064144379678269442e-01
-9.345249841957067871e-02 -1.075648656566381839e-01
-9.723669024835925045e-02 -1.077256106670764352e-01
-9.726976670404968717e-02 -1.077409760712441794e-01
-1.012429182597327226e-01 -1.077165681833804345e-01
-1.026683063831545645e-01 -1.096815371139131245e-01
-1.050521806367973043e-01 -1.217031304906269484e-01
-1.063670263911410813e-01 -1.315706968195891891e-01
-1.084147914889969644e-01 -1.333593185114200774e-01
-1.097503737726801126e-01 -1.347808065170843506e-01
-1.098878545482938340e-01 -1.357024535636090490e-01
-1.125111852542841212e-01 -1.376335672069947391e-01
-1.141524274439988385e-01 -1.412558512463002736e-01
-1.151936209629442071e-01 -1.442873169669312006e-01
-1.165139562825059233e-01 -1.474419091206609911e-01
-1.198502734183804347e-01 -1.511451983680366928e-01
-1.218347734642790392e-01 -1.558811151602307876e-01
-1.223855170346045823e-01 -1.562397290609469636e-01
-1.226526365505151012e-01 -1.563926829283080189e-01
-1.232498857142312748e-01 -1.567037429428909390e-01
-1.242037175828919759e-01 -1.571508443537411592e-01
-1.251973630802555026e-01 -1.576008857301749444e-01
-9.928267556060534071e-02 -1.988699090588209872e-01
-9.865495201624453758e-02 -2.007153254826846978e-01
-9.846843212931258305e-02 -2.015172328002115820e-01
-9.836743019574484270e-02 -2.025321797127118961e-01
-9.852624053282203753e-02 -2.037151873875593933e-01
-9.865112099168560356e-02 -2.040738807133522514e-01
-9.872287806142206190e-02 -2.042412200107285858e-01
-9.830517729376789249e-02 -2.072143319627480773e-01
-9.845727483199594177e-02 -2.145703565170668792e-01
-9.579317045557633747e-02 -2.238456449609559085e-01
-9.400639089564769013e-02 -2.261170956235013796e-01
-9.122394732251097593e-02 -2.279878928149451922e-01
-8.826072249468634723e-02 -2.331996781174876243e-01
-8.537391673583898111e-02 -2.378737867972643139e-01
-8.350490003907290459e-02 -2.398806241139978257e-01
-8.173886644185281158e-02 -2.414887824486704471e-01
-7.930599468620061487e-02 -2.451453768286874224e-01
-7.711388206981055482e-02 -2.500728940186325855e-01
-7.525691489401552248e-02 -2.532315744043536765e-01
-7.574936288104615334e-02 -2.583953637438797246e-01
-7.518111651455844369e-02 -2.606359007544424844e-01
-7.505679425551055328e-02 -2.608510431911668648e-01
-7.489751141499316478e-02 -2.611199553345332491e-01
-7.459767810063203108e-02 -2.616769960917985083e-01
-7.497279276972300399e-02 -2.645945086939453517e-01
-7.359517865312097118e-02 -2.704318327229137120e-01
-7.237095498011107686e-02 -2.744270154151395302e-01
-7.158827945149096039e-02 -2.761480713782917817e-01
-7.084039113282343536e-02 -2.764803325038664439e-01
-6.975557999947978871e-02 -2.776257425685895730e-01
-6.819631264371943391e-02 -2.803358193134541376e-01
-6.711537431296556167e-02 -2.840722594805794587e-01
-6.644147648742061707e-02 -2.877110565078467852e-01
-6.285653032106802707e-02 -2.900972523525889302e-01
-5.663661647737158050e-02 -2.916541372004833321e-01
-5.211499493829056112e-02 -2.942824071171301625e-01
-4.884751212969611761e-02 -2.991420885746798874e-01
-4.728301593241052841e-02 -2.999526164986103804e-01
-4.612477908324877363e-02 -3.001576300832750621e-01
-4.565885403756515110e-02 -3.002225726814467532e-01
-4.442400740623169558e-02 -3.005511250102265719e-01
-4.145547228077146179e-02 -3.017253906467099456e-01
-3.969434581772997989e-02 -3.002195968977569573e-01
-3.770808738510619124e-02 -2.975221304346210016e-01
-3.547224827386862706e-02 -2.955480876688422187e-01
-3.390770689766643003e-02 -2.954662258782703721e-01
-3.340605971957832238e-02 -2.956718423612706981e-01
-3.270869624459260550e-02 -2.957667274348979580e-01
-3.044577185020458376e-02 -2.949242457565973141e-01
-2.830085326944655963e-02 -2.939135303497065199e-01
-2.654849464525329411e-02 -2.932883445098982134e-01
-2.298185686151099985e-02 -2.928723771474989745e-01
-1.871674253495370782e-02 -2.931482801714793696e-01
-1.669102763222510971e-02 -2.910163627526136110e-01
-1.505602518255399341e-02 -2.888482979620782820e-01
-1.437656964542813331e-02 -2.884329524570666270e-01
-1.206096833342599692e-02 -2.845114343355002462e-01
-7.582360549999890044e-03 -2.774509718554651339e-01
-2.215060380792817558e-04 -2.776782540476251393e-01
8.523589743061076029e-03 -2.799366029396226918e-01
1.371901309391545219e-02 -2.805341440699957722e-01
1.719901033982946040e-02 -2.687262057811197757e-01
1.771055235266522088e-02 -2.683600229638918866e-01
1.912826930256575700e-02 -2.677218446774959348e-01
2.119352191527743359e-02 -2.470704470544258513e-01
2.304757778413192570e-02 -2.456066253896110330e-01
2.553164876686892307e-02 -2.465616176529800418e-01
2.794268541909916345e-02 -2.419355416898005540e-01
2.980107664738053733e-02 -2.405246240339291575e-01
3.108691978320780869e-02 -2.394734414945637602e-01
3.369253653554002415e-02 -2.362290366656155105e-01
3.676302425816356523e-02 -2.290820209164477761e-01
3.774483580575430097e-02 -2.244720066709360307e-01
3.785726385874663147e-02 -2.228857913392115753e-01
3.683206374066282790e-02 -2.188102788879460192e-01
3.482988312797443559e-02 -2.150829911227443159e-01
3.541713348341200829e-02 -2.056649418073426272e-01
3.751298685246189785e-02 -1.967429014327509440e-01
3.841551771329557163e-02 -1.929973151727296665e-01
3.926775506452964692e-02 -1.889903092917213090e-01
3.900268773068353567e-02 -1.839435463666912185e-01
3.915985174451029616e-02 -1.801415891382825707e-01
4.061171995864272521e-02 -1.783471049615028003e-01
4.144849333559353505e-02 -1.779294771885574500e-01
4.244536697237043937e-02 -1.774724021894420467e-01
4.288608790326288445e-02 -1.678695649036616444e-01
4.060756498897399869e-02 -1.571179477625902210e-01
4.116831133560186484e-02 -1.552022388988018864e-01
4.105631516125108488e-02 -1.504716079552035901e-01
3.869513398535636556e-02 -1.423309543537591704e-01
3.509849388347228288e-02 -1.358234326971635986e-01
3.171745204393286444e-02 -1.298347287423256280e-01
3.051553451669478112e-02 -1.275717379058176615e-01
2.985526932591373375e-02 -1.226791082869922028e-01
2.979962205859226776e-02 -1.225787724561940295e-01
2.919274407945832497e-02 -1.199164695199320813e-01
2.754815126905734921e-02 -1.121442257326157182e-01
2.473987350927609255e-02 -1.093868718253647038e-01
2.473508745382640289e-02 -1.080894951872268667e-01
2.481067661531757493e-02 -1.072370285049632360e-01
2.497231878656283599e-02 -1.060400941430028748e-01
1.420335551648293886e-02 -9.112805601930641652e-02
1.395829624344235159e-02 -8.700176162274149416e-02
1.402944961407198189e-02 -8.634812104905131847e-02
1.409830791240721838e-02 -8.560630049130833752e-02
1.413269139089755495e-02 -8.480713259149534611e-02
1.412201532143973239e-02 -8.413557591657727652e-02
1.403441645582414327e-02 -8.321204527051317967e-02
1.356466478142604945e-02 -8.142475729151316122e-02
1.319461719808366976e-02 -7.937453564105358128e-02
1.847201724620364111e-02 -6.910944542700545035e-02
1.778605304207308072e-02 -6.831918618910519381e-02
1.736327709064414831e-02 -6.803104756771483075e-02
1.605483090272626437e-02 -6.696204383350197464e-02
1.487553247095159230e-02 -6.502206903297866325e-02
1.483047651899385352e-02 -6.366940627240066930e-02
1.419530804709016880e-02 -6.192170949807166563e-02
1.143630323300974007e-02 -5.913598320560076865e-02
9.617517149370664181e-03 -5.454433141888517800e-02
8.191167930767581998e-03 -4.837747939924381957e-02
7.199561222198322397e-03 -4.316277341181278676e-02
6.681898392183218544e-03 -3.869788629478582848e-02
6.623042340915156340e-03 -3.854216890475723606e-02
6.575106024709615263e-03 -3.841076687355855085e-02
6.375250915917991465e-03 -3.776807110246063748e-02
6.236874670162649223e-03 -3.623443363962348951e-02
7.081705464987311446e-03 -3.284061724269700389e-02
6.792635627857502092e-03 -3.111738062156692297e-02
6.032725535225209705e-03 -3.012179499901879512e-02
7.515496112578806502e-03 -2.402585387853379065e-02
5.909551687595461338e-03 -1.857068809130441381e-02
6.467804736888000880e-03 -1.286290343149422075e-02
5.841685944870080721e-03 -1.267997736370058727e-02
5.072494311853496460e-03 -1.229588887285766596e-02
4.211664354976989155e-03 -1.137247816900761183e-02
3.070367425426878249e-03 -6.505684079873464039e-03
3.003543037295603683e-03 -5.386095978695056019e-03
