-5.629276834436017576e-03 -2.924422497058388679e-03
-8.361801475159984579e-03 -6.679314259681070481e-03
-9.707237382627000033e-03 -8.756216238898269916e-03
-1.145335198248684933e-02 -1.188831106292076445e-02
-2.171645201837489950e-02 -1.382833344313707732e-02
-2.198186161171201622e-02 -1.384747588479556292e-02
-2.198253840993500199e-02 -1.384752955747641651e-02
-2.198441048881049492e-02 -1.384767815795663430e-02
-2.198642936947383525e-02 -1.384783863774770134e-02
-2.198814057264534064e-02 -1.384797484478278266e-02
-1.943777935825011932e-02 -2.077378434504813243e-02
-2.060925398298540240e-02 -2.174809442247811753e-02
-3.224437288460643009e-02 -1.893467349892246146e-02
-3.502595114223333583e-02 -2.003488099154703342e-02
-5.421548360759975010e-02 -8.437473242839032758e-03
-5.667128260624113706e-02 -7.650049208747782860e-03
-4.721906992441184114e-02 -2.136364400039504965e-02
-4.641800056655486645e-02 -2.415347654442315251e-02
-4.690289990773285900e-02 -2.590794356638024057e-02
-4.754789406936252988e-02 -2.734381879492588444e-02
-4.822965447273415418e-02 -2.853201157538782021e-02
-4.913352117963078886e-02 -2.978784755016000707e-02
-6.683733634760613551e-02 -2.941661061732778193e-02
-6.718009312987448245e-02 -2.966863709778735578e-02
-6.742455449914915022e-02 -2.983933294107849604e-02
-6.879432423954312537e-02 -3.068066557177262857e-02
-6.999316703013501451e-02 -3.127114077735303199e-02
-5.892103683759700172e-02 -4.557651984589976280e-02
-5.899750936367848669e-02 -4.574090719637009111e-02
-5.912693966972214915e-02 -4.601760334105192696e-02
-5.659863130003560394e-02 -5.098985132242721957e-02
-5.731461742407907567e-02 -5.297520816874334154e-02
-5.629647063820064634e-02 -6.597152249086166154e-02
-5.718524872079547988e-02 -6.984683526950906385e-02
-5.723082075597652613e-02 -7.000982573874379999e-02
-5.761403511747032608e-02 -7.129541166373544459e-02
-5.833192148402784744e-02 -7.335927297124256174e-02
-5.851427618766080752e-02 -7.381994239348838027e-02
-5.862293863191159193e-02 -7.408270777561555553e-02
-5.905826706828066347e-02 -7.504772891098224208e-02
-5.959375622701331560e-02 -7.603758646355468498e-02
-5.985300341040915989e-02 -7.643401112769424022e-02
-6.009474040722476151e-02 -7.675217517726871941e-02
-6.027562420054469877e-02 -7.695907510490021530e-02
-6.309648904294179461e-02 -7.724025197983767910e-02
-6.309648910768760055e-02 -7.724025189049844864e-02
-6.309648910786537501e-02 -7.724025189025317262e-02
-6.309648910798290600e-02 -7.724025189009096903e-02
-6.309648910819848355e-02 -7.724025188979354029e-02
-6.129546346008827445e-02 -7.783771699912285513e-02
-6.036838273781702791e-02 -8.189560083560740167e-02
-6.164792123114861550e-02 -8.392339899345441223e-02
-7.011472867547292875e-02 -8.500524198936457165e-02
-6.582243970778960118e-02 -8.991480679487656724e-02
-6.567274498028541352e-02 -9.245852204412592645e-02
-6.731690980470808605e-02 -9.398864314978702672e-02
-6.934302295235081348e-02 -9.477690657737099234e-02
-7.121141944595617279e-02 -9.520175644706897755e-02
-7.480450369475878658e-02 -9.562105881035695698e-02
-7.373602699186622422e-02 -1.190978342859644740e-01
-7.390587293128347834e-02 -1.192241920639780933e-01
-7.405533559671519106e-02 -1.193307897862743577e-01
-7.435581318728719247e-02 -1.195310900618490740e-01
-7.459990933191250340e-02 -1.196804221965249437e-01
-7.479666808488504015e-02 -1.197924412450974280e-01
-7.507492966940369772e-02 -1.199387298463405749e-01
-7.540340063590073028e-02 -1.200942626660931878e-01
-7.567896237096932710e-02 -1.202117141043920895e-01
-7.592263055144017614e-02 -1.203069961342162209e-01
-7.651650310732825699e-02 -1.205200448006973624e-01
-7.693397226040775416e-02 -1.207212425451242438e-01
-7.652828145254136905e-02 -1.214678913657351311e-01
-7.351684043993829409e-02 -1.227134290846467607e-01
-5.984288220577192036e-02 -1.137246802378214655e-01
-5.476961126671829605e-02 -1.150672547254264905e-01
-4.572649584536110645e-02 -1.581183794989685920e-01
-2.327749020030748031e-02 -1.444723119442513359e-01
-1.049572031665924922e-02 -1.472426743781853342e-01
-5.188322096644210416e-03 -1.492858707666913920e-01
-6.290165837564184147e-03 -1.597296488773315704e-01
-3.607559690302515436e-03 -1.665341457939937542e-01
-3.849402925644793919e-03 -1.757439409428865618e-01
-2.797915726361506743e-03 -1.811913888993972044e-01
5.256207992842128543e-03 -1.780263137694451103e-01
1.850180982206949681e-02 -1.745578851104006846e-01
1.850183353956698709e-02 -1.745578670211631878e-01
1.850183456114756417e-02 -1.745578662420101401e-01
1.850183562969487730e-02 -1.745578654270360797e-01
1.850183821596792719e-02 -1.745578634545033037e-01
1.850198820544337458e-02 -1.745577490605929316e-01
1.923893817724025776e-02 -1.740391890132569064e-01
2.006944466247220435e-02 -1.735549282078591438e-01
2.007972189660370971e-02 -1.735497113631393196e-01
2.008317469979859285e-02 -1.735479632030507147e-01
2.008484505957226773e-02 -1.735471183123622751e-01
2.008587029798859780e-02 -1.735465999959582284e-01
2.008711676706450427e-02 -1.735459701043481073e-01
2.008924030888782630e-02 -1.735448976729128956e-01
2.009138445519157920e-02 -1.735438157057558606e-01
2.009562833267510007e-02 -1.735416767589233189e-01
1.573635813882093282e-02 -1.729523930346975602e-01
1.573653749842005706e-02 -1.729529129988078839e-01
1.573664903339128465e-02 -1.729532361597843626e-01
1.573676673443522370e-02 -1.729535770374795445e-01
1.573689903400269513e-02 -1.729539600122600995e-01
1.573702852915782532e-02 -1.729543346825604122e-01
1.574336670046516326e-02 -1.729724539974732134e-01
1.576644633385105090e-02 -1.730352194161839108e-01
1.584428493321199741e-02 -1.732214424876695191e-01
1.592256336381239062e-02 -1.733868145016922158e-01
1.592263771900511923e-02 -1.733869659294853260e-01
1.592264772520158092e-02 -1.733869863070157946e-01
1.592265473186371336e-02 -1.733870005759432786e-01
1.592265705377356177e-02 -1.733870053044521409e-01
1.592265847397362349e-02 -1.733870081966490673e-01
1.592265990095157249e-02 -1.733870111026463157e-01
1.592266154911422052e-02 -1.733870144590761719e-01
1.597037266606077255e-02 -1.734830894669420476e-01
1.597037309420352644e-02 -1.734830903228907206e-01
1.597037339797979447e-02 -1.734830909302042257e-01
1.597037377272882835e-02 -1.734830916794073974e-01
1.603279283155589069e-02 -1.736083241870970961e-01
1.603279296934190593e-02 -1.736083244667496472e-01
1.603279299497984561e-02 -1.736083245187847734e-01
1.603279303797522370e-02 -1.736083246060488305e-01
1.603288928819658968e-02 -1.736085199630157117e-01
1.365486800213668028e-02 -1.549742079027710551e-01
1.780108834205328810e-02 -1.542040848537125919e-01
2.364411504580254259e-02 -1.542258586740783977e-01
2.540030916785724832e-02 -1.532995591323246531e-01
2.632424416537596304e-02 -1.527056055120617484e-01
2.682761041257052809e-02 -1.523701639452215428e-01
2.767937887438163755e-02 -1.518068472461319429e-01
2.858841513704615117e-02 -1.512568535647171586e-01
3.058570461187502115e-02 -1.503546357291404845e-01
3.254841327880456797e-02 -1.493306590900300712e-01
3.254841439498427219e-02 -1.493306583340979210e-01
3.254841676865196515e-02 -1.493306567265318130e-01
3.254859488048859884e-02 -1.493305360970245410e-01
3.295114076057192171e-02 -1.490404695695069504e-01
4.574519322706341318e-02 -1.501905877531154732e-01
4.593009404484989233e-02 -1.500416047234641725e-01
4.599075078678759726e-02 -1.499820830881380684e-01
4.600918660920809422e-02 -1.499633349333923948e-01
4.612138236316797729e-02 -1.498446717128192607e-01
5.555624587199013698e-02 -1.552141449662853834e-01
5.973986499360791486e-02 -1.554211136143270611e-01
5.831152687816797131e-02 -1.502581919212041817e-01
5.781233565757391141e-02 -1.467791554228906892e-01
6.397191374326696711e-02 -1.441444927331711756e-01
6.662920471605936201e-02 -1.427382040467004287e-01
6.637772173833253464e-02 -1.422359969371968791e-01
6.433851758427153178e-02 -1.411183224557250315e-01
6.138123436932001187e-02 -1.400725365386074617e-01
6.069364280216432705e-02 -1.397241047905797284e-01
6.048148966827462253e-02 -1.395978302618912092e-01
6.025069569358697946e-02 -1.394466517948257933e-01
5.957205596471732562e-02 -1.388734678615034801e-01
5.843975090453115001e-02 -1.361477792289073618e-01
5.857510633900337577e-02 -1.324784684260082723e-01
5.974163075455205668e-02 -1.271336608601891793e-01
5.908408743901456817e-02 -1.093560981924122100e-01
6.189138016450903418e-02 -1.058198939535387739e-01
6.037828817439681861e-02 -9.623950626228974792e-02
5.800857898964692505e-02 -8.797074843762979490e-02
5.820844640355281319e-02 -8.699878787577482175e-02
5.840962193705049460e-02 -8.626345078456008897e-02
5.862801468443067099e-02 -8.552494499919166548e-02
5.883640825308594086e-02 -8.481424436114265442e-02
5.904994785253657452e-02 -8.401036822598022258e-02
5.326233450682983650e-02 -7.710693377372411506e-02
4.831822458624485117e-02 -7.119793087171215340e-02
4.592120614604377343e-02 -6.833124768224299594e-02
4.428132919257806582e-02 -6.588083645984794956e-02
4.143456878999811355e-02 -6.574916346315805293e-02
3.780826770978211460e-02 -6.539984990504051077e-02
3.618801489593836962e-02 -6.365615832131032992e-02
3.601047892679506979e-02 -6.307146278382085025e-02
3.562591837016916563e-02 -6.208178013448011068e-02
2.270172323411236148e-02 -5.989389144378109292e-02
2.216400614350124212e-02 -5.555657793926375293e-02
2.789109913152516135e-02 -4.742079784925258557e-02
2.701675879136625560e-02 -4.603517172734997165e-02
2.624319836870494041e-02 -4.471280735316966737e-02
2.616132911964885038e-02 -4.454909493973215062e-02
2.609159651838830266e-02 -4.440118067470036345e-02
2.586026195059237809e-02 -4.380080942937186750e-02
2.594101326673094177e-02 -4.175405403195572157e-02
2.532208816475309265e-02 -3.846620663034046317e-02
2.209783043581509121e-02 -3.461575498909245235e-02
1.777671846641051129e-02 -3.058011667855800239e-02
1.639544052529765678e-02 -2.816276799733861622e-02
1.698391502941108688e-02 -2.590251090946592283e-02
1.688757277142032345e-02 -2.556513825594384018e-02
1.602363872897833580e-02 -2.567377968535005175e-02
1.387661519699735259e-02 -2.609894781479761214e-02
9.764843791449512311e-03 -1.971347204461655622e-02
4.484266562664139880e-03 -7.847427038301867455e-03
1.557916317271369668e-03 -3.752954210350043559e-03
