-1.601996973014489572e-03 -2.900156563245332407e-03
-2.577595304364985705e-03 -3.895493309353894804e-03
-3.757333456342101981e-03 -5.799472285645854153e-03
-3.802135359456427187e-03 -5.942772495346020090e-03
-4.073163693798067912e-03 -6.606876110667051286e-03
-4.645485280454157706e-03 -7.265901094056694681e-03
-6.583874447045614912e-03 -9.665824277035967027e-03
-6.708016494117698819e-03 -9.993374840940410370e-03
-2.787617651088809823e-02 -1.978881414660975391e-02
-2.804104094200585845e-02 -2.011414899847653939e-02
-2.825968083455513216e-02 -2.048058437191510942e-02
-2.857013579401870146e-02 -2.088628389709800554e-02
-3.953647042690076885e-02 -2.667972314033794506e-02
-4.200760956746191210e-02 -2.772469719742885058e-02
-4.368756298155475337e-02 -2.823064131959915346e-02
-4.368805906868417771e-02 -2.823097040541840130e-02
-4.368810757888350743e-02 -2.823100259152829319e-02
-4.369006174391566050e-02 -2.823230008678970920e-02
-4.369006555630780553e-02 -2.823230261983962833e-02
-4.376428573103614134e-02 -2.828285445412129229e-02
-4.376428576597942571e-02 -2.828285447847643519e-02
-4.376428581528962747e-02 -2.828285451284518262e-02
-4.378377248964832741e-02 -2.829651259234717414e-02
-4.382468391549128317e-02 -2.832565964814235532e-02
-4.386064964100460511e-02 -2.835177141273153428e-02
-4.389262383470201451e-02 -2.837533223864207449e-02
-4.391284397212918966e-02 -2.839038576216849560e-02
-4.392871472408587524e-02 -2.840227854815692218e-02
-4.393058387652937213e-02 -2.840368347389680970e-02
-4.395710603738316180e-02 -2.842371012422740054e-02
-4.396530509935778208e-02 -2.842993408566039937e-02
-4.397502092944031299e-02 -2.843732829133824996e-02
-4.397882808168457336e-02 -2.844023110615227778e-02
-4.398071283110922824e-02 -2.844166925500656376e-02
-4.398079592700690488e-02 -2.844173267747657219e-02
-4.398185218468379093e-02 -2.844253898132583988e-02
-4.398185726752065761e-02 -2.844254286189759617e-02
-4.399560465246209889e-02 -2.845305705668523671e-02
-4.399560869643433930e-02 -2.845306015489731596e-02
-4.400960044740639260e-02 -2.846379750769354941e-02
-4.400960057665998654e-02 -2.846379760704402517e-02
-4.400960063096615721e-02 -2.846379764878634658e-02
-4.400960069441369610e-02 -2.846379769755514461e-02
-6.464116417333187758e-02 -2.889387164853602155e-02
-6.465078990889662480e-02 -2.894316083870475051e-02
-6.465239887790132089e-02 -2.895141955366349953e-02
-6.465411938478665688e-02 -2.896025642551111959e-02
-6.465965951430149850e-02 -2.898874808221778981e-02
-6.466688077722528016e-02 -2.902595697103614591e-02
-6.466724203895558853e-02 -2.902782024415063306e-02
-6.466734254356204525e-02 -2.902833864235564165e-02
-6.467517656320792563e-02 -2.906877828302649805e-02
-6.467847654940082902e-02 -2.908582831995593088e-02
-6.467915419691422363e-02 -2.908933036402793632e-02
-6.468267844832706337e-02 -2.910754715150704053e-02
-6.468478429789152606e-02 -2.911843451925592158e-02
-6.468525874342258286e-02 -2.912088760033501936e-02
-6.468563023558444869e-02 -2.912280840502098553e-02
-6.469788634790213377e-02 -2.918617874861074643e-02
-7.394239026669315040e-02 -9.336840484717641442e-02
-4.079896193055256720e-02 -9.787294120759058857e-02
-4.031507599869307151e-02 -9.827501388478708522e-02
-3.662784309721973941e-02 -1.044405667731573562e-01
-3.606625093995853570e-02 -1.059608620111558985e-01
-3.326800380345326658e-02 -1.128242123325949725e-01
-4.129737110303285941e-02 -1.323199933679153617e-01
-2.793639976153910673e-02 -1.400040954220860834e-01
-5.640796680905525544e-03 -1.514809255944975230e-01
8.017048407581488234e-03 -1.674637099394195860e-01
5.597724035405484549e-02 -1.591466846885606079e-01
5.597723924199554668e-02 -1.591466841400762666e-01
5.597723848236974692e-02 -1.591466837654176292e-01
5.597723784883718023e-02 -1.591466834529501329e-01
5.597723719016785282e-02 -1.591466831280849425e-01
5.597723677703859285e-02 -1.591466829243237679e-01
5.597723631817462520e-02 -1.591466826980055538e-01
5.597621061382837548e-02 -1.591461769502972579e-01
5.597615750565224091e-02 -1.591461507718913981e-01
5.597612788950560858e-02 -1.591461361736541957e-01
5.597610204984974913e-02 -1.591461234371006894e-01
5.597608763507168350e-02 -1.591461163320313787e-01
5.597607975191656871e-02 -1.591461124464344234e-01
5.597590549247091068e-02 -1.591460265585068201e-01
5.597590017139262436e-02 -1.591460239360166229e-01
5.597588964623496227e-02 -1.591460187487218070e-01
5.597578361166028610e-02 -1.591459664915591543e-01
5.597577556772505986e-02 -1.591459625273806966e-01
5.597576791393442386e-02 -1.591459587554880650e-01
5.597576158726857293e-02 -1.591459556376326467e-01
5.597575459210445137e-02 -1.591459521903461349e-01
5.597574621174088855e-02 -1.591459480604371091e-01
5.597573932278201297e-02 -1.591459446655183463e-01
5.597555314643073293e-02 -1.591458529216290274e-01
5.597555041406691162e-02 -1.591458515752463831e-01
5.597554273132014646e-02 -1.591458477895546786e-01
5.597552104955247354e-02 -1.591458371058987464e-01
5.597535193059804265e-02 -1.591457537771957809e-01
5.597534782217804955e-02 -1.591457517529818733e-01
5.597530303436203808e-02 -1.591457296863723891e-01
5.597529422922017939e-02 -1.591457253482114476e-01
5.597526661171316198e-02 -1.591457117416178457e-01
5.597525512464781444e-02 -1.591457060822314140e-01
5.597521107541862662e-02 -1.591456843806230426e-01
5.597519537720847815e-02 -1.591456766467579109e-01
5.597518528628362550e-02 -1.591456716754079126e-01
5.597517288943209407e-02 -1.591456655680682508e-01
5.597515548606691455e-02 -1.591456569943275612e-01
5.597512727060339338e-02 -1.591456430941983746e-01
5.597511363795162204e-02 -1.591456363782556560e-01
5.597510366803445242e-02 -1.591456314667419047e-01
5.597509501397104903e-02 -1.591456272034834640e-01
5.597508371889553525e-02 -1.591456216392116152e-01
5.597507242272735384e-02 -1.591456160744361414e-01
5.597504706269921387e-02 -1.591456035815770331e-01
5.597491016909982714e-02 -1.591455361480546560e-01
5.597480055571983637e-02 -1.591454821563799693e-01
5.597023582178286411e-02 -1.591432366004481291e-01
5.596368937629525586e-02 -1.591400257724991663e-01
5.595507390975594519e-02 -1.591358168225751046e-01
5.593479859137543558e-02 -1.591259817594107007e-01
5.591138832813438014e-02 -1.591147365886361187e-01
5.588197420058401560e-02 -1.591007504180303178e-01
5.584072291758718221e-02 -1.590813437197992342e-01
5.578960346753719657e-02 -1.590575043454646176e-01
5.571287879279810534e-02 -1.590217962986814337e-01
5.560229071001784873e-02 -1.589700046214444218e-01
5.556127459843587801e-02 -1.589506844986896816e-01
5.540118910363202309e-02 -1.588746494298484691e-01
5.523564005133241306e-02 -1.587948555419155250e-01
5.503984162977147709e-02 -1.586987388728479109e-01
5.500530915985622771e-02 -1.586815722443912779e-01
5.494971535325235412e-02 -1.586537917464445335e-01
5.489569614641930800e-02 -1.586266228208876028e-01
5.484661279084936808e-02 -1.586017817728215540e-01
5.464673142262961580e-02 -1.584990129624364308e-01
5.451834284627131433e-02 -1.584315493223142357e-01
5.447504353724654663e-02 -1.584085259978477711e-01
5.445138137360305136e-02 -1.583958849056586182e-01
5.445065026863157853e-02 -1.583954936521778378e-01
5.443403572338577356e-02 -1.583865913773601364e-01
5.438050417017220584e-02 -1.583577647448607961e-01
5.435026304642406880e-02 -1.583413818218216140e-01
5.430191470789993285e-02 -1.583150400946030656e-01
5.426309057396812990e-02 -1.582937528289774520e-01
5.422022252964017047e-02 -1.582701072403801257e-01
5.421790284057164538e-02 -1.582688234691377316e-01
5.421780765323999662e-02 -1.582687707808342337e-01
5.421759420187795275e-02 -1.582686526280771833e-01
5.421604298762052604e-02 -1.582677938654437344e-01
5.415514602242239156e-02 -1.582339251223082721e-01
5.402489459279705836e-02 -1.581604496512804825e-01
5.391149575630539703e-02 -1.580952906719921003e-01
5.371615572393342863e-02 -1.579797734803867759e-01
5.353427380040252925e-02 -1.578673616716928796e-01
5.327626075648023846e-02 -1.576975726957047241e-01
5.318195609302111410e-02 -1.576319656882824161e-01
5.314194530388723081e-02 -1.576034983845093218e-01
5.296533449329669796e-02 -1.574730408367164547e-01
5.283271516955957009e-02 -1.573695984848043072e-01
5.279003695776125771e-02 -1.573352532260806069e-01
5.271349110829487428e-02 -1.572723192731050601e-01
9.425630951678493075e-02 -1.041551806703788080e-01
9.832709656019385236e-02 -3.954421296578043699e-02
9.822630802881630874e-02 -3.944832787944750618e-02
9.819651029884191029e-02 -3.941971678219597514e-02
9.817872430270042916e-02 -3.940258785330273683e-02
9.816067248636245468e-02 -3.938516574660282793e-02
9.812425967523150105e-02 -3.934991575123060470e-02
9.740741487020404543e-02 -3.864429452292671846e-02
9.682923489258428440e-02 -3.809747086006375766e-02
9.648410537600134174e-02 -3.780026795081734697e-02
9.624979681987916313e-02 -3.761640320250649039e-02
9.608616022411670121e-02 -3.749587457324700390e-02
9.594028015259771502e-02 -3.739290398919621616e-02
9.572762508467573539e-02 -3.724871684772079750e-02
9.537031215839980591e-02 -3.701579284429465377e-02
9.495932750438736136e-02 -3.674655319455754493e-02
7.257944842289078269e-02 -4.014994452864294877e-02
4.419012775380635333e-02 -5.089379679628209391e-02
4.269047112833144336e-02 -4.635806039480504931e-02
4.274210314320939230e-02 -4.513745855873073365e-02
4.265084828510630477e-02 -4.350334713498330702e-02
4.237048966172225761e-02 -4.195685723798620731e-02
4.200870786991539596e-02 -4.038984953304908254e-02
4.079928269310928446e-02 -3.281351081160895772e-02
3.799067867386898140e-02 -2.968042763610263118e-02
3.655072770153896394e-02 -2.903007202807198622e-02
3.451646015022318686e-02 -2.725418648401289889e-02
3.138489690604794741e-02 -2.464316851672363612e-02
2.901660209961478415e-02 -2.380766195792756793e-02
2.837560339604178888e-02 -2.284945039756286836e-02
2.232023895732329968e-03 -2.387759084675026428e-02
1.765629438496959993e-04 -2.079208133936580327e-02
-5.624850560538357733e-04 -1.918848922296501405e-02
3.130293209240374731e-03 -8.760744209146775416e-03
3.656000416844126452e-03 -2.207385265531514387e-03
3.567223106321998523e-03 -1.670008329623253775e-03
3.508753178575534874e-03 -1.441876195647591148e-03
3.285966887980857655e-03 -9.249810762201981888e-04
