-7.948157427442023581e-03 1.946243187372863814e-03
-1.315800928912124607e-02 5.607441367825584562e-03
-1.423303614357463581e-02 8.703359377949375711e-03
-1.821799895190687538e-02 9.930294185707405283e-03
-2.046429223254288970e-02 1.433052852331219429e-02
-2.171090244196667227e-02 1.727236594827860280e-02
-2.623211773906248059e-02 1.885477605489867953e-02
-3.291245808507633347e-02 2.463678284782243669e-02
-3.432967938370515976e-02 2.987452059723615799e-02
-3.749607400900835386e-02 3.174352068911960589e-02
-3.804218151495208228e-02 3.404330170154904606e-02
-4.140012117950560289e-02 3.326006082711399636e-02
-4.191057255016213123e-02 3.987018326559327308e-02
-4.135332133503073077e-02 4.142465510860737082e-02
-4.450499911781782836e-02 4.265575592675770883e-02
-4.817153171725906818e-02 4.342452092314458972e-02
-5.133695407679690625e-02 4.774350192463273912e-02
-5.498778688250503810e-02 5.032454737492547681e-02
-5.909569473889909885e-02 5.199909581920502538e-02
-6.965396965614148450e-02 5.339956032732736529e-02
-7.220915808359310017e-02 5.448425139885589713e-02
-8.030820235156553577e-02 5.331881200604931398e-02
-8.420697987939680662e-02 5.189492943486725962e-02
-8.930639808484619468e-02 5.001286818072563783e-02
-9.232099263980494963e-02 4.498061750749787757e-02
-8.929289981528920617e-02 4.053831559810904678e-02
-8.888723659835767732e-02 3.684131398654711537e-02
-8.815437757331438806e-02 3.133000305618596770e-02
-8.674066997441727545e-02 2.754612387804207529e-02
-8.357285176173566421e-02 2.539939346640735299e-02
-8.287785079380105557e-02 1.979211588627607932e-02
-8.243783434790410980e-02 1.612586860924501708e-02
-8.420835831354224477e-02 1.357488969646875737e-02
-8.267870463741817944e-02 9.213171069359083615e-03
-8.111198545294275031e-02 1.040303502603993381e-02
-8.259889616071947049e-02 1.312908437875296049e-02
-8.092083935943403250e-02 1.578303425486006148e-02
-7.679016261942360477e-02 1.301289733705807833e-02
-7.599395197381825229e-02 8.984551650168962414e-03
-7.309970159935823275e-02 7.522282921136897588e-03
-7.442326958186125385e-02 4.473576101680630870e-03
-7.811677170800575276e-02 4.133025790971241870e-03
-7.515383882285778250e-02 -3.057242571286652045e-04
-7.428475923779187529e-02 -3.586676004974973138e-03
-7.209949537248513951e-02 -2.740359960799599974e-03
-6.880178904564092368e-02 -3.685354934131013487e-03
-6.541744611668268150e-02 -1.000887851575847642e-02
-6.292067383654620372e-02 -1.582739342632350985e-02
-6.244051881872759308e-02 -1.266800664344364113e-02
-5.942164110118249715e-02 -1.150718811150505498e-02
-5.807653702233649823e-02 -1.687175159696273352e-02
-5.662289012556583762e-02 -2.021672149034595134e-02
-5.412611784542935289e-02 -2.603523640091098823e-02
-5.074177491647111071e-02 -3.235875998253844726e-02
-5.373647437733570370e-02 -3.337392583025877713e-02
-4.794302394085445812e-02 -4.106829336137934883e-02
-4.392471480201671358e-02 -4.775264355037505543e-02
-4.206191407448555547e-02 -5.321043126258898082e-02
-3.768822455673628835e-02 -5.024395185887792215e-02
-3.445075509646400302e-02 -5.139801238444956927e-02
-3.087001417450795787e-02 -5.224381767341514798e-02
-3.007380352890261233e-02 -5.627216336030426563e-02
-2.776235030889881786e-02 -6.067594955919797250e-02
-2.510840043279171860e-02 -6.235400636048341744e-02
-2.453110148501832719e-02 -6.589688035374230424e-02
-2.330161818556869199e-02 -6.885409761733705947e-02
-2.088796880781451648e-02 -7.074794249087587583e-02
-2.019051961086466146e-02 -7.418292244800808732e-02
-1.750216412992065471e-02 -7.583017788161701411e-02
-1.563772814051189036e-02 -7.821721232046728589e-02
-1.106845319925709586e-02 -8.437576678653189999e-02
-1.019936827146536960e-02 -8.765661912536107381e-02
-6.042432034009598447e-03 -8.993816072395426076e-02
-1.839975772498002402e-03 -9.137273749657409683e-02
-2.423741663856952139e-03 -9.828340617156666736e-02
-3.808970100310326949e-03 -1.012634482235118955e-01
-1.052049260872390743e-03 -1.028490378604446365e-01
-5.262357947644174779e-04 -1.064381454358798856e-01
2.333656008004341472e-03 -1.079312679084599436e-01
1.015970796928753438e-02 -1.148855657692031546e-01
1.203438905002960843e-02 -1.204255932976133620e-01
1.751753229910870194e-02 -1.250815426048939860e-01
2.165691339087997408e-02 -1.276887951767606277e-01
2.257464549716872021e-02 -1.318870241804199761e-01
2.876768808756971843e-02 -1.333632837933965420e-01
2.967107921118123520e-02 -1.366133294218233596e-01
3.651450670604117904e-02 -1.375364860868839301e-01
3.820210744099047928e-02 -1.401753201747333588e-01
3.908863923386112632e-02 -1.416113853110541609e-01
4.272398039147271703e-02 -1.411370573266116091e-01
4.319830837591526890e-02 -1.447723984842231859e-01
4.610968566034943233e-02 -1.462192873746269162e-01
4.752798397648657497e-02 -1.490069501481446346e-01
5.444461810908875210e-02 -1.503914472833005611e-01
5.856133859784924678e-02 -1.534221876108796956e-01
6.021983266059635631e-02 -1.559941563784353336e-01
6.478910760185115081e-02 -1.621527108444999754e-01
6.586413445630451280e-02 -1.652486288546237414e-01
7.107398631798375610e-02 -1.689098270350764819e-01
7.233220395865933017e-02 -1.737633640159906567e-01
7.796554710491368501e-02 -1.789663930949804138e-01
8.116871036936619543e-02 -1.801512603309543825e-01
8.159155287214334140e-02 -1.838328350707423009e-01
8.520659998991915451e-02 -1.846478336493055372e-01
8.628162684437257202e-02 -1.877437516594293310e-01
8.900418911211921413e-02 -1.893601950399100842e-01
8.954722889721847268e-02 -1.929339281194427935e-01
9.074235362497684587e-02 -1.959219991265855609e-01
9.322472014611356272e-02 -1.977541365130283946e-01
9.885806329236788981e-02 -2.029571655920180961e-01
1.017179550951366473e-01 -2.044502880645981679e-01
1.027243171820789724e-01 -2.076078665286723024e-01
1.030784949173451093e-01 -2.113511017224105892e-01
1.067622068026319593e-01 -2.121044398470234571e-01
1.076655979262434587e-01 -2.153544854754502746e-01
1.135224558880208734e-01 -2.230850110254793961e-01
1.148423339826468020e-01 -2.280072127739046217e-01
1.181159880765930148e-01 -2.336550784337074194e-01
1.209416207166875978e-01 -2.351790599925613068e-01
1.231843443928578169e-01 -2.366063124965156750e-01
1.262186489821769120e-01 -2.354626732504226938e-01
1.290785407849456834e-01 -2.369557957230027934e-01
1.358480516128055260e-01 -2.380383319058554659e-01
1.364508964999036900e-01 -2.401941602722667823e-01
1.362561071540181745e-01 -2.380439126320377519e-01
1.325209097870659047e-01 -2.373368080896012255e-01
1.311369700426199825e-01 -2.345182915725354533e-01
1.334622969943742854e-01 -2.325851384397441823e-01
1.379028988655629506e-01 -2.295896047397024131e-01
1.412471587296882658e-01 -2.287566778308192661e-01
1.434635403889136795e-01 -2.245961897320745415e-01
1.449632824436271339e-01 -2.203971859228347485e-01
1.434763717358503998e-01 -2.176711365701217149e-01
1.419467180597263622e-01 -2.133094179430120585e-01
1.406776207602337680e-01 -2.089616031912808203e-01
1.371003145473725926e-01 -2.050124908472034102e-01
1.344463646712655003e-01 -2.033344340459180000e-01
1.333370316209923079e-01 -2.002693227461965486e-01
1.333274965589169303e-01 -1.964956096687491272e-01
1.349593197780259990e-01 -1.937901743109766151e-01
1.373771138941329850e-01 -1.919599921415161836e-01
1.367946189516046074e-01 -1.900339604744795963e-01
1.364059877246967256e-01 -1.772070019203461355e-01
1.331250359768504365e-01 -1.780760815054120427e-01
1.263181041991806863e-01 -1.782982517241934739e-01
1.244056387092409011e-01 -1.774114558809521680e-01
1.205625650493388351e-01 -1.796223428623573981e-01
1.109800270395076699e-01 -1.719202840743209448e-01
1.096447220731077421e-01 -1.669809030400500882e-01
1.072355497892621967e-01 -1.625718649416673101e-01
1.059329246283928633e-01 -1.621915013568668573e-01
1.023704053770961991e-01 -1.619183830263951351e-01
1.011990741745910222e-01 -1.575758725500244206e-01
9.957165440147953961e-02 -1.532088496475542128e-01
9.636849113702704306e-02 -1.520239824115802441e-01
9.598000720594114521e-02 -1.483115539282442996e-01
9.281110310416275377e-02 -1.470958276059964875e-01
9.190776435642275533e-02 -1.438457349444240418e-01
8.870460109197023102e-02 -1.426608677084500176e-01
8.697946225501698714e-02 -1.382885929064907315e-01
8.590585011635357149e-02 -1.339513343296091230e-01
8.287775729183782802e-02 -1.295090324202202992e-01
8.392392378128278596e-02 -1.261514127107715433e-01
8.328891871545218706e-02 -1.267216425686616688e-01
7.929454152610117268e-02 -1.262783120947264803e-01
7.675504402079422195e-02 -1.218622696827830060e-01
7.434139464304005684e-02 -1.199684248092442035e-01
7.206497004856501909e-02 -1.179513530940959898e-01
7.042283343293744002e-02 -1.129464309178926651e-01
6.784758840125539037e-02 -1.052453231235820491e-01
6.021411499244779669e-02 -9.470782724027909660e-02
5.710133412272050402e-02 -9.244970330710024220e-02
5.528722760683203036e-02 -8.790934463558799927e-02
5.424655932406989567e-02 -8.478257288191620722e-02
5.275964861629319630e-02 -8.205652352920317361e-02
4.857566033263471111e-02 -7.480796131579839359e-02
4.533735129045941142e-02 -6.819823248033486662e-02
4.803123159285160870e-02 -6.791830911035054430e-02
4.384973589615063366e-02 -6.609280370649218972e-02
4.241780128386833659e-02 -6.173633697887159072e-02
4.093089057609162335e-02 -5.901028762615855017e-02
4.245487213494551076e-02 -5.618465498606393244e-02
4.209402778440036325e-02 -5.378047942292522865e-02
3.794268114471531506e-02 -5.260995316962847196e-02
3.532303746442800457e-02 -5.090108965794069157e-02
3.015416728543605929e-02 -4.738909602299514606e-02
2.875199699874236847e-02 -4.247882166092648015e-02
2.506828511345549765e-02 -4.172548353631359841e-02
2.406192302651314827e-02 -3.856790507223946396e-02
2.120203122374439766e-02 -3.707478259965939910e-02
1.937184905428393500e-02 -3.465698848355244083e-02
2.040258867195489031e-02 -3.128218948825805396e-02
1.852278171550623270e-02 -3.039709902594273441e-02
1.792825644874155439e-02 -2.686959952858635967e-02
1.676042473165381338e-02 -2.246197614599355213e-02
1.564863458077693503e-02 -2.005009158276208070e-02
1.122415186744326124e-02 -1.940394280774381322e-02
-4.679984447486339313e-05 -8.164594281493374461e-03
-1.824795374600458875e-03 -3.560775708813496577e-03
