-1.847910158763331609e-03 -2.458822359783089002e-03
-3.689130103757265466e-03 -3.044853542052569206e-03
-3.170372724809907266e-03 -1.171454863341727173e-02
-2.614004928963337311e-03 -1.538901715971073038e-02
-2.112282339043124353e-03 -1.838470321324801524e-02
-1.169506649546615774e-03 -2.386023158522323356e-02
3.498398239414383747e-05 -3.397385161647752116e-02
-1.200407641710639827e-03 -3.759004124465240709e-02
-1.020016782447405977e-02 -4.830408706534070062e-02
-1.002408838998811169e-02 -4.888313160560606163e-02
-9.813085433208192446e-03 -4.934140231129706400e-02
-1.038824970501911818e-02 -5.165226033993332300e-02
-1.431777022514279900e-02 -5.656322741429512663e-02
-1.783324972671082240e-02 -5.911024230568102250e-02
-1.860398115630124485e-02 -6.018496315080842929e-02
-2.364892131138942449e-02 -6.438544942351716316e-02
-2.381939092294322116e-02 -6.460823969760703944e-02
-3.057053518085461885e-02 -6.844009829060793138e-02
-3.084120527958722838e-02 -6.857317667250099891e-02
-3.617996016588741204e-02 -7.243741080789686815e-02
-3.619133108132330245e-02 -7.245143165680542618e-02
-3.629047205290624606e-02 -7.257583934101299872e-02
-3.751252382287215137e-02 -7.430847348891646276e-02
-3.915808771742099181e-02 -7.662032127963973316e-02
-4.325274596708257591e-02 -7.925633180817162615e-02
-5.281167745826060439e-02 -8.310254135289732447e-02
-6.204139591083569077e-02 -8.476954498593755605e-02
-6.328548935970267075e-02 -8.548168671158327958e-02
-5.439896441258949833e-02 -9.005222233116852437e-02
-5.439555094272886110e-02 -9.059035372576325351e-02
-5.406125102620117778e-02 -9.120317316664840190e-02
-5.062938470931282325e-02 -9.360903545902565792e-02
-4.808445559428081023e-02 -9.600424737473373105e-02
-4.742233535959854834e-02 -9.743658960070099295e-02
-4.713965243859416510e-02 -9.897365674884943398e-02
-5.268511333707422833e-02 -1.081684760187437977e-01
-5.208068174770154324e-02 -1.087164515765681183e-01
-5.169711655735919481e-02 -1.091215866265733414e-01
-5.121179653299527679e-02 -1.097423466101361406e-01
-5.076582092063858936e-02 -1.104678460290835357e-01
-5.030268037157523131e-02 -1.115301307436580847e-01
-5.719552636899159076e-02 -1.198851773206666832e-01
-5.626736928284724326e-02 -1.221396338360602879e-01
-5.558034093464665065e-02 -1.257729934801811167e-01
-5.566398763596168420e-02 -1.273589632875725963e-01
-5.753796765712804878e-02 -1.303205639346311506e-01
-5.750196172637737219e-02 -1.308845914963652768e-01
-5.797739378926737575e-02 -1.338255034527707776e-01
-5.913402417804620309e-02 -1.373383588344143924e-01
-5.908989540625892573e-02 -1.374886442544896448e-01
-5.904361164940807177e-02 -1.376460689721871467e-01
-6.083109840038924965e-02 -1.419348204359582588e-01
-6.060876690431359071e-02 -1.437630731193251521e-01
-6.044687514831330322e-02 -1.447471201423626563e-01
-6.078431607339673803e-02 -1.476682578057175177e-01
-6.207038285755905188e-02 -1.506237294860864051e-01
-6.210152853725599276e-02 -1.517279021430908148e-01
-5.895824338290217570e-02 -1.523827213035183481e-01
-5.783930593172328938e-02 -1.530874980185716605e-01
-5.117746084731308182e-02 -1.553440514295493513e-01
-5.092440481954081666e-02 -1.555148732362587882e-01
-4.779576014772211195e-02 -1.555755958026199814e-01
-4.430961715432996106e-02 -1.589457716138038823e-01
-4.280842596572595471e-02 -1.611857506551219177e-01
-4.061016452298232132e-02 -1.635068124345501195e-01
-4.001635259475870565e-02 -1.656001434334563593e-01
-4.195123756968055506e-02 -1.712047356584576185e-01
-4.081660858657634727e-02 -1.740293046553469947e-01
-3.919737979530382027e-02 -1.751918679143747437e-01
-3.851659628566039134e-02 -1.766398617531374227e-01
-3.715488086185220196e-02 -1.827448719885486628e-01
-3.618443781077881893e-02 -1.886264179896168791e-01
-3.575382913802354484e-02 -1.910992243166023397e-01
-3.521754967907195222e-02 -1.934948681292555928e-01
-3.501219465729848296e-02 -1.940286898827942308e-01
-3.477022649320060665e-02 -1.943100219364035375e-01
-3.256561243262977301e-02 -1.907015145585802540e-01
-2.320189440481541451e-02 -1.763133184049727742e-01
-1.706946181771122617e-02 -1.740030527729067300e-01
-1.512796678932806262e-02 -1.743621108035023071e-01
-1.306096567731609287e-02 -1.748577334607779588e-01
-1.074903918573033579e-02 -1.785838951901044802e-01
-9.689129357192646438e-03 -1.816841419752228126e-01
-3.884178943467104638e-03 -1.800703267242977912e-01
-7.085667983800669105e-04 -1.797592659787443370e-01
7.377248624086847617e-04 -1.799987165191043181e-01
2.753964417789807762e-03 -1.810712084582859205e-01
4.553818655658117484e-03 -1.845034398990822444e-01
7.363523642094076983e-03 -1.883998315998514361e-01
8.138336013541356759e-03 -1.926737911787985980e-01
7.747519426712605808e-03 -1.998688079340832369e-01
1.216577439459287473e-02 -1.963364882077859308e-01
1.877342300822450877e-02 -1.948516296425230887e-01
2.430725702203918176e-02 -1.949814286191531576e-01
2.674806576417843723e-02 -1.956384630458888052e-01
2.816684717990156073e-02 -1.962353959675940118e-01
3.098825428650232514e-02 -1.940037311350484017e-01
3.401558249531808076e-02 -1.925087016348360214e-01
3.411648437095163300e-02 -1.924939716745875939e-01
3.427354244561481994e-02 -1.924691968964616640e-01
5.063733475595486727e-02 -1.752624407186601507e-01
5.088768066640229210e-02 -1.752257568538117261e-01
5.122094296619554565e-02 -1.751820581626506723e-01
5.192815911400260054e-02 -1.751096506931222319e-01
5.289827282919758178e-02 -1.750600325931560841e-01
5.445091173222799119e-02 -1.751297275613612758e-01
5.567786003011223478e-02 -1.753314611003228829e-01
5.657921509946280125e-02 -1.755614311738641908e-01
5.801035182274340285e-02 -1.760568601258687971e-01
7.561605832206810818e-02 -1.524176822515965757e-01
8.006688365157195453e-02 -1.510856853776331721e-01
8.521077489370937341e-02 -1.502559155719085660e-01
9.884837946799349129e-02 -1.450667342465266352e-01
1.048128637185809370e-01 -1.437418351550155404e-01
1.126893694497628495e-01 -1.420221589049432409e-01
1.153678383570761329e-01 -1.397102265040030544e-01
1.149014110053696719e-01 -1.385134868658216001e-01
1.142395223927946124e-01 -1.359050075406618707e-01
1.140778335138663280e-01 -1.346241450492892677e-01
1.140481281321923668e-01 -1.334523713060281058e-01
1.141041775318741708e-01 -1.327198896639152081e-01
1.141788727995515507e-01 -1.322344313975116481e-01
1.444057523727966530e-01 -1.064156357896140076e-01
1.443364976686947465e-01 -1.059284090398206479e-01
1.442860511029373516e-01 -1.055571461271792161e-01
1.442326019541850246e-01 -1.051347008348478412e-01
1.441682922866462380e-01 -1.045427158713770621e-01
1.441163475019671403e-01 -1.038265213124815317e-01
1.444141628884512696e-01 -1.007201372259979577e-01
1.446328044846239003e-01 -9.759287821680617814e-02
1.439984854060205599e-01 -9.729413474039440290e-02
1.435357569482746676e-01 -9.695585322955185825e-02
1.432031548877770732e-01 -9.660695978698151387e-02
1.429433978591672927e-01 -9.625172988677974106e-02
1.417036944492140460e-01 -9.282595489538754407e-02
1.410237472895162492e-01 -8.819240512484208261e-02
1.411220618886580569e-01 -8.572455095767486655e-02
1.425882038270576968e-01 -8.236482085553249732e-02
1.433245110833529790e-01 -7.842317573246168627e-02
1.489021411010031104e-01 -7.394954295112217413e-02
1.499110846194640356e-01 -7.328672827637539022e-02
1.537812080836293005e-01 -7.022410817909638392e-02
1.584149313348345856e-01 -6.519023847887174539e-02
1.583029348620490773e-01 -6.351182589729345573e-02
1.580791494099250682e-01 -6.136769782579089977e-02
1.579548509722315808e-01 -5.981669275630081828e-02
1.579333165742622391e-01 -5.883556837284407981e-02
1.580183602345575367e-01 -5.774614095479573689e-02
1.590176601682259661e-01 -5.564419496508282020e-02
1.590978061636299790e-01 -5.460369425503058122e-02
1.578035343050195882e-01 -5.339862558109036844e-02
1.505425139597972861e-01 -5.674404287762314925e-02
1.470017546575762557e-01 -5.723321818334036609e-02
1.427906587509526481e-01 -5.717581196864338772e-02
1.396700694391965480e-01 -5.106240986392147213e-02
1.402250926380350649e-01 -3.958656158735832098e-02
1.402424554501895959e-01 -3.715100898045139988e-02
1.391289128000264830e-01 -3.188736304614463168e-02
1.352833241389670704e-01 -3.494148268340301761e-02
1.332153876572870765e-01 -3.544813624119028811e-02
1.309749915444936297e-01 -3.526361496530283635e-02
1.288295723411589655e-01 -3.377934234533654795e-02
1.251430704811584693e-01 -3.373783914933370376e-02
1.235540357258097521e-01 -3.218790509408787914e-02
1.227555170986738692e-01 -3.046123817422019195e-02
1.222182477491978864e-01 -2.883339494084802279e-02
1.217816534016858548e-01 -2.731214561481753664e-02
1.198237909019380237e-01 -2.415691321230539063e-02
1.131671159535706239e-01 -2.253979853458767252e-02
1.127503790230015429e-01 -2.101445775445431180e-02
1.065372459453573228e-01 -2.153548244496647154e-02
1.039899158194890344e-01 -2.120064708288444191e-02
1.035995370926113129e-01 -2.061204311258390404e-02
1.028768621184747989e-01 -1.995286637134653304e-02
9.759843776889486067e-02 -2.033590278788787245e-02
8.986644909191973674e-02 -2.109839042073369253e-02
8.889504343764947913e-02 -2.096904025497509788e-02
7.978807928113794412e-02 -1.788721609703701476e-02
7.552880247014139015e-02 -1.789544490623936127e-02
6.966062251506766057e-02 -1.590195799939531779e-02
6.886618409967189269e-02 -1.546511898616699521e-02
6.790291476761742273e-02 -1.504055435027898055e-02
6.631291285844652383e-02 -1.503729667171137090e-02
6.482015353683855119e-02 -1.491589356817557381e-02
6.422914303513958811e-02 -1.461307347708964109e-02
5.287068303374077571e-02 -1.745856607136633473e-02
5.158635924589651672e-02 -1.773322565480875412e-02
4.420308772167282074e-02 -1.913070950579391291e-02
3.070651723341029718e-02 -2.094279301644519711e-02
2.049532890679300542e-02 -1.975941967290447895e-02
1.956926688518057303e-02 -1.780053594440215645e-02
1.759800126845140894e-02 -1.430340064674799974e-02
1.206493055635605126e-02 -1.296035539914668772e-02
1.058991542223916039e-02 -1.182745605484837419e-02
1.006546949239388138e-02 -1.020374217787677409e-02
8.421928064029783612e-03 -7.882113025374856349e-03
6.955902236205646107e-03 -7.280554386211609413e-03
4.099317963775672875e-03 -7.067548730333976341e-03
7.756154531877989264e-04 -4.234705851598560833e-03
