-9.441543952844549947e-03 -8.385298510435996652e-03
-1.640214586009917236e-02 -1.278894391720092685e-02
-1.772515379498080731e-02 -1.482075691068787324e-02
-1.823040933975503264e-02 -1.569790554786774234e-02
-1.895279449601946706e-02 -1.701111095158671510e-02
-1.983360430600518767e-02 -1.864335573260145901e-02
-2.232850929293097100e-02 -2.272180502117332468e-02
-2.363666576007629125e-02 -2.419592748854752090e-02
-2.996040485183915428e-02 -2.820492073848301570e-02
-3.008756256078298427e-02 -2.848531703552656391e-02
-3.018528260352405096e-02 -2.870412625737066292e-02
-3.054074331538723236e-02 -2.950529228939064927e-02
-3.603660059005418109e-02 -3.327526944886114585e-02
-3.940982722125135201e-02 -3.696042149957559642e-02
-4.050715647150696097e-02 -3.881402904350575445e-02
-4.427218296750916326e-02 -4.535942414934090311e-02
-4.659803731197972171e-02 -4.815363967306855036e-02
-5.426704738075623785e-02 -5.474937840261914074e-02
-5.521420522017035648e-02 -5.730752421091473564e-02
-5.489744428907318563e-02 -5.830882391481611443e-02
-5.468311828357362570e-02 -5.868899960690766859e-02
-5.391054599387180152e-02 -5.987472652611635499e-02
-5.478430951307769470e-02 -6.382194998680858211e-02
-5.681312344105735740e-02 -6.760010681840825097e-02
-6.007137150662821695e-02 -7.329719759833132342e-02
-6.331569447294305153e-02 -7.653859718669817069e-02
-6.685398713877165056e-02 -7.845214271035226561e-02
-6.637141553790812387e-02 -8.033568787645591069e-02
-6.588746637328558864e-02 -8.350188036408813519e-02
-7.044662522293952678e-02 -9.144958043928998193e-02
-7.263451212030305748e-02 -9.522828858294297982e-02
-7.234716797080256723e-02 -1.004983733622639569e-01
-7.390170999627873605e-02 -1.058235285746828430e-01
-7.549063713716322455e-02 -1.091305221118034213e-01
-7.558322586987938074e-02 -1.109856918249014085e-01
-7.517284546642728771e-02 -1.123808315694114768e-01
-7.469710080899256976e-02 -1.141982050282525779e-01
-7.525752118010420322e-02 -1.167676867787687395e-01
-7.735695582950652405e-02 -1.195030322593521876e-01
-7.669453779242803304e-02 -1.283254696328843536e-01
-7.476449937767926102e-02 -1.343507232203425550e-01
-7.426852806228423365e-02 -1.372442068748848665e-01
-7.671444068842531161e-02 -1.427969363650263279e-01
-7.512134206697815286e-02 -1.552740375704447784e-01
-7.403135994560648692e-02 -1.591374023569427087e-01
-7.327682817467039145e-02 -1.617919263182069634e-01
-7.266622484064580445e-02 -1.640018939160456657e-01
-7.095509921709909629e-02 -1.718554492682803359e-01
-7.089792384532109248e-02 -1.816711053531026021e-01
-6.860290558886365797e-02 -1.825731430126376897e-01
-6.716822665352784050e-02 -1.842040751926041775e-01
-6.538605516632928216e-02 -1.908870936956487407e-01
-6.314930297221929556e-02 -1.950771559901474661e-01
-5.749862040992416434e-02 -1.991576148141814273e-01
-5.568226661824095258e-02 -2.039404759680853163e-01
-5.519793526676082529e-02 -2.059275383582636620e-01
-5.443153707307354927e-02 -2.083393000564681408e-01
-5.331432904353609892e-02 -2.101782248828189259e-01
-5.202467170842603461e-02 -2.110870576079618977e-01
-4.652162889777387844e-02 -2.176672962457330829e-01
-4.504229169981874281e-02 -2.191297514572710659e-01
-4.171189837707219017e-02 -2.212738503133357126e-01
-3.448521277599338186e-02 -2.253401186742812201e-01
-3.149340746354874904e-02 -2.270196956279540990e-01
-2.845551860399146357e-02 -2.288379523062262777e-01
-2.654029650699044757e-02 -2.301538013143694661e-01
-2.506260586998777448e-02 -2.314147814034082651e-01
-2.376687726367525746e-02 -2.338194972361727353e-01
-1.835326264777383323e-02 -2.350382462106390680e-01
-1.483761480494152907e-02 -2.364525541418261712e-01
-1.297692979911358076e-02 -2.377362319875075680e-01
-1.319469528123204220e-03 -2.396403145674376178e-01
2.057749227023589374e-03 -2.414913324602916966e-01
6.199867222398808969e-03 -2.438699835645122549e-01
1.121480897473555241e-02 -2.466638756220270456e-01
1.698368969297079506e-02 -2.489795289650031940e-01
1.743890212343069193e-02 -2.490024203820407067e-01
1.862123984706763255e-02 -2.486683754536157809e-01
2.399753478903264570e-02 -2.491926919061668855e-01
2.636463036298164475e-02 -2.508253801972734065e-01
3.586786105177142830e-02 -2.514153318528651870e-01
3.728692522373294044e-02 -2.523419193850359732e-01
3.797765354121141607e-02 -2.527722911104470227e-01
3.977689522823725510e-02 -2.535059020975331534e-01
4.203821283721961843e-02 -2.536236182914056170e-01
4.652591063665263010e-02 -2.525726370573986856e-01
4.985896835026810275e-02 -2.517427869986923472e-01
5.290464464572810360e-02 -2.517888510067961549e-01
5.511548306343748427e-02 -2.529712838001971220e-01
5.659674472329423445e-02 -2.540570478758198414e-01
6.355650388038154575e-02 -2.478539255228351390e-01
6.499258306891075865e-02 -2.474544787230034126e-01
6.760530213290456836e-02 -2.468459452802172216e-01
6.995991102889909108e-02 -2.476669584180034578e-01
7.111516679722439116e-02 -2.483198949514648368e-01
7.175337070282143681e-02 -2.487000524730301754e-01
7.227658698102001900e-02 -2.490070801008449075e-01
7.296279923078141660e-02 -2.493867286715406584e-01
7.392578250904781323e-02 -2.498343102590385445e-01
7.492045045560334626e-02 -2.501488960066375888e-01
9.138068593678184970e-02 -2.403353016301420786e-01
9.198055956429636304e-02 -2.401965051254981443e-01
9.228027634054460082e-02 -2.401203942623930387e-01
9.333292088925111696e-02 -2.398019705541413471e-01
1.000959954813520902e-01 -2.327974286461536868e-01
1.012752298184567551e-01 -2.330611672942285717e-01
1.020984684499136597e-01 -2.335034027998688089e-01
1.028835156670377948e-01 -2.340004632758718728e-01
1.041342338101882703e-01 -2.347200337764524525e-01
1.170109543226144078e-01 -2.229366806015581071e-01
1.179959728166818378e-01 -2.241515329732199080e-01
1.189159902885208731e-01 -2.253781354365738399e-01
1.202611932655447413e-01 -2.261304202236208427e-01
1.254636726405258806e-01 -2.188880915153800510e-01
1.302361086973469750e-01 -2.101954189316420640e-01
1.401725368979838959e-01 -2.011455323563780817e-01
1.403831420338239599e-01 -2.007714100019805104e-01
1.419589377283010656e-01 -1.978951031129432547e-01
1.432082137543893574e-01 -1.964090626695513819e-01
1.494179314287261140e-01 -1.931375598988614994e-01
1.494732572091287404e-01 -1.930200543799819313e-01
1.498236565079672233e-01 -1.922433843926839581e-01
1.613435256221793512e-01 -1.779669898535739536e-01
1.612650128502514657e-01 -1.776288777544354769e-01
1.612137615797757106e-01 -1.774541683856122598e-01
1.611294766019628344e-01 -1.772033199104873502e-01
1.610383976452133825e-01 -1.769611877033201164e-01
1.608762502611245926e-01 -1.765662440870541527e-01
1.606164543599566952e-01 -1.759514958432617793e-01
1.639365849554755283e-01 -1.671018654987269092e-01
1.639605243816670832e-01 -1.664976512876208958e-01
1.639288448945625809e-01 -1.662186395779598203e-01
1.638066727871713424e-01 -1.656966559283704621e-01
1.637000914306283306e-01 -1.653797803113882248e-01
1.631259491489189806e-01 -1.639781930980334923e-01
1.628529860553383224e-01 -1.618337004218997621e-01
1.632664400221107426e-01 -1.605141310772566499e-01
1.645341609942703176e-01 -1.579419542624160844e-01
1.716198301501852264e-01 -1.509588557989793023e-01
1.740035199480861883e-01 -1.430293761008383790e-01
1.729357424389590669e-01 -1.353499216890121648e-01
1.706815479707807226e-01 -1.268172033527599218e-01
1.688362175950004207e-01 -1.202970058377781648e-01
1.654709911574405168e-01 -1.082057794779984899e-01
1.642423028554448050e-01 -1.031255591028587965e-01
1.632773134946012006e-01 -9.599037647363561909e-02
1.638374008049364172e-01 -9.348844585183374578e-02
1.651910866271533718e-01 -9.173400695997661891e-02
1.648891787666878495e-01 -8.413247952827074272e-02
1.624352644135086121e-01 -7.562135836177324988e-02
1.607073788324241415e-01 -7.220256864491308990e-02
1.584465955955442484e-01 -7.133784531894361847e-02
1.563847798617910567e-01 -6.096351214430025672e-02
1.548397963895391805e-01 -6.014947841125065087e-02
1.528739741273482389e-01 -5.869830384062502127e-02
1.542639553136213038e-01 -5.025289036239063978e-02
1.528770844326452216e-01 -4.957659600751847945e-02
1.502162015457760846e-01 -4.844096903982295782e-02
1.482301429290252270e-01 -4.639356611636179240e-02
1.480234248544384235e-01 -4.441682515825726152e-02
1.461326628225641522e-01 -4.131201757370531191e-02
1.443763110368574409e-01 -4.032791222404401299e-02
1.422061213770187960e-01 -3.918261240016291530e-02
1.398262030582770321e-01 -3.611479400992219368e-02
1.389101483450101704e-01 -3.316447853548415425e-02
1.380215820598015841e-01 -3.000502102885814829e-02
1.371313774083758597e-01 -2.811093512937155522e-02
1.311510724611227030e-01 -2.339872986228650614e-02
1.222037397153868249e-01 -1.714862244966570970e-02
1.199000988058987333e-01 -1.259317614347559358e-02
1.155633768711673282e-01 -1.007162150763644265e-02
1.134636034562424151e-01 -8.890529831302824634e-03
1.121994139045794509e-01 -8.179084205821581660e-03
1.110967800688818646e-01 -7.555493192860478387e-03
1.096189265095922766e-01 -6.712160756138671643e-03
1.070685579586315855e-01 -5.239423306776182579e-03
1.032512790779902961e-01 -3.027772960517440080e-03
8.980369349369515808e-02 1.201159177538699708e-03
8.029456635689652400e-02 4.603844554634022035e-03
7.110846068917132945e-02 6.035976215849586657e-03
7.036974223438402509e-02 6.446156579110267314e-03
6.844920642280846734e-02 6.954703340657941539e-03
6.322309340376011666e-02 6.081956338024714463e-03
6.155500393685216926e-02 6.680480195806823805e-03
6.042268652925251310e-02 7.313901111700404391e-03
5.758843344328014313e-02 8.819249371407518814e-03
5.711525685584450951e-02 8.976234932638459119e-03
5.524521719244532975e-02 9.232499304021302838e-03
4.890350225217116736e-02 7.560001349960480087e-03
4.382153566997593758e-02 7.153159803192993965e-03
4.309080367123489796e-02 7.592715076494463422e-03
4.226324762455636874e-02 8.257394225625425827e-03
2.202199301491053474e-02 1.370842282436192426e-03
2.112862597671775686e-02 1.759473461733523057e-03
2.027676699376889172e-02 2.271244665608680539e-03
1.813897778384865322e-02 3.526287171946725432e-03
1.711594877529871647e-02 3.876239141190372835e-03
1.213075693116620439e-02 3.671343982170843442e-03
7.398162841053628445e-03 2.043026792747149045e-03
