-3.451166682154662487e-03 -3.169320779168384537e-03
-5.568098135731472560e-03 -5.242378712421461896e-03
-7.572095096828148839e-03 -1.103781530344480170e-02
-7.887398464287351946e-03 -1.200992076863044433e-02
-8.306085297438524709e-03 -1.415833622214090169e-02
-8.655476958449512953e-03 -1.679733563238242425e-02
-1.963474349059930388e-02 -2.986974422577125601e-02
-2.283450298583813293e-02 -3.315839641231663193e-02
-2.416549590784931173e-02 -3.603920326157404597e-02
-2.410133306703578226e-02 -3.655971510803456698e-02
-2.403532270352874353e-02 -3.707734925945837395e-02
-2.394413135465209286e-02 -3.856417548727565647e-02
-2.608726675113381965e-02 -4.126826437905332240e-02
-3.134583198405452298e-02 -4.261161655972954543e-02
-3.140534683771449564e-02 -4.279482321491522023e-02
-5.529251896450526615e-02 -5.034721693145433746e-02
-5.529255929990980339e-02 -5.034724167586910465e-02
-5.529259536913892770e-02 -5.034726380332143342e-02
-5.529306730735893821e-02 -5.034755334084696499e-02
-5.529307050821331143e-02 -5.034755530470075291e-02
-5.529307137180852066e-02 -5.034755583455163830e-02
-5.529307483067091161e-02 -5.034755795670582679e-02
-5.531573356637189270e-02 -5.036149600738593080e-02
-5.537896578014558924e-02 -5.040077525038589440e-02
-5.542876982832477956e-02 -5.043211490634624122e-02
-5.547792266790672888e-02 -5.046339708431955146e-02
-5.550869922086772851e-02 -5.048316450336913508e-02
-5.552672040196166003e-02 -5.049480442416606762e-02
-5.553521703602730397e-02 -5.050030920522949329e-02
-5.555259847428697245e-02 -5.051160392257262460e-02
-5.557719629658507132e-02 -5.052766567333465825e-02
-4.317200559930772091e-02 -5.090861474801672282e-02
-7.221028406763008167e-02 -7.478349310116134963e-02
-7.202690043721141078e-02 -7.579472800691912371e-02
-7.198849013652024176e-02 -7.599725236279900042e-02
-7.189000674075975150e-02 -7.651862590021253629e-02
-7.173887687023908222e-02 -7.738392720832908134e-02
-7.419510839193785290e-02 -8.112281620501213264e-02
-7.417583026288748771e-02 -8.137472776351971360e-02
-8.028375455131797622e-02 -8.752122502684106520e-02
-8.031400560318777138e-02 -8.759279788939032529e-02
-8.036014474343439185e-02 -8.770383303855577850e-02
-8.038029030222856863e-02 -8.775293775475462299e-02
-1.168209162707333354e-01 -1.110370730191631850e-01
-1.165304875456273925e-01 -1.110790372812989757e-01
-1.163921858002937293e-01 -1.110925389860152046e-01
-1.162071546219000939e-01 -1.111049990497901818e-01
-1.159297040104251414e-01 -1.111132640450939180e-01
-1.150480402778973482e-01 -1.110784419713415488e-01
-1.129393253665093716e-01 -1.108709636439790952e-01
-1.116833567700259294e-01 -1.115672340116908023e-01
-1.115396256294092225e-01 -1.125724489975834658e-01
-1.113165660555480441e-01 -1.130584943267087111e-01
-8.721093419621225862e-02 -1.136746517229887121e-01
-8.719317450253277757e-02 -1.137240516949836744e-01
-8.717226699083149843e-02 -1.137691220072917786e-01
-8.699377801509550201e-02 -1.139598748804350470e-01
-8.678572760640622386e-02 -1.140608709132758247e-01
-8.538400878930881011e-02 -1.143296031556814696e-01
-7.569970488575744616e-02 -1.320683732413219791e-01
-7.733356005840830161e-02 -1.395296006552704526e-01
-7.711314942851063559e-02 -1.398403374504784691e-01
-7.643439542645120988e-02 -1.398914054291304221e-01
-7.012913131077568030e-02 -1.354405717685168986e-01
-7.012909120738437807e-02 -1.354405519957936621e-01
-7.012906978792497747e-02 -1.354405414350339787e-01
-7.012742486446832402e-02 -1.354397303494169758e-01
-7.012218739299216907e-02 -1.354371469881026080e-01
-5.354388163447370425e-02 -1.230784259778817946e-01
-4.567268611092711178e-02 -1.213153129397360475e-01
-4.502292554681574382e-02 -1.212154318645201762e-01
-4.420213158052235108e-02 -1.211080586824713756e-01
-4.324023326724305699e-02 -1.210216743937765210e-01
-4.214374302292373670e-02 -1.210180426303216206e-01
-3.905188507682548493e-02 -1.223374291817296983e-01
-3.632272941404941780e-02 -1.225763263546119780e-01
-3.424629655531209044e-02 -1.225837851503828874e-01
-2.883876442394343181e-02 -1.212821417486266845e-01
-1.319931507948419319e-02 -1.199451446349545369e-01
-2.665438625395889598e-03 -1.234180518251818959e-01
1.239526856739808607e-02 -1.304408700272174093e-01
1.953564145765313009e-02 -1.460226358422083981e-01
2.161053194883002029e-02 -1.527582697810040968e-01
3.336053723266737409e-02 -1.499745970223073932e-01
3.837298013345246533e-02 -1.518362734977528050e-01
4.708426067861419539e-02 -1.595332714322001133e-01
5.564565625922845288e-02 -1.532491438980823628e-01
8.127068427117166427e-02 -1.209333942187774819e-01
8.122771549510639233e-02 -1.201520534589892164e-01
8.122747025977113122e-02 -1.197172003101453636e-01
8.125583822029694425e-02 -1.190674390790692205e-01
8.127486473192373218e-02 -1.188254830123040978e-01
8.128080770931737919e-02 -1.187595253981477278e-01
8.128609898440795900e-02 -1.187035325710133343e-01
8.129353778981486534e-02 -1.186285047690376349e-01
8.131784337270744900e-02 -1.184063679450672174e-01
8.156457613136353091e-02 -1.169032845884143967e-01
8.159148261971023441e-02 -1.167773083172107818e-01
8.160028516063744242e-02 -1.167370421710125367e-01
8.161923332091831906e-02 -1.166518500871633057e-01
8.163433310547452137e-02 -1.165853425250304165e-01
8.164394839847201324e-02 -1.165436005180834483e-01
8.165335315281148365e-02 -1.165032146278973946e-01
8.166625878308697573e-02 -1.164484841497556988e-01
8.170115568934187278e-02 -1.163042682150582097e-01
8.173947092182148877e-02 -1.161517943125947860e-01
8.176695764028228675e-02 -1.160458826316696918e-01
8.181404443622544709e-02 -1.158706143134313749e-01
8.207135668155168817e-02 -1.150242897665947339e-01
8.257702662561777762e-02 -1.137412569259347722e-01
9.072392665626093089e-02 -1.122077262662619368e-01
9.584809433619759234e-02 -1.135902892333348208e-01
9.636029719678614047e-02 -1.108645816331725459e-01
9.635612819299606280e-02 -1.105875011182462092e-01
9.635538746711728997e-02 -1.105483046411245701e-01
9.635506001172462753e-02 -1.105314724412848199e-01
9.635453852761123594e-02 -1.105052123856722218e-01
9.635373861553248043e-02 -1.104660711447877364e-01
9.635236402376712306e-02 -1.104014296770356035e-01
9.635064290360392802e-02 -1.103240031836142249e-01
9.634658840305705685e-02 -1.101507868549583408e-01
9.633760606902179446e-02 -1.097703728882060137e-01
9.632876335247465838e-02 -1.090260841225925842e-01
9.632899076668277605e-02 -1.089904227140797571e-01
9.632899739378991688e-02 -1.089895596018046475e-01
9.714040543938784467e-02 -1.016842614388331761e-01
9.646305009548181153e-02 -1.013239095725259331e-01
9.584936013107675512e-02 -1.009400571593813273e-01
9.481292541049732292e-02 -1.003487812668148321e-01
9.330812027670695730e-02 -1.002443268634302387e-01
9.244308310991954103e-02 -1.002999518245998867e-01
9.159043797521243535e-02 -9.992994623899291440e-02
9.130254001805342134e-02 -9.964591974055390933e-02
9.106949184984787504e-02 -9.935394167108706209e-02
9.224728869745807414e-02 -8.816010637061484634e-02
8.723697700191042348e-02 -8.346616058079994738e-02
8.540122026117051568e-02 -8.103948040921209184e-02
8.505249588046721876e-02 -7.810853188873513597e-02
8.561423619665282925e-02 -7.683486379232562502e-02
8.447462688270646058e-02 -7.047497974504744744e-02
8.313177946185258682e-02 -6.455687234432734567e-02
8.094969040876198729e-02 -6.019896800330931663e-02
7.015703208804720259e-02 -5.349947256872797374e-02
6.770610361564488588e-02 -4.671497249466148582e-02
6.569527346279908919e-02 -4.340637732171137575e-02
6.560196166113760330e-02 -3.977308992887339245e-02
6.727148273074197438e-02 -3.729985322345108489e-02
6.887725280605369593e-02 -3.578884907587769754e-02
8.430137479956713309e-02 -3.549640074441107879e-02
8.430137503012864741e-02 -3.549640058764157863e-02
8.430137508857676876e-02 -3.549640054789999360e-02
8.430137513393641535e-02 -3.549640051705785920e-02
8.430137517788907631e-02 -3.549640048717239010e-02
8.430137524014001682e-02 -3.549640044484508178e-02
8.445030616393270351e-02 -3.539023983530573819e-02
8.445033374679858373e-02 -3.539021928837134123e-02
8.445034340087788360e-02 -3.539021209681183361e-02
8.445035029097762436e-02 -3.539020696418421902e-02
8.445035433531625224e-02 -3.539020395143419734e-02
8.445035708851773848e-02 -3.539020190048727116e-02
8.445036073443862312e-02 -3.539019918452051411e-02
8.445038551828361328e-02 -3.539018072206838450e-02
8.445039383394634114e-02 -3.539017452734916080e-02
8.445088374464938819e-02 -3.538980951897770927e-02
9.443784223836666769e-02 -2.181370804469058219e-02
9.428380138790792842e-02 -2.165713927376326092e-02
9.415035322904086179e-02 -2.149578809304211746e-02
9.383280529104805201e-02 -2.096056824881620262e-02
9.348268032913255310e-02 -1.946822412823891527e-02
9.353262269191613132e-02 -1.788454027254406109e-02
8.241096544119019818e-02 -1.885546805613047203e-02
8.063401939276934605e-02 -1.815295125600714654e-02
7.996834675924320568e-02 -1.776363107586211021e-02
7.867448990735696757e-02 -1.725700491547796367e-02
7.743375462131958653e-02 -1.719933800013938308e-02
6.999353261527117842e-02 -1.600469575380944129e-02
6.970639958519050938e-02 -1.569293640258835956e-02
6.410489186956579155e-02 -8.102611726269338954e-03
6.176197079799134598e-02 -8.302477282521337001e-03
5.662534933188683589e-02 -7.495479807678720983e-03
5.632241840813372036e-02 -7.435610722940691301e-03
3.940414581082320178e-02 -1.777792482901714710e-02
3.670599477052837595e-02 -1.759957013168265624e-02
3.648997316554505876e-02 -1.752958485053000837e-02
3.622327910448513988e-02 -1.741798738580370431e-02
3.579427061524567688e-02 -1.714378894826693728e-02
3.574279095215682212e-02 -1.709786797496126720e-02
3.292413490895879785e-02 -1.799367657146346000e-02
2.142366970566460249e-02 -1.987297032046664649e-02
2.012732454288061398e-02 -1.867919598861319044e-02
1.774060096053014027e-02 -1.796605968153425215e-02
1.091135028911980991e-02 -1.597178743346482077e-02
8.700702171846480884e-03 -1.400489327533631714e-02
8.235480251181788794e-03 -1.239657204787248702e-02
7.045606275199198763e-03 -9.286754349268200662e-03
4.093281092703289319e-03 -4.535574126732136620e-03
3.093179513513720849e-03 -2.503236085899995279e-03
2.301069129215953680e-03 -2.170619154716485651e-03
9.712794738238332733e-04 -2.427141284544729639e-03
