-1.093608139826784519e-03 -2.117586583754526349e-03
-1.722302200446926843e-03 -3.193119188880088125e-03
-2.752280845066526482e-03 -5.473506906485970866e-03
-3.349664803222040122e-03 -6.671902768982007799e-03
-1.690987705158283200e-02 -1.379366481378404945e-02
-1.900422370121537807e-02 -1.775347181157929319e-02
-2.218660348327285148e-02 -2.389672523789906911e-02
-2.324614161828046990e-02 -2.651324068991594077e-02
-2.304481770497738072e-02 -2.830651590622454417e-02
-2.264580189538762181e-02 -2.909865239853688321e-02
-2.236535048190691974e-02 -3.008258935103728590e-02
-2.183509237578061535e-02 -3.244588948931124983e-02
-2.293478747812631793e-02 -3.457120139717271418e-02
-2.344407788297724754e-02 -3.541811081897761060e-02
-2.374911955466280783e-02 -3.597932393406039209e-02
-2.463698094540295314e-02 -3.792181630445087825e-02
-2.508076993215547709e-02 -3.884271805420540236e-02
-3.092163981509709128e-02 -4.355006871803836915e-02
-3.069572034885292497e-02 -4.420956128083318448e-02
-3.061315332521746119e-02 -4.441984942141358889e-02
-3.049906277583374833e-02 -4.469104613420019773e-02
-3.006967305484551170e-02 -4.585223568309156061e-02
-3.070684217476577632e-02 -4.936378789957054231e-02
-3.238575286594285590e-02 -5.263420752043492662e-02
-3.498901055804498617e-02 -5.752607561067978742e-02
-3.621477279798003546e-02 -5.987860481707194676e-02
-3.715206411319219026e-02 -6.181825838896594372e-02
-3.741807678085577044e-02 -6.400084398737768132e-02
-3.598916597196406830e-02 -6.740834938637225993e-02
-3.747069695896296931e-02 -7.148790034507823687e-02
-3.857091029646879388e-02 -7.355112786209383469e-02
-3.950434077145840994e-02 -7.683927937821792564e-02
-3.899040947832300985e-02 -7.864485041325774972e-02
-3.862162898385024246e-02 -7.962526084621493472e-02
-3.829464089624556866e-02 -8.070428783817393259e-02
-3.843627377867372963e-02 -8.240836913774522710e-02
-3.912182374453460065e-02 -8.399691008341342302e-02
-4.142104707312210810e-02 -8.851585093440471341e-02
-4.147224625908016438e-02 -8.934272662725720182e-02
-4.058703265144223554e-02 -9.024078691023176835e-02
-3.390426876768007358e-02 -9.439030399906865598e-02
-3.372356129328763635e-02 -9.558421191807653372e-02
-3.287607235420193091e-02 -9.776257282330304277e-02
-3.604409559854630102e-02 -1.068005700555708093e-01
-3.572969744861288072e-02 -1.087371870651936828e-01
-3.532974924245934484e-02 -1.104257795698961736e-01
-3.442766758178199965e-02 -1.135915643773567490e-01
-3.271969585071465847e-02 -1.189947611176246367e-01
-3.115703858341946353e-02 -1.241165512493372369e-01
-3.032727508630805868e-02 -1.268676801951961475e-01
-2.977418050012707942e-02 -1.285967330723649660e-01
-2.703093207693325548e-02 -1.349179509430938340e-01
-1.993797588613344454e-02 -1.395858609185385013e-01
-1.021489375702012981e-02 -1.495266472223377718e-01
-6.518950893687320246e-03 -1.623347648171565571e-01
-4.389651115500832479e-03 -1.689870857710553398e-01
-1.847561703373169989e-03 -1.775434721628245116e-01
6.994640746941464945e-04 -1.845092424078575433e-01
2.797827896303393177e-03 -1.853606973177698847e-01
9.620383329339614320e-03 -1.935018207151971426e-01
1.015495260716089629e-02 -1.951060316115733884e-01
1.147210503156497786e-02 -1.993414648177935233e-01
1.359035771500520864e-02 -2.066016714378393626e-01
1.439732471425500711e-02 -2.083436316564706292e-01
1.597216376356445922e-02 -2.106631609932366478e-01
1.756046950019080066e-02 -2.122692072692127230e-01
2.050753254025664343e-02 -2.142710851158807217e-01
2.540980252151233548e-02 -2.166599443613278775e-01
3.309898207181896646e-02 -2.206846222842424043e-01
3.765907208261154437e-02 -2.233357235040496769e-01
3.919015113117120530e-02 -2.269956515052080070e-01
4.329549480147638907e-02 -2.309661913028752955e-01
4.796267844521415885e-02 -2.332942843724627735e-01
5.406352641335569753e-02 -2.365046991935489396e-01
6.116321798795569531e-02 -2.402209273843896320e-01
6.719993476670350907e-02 -2.481714172073729019e-01
6.745972795981719505e-02 -2.483229826624794023e-01
6.823372965105392596e-02 -2.487626977249752513e-01
7.512397379328618341e-02 -2.523799804178878392e-01
7.905658154727808473e-02 -2.544745936236387784e-01
9.267738946309496406e-02 -2.569079433843509674e-01
9.455417059752058151e-02 -2.563487196009970326e-01
9.480192096276178482e-02 -2.562799862382254545e-01
9.859914079301924927e-02 -2.552277823610743512e-01
1.003339746470227334e-01 -2.557353871907594445e-01
1.014407463200038273e-01 -2.564909128512115610e-01
1.027395934959040302e-01 -2.571283927503794642e-01
1.043753971885483939e-01 -2.582338126451775295e-01
1.068191386463703541e-01 -2.588566273223495973e-01
1.105611630170741932e-01 -2.577425276584127123e-01
1.139157960785658619e-01 -2.566814480876025706e-01
1.175377014800552539e-01 -2.555203575327932297e-01
1.228233156959364913e-01 -2.540576303940135228e-01
1.277516219779465667e-01 -2.557593011858241283e-01
1.304895672052319988e-01 -2.570676672225652992e-01
1.323171077556442310e-01 -2.571828095133220082e-01
1.348711098204827818e-01 -2.565488280937572863e-01
1.377725306891106616e-01 -2.555635206042238261e-01
1.391421369287806353e-01 -2.551451036317875509e-01
1.406024060852632263e-01 -2.546970525462282642e-01
1.508124002446368517e-01 -2.452483303932220249e-01
1.510420682306454765e-01 -2.452417568133923031e-01
1.511150496891585926e-01 -2.452374441557347018e-01
1.515749970829442794e-01 -2.451480259793392125e-01
1.563324237849797460e-01 -2.375913229630296775e-01
1.647366753054294586e-01 -2.280068940365888031e-01
1.655402707686294828e-01 -2.278051928912363244e-01
1.662052958151676030e-01 -2.276424288137195162e-01
1.671608176772932108e-01 -2.273921059469808381e-01
1.680514513118395170e-01 -2.271317453249557250e-01
1.686219436801446592e-01 -2.269474039130120191e-01
1.691987631923244084e-01 -2.267442540613944513e-01
1.707005169043557258e-01 -2.261062260619317033e-01
1.754692711585396914e-01 -2.194887314610384221e-01
1.806011014887781152e-01 -2.102469580340068644e-01
1.868021458202820395e-01 -2.071415738955580121e-01
1.877246654927959280e-01 -2.052863448758304177e-01
1.896380609760084102e-01 -2.006430374914130454e-01
1.893271812186966274e-01 -1.991846941267798876e-01
1.891256088873940200e-01 -1.985955565474796514e-01
1.890054514602083902e-01 -1.982721080006631109e-01
1.884254399996609375e-01 -1.964235720358685211e-01
1.918475491021163493e-01 -1.869372686246120185e-01
1.916143753814147643e-01 -1.859394845003097541e-01
1.914734614971622950e-01 -1.855140078461078312e-01
1.911927493735737782e-01 -1.847473398408187306e-01
1.909206574363887243e-01 -1.840162806632122394e-01
1.904686866271662615e-01 -1.825876028166413256e-01
1.897896519799646131e-01 -1.803205948232032285e-01
1.957150009393719969e-01 -1.626073223955016300e-01
1.958543978954294107e-01 -1.608021898488248558e-01
1.956716996635383954e-01 -1.592854654680017357e-01
1.951669154283936780e-01 -1.571125155953289609e-01
1.948352445669230548e-01 -1.559407626679180925e-01
1.928470647945852989e-01 -1.495104540761181822e-01
1.907352597238047842e-01 -1.429947563574698322e-01
1.899853021185358704e-01 -1.400117632023726855e-01
1.899288105664682647e-01 -1.362521307966197970e-01
1.914481728398156890e-01 -1.336729676057063221e-01
1.919883260893025245e-01 -1.263246825997203227e-01
1.912787937729583665e-01 -1.243627456932178271e-01
1.900311865738495420e-01 -1.198836060081062138e-01
1.828202763167322276e-01 -1.153275651585659867e-01
1.804854482003871163e-01 -1.098808586706250534e-01
1.791747227232851902e-01 -1.060684997139964558e-01
1.787747553823143543e-01 -1.028894482050490417e-01
1.791824073544919238e-01 -1.014815811085916647e-01
1.800431576415882085e-01 -9.982027444277595529e-02
1.816228437847531296e-01 -9.682010368123969424e-02
1.813439251471131164e-01 -9.498834520072868548e-02
1.797748549440713051e-01 -9.414316146144957598e-02
1.781287172018488074e-01 -9.332433498304508468e-02
1.759539739511554457e-01 -9.227604777181125373e-02
1.739060757123286616e-01 -8.904748425948522117e-02
1.699235449193456926e-01 -7.614710801825722020e-02
1.677029671181105852e-01 -6.910943924929265070e-02
1.669082804838682987e-01 -6.657600824579300303e-02
1.609197284898456204e-01 -4.993243120737691360e-02
1.590608759019680185e-01 -4.960870703726882880e-02
1.577530114383692283e-01 -4.878820681720730940e-02
1.568443922142117863e-01 -4.829392952293994762e-02
1.556604697448696062e-01 -4.772389899211053332e-02
1.547888922822251434e-01 -4.707001434472647683e-02
1.539971516140953289e-01 -4.556414412547814957e-02
1.534717463412511029e-01 -4.380154500934881068e-02
1.528854783726662225e-01 -4.206066446241811529e-02
1.519323596900288564e-01 -4.096548619821236553e-02
1.471754868892838075e-01 -3.839926203617739092e-02
1.428083650589863085e-01 -3.034549932806851827e-02
1.403981326011136954e-01 -2.497777841528648832e-02
1.355773044778649516e-01 -2.254522759574248414e-02
1.331856653070501995e-01 -2.140668064825261563e-02
1.319002338516502282e-01 -2.074775059175126141e-02
1.305937414892155701e-01 -2.005219722389805712e-02
1.284352412356641604e-01 -1.888757340707825777e-02
1.247938754133633282e-01 -1.701652310975491217e-02
1.198682430731775328e-01 -1.437400639966524354e-02
1.127670313286467246e-01 -5.803942790358748369e-03
1.105886176548318417e-01 -4.680913248734239890e-03
1.032865249065717528e-01 -9.397018272508906537e-04
1.027943694729683000e-01 -7.314556888316510030e-04
1.002396602515047974e-01 -2.826775621767030344e-04
9.388286299837053650e-02 -8.671937679904190245e-04
9.096017929568743499e-02 6.590663559086730114e-04
8.839741704517802001e-02 2.079685065669122871e-03
8.192170212345717406e-02 5.516221925187841241e-03
8.030241294263201768e-02 6.320181578242290224e-03
7.920964929314903979e-02 6.856773669137062634e-03
7.603223370584462348e-02 8.453190581031031631e-03
7.366777317115243140e-02 9.829737005042107206e-03
7.256959091529850692e-02 1.180252070471955045e-02
7.176148349762768996e-02 1.458866864710314272e-02
6.436359281319020686e-02 1.467976129729631728e-02
6.319724489496224284e-02 1.523866347467098953e-02
6.243648053374145634e-02 1.567358475741578022e-02
5.955574772114737014e-02 1.718984062982166494e-02
5.854513533036091039e-02 1.744825706079916605e-02
3.317035731447476321e-02 1.031220576411167114e-02
1.794509931414417156e-02 5.605286077417912481e-03
