-5.530467205361614715e-03 -9.275116473081410767e-03
-9.308286031293029616e-03 -1.202684481548012274e-02
-1.097834435939918848e-02 -1.533747690945232514e-02
-1.100735485102088615e-02 -1.578041981100296309e-02
-1.106796507332046854e-02 -1.656925830090548793e-02
-1.123004493978141741e-02 -1.770088668597655582e-02
-1.484267074063919979e-02 -2.235096083809595333e-02
-1.499882369711963252e-02 -2.311361808963784820e-02
-1.511582714547714083e-02 -2.402364878287748667e-02
-1.515398225602081553e-02 -2.437615525885867065e-02
-1.519429317674906958e-02 -2.473612188451872543e-02
-1.540413715461675173e-02 -2.598234043596262671e-02
-1.740554592683565133e-02 -2.850350480552613086e-02
-1.864760154620023411e-02 -2.981907629036253948e-02
-1.905914068306067272e-02 -3.105538246664474658e-02
-2.612850740726830462e-02 -3.904184394904167826e-02
-2.624469193407699338e-02 -3.933335341805986596e-02
-2.661411975616083392e-02 -3.999022233590276282e-02
-2.664431276223203429e-02 -4.003460083723590912e-02
-4.628704470854222430e-02 -5.915563897761731693e-02
-4.629066149306833300e-02 -5.924147945010960897e-02
-4.631708589015744171e-02 -5.950173526896027076e-02
-4.797326547654191808e-02 -6.203561063772940198e-02
-5.357606739549360814e-02 -6.633135590193434128e-02
-5.443396636818208928e-02 -7.180794663287069779e-02
-5.823140281456699180e-02 -7.454631891844286373e-02
-6.034037289166552936e-02 -7.636876755032988295e-02
-6.096815626043362857e-02 -7.799837141158579013e-02
-6.100229777054494429e-02 -7.915762696252806596e-02
-6.981413246458297028e-02 -8.855757595671305549e-02
-7.159678768457652942e-02 -9.212639237412416360e-02
-7.245510261023968557e-02 -9.764723226373468734e-02
-7.552835166278537571e-02 -1.031516211935969013e-01
-7.520319973590731955e-02 -1.049584217360370053e-01
-7.450301106262989526e-02 -1.059809870395551218e-01
-7.428203576148817433e-02 -1.069666960115829013e-01
-7.421952852316712756e-02 -1.081716240674373969e-01
-7.425335845631327036e-02 -1.093388354491499626e-01
-7.436340636832822204e-02 -1.108090834563626587e-01
-7.478909824189641786e-02 -1.144630114795343323e-01
-7.516703310639076541e-02 -1.171700499195470896e-01
-7.548554845105216737e-02 -1.193125178121012542e-01
-7.581443959431474755e-02 -1.214477666610356138e-01
-7.971529669339517954e-02 -1.319480673102836066e-01
-7.985478804352719173e-02 -1.332917859017019313e-01
-7.956335373645258280e-02 -1.336847190895477100e-01
-7.899551542743188381e-02 -1.342669718433432691e-01
-7.857845714081763966e-02 -1.411653109328165068e-01
-7.875456604137370809e-02 -1.486097729173412318e-01
-7.818155985566949129e-02 -1.489552636721095114e-01
-7.780281115509168899e-02 -1.492225283524039048e-01
-7.762973220965838084e-02 -1.540156016500093539e-01
-7.668857170685462743e-02 -1.579336658726005760e-01
-7.458898064153215990e-02 -1.603717898568638167e-01
-7.339743875355930758e-02 -1.654317689426224314e-01
-7.377511677152848169e-02 -1.674577146868321820e-01
-7.018717341685172528e-02 -1.731398435740645059e-01
-6.731227852505168585e-02 -1.770759144519113149e-01
-6.490050830189761366e-02 -1.803781539575696202e-01
-4.874856301267707637e-02 -1.948852723423163125e-01
-4.764429911691066971e-02 -1.964203481769047077e-01
-4.647744930971386967e-02 -1.978128751946863217e-01
-4.253452858786733320e-02 -1.994094415433056711e-01
-4.033885501465975243e-02 -2.000006711668998183e-01
-3.865718927009896555e-02 -2.014163687943341940e-01
-3.789772406810814481e-02 -2.024003448108975534e-01
-3.696414124199252221e-02 -2.037183026220809601e-01
-3.562240297100072173e-02 -2.053531317306427906e-01
-3.076474283925886150e-02 -2.069352959498991229e-01
-2.830124292921871315e-02 -2.082863578430820262e-01
-2.691573073717909090e-02 -2.101345059726403841e-01
-2.565551539117710139e-02 -2.119795439479449928e-01
-2.487514525568350343e-02 -2.129327480954734397e-01
-2.308035734567027639e-02 -2.140723700349357328e-01
-1.901344180250116866e-02 -2.144316421417780671e-01
-1.466450618644647534e-02 -2.181392074225357025e-01
-1.461585224993352215e-02 -2.181435145734877123e-01
-1.452391882302488113e-02 -2.181510429139084384e-01
-5.852431167808360042e-03 -2.221128501046563675e-01
-2.644474908535210129e-03 -2.226240029101821394e-01
1.333775205766077852e-02 -2.249758130489109276e-01
1.592882029888590886e-02 -2.253174988291739844e-01
1.642677887207134174e-02 -2.253760866352474967e-01
2.132789973189090638e-02 -2.254681558439947664e-01
2.502721065716864701e-02 -2.238275517877232890e-01
2.632156891898721277e-02 -2.238944653736548718e-01
3.030919986824272966e-02 -2.243643063909145363e-01
3.418286418759319129e-02 -2.249455699825721466e-01
3.855161751101796042e-02 -2.255006395139882991e-01
4.264078148874067553e-02 -2.251152774289831848e-01
4.753320489779384872e-02 -2.238606003701731628e-01
5.031978223297854658e-02 -2.243023222394986138e-01
5.546284772519784884e-02 -2.245391351932343182e-01
6.873365625505008236e-02 -2.179114088194580856e-01
7.101145901220780321e-02 -2.182824023874309072e-01
7.330996537924584777e-02 -2.174505562203328246e-01
8.429449995325632994e-02 -2.112948233529702569e-01
8.497774776738389879e-02 -2.115475294302609222e-01
8.510614909914201998e-02 -2.115885335621371655e-01
8.834811989455823578e-02 -2.114473506960822813e-01
9.329907177600250956e-02 -2.097444951616773967e-01
9.419994508950650658e-02 -2.100324347895070054e-01
9.434158314193920314e-02 -2.100764353254369332e-01
9.647680749049139526e-02 -2.101344301858815988e-01
9.898952476188072058e-02 -2.084140096946392184e-01
1.059896675980958325e-01 -2.057807236503629567e-01
1.074174823970473480e-01 -2.060491145989359618e-01
1.160041439226806581e-01 -2.014122442832326776e-01
1.190488799074603393e-01 -2.017585674940476081e-01
1.263144669517617669e-01 -1.981071586946570873e-01
1.292265802671709041e-01 -1.972326089267133764e-01
1.306838804906901852e-01 -1.975035320493512270e-01
1.460092234398777389e-01 -1.887266189958734797e-01
1.571550603097396914e-01 -1.852872290288154755e-01
1.611930522873280536e-01 -1.821449326509430588e-01
1.688165482964083530e-01 -1.759805664771426637e-01
1.692386395222973405e-01 -1.754037324484038207e-01
1.695112503850668695e-01 -1.741753952815737472e-01
1.694673484805386821e-01 -1.739600924745529076e-01
1.799249971363025280e-01 -1.610194736346911293e-01
1.799248436258714945e-01 -1.610186329476237521e-01
1.799245856316967485e-01 -1.610172209332727533e-01
1.799243491624695490e-01 -1.610159276764923375e-01
1.799241512198525850e-01 -1.610148458165194807e-01
1.799241187468501868e-01 -1.610146683946223345e-01
1.799240485594590377e-01 -1.610142849712405677e-01
1.799239504941958501e-01 -1.610137493868428193e-01
1.876683241661412926e-01 -1.466635495135297507e-01
1.882503555293595088e-01 -1.419509583857562762e-01
1.875268163983987435e-01 -1.398504741463009460e-01
1.870904468195122017e-01 -1.397066497504791671e-01
1.865881632310877336e-01 -1.393037748345488658e-01
1.863444966980320749e-01 -1.378735030473202394e-01
1.863471464496882779e-01 -1.372370861723036239e-01
1.871080901479102998e-01 -1.297092673579677835e-01
1.891733296771713480e-01 -1.151080193185438222e-01
1.895467197478916399e-01 -1.103286793011298561e-01
1.877402260521791322e-01 -1.050816157140564699e-01
1.878300784585747729e-01 -1.037110801658467779e-01
1.870992397758241554e-01 -9.819362820078395004e-02
1.852744202785045202e-01 -9.583631641536181911e-02
1.836094825702192512e-01 -9.125964726606432265e-02
1.840482136157318982e-01 -8.893120719234083593e-02
1.815459487972256591e-01 -8.401254320773593465e-02
1.796514841277842833e-01 -8.138004680863561435e-02
1.793498883831892154e-01 -7.909134716494123363e-02
1.795643826533655785e-01 -7.832769198928241083e-02
1.798590161917131558e-01 -7.759284238092441222e-02
1.787285807753607736e-01 -7.320721040335435859e-02
1.699769341531695288e-01 -6.152142419114801225e-02
1.691314476165438618e-01 -5.385151292034537351e-02
1.674628607505996292e-01 -5.165905041463478287e-02
1.644495893704224776e-01 -4.759543185585271563e-02
1.603256363960343378e-01 -4.617918436563279994e-02
1.567177972892011550e-01 -4.417201039764814818e-02
1.562185790349996939e-01 -4.343586012950305386e-02
1.558593817937045101e-01 -4.305658385594939019e-02
1.538738293225327958e-01 -4.226099413481004818e-02
1.526724474643109675e-01 -4.213986413849358376e-02
1.518365110541195773e-01 -4.206631757648436609e-02
1.509908358850559074e-01 -4.189988979775167988e-02
1.476258680564555559e-01 -3.549428467822809963e-02
1.460239447490448428e-01 -3.524585759216415648e-02
1.449070671586793480e-01 -3.417778874968829123e-02
1.450179264620035380e-01 -3.247239316568564099e-02
1.452707795317427775e-01 -3.105504004735520213e-02
1.452565295345640550e-01 -3.020620260303235813e-02
1.407238030663944262e-01 -2.862474325084485641e-02
1.371736190803507505e-01 -2.515424543831316570e-02
1.355107597143213050e-01 -2.288524450434397881e-02
1.307475766987147570e-01 -2.159012846075495512e-02
1.286780944773160684e-01 -2.063548070360440162e-02
1.279176790274572095e-01 -1.983417146857457611e-02
1.270629288809204671e-01 -1.877975645394315551e-02
1.265701071858511828e-01 -1.812457772239344650e-02
1.243690214325350457e-01 -1.497851061735329913e-02
1.230486706064352481e-01 -1.302898317462225161e-02
1.106019451016413413e-01 -3.611871139888704358e-03
1.056945376347415561e-01 3.253461061636258190e-03
9.425613864433871059e-02 1.146763742571570155e-02
9.391154748613153580e-02 1.201504620791567918e-02
9.206744759360144248e-02 1.334043563956418058e-02
8.992980957481415405e-02 1.369307774931737345e-02
8.701699533824217014e-02 1.449295520969988427e-02
8.623013333677063963e-02 1.524368301575523311e-02
8.459861197046944503e-02 1.709177022490656131e-02
8.432927554952082683e-02 1.723923836340260016e-02
8.296385607025937026e-02 1.763770942946787587e-02
8.025781065916839929e-02 1.805533700270562855e-02
7.842464000719975847e-02 1.912950281128751942e-02
7.744442314725741294e-02 2.011164551830662769e-02
7.600230066487156932e-02 2.203481898631350078e-02
7.472811042531972425e-02 2.380156695501792555e-02
7.406002850527032555e-02 2.463819316719963182e-02
7.310283385681705381e-02 2.567378679787151938e-02
6.714571730444332531e-02 2.873990442657451891e-02
5.956587447798766116e-02 2.983980675193672466e-02
5.149838118335281489e-02 3.076418286580659758e-02
1.891174092046299035e-02 1.423303863772190647e-02
