-8.340756730341417069e-03 -5.889477438137629209e-03
-1.535469061441106613e-02 -8.260009381106627607e-03
-1.590071170863379540e-02 -8.876449898945032793e-03
-1.607199034516909944e-02 -9.139518733533394737e-03
-1.622637937270185807e-02 -9.407238590099037401e-03
-1.643836348325534297e-02 -9.802152700005749286e-03
-2.891821102344149796e-02 -1.447490302941324865e-02
-3.876823926605652004e-02 -1.770281608930925066e-02
-3.878210636060561156e-02 -1.795762942243177285e-02
-3.878385427925417489e-02 -1.811526626416294292e-02
-3.878696853621181606e-02 -1.827856024844506239e-02
-3.884406915718412179e-02 -1.873358951960372998e-02
-4.466953445184684846e-02 -2.185259786528569517e-02
-5.028702529095301077e-02 -2.589382228586536647e-02
-5.149691482337391546e-02 -2.764395000425112423e-02
-5.447638594646046772e-02 -3.238337933587299294e-02
-5.645125093641559233e-02 -3.522946663166900971e-02
-6.661154297099516897e-02 -4.070648559518597054e-02
-6.676328816185950199e-02 -4.106047987175116126e-02
-6.708655892896416006e-02 -4.170655578234295363e-02
-6.736078945008715235e-02 -4.216727279841823300e-02
-6.754959220977206635e-02 -4.244559698563042660e-02
-7.177575984683128019e-02 -4.442114203938463124e-02
-7.167609914107278546e-02 -4.738531022410531757e-02
-7.420041670684472679e-02 -5.268125209649006380e-02
-7.607675169079078370e-02 -5.536808242753994691e-02
-7.742689318463732984e-02 -5.758780345207475254e-02
-7.680018102273099279e-02 -5.995644791699891035e-02
-7.863235435521308270e-02 -6.496984703596443700e-02
-8.435403786567084727e-02 -7.546416155320585795e-02
-8.408182551791480719e-02 -8.253119916276499546e-02
-8.153144567698626666e-02 -9.687794412994128745e-02
-7.880995065718596204e-02 -1.088103040011238754e-01
-7.708289708525788153e-02 -1.162475876638568023e-01
-7.572915985752824708e-02 -1.219334295889054620e-01
-7.338566586459398244e-02 -1.289393322351590765e-01
-6.958131635343914323e-02 -1.317486517402716717e-01
-6.847112901771981730e-02 -1.368250515573909976e-01
-6.757735692787822379e-02 -1.416016931123413869e-01
-6.648790444924014553e-02 -1.471509925221560766e-01
-6.383883664369854882e-02 -1.541488240650681629e-01
-6.021090568811512944e-02 -1.573007312014006731e-01
-5.977496158058570597e-02 -1.585097722893983041e-01
-5.896992185518996205e-02 -1.622137999677660258e-01
-5.765089008985376656e-02 -1.649703113852939718e-01
-5.656594120552489724e-02 -1.657172947954579090e-01
-5.474723918544804196e-02 -1.665612336625945378e-01
-5.301959099031398198e-02 -1.705465904481628103e-01
-5.158864847248955526e-02 -1.753895108463226771e-01
-4.928179153112893784e-02 -1.769282322128037377e-01
-4.773842960062740087e-02 -1.781306272385509148e-01
-4.674567630966236509e-02 -1.808105076070801731e-01
-4.569771344183170408e-02 -1.826746668417824904e-01
-4.298344677858378926e-02 -1.842954028812807399e-01
-4.241389903799176048e-02 -1.867597638363537038e-01
-4.455347188297217181e-02 -1.893854971563871392e-01
-4.352558416073749881e-02 -1.907342470272479495e-01
-4.219607683033137213e-02 -1.916616268462972839e-01
-4.034788987667203147e-02 -1.927710133060347719e-01
-3.352190681496364927e-02 -2.029878754075642999e-01
-3.245513851479577688e-02 -2.045193319808328580e-01
-3.080920427926104460e-02 -2.058417753088027380e-01
-2.682097691840163237e-02 -2.081878277908902064e-01
-2.498060889761071976e-02 -2.093733048544391129e-01
-2.351536000618243208e-02 -2.109184671394647992e-01
-2.330071762864122445e-02 -2.135878363291668358e-01
-1.589279537232944975e-02 -2.153831645887615831e-01
-1.081960745654645187e-02 -2.184989368083689598e-01
-2.927478540335684901e-03 -2.236030019798632418e-01
1.509091627225035964e-03 -2.265844940989164003e-01
5.158228957611637501e-03 -2.295291208912895453e-01
5.164423695420384923e-03 -2.317903789398146619e-01
5.899133729347466083e-03 -2.327201758156163536e-01
7.198542510762755489e-03 -2.335136171461385524e-01
8.637365413309691306e-03 -2.344613003030696086e-01
1.034744419778016802e-02 -2.353087935518349827e-01
1.091445315622982352e-02 -2.352858758323101707e-01
1.169072817648074587e-02 -2.350820755345694457e-01
1.625526281942526324e-02 -2.359324870281305220e-01
1.866029912511750141e-02 -2.373116199714140340e-01
2.582272590588869168e-02 -2.387009046151096492e-01
2.779795763336027556e-02 -2.408388602051621807e-01
2.796677155122900479e-02 -2.421560622734064139e-01
2.838166513619696726e-02 -2.432419087441104744e-01
2.948038270840489319e-02 -2.435136181783058018e-01
3.169273083939068425e-02 -2.430976624038268530e-01
3.307854284899750669e-02 -2.433925959783928006e-01
3.458734451876737531e-02 -2.443020354233320923e-01
3.629678828562826753e-02 -2.455306164018466186e-01
3.762129436596192006e-02 -2.458795596626215385e-01
3.960191201232118180e-02 -2.455313231101138582e-01
4.182468329596120138e-02 -2.448370654291026349e-01
4.533879524250689769e-02 -2.445418386413353851e-01
4.978771753930770483e-02 -2.468819153628132312e-01
5.550819582531747037e-02 -2.460627103318180076e-01
5.861894327180988684e-02 -2.453623143823831509e-01
6.334861806500731440e-02 -2.444732433015756046e-01
6.783354052391589450e-02 -2.454184585465688517e-01
6.829965113099081830e-02 -2.458729248825297919e-01
6.962429839677217180e-02 -2.467551311986887486e-01
7.106582936301093778e-02 -2.468326752654164125e-01
7.232667875366699528e-02 -2.465584575366657760e-01
7.261066644379371438e-02 -2.465811971759179766e-01
7.680006042326317783e-02 -2.416920611531036545e-01
8.199246192224887708e-02 -2.361601870955165328e-01
8.950603232796829067e-02 -2.302384798143096434e-01
9.084565236327063475e-02 -2.299460816137310626e-01
9.200946018616373845e-02 -2.297803261782637996e-01
9.342921945029500352e-02 -2.296939587095461199e-01
9.439788558298790877e-02 -2.296901946649194670e-01
9.502869211696264584e-02 -2.296775870307287970e-01
9.575623607737251963e-02 -2.296184081306910096e-01
9.807545496700673104e-02 -2.286866416768661980e-01
1.060206092245657983e-01 -2.170801353973173253e-01
1.147636751018663165e-01 -2.082680411042997226e-01
1.200352350842086580e-01 -2.006517614416281625e-01
1.209858106931867988e-01 -1.989047220559075346e-01
1.199903627550759216e-01 -1.960977629481642781e-01
1.223896195327715264e-01 -1.916847252466491458e-01
1.279935349832135305e-01 -1.831729484629036064e-01
1.280770953598541484e-01 -1.830446374338105531e-01
1.291083370357532789e-01 -1.814417354409824934e-01
1.321026873184413530e-01 -1.739457779864065357e-01
1.318999465856563191e-01 -1.733236901020988596e-01
1.318309620173845342e-01 -1.727837606019602956e-01
1.343568629970703088e-01 -1.651290049049896624e-01
1.341365969924403767e-01 -1.643334869101370499e-01
1.337171670054685402e-01 -1.630042942613205426e-01
1.332049087563145773e-01 -1.612007507478050716e-01
1.352016764003233229e-01 -1.508656431389647223e-01
1.350238387624270453e-01 -1.501037426760203075e-01
1.348663668017756612e-01 -1.493442968167063289e-01
1.371124356068106065e-01 -1.417657757755569625e-01
1.370112760271630648e-01 -1.401636959273710181e-01
1.355201548168279146e-01 -1.330179592992497828e-01
1.336641157978082084e-01 -1.254899087871855223e-01
1.329789886435618351e-01 -1.224471380428853590e-01
1.325177516886522633e-01 -1.182042408206669670e-01
1.342776403401010066e-01 -1.160634233728393555e-01
1.346724458551344095e-01 -1.106819697016533655e-01
1.343498354005261131e-01 -1.093139754537775510e-01
1.346904395265380305e-01 -1.043842807345773116e-01
1.347657013079285315e-01 -9.983364734101543569e-02
1.314550315265989311e-01 -9.607221014991905450e-02
1.305223389097570630e-01 -9.198866780397733922e-02
1.296902683694141356e-01 -8.795684299569843378e-02
1.292875379671994951e-01 -8.594963690088422426e-02
1.288031755667861655e-01 -8.352692075925806370e-02
1.273268664788824722e-01 -7.637767230119826833e-02
1.252156597597072485e-01 -6.856485441940489423e-02
1.227770375559520954e-01 -6.542589754401977042e-02
1.204602414663647619e-01 -6.308533124013038229e-02
1.175981608406197337e-01 -5.220061638745641247e-02
1.153481511351807376e-01 -5.060326530649308235e-02
1.124582510599345525e-01 -4.634011783136630230e-02
1.117851224202429661e-01 -4.277297003397619035e-02
1.109674447199914399e-01 -4.133079890945860757e-02
1.063821429844873934e-01 -3.849857801162230586e-02
1.032669812290664957e-01 -3.886991653301082039e-02
1.006864578461288406e-01 -3.776881076116207075e-02
9.755815792294675326e-02 -3.589964828410136671e-02
9.371321236993754300e-02 -3.343386321069122952e-02
9.094406053491835284e-02 -3.161586071909741613e-02
8.768509255056446128e-02 -2.945698587491384426e-02
8.513943595161460598e-02 -2.776613478589498238e-02
8.332083171381023112e-02 -2.656096750917943949e-02
8.052285264517901331e-02 -2.472157964467711425e-02
7.546630696099226876e-02 -2.153982103914555898e-02
6.548203775972216700e-02 -1.806657013095801234e-02
6.444256302042548901e-02 -1.463994242544344911e-02
6.268280576277539262e-02 -1.335882908557445466e-02
6.182721073432605186e-02 -1.281720946131994186e-02
6.134672993593581064e-02 -1.246689930448134816e-02
6.070693167560586856e-02 -1.200842215946169855e-02
5.816274761248153846e-02 -1.195108936809170623e-02
5.458532904252773321e-02 -1.147623252133045044e-02
5.364908510243498324e-02 -1.092329765655388266e-02
4.713166946770073334e-02 -6.933973885697811493e-03
4.480769618221157324e-02 -6.530800508272886253e-03
3.974917927022578873e-02 -5.368778566996601845e-03
3.923502931131557514e-02 -5.074659890077807059e-03
3.872608604289686646e-02 -4.788305529107796284e-03
3.827073798999698628e-02 -4.504929850488705034e-03
3.749721648042592809e-02 -3.551276615933031053e-03
3.729827950562041722e-02 -1.353122818460884575e-03
3.068194313038853649e-02 4.494870085285641273e-04
2.972154303234859213e-02 1.080575075733916385e-03
2.783972990128703862e-02 1.752173602725150704e-03
2.098930765840034685e-02 4.130651499845596603e-04
1.562679198549036738e-02 -2.994921593538612137e-04
1.509051705290618411e-02 7.826454799271184443e-05
1.434315716235311060e-02 9.006718566856005206e-04
1.357971548594028022e-02 1.588540320958253295e-03
6.835024453876007398e-03 -1.112919400672539392e-03
5.814549269291813260e-03 -3.898750463565452606e-04
4.876256835619444119e-03 2.162885572919625503e-04
4.230415543943699501e-03 5.311095582319296350e-04
3.258593779756235875e-03 7.885073837572293678e-04
1.740939182881969709e-03 3.783532164388658543e-04
