-7.314940780007698866e-03 -5.048003138383403386e-03
-1.200492849947066773e-02 -8.845692442920372739e-03
-1.359445038357622731e-02 -1.075559321842914189e-02
-1.458571720525064438e-02 -1.194079269046220519e-02
-1.852680954471012595e-02 -1.549682399221698724e-02
-2.829529096960281542e-02 -2.260014610303739957e-02
-3.506346695898433785e-02 -3.057949709098004010e-02
-3.852147418961880676e-02 -3.494371271056184031e-02
-3.997967419126250560e-02 -3.730514989085986777e-02
-4.014455794089197282e-02 -3.813473696821697428e-02
-3.981862522010121141e-02 -3.893520478877591368e-02
-3.973959998081287581e-02 -4.084091050937804085e-02
-4.178908553356874833e-02 -4.357526588151725000e-02
-4.317258247655744036e-02 -4.499739077828647515e-02
-4.381321294792118320e-02 -4.625446128706375143e-02
-4.383975735185934031e-02 -4.960381366615847915e-02
-4.290271712638619311e-02 -5.273071347643002588e-02
-5.423452537769669901e-02 -6.791185889919233720e-02
-5.565751872253400095e-02 -7.082408961522491941e-02
-5.465289294148125560e-02 -7.207966829994698343e-02
-5.350940314985268981e-02 -7.278296195549135983e-02
-5.211661816319253931e-02 -7.393028156991318656e-02
-5.300396941853612043e-02 -7.701450250833780098e-02
-5.507787848978045603e-02 -8.042716636096731986e-02
-5.511110938620633615e-02 -8.678021985944475714e-02
-5.487599217573533444e-02 -8.946933433253316525e-02
-5.470544772766390562e-02 -9.078805022628143317e-02
-5.431444961619742717e-02 -9.280519472473376663e-02
-5.011064070499975792e-02 -9.829353435733222122e-02
-5.299979607588972685e-02 -1.027238100542439830e-01
-5.126402699273818059e-02 -1.058397319169481210e-01
-4.811428188801813305e-02 -1.131080142885016876e-01
-4.787326080928026167e-02 -1.201246489293966296e-01
-4.765887571952247964e-02 -1.239693561493832030e-01
-4.698189526152026646e-02 -1.272137345514005036e-01
-4.502157031640962453e-02 -1.287151191353829160e-01
-4.237466058324298318e-02 -1.311526881901838582e-01
-4.206833201770807801e-02 -1.337232255950645543e-01
-4.174367371956305001e-02 -1.354752495259477219e-01
-4.032631496217500833e-02 -1.371317457923223460e-01
-3.671490911825429221e-02 -1.412038848716973549e-01
-3.655868513272994558e-02 -1.431165051857554715e-01
-3.565444079944142530e-02 -1.454573363752132975e-01
-3.200016800847071963e-02 -1.488117220499133586e-01
-3.109314365962821680e-02 -1.509959996420570383e-01
-3.105068006582511683e-02 -1.530649206132124740e-01
-3.076044975722338343e-02 -1.539681707799459842e-01
-2.977192002453719552e-02 -1.551803401430746909e-01
-2.846278892291520535e-02 -1.561946135045085005e-01
-2.703008911952609061e-02 -1.571676669939764681e-01
-2.588076980716299061e-02 -1.586193838814453916e-01
-2.557065291417848912e-02 -1.650616151215648364e-01
-2.421718208446762069e-02 -1.687939128459372828e-01
-2.107571539638449995e-02 -1.711465725579774666e-01
-1.999299083547198194e-02 -1.743204804731395274e-01
-1.996916849147375647e-02 -1.755636381254962464e-01
-1.969397692789106105e-02 -1.762998992883444416e-01
-1.868276096404698772e-02 -1.767086877338410467e-01
-1.592657111045802168e-02 -1.765525895127544875e-01
-9.967752805013843642e-03 -1.804883274849618524e-01
-8.081434793116661075e-03 -1.807182858619262311e-01
-4.512038757770381499e-03 -1.812540428504411383e-01
4.038883799160048957e-03 -1.883934258200931078e-01
9.625948773000785400e-03 -1.889140698276184638e-01
1.273686944017830489e-02 -1.913395970232318888e-01
1.462331997719036256e-02 -1.930174597869356301e-01
1.729824869206581656e-02 -1.954612336594089561e-01
2.063346987171837954e-02 -1.984805165517140313e-01
2.719092116531153513e-02 -2.015029971518760288e-01
3.172682250399351533e-02 -2.034058494278114249e-01
3.398644133185800553e-02 -2.054318087557219230e-01
3.600538433270131927e-02 -2.072983953794234058e-01
3.735501407448608285e-02 -2.083909104294316694e-01
4.028897000249948707e-02 -2.097887866528468925e-01
4.925982599661365979e-02 -2.100502138375347494e-01
5.490937074220245129e-02 -2.134010546572092104e-01
5.575628495498157616e-02 -2.135152511663114261e-01
5.872426964372227248e-02 -2.135654899609424340e-01
6.632316745417439485e-02 -2.129409652041031331e-01
7.095246600032273365e-02 -2.127213565349906355e-01
7.459360093661850100e-02 -2.134324637335232033e-01
7.829522646006126241e-02 -2.176732895515152144e-01
7.819815676200303489e-02 -2.211504779591914882e-01
8.246571758978710198e-02 -2.209478646619628672e-01
8.545047820053788823e-02 -2.230787019311966102e-01
8.755275561147603247e-02 -2.248817632992400894e-01
9.041521259431928303e-02 -2.274870358281006200e-01
9.397984323185655520e-02 -2.307354129595663994e-01
9.886346054429009933e-02 -2.337731960592083491e-01
1.043186977616906569e-01 -2.336727546037732361e-01
1.082044434749695194e-01 -2.341426288717223803e-01
1.113592586796540163e-01 -2.366613328705493013e-01
1.158627872412796994e-01 -2.376346320099974874e-01
1.234336520658892850e-01 -2.383354576992855189e-01
1.261203827097114039e-01 -2.403185696410921335e-01
1.273944762993108326e-01 -2.414807498212759584e-01
1.284590154137019713e-01 -2.424704660450525684e-01
1.300452425483284991e-01 -2.438674004323449218e-01
1.315757201430057810e-01 -2.450416905677657020e-01
1.338497261965276575e-01 -2.459599101744730787e-01
1.430791687807878021e-01 -2.415445429105567421e-01
1.446887456169528574e-01 -2.435490592878306881e-01
1.456152911607181966e-01 -2.442837191071942915e-01
1.472730319319103254e-01 -2.446426516540085583e-01
1.505599700052545065e-01 -2.444660528985782288e-01
1.608564933097013094e-01 -2.397594968632149048e-01
1.620382320787628616e-01 -2.404884362905779782e-01
1.629860413439451483e-01 -2.413676018294146075e-01
1.644395076480145990e-01 -2.424580166889787336e-01
1.703416991552820781e-01 -2.384368961270744713e-01
1.719969367772044566e-01 -2.380304351658778517e-01
1.732640403100013660e-01 -2.379169298553049927e-01
1.762544208299851589e-01 -2.377829435885072396e-01
1.791114978117946677e-01 -2.369986793761856281e-01
1.788155418060123625e-01 -2.329098759519509787e-01
1.807502769276510546e-01 -2.305859981138254355e-01
1.813338640125157775e-01 -2.296500383848806559e-01
2.042075239982644452e-01 -2.186888189318528242e-01
2.058106738348741138e-01 -2.156831196363471481e-01
2.058410723269483156e-01 -2.151745775256527771e-01
2.058158180263321146e-01 -2.147397830919926531e-01
2.056543379057147458e-01 -2.134779264101528129e-01
2.098622130138604880e-01 -2.058685993374687606e-01
2.098688531166357785e-01 -2.052164501914962580e-01
2.098301202619262951e-01 -2.048675587922783592e-01
2.097852405281196431e-01 -2.045488408764198629e-01
2.097418504932790084e-01 -2.042200380907166768e-01
2.097224605013356391e-01 -2.032739144022821798e-01
2.181706995816198036e-01 -1.865002984033150846e-01
2.174416016582478572e-01 -1.808395040589575731e-01
2.172917823509556423e-01 -1.796314815927311792e-01
2.171331800813181556e-01 -1.781557079901665286e-01
2.212622619742517782e-01 -1.674207536584129408e-01
2.210648698062499529e-01 -1.653595773241894051e-01
2.173549955330143224e-01 -1.609264085968583335e-01
2.158696925261429089e-01 -1.568331494951340499e-01
2.154414156162477445e-01 -1.535420526173640610e-01
2.152168883814868650e-01 -1.511486909996920258e-01
2.150155571859264370e-01 -1.485308158721914407e-01
2.143985995611870921e-01 -1.395652290618531188e-01
2.139690200320611413e-01 -1.354056242349966077e-01
2.128305315710218582e-01 -1.305629512546156168e-01
2.087233118654959751e-01 -1.259436143549861331e-01
2.049667127890239249e-01 -1.187186873151064442e-01
1.984197482364841447e-01 -1.129672282568046221e-01
1.976317742368989827e-01 -1.111159979874602743e-01
1.977188153157881101e-01 -1.106973647807566602e-01
1.978906905199585564e-01 -1.102945621416887428e-01
1.981778357757274234e-01 -1.093512174157713207e-01
1.950899159010930084e-01 -1.057467644017319602e-01
1.907895868102600367e-01 -1.022015689356048779e-01
1.867367207702596843e-01 -9.891617048796598477e-02
1.814845601093938166e-01 -9.004598096125941697e-02
1.767664229196952430e-01 -8.579210688376767702e-02
1.705347519643443666e-01 -8.035218060318655153e-02
1.678184514061004107e-01 -7.834118487726651758e-02
1.648793790984565966e-01 -7.754229281482029335e-02
1.578686111496341860e-01 -7.404039357657592191e-02
1.559461469002884348e-01 -7.236954404100018334e-02
1.533220835896394463e-01 -6.983134556834086348e-02
1.520783088463354971e-01 -6.813493300046419288e-02
1.499274525279682690e-01 -6.262226245178759143e-02
1.486909421394943531e-01 -6.166555629972097358e-02
1.465624951523062935e-01 -5.893961585776961304e-02
1.462963812011784104e-01 -5.541350312983118337e-02
1.462642780288246902e-01 -5.217465596459742311e-02
1.457601843897816940e-01 -5.020265299810781900e-02
1.416044136936176201e-01 -4.707931036812555009e-02
1.379073495698430185e-01 -3.507413270279315098e-02
1.312596309347988932e-01 -2.908516686282787769e-02
1.255677008726740485e-01 -2.402516756325743727e-02
1.228226336451152673e-01 -2.163419931300662041e-02
1.205998557320899639e-01 -1.978141929965129484e-02
1.179180540336403349e-01 -1.775341424718343900e-02
1.139258843419004297e-01 -1.561858201690078177e-02
1.051606215284883183e-01 -1.510891388194789478e-02
1.028200455620362080e-01 -1.358989772429165105e-02
9.910580517077000051e-02 -6.801720283547378967e-03
9.233910555667020070e-02 -7.257033811360153082e-03
8.733029067384791289e-02 -4.332050558038486564e-03
8.658694599539526471e-02 -3.579608200566238279e-03
8.405583621779769143e-02 -2.902277466810484347e-03
7.809639592093203797e-02 -3.746687357041192032e-03
7.561154800911659701e-02 -3.327006117838521900e-03
7.418308407919853298e-02 -2.124277100899509170e-03
7.227665503466335073e-02 -1.991110030281866678e-04
7.163593405432967798e-02 1.466917060825563101e-04
6.940509687959893481e-02 4.934531013494830934e-04
6.431182998886618429e-02 5.071045767067691745e-05
6.062065052582189806e-02 8.717177056506311781e-04
5.956375031387418223e-02 1.658895932004775297e-03
5.782340118734023704e-02 3.193830286684391437e-03
5.511835837235369573e-02 4.225985983776562628e-03
4.559210794739793765e-02 2.377715367552145050e-04
4.468929004067809241e-02 1.198356377286228982e-03
4.296757626760421694e-02 2.540227992830425881e-03
3.970237906430742342e-02 3.027096112843987580e-03
2.927719638863911580e-02 2.481796320803482826e-03
1.992890604296804202e-02 1.510828328109616817e-03
