-1.444740575580430670e-03 -1.732948712898579576e-03
-2.295866369110968058e-03 -2.708664713193590506e-03
-3.339221991999178837e-03 -4.076258754374553414e-03
-3.853425433909338314e-03 -4.748671736687944470e-03
-1.010872676219371630e-02 -6.588961437956872107e-03
-1.090767890727058903e-02 -7.477706361189762757e-03
-1.198128990896380093e-02 -8.757233330801639237e-03
-1.236952948410713522e-02 -9.257748205153914361e-03
-1.272100163804310881e-02 -9.720091661438095415e-03
-1.285986618472176150e-02 -9.898880516480959221e-03
-1.301439274052312335e-02 -1.009206871690407348e-02
-1.383381490268018217e-02 -1.092444414932904929e-02
-2.332963621803963578e-02 -1.673732512412939855e-02
-2.822255157707026160e-02 -2.265424986744245944e-02
-3.003545748132933207e-02 -2.485808280664092082e-02
-3.525848326401097299e-02 -3.100379972857532362e-02
-3.741219161119486297e-02 -3.326190860884180311e-02
-4.389705212156598535e-02 -3.576440442509049022e-02
-4.565016164693540962e-02 -3.797142146527291567e-02
-4.723156682630080122e-02 -4.048666465971965944e-02
-4.716319941822210565e-02 -4.093158805707956815e-02
-4.702925330904067502e-02 -4.266272454265505193e-02
-4.691683916188681136e-02 -4.510428064800403591e-02
-5.043944597714301870e-02 -4.930439908099396723e-02
-5.459020423824916673e-02 -5.425397119585469163e-02
-5.743635465032545517e-02 -5.756513460475169014e-02
-5.967677095306875984e-02 -6.027756891520056476e-02
-6.045719611753144068e-02 -6.243848000681002930e-02
-6.004851493146172448e-02 -6.532965788850779443e-02
-6.119856984378594517e-02 -6.774501469637496387e-02
-6.363731000708253149e-02 -7.058195406569639507e-02
-6.453681741146202744e-02 -7.298920952458022582e-02
-6.444742251637251840e-02 -7.410059815960699792e-02
-6.433567329627214171e-02 -7.478264608886869835e-02
-6.423372170321804686e-02 -7.559722710137564694e-02
-6.423900676100127716e-02 -7.602524271445136594e-02
-6.620775867163983253e-02 -7.939782564711456159e-02
-6.814102968683406758e-02 -8.363197777085923379e-02
-6.804395584982249334e-02 -8.970713068317426320e-02
-6.715320000263459710e-02 -1.009383050887871641e-01
-6.610719025044926866e-02 -1.119583836647210645e-01
-6.541968781339256578e-02 -1.192628251473070999e-01
-6.464385932264460344e-02 -1.278519045613162319e-01
-6.270948650150667825e-02 -1.489833715851830165e-01
-6.199746382253136512e-02 -1.552253793649561453e-01
-6.122407493613823970e-02 -1.594166802853484999e-01
-5.842885090706298468e-02 -1.607233918607824108e-01
-5.627864262322533617e-02 -1.639549394221936907e-01
-5.554691205974975066e-02 -1.680648013929260109e-01
-5.423775515172247347e-02 -1.690349236209009731e-01
-5.336402171128961508e-02 -1.697587702982689406e-01
-5.243028185360870674e-02 -1.705399503068466827e-01
-5.151275640696357377e-02 -1.712177635582151358e-01
-5.056366870270175701e-02 -1.722575574648516350e-01
-5.023670252574982675e-02 -1.747001441176186110e-01
-5.034228053231878247e-02 -1.759336037787551932e-01
-4.932569406544208557e-02 -1.776882909331507776e-01
-4.776855364920672142e-02 -1.790909384365649004e-01
-4.619940796507707170e-02 -1.803958656072471023e-01
-3.964644245198144928e-02 -1.857222940564021707e-01
-3.833314047482199588e-02 -1.862231830351550044e-01
-3.638743548387594895e-02 -1.861060858228132942e-01
-3.341079163707077332e-02 -1.864711924962717260e-01
-3.259407530203119879e-02 -1.870486991502926521e-01
-3.172853815565020857e-02 -1.877992153604991221e-01
-3.093019216899262763e-02 -1.885135823431248470e-01
-3.014811391347557365e-02 -1.891733944941067225e-01
-2.867098957945370813e-02 -1.901751112916581776e-01
-2.294470630840175426e-02 -1.905661836362467776e-01
-2.055785094295888710e-02 -1.924220701454526505e-01
-1.842417451684759053e-02 -1.942801898147303585e-01
-1.611335503562488433e-02 -1.961932823491861211e-01
-1.477865523485383248e-02 -1.973269090345697863e-01
-1.323617511444078430e-02 -1.985895718403878907e-01
-8.156080512016505163e-03 -1.986786330259083522e-01
-5.283916742300138504e-03 -2.005927992888500988e-01
-5.235919121774334009e-03 -2.006325184877678358e-01
-5.175236644193463922e-03 -2.006823006345523908e-01
-3.660749150866141229e-03 -2.019595946940381248e-01
-9.340638274958707127e-04 -2.032498500902305549e-01
4.827092392224891296e-03 -2.043155273542169303e-01
6.191070337722996177e-03 -2.055160216405921281e-01
6.855860321765602089e-03 -2.063100456091063739e-01
9.237499824264420317e-03 -2.071267064959286808e-01
1.212169281771590876e-02 -2.071175388810817530e-01
1.606860504502304055e-02 -2.068163738204078228e-01
1.954676774119670085e-02 -2.064545415854719679e-01
2.386551650637898717e-02 -2.060230037096778266e-01
2.819946727342674889e-02 -2.060346804012324895e-01
3.021052046266908819e-02 -2.067208993602495382e-01
3.142610475788082391e-02 -2.079436642700062121e-01
3.316189152980138916e-02 -2.093528186078722209e-01
4.327538189693706100e-02 -2.042722421881837946e-01
4.760741258181032387e-02 -2.039412924964139895e-01
5.013121969399701033e-02 -2.037146492751835680e-01
5.153902936266523127e-02 -2.036076644026317273e-01
6.136555381233620848e-02 -1.975029286889239677e-01
6.268422121822185555e-02 -1.974274641242193262e-01
6.436722147820007900e-02 -1.973336906623657794e-01
6.761498308395581802e-02 -1.970396382612065456e-01
7.120026679460679520e-02 -1.967229118401511434e-01
7.339163422441426221e-02 -1.966633579650974017e-01
7.363321107537335042e-02 -1.966579225335387537e-01
7.466301633196871512e-02 -1.966235237123911683e-01
7.725489818657893526e-02 -1.963029762817775914e-01
8.922624877917023634e-02 -1.849247342619463885e-01
8.996886481347973752e-02 -1.848117666398930437e-01
9.051545529494142706e-02 -1.848107663329483508e-01
9.111194214427618954e-02 -1.849456408412469000e-01
9.165030202238279300e-02 -1.849384339643470598e-01
9.233769487525388120e-02 -1.845970885703563935e-01
9.339734435760764508e-02 -1.836797762503094844e-01
9.624363728961107811e-02 -1.805507983044885578e-01
1.046192926967277198e-01 -1.705132175732181621e-01
1.105739062477535256e-01 -1.677917860397044880e-01
1.135781784747927070e-01 -1.653403524864133223e-01
1.154439440214166807e-01 -1.630861812496881558e-01
1.160962929757684836e-01 -1.606296794868270206e-01
1.159511992997224877e-01 -1.594953758983325698e-01
1.159209122465506003e-01 -1.589962354039050896e-01
1.159029585502377585e-01 -1.588145251069288666e-01
1.158176288087720968e-01 -1.583441018746315210e-01
1.250809091329925515e-01 -1.452428856031948712e-01
1.250160373004503556e-01 -1.450704230404692430e-01
1.249807567801507480e-01 -1.449980895225587429e-01
1.249108926746644865e-01 -1.448688222031482564e-01
1.248240981600035326e-01 -1.447079245175351137e-01
1.247166620669422632e-01 -1.444225093951787553e-01
1.246492245179364050e-01 -1.435815299240158216e-01
1.288393256525367236e-01 -1.356814175163425784e-01
1.289269852378623349e-01 -1.352184510964136999e-01
1.289397933208981384e-01 -1.350069981018514331e-01
1.289261867350944557e-01 -1.344046375488981149e-01
1.289095459926625775e-01 -1.340807490831902871e-01
1.288200469312000829e-01 -1.330761070795678236e-01
1.286103686573195071e-01 -1.317212972003156679e-01
1.286897904673449944e-01 -1.309911989486797212e-01
1.296244549002033564e-01 -1.293476741608519942e-01
1.318019688131308320e-01 -1.268181529457635681e-01
1.329263117903289049e-01 -1.225927879362350703e-01
1.327955462528676578e-01 -1.211716615903279531e-01
1.374585686724959233e-01 -1.144194668046819158e-01
1.386641610240361422e-01 -1.129756466524839964e-01
1.416723111344951325e-01 -1.069833762934186555e-01
1.415511896172191031e-01 -1.054556565556427072e-01
1.428222912931735866e-01 -1.024114456613593460e-01
1.445653720348997751e-01 -1.003255036822814777e-01
1.459538105597601720e-01 -9.663209604291309041e-02
1.444078536163482251e-01 -8.143680715015344518e-02
1.435224541558205447e-01 -7.049902514497735639e-02
1.432165053076906169e-01 -6.633677129296057517e-02
1.426594017054741148e-01 -6.075488104265144851e-02
1.408076978178513239e-01 -5.696925037661553642e-02
1.389840529045977824e-01 -5.544374858260547184e-02
1.367545447080173171e-01 -5.200412321763643597e-02
1.366758397421791171e-01 -5.134552834490974799e-02
1.363457155091437334e-01 -4.737254832877581257e-02
1.350835016166299363e-01 -4.291655042361158107e-02
1.340739760671570413e-01 -4.195928618736514265e-02
1.334249918578874206e-01 -4.145421056204265375e-02
1.328070898787373222e-01 -4.098878129154000932e-02
1.318157440659819546e-01 -4.018889104034698012e-02
1.312563081004642640e-01 -3.964370593881389598e-02
1.303771471794637482e-01 -3.809316031728624680e-02
1.302756227327767913e-01 -3.563416441017494551e-02
1.295160383210459953e-01 -3.392309044397143203e-02
1.283684100470913747e-01 -3.263883860845479684e-02
1.254218458780092527e-01 -3.007970970582293790e-02
1.197678694583440423e-01 -2.544292767824044704e-02
1.166460203259698097e-01 -2.280398666961336307e-02
1.145623068663254168e-01 -2.095501291894518239e-02
1.131854591871966770e-01 -1.918567698220313006e-02
1.133779533790722077e-01 -1.756312622142888052e-02
1.130776900055452672e-01 -1.544034616809919318e-02
1.097647308132026489e-01 -1.545835134404971098e-02
1.057104193577499684e-01 -1.380400053777651979e-02
1.043669929452727269e-01 -1.263112343684463616e-02
9.468530634739444340e-02 -4.395758129354440831e-03
9.220571257310726521e-02 -2.424685921781145545e-03
8.477028900936509070e-02 -8.946113862966743532e-04
8.406553900094998477e-02 -3.226222061130935002e-04
8.368460681977116233e-02 1.272406954594897826e-05
8.325941702370169561e-02 4.241426047069244191e-04
8.223536011696332138e-02 1.369478938109428608e-03
8.028257294143334444e-02 2.018619822875863078e-03
6.857103219284854667e-02 3.246502568614344914e-03
6.657482088226077122e-02 4.990872560252306717e-03
6.067197062145483766e-02 5.390049871658186657e-03
4.852458462806849560e-02 4.428509048962372095e-03
4.133633100878252031e-02 3.727169521938347805e-03
3.453270149938998668e-02 3.097484329227467512e-03
2.528895777545343490e-02 2.278774108491701204e-03
1.833791634491728148e-02 1.632602521973405829e-03
1.395468791338876947e-02 1.152391272039288237e-03
1.188222886756479420e-02 8.713948891042537070e-04
3.118518826433458804e-03 -2.476713502421864707e-03
2.693171737115496959e-03 -2.025573149182765664e-03
2.271921741892990714e-03 -1.668388245596274903e-03
1.757123736434963550e-03 -1.466840367663551368e-03
