-7.152665211441639262e-03 -8.685533351386850662e-03
-1.300999907008595913e-02 -1.233511589611076958e-02
-1.335523856693209867e-02 -1.398672201501735372e-02
-1.337584763374463984e-02 -1.468785071929834887e-02
-1.358193478124071658e-02 -1.587808959115044605e-02
-1.825774035451263252e-02 -2.060962606513737708e-02
-1.942701910160705980e-02 -2.492607463341412963e-02
-1.984949482855978553e-02 -2.661126489198862785e-02
-2.048406824270147461e-02 -2.885304500325765881e-02
-2.089364728170720054e-02 -2.998595901458043014e-02
-2.454063041560434338e-02 -3.288229070438727225e-02
-2.305900096581200986e-02 -3.784252407193321871e-02
-2.357875987884656271e-02 -3.936631330787383753e-02
-2.373286380360334347e-02 -3.986552180516460958e-02
-2.771384689705065282e-02 -4.390997852777112076e-02
-2.988326869080354733e-02 -5.062938324841216586e-02
-3.073266914374314304e-02 -5.413299370197161009e-02
-3.073542197770514836e-02 -5.595589937193367475e-02
-3.018568559909501348e-02 -5.736381821175635248e-02
-2.971708682814507355e-02 -5.809629271400850586e-02
-2.930027440348510412e-02 -5.867425831014155824e-02
-2.783711769375786863e-02 -6.104641061373792393e-02
-2.760257502552973530e-02 -6.439767037441233855e-02
-2.845581296529865745e-02 -6.671710761898964892e-02
-2.725411190287579596e-02 -7.344663078447340177e-02
-2.777037699657551595e-02 -7.499467398834169796e-02
-2.813338831459472403e-02 -7.641597472415423420e-02
-2.799684799204643984e-02 -7.813420577080161522e-02
-2.662904423109158439e-02 -8.141624164730455748e-02
-2.747324844596686286e-02 -8.449913763483166140e-02
-2.749534468807347809e-02 -8.659283540401460644e-02
-2.553948976547111560e-02 -9.117018125967236986e-02
-2.317694701364438753e-02 -9.529966837649177236e-02
-2.183429021925345839e-02 -9.778533746648197800e-02
-2.072997548111682464e-02 -1.002809489135333965e-01
-2.076534779512751588e-02 -1.040393595465796545e-01
-2.133279514505805399e-02 -1.071286489554893750e-01
-2.091767751770784792e-02 -1.082032119464322595e-01
-2.005755054942422871e-02 -1.093941838386233711e-01
-1.716956775152167838e-02 -1.109800930399224422e-01
-1.493070728114825711e-02 -1.118196828863403519e-01
-1.490811809571670164e-02 -1.150419615924972161e-01
-1.534292559324902661e-02 -1.166594719202692365e-01
-1.492256722093200302e-02 -1.190521646909478704e-01
-1.380303740702304612e-02 -1.205778934948574938e-01
-1.260300225570394617e-02 -1.214151810496054001e-01
-1.017739307602699012e-02 -1.220946359791319907e-01
-9.247896624588402073e-03 -1.275493836527288871e-01
-7.291150164802613111e-03 -1.327119012671912623e-01
-5.837890146505345275e-03 -1.352532812667442130e-01
-4.737286719376889062e-03 -1.374529414362259949e-01
-4.098920489090801533e-03 -1.465721217652349306e-01
-9.168675043361962070e-04 -1.528256490862172357e-01
1.541092036360979531e-03 -1.571971561081109969e-01
4.054623375950848832e-03 -1.659459868284756390e-01
3.520897657066080627e-03 -1.693138020656942411e-01
4.833254956216228096e-03 -1.723044935492110408e-01
3.808674435545556392e-03 -1.772374894368058673e-01
4.184603356981583464e-03 -1.790054608560054661e-01
7.107873849173749342e-03 -1.853556502522165916e-01
7.127343009486025206e-03 -1.856711827988920538e-01
6.717761323832439208e-03 -1.922919047105965396e-01
7.400436112495203944e-03 -1.936277205210353569e-01
8.184025222077267320e-03 -1.949525110471463651e-01
9.089915113392374110e-03 -1.966489978558705054e-01
9.527956228056974966e-03 -1.985378899196880431e-01
8.909958253526964120e-03 -2.011630013754246993e-01
9.017252962748748685e-03 -2.037523805494019513e-01
1.144463299351743818e-02 -2.045681872620676023e-01
1.305857742763282675e-02 -2.051549413370551689e-01
1.252813579167444229e-02 -2.112652890266227546e-01
1.386276991212538438e-02 -2.160218935405973373e-01
1.279613934223896611e-02 -2.193170077044338528e-01
1.329309268278890815e-02 -2.202998135750667552e-01
1.380819644075948448e-02 -2.206157110816973632e-01
1.445086964177610955e-02 -2.208197643330794269e-01
1.463180378914226941e-02 -2.208513876794294395e-01
1.492909365494813657e-02 -2.208817800241831830e-01
1.834595313561338675e-02 -2.224926640523723353e-01
2.653317560557758720e-02 -2.359251208601990391e-01
3.548801092358412623e-02 -2.389896216843106491e-01
3.820241421891552858e-02 -2.408115583013575034e-01
3.858517792316664557e-02 -2.418095176779023192e-01
4.260633541742316760e-02 -2.414141136564587065e-01
4.521551530036890809e-02 -2.418665110386585271e-01
4.758456172228484743e-02 -2.425158697865717194e-01
5.005157307273831735e-02 -2.432626242674679473e-01
5.316934083125460925e-02 -2.442395087719884672e-01
5.686531079847016723e-02 -2.453444317125892948e-01
6.117327893081241086e-02 -2.456919835267293295e-01
6.499506461904597243e-02 -2.444429452104718292e-01
6.739662922636906195e-02 -2.454361759312968516e-01
7.647925415699562135e-02 -2.418763375251861136e-01
7.951647666069509846e-02 -2.437109688404861252e-01
8.834605577727157322e-02 -2.400932463704583408e-01
9.437365345932373362e-02 -2.367130065140824191e-01
1.205834507764413227e-01 -2.173654420615263316e-01
1.217282648716563609e-01 -2.166552076046852626e-01
1.221948838249779651e-01 -2.164253880170955158e-01
1.230843727228966150e-01 -2.160307557827080005e-01
1.246767175202044414e-01 -2.153591316521918098e-01
1.253525489527914094e-01 -2.150528134835035521e-01
1.256839421347677732e-01 -2.148909195289499252e-01
1.259108676326516907e-01 -2.147736847902997626e-01
1.285094255926155782e-01 -2.092799639532127998e-01
1.378147503178894784e-01 -1.937819036530143146e-01
1.378533764770539793e-01 -1.937750803177816783e-01
1.379247524203030539e-01 -1.937610547923546700e-01
1.380864720406237978e-01 -1.937222204336571385e-01
1.421267987304192237e-01 -1.864867747492930106e-01
1.423973845873643118e-01 -1.863667082407149123e-01
1.426251747990505692e-01 -1.862816905576594184e-01
1.432628976569220447e-01 -1.860749161738702306e-01
1.439192910366781653e-01 -1.858178241868232439e-01
1.444876134991024408e-01 -1.852090431439789298e-01
1.437080337785485162e-01 -1.829944663410441319e-01
1.413710470489387971e-01 -1.791577336803295006e-01
1.621581415950434368e-01 -1.655973147460832184e-01
1.639006634182204047e-01 -1.625121297928760755e-01
1.640900930129264024e-01 -1.616758295819180347e-01
1.641562269415256514e-01 -1.613191117073382863e-01
1.643436452123645253e-01 -1.601588535845185068e-01
1.701057836563995840e-01 -1.505704665212615201e-01
1.701896963135950958e-01 -1.502248974988866226e-01
1.702496246695811566e-01 -1.499694386131546764e-01
1.703371310366559310e-01 -1.495965111614825926e-01
1.704656302353450836e-01 -1.490808038267364966e-01
1.761573178802836870e-01 -1.401645785857736637e-01
1.780391054511719917e-01 -1.336254130408427998e-01
1.808855382366738318e-01 -1.216537845197527001e-01
1.806367656448306380e-01 -1.207323440944536447e-01
1.802860006151369987e-01 -1.204245164242332272e-01
1.800015786974165088e-01 -1.202444479400209959e-01
1.797094971178485601e-01 -1.199392883060640541e-01
1.796249996845973584e-01 -1.172049935115092034e-01
1.798287940230952064e-01 -1.114136524780619808e-01
1.791575055556905161e-01 -1.100298122682677182e-01
1.792868450050220663e-01 -1.078972473625855050e-01
1.798361259856679495e-01 -1.061652645154143315e-01
1.788958329496246058e-01 -1.011026069374933167e-01
1.772904733187887771e-01 -9.819389414706816699e-02
1.775619441157408884e-01 -9.288891547643823854e-02
1.775388870922464113e-01 -9.053343832407838299e-02
1.754853543369622737e-01 -8.646622001597237261e-02
1.745785967646480974e-01 -8.434852467071135562e-02
1.745661351271136641e-01 -8.198241173089404477e-02
1.750939756785595269e-01 -8.047511696671047488e-02
1.752722290617783618e-01 -7.894455022960569779e-02
1.709687009614682951e-01 -6.959906845860626412e-02
1.707792555025479664e-01 -6.071932914920658703e-02
1.701710885917255278e-01 -5.945157418731773086e-02
1.695615329845065189e-01 -5.870911277814645085e-02
1.682362913093287393e-01 -5.780970215959180258e-02
1.663454857571375900e-01 -5.728772536857743708e-02
1.648831475178083039e-01 -5.122391201239487324e-02
1.640408134824235531e-01 -4.869988673988155659e-02
1.631888045439162105e-01 -4.688133121756137695e-02
1.590982745231206419e-01 -4.045441959790995606e-02
1.578824410797795286e-01 -3.957443997425341697e-02
1.564021171276643307e-01 -3.905718674438463794e-02
1.550174715289872884e-01 -3.871441796348747827e-02
1.537853259586240140e-01 -3.800189777452278594e-02
1.529231055683586693e-01 -3.702772957353148153e-02
1.521800253501021938e-01 -3.577370162145175614e-02
1.524522333357192783e-01 -3.213634370793951728e-02
1.527734582743661973e-01 -2.936123185289992235e-02
1.518928267511090724e-01 -2.866713277947488189e-02
1.481101263870086560e-01 -2.728611005650220106e-02
1.443253501544621564e-01 -2.125844286505664330e-02
1.419773263544566178e-01 -1.744728041211014366e-02
1.387567843640335752e-01 -1.573970567389283703e-02
1.366620722765077567e-01 -1.494884472774244376e-02
1.372725207676958603e-01 -1.110056516416798450e-02
1.365076537476849206e-01 -8.990660764629112775e-03
1.351843101943654979e-01 -8.593218733553001018e-03
1.319651547427348470e-01 -7.169228784043600589e-03
1.312105277328857733e-01 -6.151115018393443420e-03
1.245175122606520107e-01 5.549867438308951411e-04
1.225090080524093711e-01 1.375035874440965096e-03
1.180573103554869857e-01 5.555221916331200098e-03
1.171896711710530559e-01 5.813540608872263225e-03
1.145624520156472981e-01 6.512144490243267081e-03
1.115485274039496599e-01 7.329593339858083215e-03
1.081918644007871799e-01 9.905925393647218441e-03
1.060771555182109527e-01 1.208230726386994892e-02
9.909720759113979649e-02 1.698641943189753076e-02
9.662335340040192899e-02 1.780644224417407204e-02
9.163664575170460402e-02 1.928034857883440326e-02
8.286318512891130417e-02 2.182254728235155650e-02
7.603733140818129399e-02 2.386112116604740402e-02
7.207981821246574328e-02 2.502579246371788857e-02
6.958807385046794636e-02 2.572590397569729861e-02
6.071792812197508715e-02 2.507693947282872010e-02
5.984309537892257974e-02 2.537794304425853090e-02
5.902695889964731935e-02 2.569631338683579444e-02
5.015553335595461515e-02 2.508660982794872971e-02
4.992460643780877172e-02 2.553136054253037079e-02
3.266963647605657800e-02 1.833773846099430102e-02
2.382627857956849324e-02 1.314228012881674817e-02
