-1.744602322219864984e-03 -1.619523027852742781e-03
-2.797222281201062685e-03 -2.599785302424126830e-03
-3.871565502824719351e-03 -3.572663204594386365e-03
-4.312068996708518301e-03 -3.978343236724250082e-03
-4.448883296811971533e-03 -4.107926898667186265e-03
-4.765116074828893745e-03 -4.417242156308701269e-03
-2.508459134432926979e-02 -9.806663087794341427e-03
-2.590312331418553188e-02 -1.056146815525598956e-02
-2.619864873503924621e-02 -1.082953592094045708e-02
-2.636674365180002519e-02 -1.098148571063951168e-02
-2.672100567498114990e-02 -1.130127410321350202e-02
-2.806573352626558909e-02 -1.252956024369766136e-02
-3.217138473406418869e-02 -1.632257191519944847e-02
-3.486935349420358654e-02 -1.897176831258170354e-02
-3.566419718384856302e-02 -2.002586893773298030e-02
-3.579687460210956296e-02 -2.227210160099475644e-02
-3.594710860873551878e-02 -2.419442630444179620e-02
-3.591099711620907714e-02 -2.508697134149161581e-02
-3.586937173806897805e-02 -2.578819915085176287e-02
-3.927947529999380877e-02 -2.968900090783565746e-02
-3.928674464076657019e-02 -2.969590890706610628e-02
-3.937266906053044080e-02 -2.977750482729215123e-02
-4.325338497066485988e-02 -3.515436600474574486e-02
-4.362338024524443914e-02 -4.132570468957371540e-02
-4.406716294895999392e-02 -5.475410946021438963e-02
-4.423359325300613848e-02 -5.855574094748187269e-02
-4.435911387961938984e-02 -6.214960030818109105e-02
-4.445585988782058823e-02 -6.653840116821063688e-02
-4.461919037046491870e-02 -7.131989263100857457e-02
-4.852474958161574758e-02 -7.871350098566858022e-02
-5.217066599425648071e-02 -8.284596250123724137e-02
-5.225394826089547334e-02 -8.694003582714998624e-02
-5.238927971630186892e-02 -9.019677641854402517e-02
-5.247617752273277258e-02 -9.203352412203623378e-02
-5.259531609804674740e-02 -9.359868209684667206e-02
-5.251267758520383050e-02 -9.528995229330784744e-02
-5.200925164956272939e-02 -9.654772735569443209e-02
-5.138148517906501733e-02 -9.739649270187383800e-02
-5.016651489684351151e-02 -9.866025629697711130e-02
-4.897392431843800714e-02 -9.993909613394284797e-02
-4.619032888812148879e-02 -1.029216733986424159e-01
-4.580350215023666627e-02 -1.040077617438327218e-01
-4.600836882041187126e-02 -1.054657615327312947e-01
-4.608269644724161118e-02 -1.097705441830018336e-01
-4.557192587225043778e-02 -1.108242561142344512e-01
-4.512462041817735109e-02 -1.114072736909226813e-01
-4.430850868977044554e-02 -1.122865502023216444e-01
-4.293746136804815067e-02 -1.136838986091225079e-01
-4.190496730111514800e-02 -1.149492141243946414e-01
-4.062558104430198658e-02 -1.160573839553680348e-01
-3.960071729340491897e-02 -1.169011622598399719e-01
-3.978192675551395913e-02 -1.259016017043765590e-01
-3.995880960607985782e-02 -1.320330072678523869e-01
-4.006311453437624154e-02 -1.346735850320496530e-01
-4.029654139911249822e-02 -1.394303559998816278e-01
-4.025756953351922879e-02 -1.441707760662957472e-01
-3.986961161408430349e-02 -1.460535324293404380e-01
-3.901013759770848716e-02 -1.472642654783132554e-01
-3.736036648514472203e-02 -1.487632202303934836e-01
-3.405394628556074332e-02 -1.601058734446098031e-01
-3.426818934818745555e-02 -1.665833064124201957e-01
-3.430028561967045364e-02 -1.674681384536576834e-01
-3.455513181676537343e-02 -1.733273404906418569e-01
-3.465960843938640373e-02 -1.765621310301966340e-01
-3.466527068131809719e-02 -1.771586011414813255e-01
-3.460042037887506305e-02 -1.794002124584385127e-01
-3.402891101824434550e-02 -1.817735379087511149e-01
-3.198396418315223311e-02 -1.836585675576712928e-01
-2.960476097692805661e-02 -1.862720347771821827e-01
-2.823262292460350723e-02 -1.879106984595389218e-01
-2.685998846362480999e-02 -1.965177274888071368e-01
-1.918740969367886337e-02 -2.047909298375606979e-01
-1.465200629202554825e-02 -2.096999417958672063e-01
-1.003697384513899810e-02 -2.146614689792047392e-01
-6.173952963754661925e-03 -2.189163147701315426e-01
-5.202848136299960402e-04 -2.239474328089921806e-01
-2.611892209051914875e-04 -2.239996048212093138e-01
3.769510582613426258e-04 -2.240563862611327783e-01
2.459070826552679431e-03 -2.240889824394994290e-01
3.553312541931042019e-03 -2.241425445725838961e-01
6.585829077459340666e-03 -2.252273181178575390e-01
7.891931484935299848e-03 -2.267762834573913144e-01
8.612604773563887692e-03 -2.275266054120903547e-01
9.781284761191019403e-03 -2.287090574897439610e-01
1.163321914628477616e-02 -2.308259093227724157e-01
1.357870952978592824e-02 -2.314001804063527123e-01
1.581779414784469096e-02 -2.316139328390249275e-01
1.924082499885938768e-02 -2.317332029127347759e-01
2.283623875758281768e-02 -2.318519333416746986e-01
2.545740037602861605e-02 -2.319712398562827627e-01
2.784456091352667528e-02 -2.320697731659184804e-01
3.051987959452544599e-02 -2.321102161776521233e-01
3.410541768079156100e-02 -2.328198058544962146e-01
4.140044926550421472e-02 -2.393161610602659028e-01
4.825190092578102857e-02 -2.398586007623356164e-01
5.207938885641231336e-02 -2.399798292750925932e-01
5.746688141728269889e-02 -2.401628766946919957e-01
6.632268110516346959e-02 -2.404810493837531982e-01
6.752687823587256999e-02 -2.405182989614323974e-01
7.564059826364565031e-02 -2.409247594949399107e-01
8.158839391057792767e-02 -2.411155373104254818e-01
8.569648308073159193e-02 -2.376424089332396516e-01
8.573143742743599693e-02 -2.376107903316129200e-01
8.854608299501406932e-02 -2.349869062571897926e-01
8.984407584895955090e-02 -2.343924663761788596e-01
9.185737867394087874e-02 -2.344824704329787346e-01
9.294421325879705098e-02 -2.345041616140698948e-01
9.412624992095698639e-02 -2.345200341347215001e-01
9.818099674361117912e-02 -2.327265835285049211e-01
1.054383159822763344e-01 -2.279431899597926525e-01
1.082115013438247203e-01 -2.280345947959315500e-01
1.124094112866095008e-01 -2.282607015731408784e-01
1.193445989892822495e-01 -2.285140644964833712e-01
1.234108965233677718e-01 -2.286768190108801890e-01
1.243192025024724562e-01 -2.282330554268294787e-01
1.244338255882728866e-01 -2.276511475035039866e-01
1.244292844954750371e-01 -2.270419584247253264e-01
1.245219266710658468e-01 -2.253426046914922820e-01
1.245473979412182325e-01 -2.245578547673783010e-01
1.245417022944307478e-01 -2.242226630001498688e-01
1.245359553251971230e-01 -2.240715902081543975e-01
1.245262653794921709e-01 -2.237950504693864973e-01
1.614412111624470847e-01 -1.742344601866509801e-01
1.616182167390554092e-01 -1.705335407055262320e-01
1.617350030745658418e-01 -1.676247659362321563e-01
1.618454988058711519e-01 -1.645064789071752076e-01
1.620014351852825663e-01 -1.596842441957896097e-01
1.621998569035932869e-01 -1.537125420666872466e-01
1.626893774107420754e-01 -1.408458760595155401e-01
1.634775303021990256e-01 -1.200063742464021199e-01
1.636418996105335200e-01 -1.157691254889481047e-01
1.637518388722765672e-01 -1.127285538121818309e-01
1.638599518634033247e-01 -1.049416152633482896e-01
1.635672573352762449e-01 -1.025080103519673824e-01
1.588517308156016383e-01 -9.866846624072687921e-02
1.574467384284333471e-01 -9.561429246903242751e-02
1.574498845366381350e-01 -9.348533505481881889e-02
1.576005445557215057e-01 -9.072924862648860944e-02
1.576526774391905361e-01 -8.896436557673363665e-02
1.576085767105258328e-01 -8.276052684207806098e-02
1.544105131818221399e-01 -7.908463632312422165e-02
1.502935868817528720e-01 -7.483071097933771676e-02
1.464539538179640832e-01 -7.060439637665257007e-02
1.413066586728645990e-01 -6.514586203979122470e-02
1.382541034894641530e-01 -6.142577573626041565e-02
1.376958652765594981e-01 -5.917424790616061803e-02
1.378402394300412281e-01 -5.850331637323413769e-02
1.378711430193892418e-01 -5.759496509109542084e-02
1.382021674799452371e-01 -5.553952078081524080e-02
1.355744977751695834e-01 -5.150110124859711563e-02
1.325726321075217928e-01 -4.837374290857846676e-02
1.298677832179962466e-01 -4.550948711989141054e-02
1.252532168500005150e-01 -4.049610712716599642e-02
1.208313213260583385e-01 -3.573503473674485842e-02
1.156894486709519054e-01 -3.014952057951159753e-02
1.124213416224859041e-01 -2.682711708442460721e-02
1.108713196502904286e-01 -2.550252489038164205e-02
1.078908615830080492e-01 -2.511950430527041048e-02
1.043149140884190584e-01 -2.497652648814416981e-02
1.029494213999907343e-01 -2.374586083163587880e-02
1.023559914605107340e-01 -2.306358048892835980e-02
1.013794271152626131e-01 -2.202537550944347333e-02
1.004907304108353244e-01 -2.108334500193245753e-02
9.987499132299060278e-02 -2.041128535667929150e-02
9.921871300872937838e-02 -1.967922484540761754e-02
9.850367210097410453e-02 -1.891055688355590750e-02
9.758903576702042393e-02 -1.808722297100937709e-02
9.221537108234623137e-02 -1.746998160747365025e-02
8.808908751150044958e-02 -1.496832709864014122e-02
8.660002424924218012e-02 -1.337329517170795547e-02
8.531541642106907353e-02 -1.196020892782384375e-02
8.474304384566022641e-02 -1.136081371842818585e-02
8.425604484281877526e-02 -1.090176112799329591e-02
8.342705774673762897e-02 -1.034775821642466148e-02
8.133025629424067704e-02 -9.983630367862010233e-03
7.711682107559980626e-02 -9.917839589295060140e-03
7.423940492642615296e-02 -9.776061773322757345e-03
6.806695119160791063e-02 -7.952275773694821720e-03
6.732800644839653792e-02 -7.141305759673101036e-03
6.393533937613088414e-02 -3.467359026648881171e-03
6.344125863328009540e-02 -2.963118345576193358e-03
6.211596174922377755e-02 -2.294932221727279294e-03
5.985716106148020188e-02 -2.222576382959274514e-03
5.795655581678334223e-02 -2.206829227862084231e-03
5.667161595615435865e-02 -2.140339540690451830e-03
5.365501793462469637e-02 -2.033435632744075988e-03
5.272028362306552945e-02 -1.971514421223813807e-03
5.178264583295415918e-02 -1.895399626673154644e-03
4.503197787035682215e-02 -5.472692753634117273e-03
4.023007958882045265e-02 -7.064397154375044903e-03
3.953424843940671340e-02 -6.180201551865538261e-03
3.848241350653666681e-02 -5.139855636615180308e-03
3.772621228578946356e-02 -4.400387535870299918e-03
3.732161171223519897e-02 -3.937796659764715435e-03
3.687342641311026209e-02 -3.261159992570468978e-03
2.950871560976778968e-02 -1.081345455519551165e-03
2.636602399674878305e-02 -9.598962050706007047e-04
1.666725473786638198e-02 -6.338372315246363188e-04
7.689115309800912193e-03 -2.897821000659811476e-04
