-1.566946602260050128e-02 -1.203489404075057043e-02
-2.802221073810872223e-02 -1.823022099810851088e-02
-2.984903688208412689e-02 -2.038316475803474831e-02
-2.991903096682777333e-02 -2.049619349582650074e-02
-3.031406307038092551e-02 -2.119892866264184647e-02
-3.058468388489183828e-02 -2.175399566902851828e-02
-3.112287208318443091e-02 -2.307781678530822569e-02
-3.127782527182237232e-02 -2.351835819798043029e-02
-4.343424839984155739e-02 -2.883010091776861891e-02
-4.343427516303836888e-02 -2.883011463307675812e-02
-4.343432469844539512e-02 -2.883014001857283834e-02
-4.343444338742341593e-02 -2.883020084404116709e-02
-4.344274681613295719e-02 -2.883445866727068346e-02
-6.086334105076441486e-02 -3.602739910020565789e-02
-6.255120568581859497e-02 -3.864039332656055148e-02
-6.377657158230715106e-02 -4.317170998623053035e-02
-6.351096573122150257e-02 -4.460850213827062538e-02
-6.333927090943175520e-02 -4.499654069913104626e-02
-6.315463216324347651e-02 -4.537349457768014710e-02
-6.306497580971280603e-02 -4.555536350450858918e-02
-6.297942557400340591e-02 -4.573376674593743196e-02
-6.263950305767501670e-02 -4.663639407701478112e-02
-6.256690232906315929e-02 -4.819515792081075639e-02
-6.283848648686618521e-02 -4.931671434547706123e-02
-6.381506924036217665e-02 -5.110745683420690050e-02
-6.437604842143851425e-02 -5.198909285497997634e-02
-6.473317143388683526e-02 -5.279556165032593673e-02
-6.491099094254351720e-02 -5.361729547004445012e-02
-6.492315617735862354e-02 -5.447334751055427776e-02
-6.480883108402361870e-02 -5.533268339700962712e-02
-6.464891121500847271e-02 -5.605418597912554396e-02
-6.415918086249544627e-02 -5.765668889459278634e-02
-6.362936444363168076e-02 -5.906524653016469867e-02
-6.331550784239128871e-02 -5.983100220698189808e-02
-6.295065754070980346e-02 -6.068315545719918380e-02
-6.262305609610417656e-02 -6.142409664728333551e-02
-6.224389155707726884e-02 -6.226252845673409253e-02
-6.191677345105085772e-02 -6.297740479155658488e-02
-6.153215289221269230e-02 -6.381697612563716482e-02
-6.100510105526972537e-02 -6.498362142787751650e-02
-6.008846116697817014e-02 -6.716817665930074899e-02
-5.980300933124935159e-02 -6.795243725039690208e-02
-5.947565766354362404e-02 -6.905126915401911536e-02
-6.199563258082559786e-02 -7.604776638244604980e-02
-6.192847732564448621e-02 -7.672173576841302689e-02
-6.174327500572586447e-02 -7.709139718241579675e-02
-6.132599444934116323e-02 -7.748624303136736335e-02
-6.059338595034644698e-02 -7.786813409020676424e-02
-5.988225277295931154e-02 -7.812135170034549547e-02
-5.804395928562940815e-02 -7.868678426017806926e-02
-5.686705844741644228e-02 -7.924869547276994219e-02
-5.637879253046569616e-02 -7.964777038714317137e-02
-5.613701890353207935e-02 -7.994704624927018166e-02
-5.595301415083650531e-02 -8.030432707347187615e-02
-5.590848708961762559e-02 -8.157595736725614666e-02
-5.618269566689815253e-02 -8.242542451803823444e-02
-5.649039428762488158e-02 -8.310306009194971810e-02
-5.649136732113430037e-02 -8.310501783838637746e-02
-5.649138009951196887e-02 -8.310504354282351180e-02
-5.649140527178900251e-02 -8.310509417786589303e-02
-5.781096451039616918e-02 -8.538266792057687404e-02
-5.781096451762647581e-02 -8.538266793198916182e-02
-5.781096452575249650e-02 -8.538266794481526312e-02
-5.781096456767721020e-02 -8.538266801098913505e-02
-5.788223973202765577e-02 -8.549440542023011014e-02
-5.800680098260906081e-02 -8.568546816277648748e-02
-5.807901970235439942e-02 -8.579336126451587996e-02
-6.201355864230606585e-02 -8.823025635947366607e-02
-6.201377875776274001e-02 -8.823035969582743165e-02
-6.201662217906249441e-02 -8.823169659184765257e-02
-6.288743313722118533e-02 -8.956212288501029517e-02
-6.279909909057698747e-02 -9.018647648228481084e-02
-6.271964019515240130e-02 -9.044367655366235270e-02
-6.261698795926765038e-02 -9.070459752352626193e-02
-6.260655841488727003e-02 -9.072853450323069280e-02
-6.253290206272070495e-02 -9.088930900575294125e-02
-6.253274962551412519e-02 -9.088962943779652082e-02
-6.253268840529932482e-02 -9.088975811434706065e-02
-6.250506701449685953e-02 -9.094715713583556571e-02
-6.238302673176755742e-02 -9.118943716507531272e-02
-6.230140209961234493e-02 -9.134582433890417463e-02
-6.219340855535708534e-02 -9.155154955434344211e-02
-6.213792831302845932e-02 -9.165845294385867315e-02
-6.207702642548310751e-02 -9.177803358819165702e-02
-6.203580039247257732e-02 -9.186091096633074160e-02
-6.199342745883457129e-02 -9.194826414960709238e-02
-6.195461114329790103e-02 -9.203071256635814157e-02
-6.227881068903869111e-02 -9.605172007306747584e-02
-6.350719606735051592e-02 -1.032426177965754394e-01
-6.337290700835110369e-02 -1.034601766609302559e-01
-6.297430160537480226e-02 -1.140855146564229150e-01
-5.625390524304245410e-02 -1.417875963994530142e-01
-5.625441922232742031e-02 -1.417874573173920905e-01
-5.625458570479714704e-02 -1.417874122680675697e-01
-5.625460186606771884e-02 -1.417874078949239725e-01
-5.625460383993406005e-02 -1.417874073608076935e-01
-5.625460511613498971e-02 -1.417874070154754584e-01
-5.625460619567545367e-02 -1.417874067233583502e-01
-5.625460755296236154e-02 -1.417874063560847775e-01
-5.625460963429237266e-02 -1.417874057928895926e-01
-5.625461283510978239e-02 -1.417874049267680570e-01
-5.625461746120676704e-02 -1.417874036749747491e-01
-5.625462368332950075e-02 -1.417874019913071271e-01
-5.625465347323579945e-02 -1.417873939303498088e-01
-5.625470918703492917e-02 -1.417873788545785108e-01
-5.625473662748921994e-02 -1.417873714293920173e-01
-5.625475798971366070e-02 -1.417873656489355705e-01
-5.625476304738707273e-02 -1.417873642803680889e-01
-5.625476835304510370e-02 -1.417873628446981449e-01
-5.625477447734354014e-02 -1.417873611875108408e-01
-5.625478329284582663e-02 -1.417873588021054676e-01
-5.625479943370213787e-02 -1.417873544345192027e-01
-5.625481945984090598e-02 -1.417873490156104921e-01
-5.625484160189102301e-02 -1.417873430241583799e-01
-5.625487328242775170e-02 -1.417873344516811518e-01
-5.625565993614188576e-02 -1.417871215933985962e-01
-5.629103381337702966e-02 -1.417775560548413250e-01
-5.638545171173263426e-02 -1.417520664332064528e-01
-5.654769141088097917e-02 -1.417082865954005788e-01
-5.659560164527830534e-02 -1.416953328622835018e-01
-5.689535008051765930e-02 -1.416135307987947956e-01
-5.706741234534107310e-02 -1.415655996232842440e-01
-5.716315015791657156e-02 -1.415384883700532281e-01
-5.746003201008854228e-02 -1.414517695853888257e-01
-5.774198734968214591e-02 -1.413645178591214080e-01
-5.804143912298074387e-02 -1.412646671214514982e-01
-5.841780261095305682e-02 -1.411244118263035308e-01
-5.887600904008120917e-02 -1.409191379993008086e-01
-5.944589295707884691e-02 -1.405538939252343467e-01
-5.987292509543611779e-02 -1.398785499779351682e-01
-5.989769713683977537e-02 -1.394679621819445159e-01
-5.987260102495273878e-02 -1.392461023879758841e-01
-5.969654665491377216e-02 -1.385399500039422860e-01
-5.939713056763395310e-02 -1.375917507690597730e-01
-5.936039560101837032e-02 -1.374595725393013834e-01
-5.917888084553487443e-02 -1.358147803022686229e-01
-5.914901542763474629e-02 -1.353780857511287239e-01
-5.886767046532995901e-02 -1.343900568046645094e-01
-5.756019889340325407e-02 -1.330431135196807335e-01
-5.567484037381838918e-02 -1.320447576367843323e-01
-5.567319288825363366e-02 -1.320440136782679574e-01
-5.567261806716227585e-02 -1.320437541369870182e-01
-5.567147771142335472e-02 -1.320432392961986556e-01
-5.565668994309336953e-02 -1.320365688618873601e-01
-5.560927417557763597e-02 -1.320152530806488755e-01
-5.556237989151886769e-02 -1.319942780213324562e-01
1.298793456654677436e-01 -1.519760219162129555e-01
1.424445851943950403e-01 -1.401687363260069041e-01
1.501733970117286043e-01 -1.009218084580722763e-01
1.489720789991406391e-01 -5.377538050762838834e-02
1.438476876224819290e-01 -4.256468631173049300e-02
1.391560726161157058e-01 -3.338289640906234174e-02
1.320375214185006696e-01 -1.152654329235509000e-02
1.083653233507246710e-01 -1.360519542894886649e-02
9.561502469814828209e-02 -4.184340455418616815e-03
9.381149719008351207e-02 7.917441885040345587e-03
8.780494111883144215e-02 5.773405489820408742e-03
7.984125998650375144e-02 6.754375202513825983e-03
8.026530618818822349e-02 1.497924845159234568e-02
7.829689020730366822e-02 1.591538865497630836e-02
6.956510895604843536e-02 1.137943843286384239e-02
6.822759341838725844e-02 1.175098966381766911e-02
6.813289121779063373e-02 1.178493986738533492e-02
6.780373828130682734e-02 1.190833829845510013e-02
6.749276841017833040e-02 1.203171135682865392e-02
6.729989089301306737e-02 1.211112002965240332e-02
6.703611644537206538e-02 1.222288730723704135e-02
6.642756872471866636e-02 1.249266381139688999e-02
6.498011103255281473e-02 1.318245072474547204e-02
6.446834346768635926e-02 1.343719456875996747e-02
6.395817710547312129e-02 1.369460816759367899e-02
6.347912713035797072e-02 1.393837525378000333e-02
6.327384199709687462e-02 1.404318471219192892e-02
6.311696549586967575e-02 1.412334368805559168e-02
6.287101259082837623e-02 1.424903019047042002e-02
6.233896944727683465e-02 1.452027031604509813e-02
6.161898367193142934e-02 1.488346408455068666e-02
6.036353156607981996e-02 1.550919735158846555e-02
5.841017274763420086e-02 1.653253283808812923e-02
5.671847724617694320e-02 1.776414229633024519e-02
5.664188350543177680e-02 1.784762458015201614e-02
5.658440021141672438e-02 1.791392035068797156e-02
5.645001373805855205e-02 1.808307859515367183e-02
5.630424274032636012e-02 1.829442143325748713e-02
5.602060408358808252e-02 1.883818149066259981e-02
5.589500959253553697e-02 1.918217606115434071e-02
5.578794010289329919e-02 1.958709191546471537e-02
4.615751282431138774e-02 1.338254956933025014e-02
3.852494548910011946e-02 1.294083251411971315e-02
2.036754028190485358e-02 3.536275720074050916e-03
2.006420462892983397e-02 3.604863565113677459e-03
1.981359271739825331e-02 3.678439985945106735e-03
1.964446611369758885e-02 3.736589346405540767e-03
1.959262077610012670e-02 3.755757890348648733e-03
1.954866611835232720e-02 3.772494900920410690e-03
5.981441125798059137e-03 1.591801363021986713e-03
5.554105137639375744e-03 1.738457727478484463e-03
4.486145078084590419e-03 1.952785555887194633e-03
2.730627139911353130e-03 1.080995441144507602e-03
