-1.085486469988121948e-02 -8.132834221096500726e-03
-1.965744694583002744e-02 -1.230471031265770350e-02
-2.020501048708122152e-02 -1.347069081604325425e-02
-2.024784504814891237e-02 -1.362717223275107699e-02
-2.034412064991234642e-02 -1.400459650451456664e-02
-2.051091527213084673e-02 -1.457361826975844821e-02
-4.460167641042271647e-02 -2.818929429745022780e-02
-4.481405753084117399e-02 -2.866489848666311721e-02
-4.510783434614465404e-02 -2.932096947595930203e-02
-4.523147634731157496e-02 -2.959393450338130074e-02
-4.532867904148075999e-02 -2.980637580864129235e-02
-4.586581885889522148e-02 -3.092837328532783633e-02
-5.402191740200974063e-02 -3.602901997848445559e-02
-6.173194324230338315e-02 -4.293749276805772924e-02
-6.313997397332894723e-02 -4.456270121093491160e-02
-6.475725915115768117e-02 -4.927685170810079673e-02
-6.408911246278242713e-02 -5.067914966682477568e-02
-6.392567803369088308e-02 -5.131133264004106992e-02
-6.392718815336241589e-02 -5.186560906959902101e-02
-6.418626127795111491e-02 -5.307344520412698996e-02
-6.419438016929239488e-02 -5.310037360291751385e-02
-6.421028672703739393e-02 -5.315244537447774698e-02
-6.635342928200867185e-02 -5.809313566570685483e-02
-6.896843774257860327e-02 -6.308454985147896044e-02
-7.063008013779463468e-02 -7.247922131900806642e-02
-7.181224187034074280e-02 -7.561841683673777015e-02
-7.270702862569759783e-02 -7.876998185766409533e-02
-7.139436943970946248e-02 -8.339820694084658370e-02
-7.245404302790516005e-02 -9.038028150818945561e-02
-6.893035722225947237e-02 -9.673171645313904943e-02
-7.013349975108790213e-02 -9.987473103462965462e-02
-6.864778258879866701e-02 -1.055260623964410643e-01
-6.713865666262924803e-02 -1.102777246394667926e-01
-6.627452221608030880e-02 -1.129630238459126829e-01
-6.516753441188943841e-02 -1.157441754115910437e-01
-6.353969556450075884e-02 -1.176261213798170252e-01
-5.866153163549613081e-02 -1.210625582869545719e-01
-5.964767425447434906e-02 -1.259153138000956296e-01
-6.149713044712246113e-02 -1.288958662731190252e-01
-6.248530742601810656e-02 -1.389863182414372289e-01
-5.979667722602703683e-02 -1.454250857189928747e-01
-5.902301930865982288e-02 -1.474043769807827364e-01
-5.687070713139266015e-02 -1.510970572281835622e-01
-5.559365073574024790e-02 -1.586668768583316125e-01
-5.467080257721500941e-02 -1.610777148547102022e-01
-5.384020081909603184e-02 -1.624694333414886949e-01
-5.046483397645520896e-02 -1.642306421203276745e-01
-4.721809919008498890e-02 -1.701401199381521179e-01
-4.512312714178010054e-02 -1.763039034653821890e-01
-4.139268174074893503e-02 -1.788214176818844758e-01
-3.912051198050801870e-02 -1.810585517021271185e-01
-3.623448292181069563e-02 -1.896813614590204533e-01
-3.360348680094937812e-02 -1.951944207566788103e-01
-2.607607135692016978e-02 -2.002016502271071474e-01
-2.241922112165535552e-02 -2.043639686905299457e-01
-2.233428224777746565e-02 -2.046766728479161579e-01
-2.182866831762179938e-02 -2.056098644225643202e-01
-2.108940553012277064e-02 -2.061819250922448665e-01
-1.880581425641608684e-02 -2.072230425502767648e-01
-8.948575912187888004e-03 -2.174064250350347116e-01
-8.338544759735019504e-03 -2.188284289704938435e-01
-7.564731499656024774e-03 -2.195897496000640825e-01
-5.286343398581461010e-03 -2.207611723285343996e-01
-4.284842138132134715e-03 -2.212572140437309709e-01
-3.207538812676483629e-03 -2.220775642696244945e-01
-2.783276218992944764e-03 -2.226496162716073701e-01
-2.458002087926155869e-03 -2.234118559596874887e-01
-2.168233344770361011e-03 -2.246828185743793838e-01
4.012593789250226001e-03 -2.252814510839594442e-01
6.627559055834043866e-03 -2.267925100677112282e-01
8.343999132057723644e-03 -2.287541036565509112e-01
8.827865388503676122e-03 -2.305510426578111782e-01
9.413262840111073088e-03 -2.313288277915091229e-01
1.085728243721965913e-02 -2.322268930881791482e-01
1.244994169176825809e-02 -2.330583614495004841e-01
1.476719725187087759e-02 -2.340207777954698143e-01
1.488443988104665681e-02 -2.340319080371987548e-01
1.497502783830013430e-02 -2.340357714037177017e-01
3.562774275043918693e-02 -2.449032632999222636e-01
5.010758311517075209e-02 -2.551582845177135517e-01
9.401157178850307050e-02 -2.663821039107288069e-01
1.037457404581636905e-01 -2.650269677412133151e-01
1.044819763556415898e-01 -2.654830924931444458e-01
1.125728220060592116e-01 -2.629254530644876686e-01
1.177067507719022077e-01 -2.630269011318809302e-01
1.260020259145760435e-01 -2.603508323773351951e-01
1.356506676356697971e-01 -2.540794402557822185e-01
1.374237922551602986e-01 -2.550984921814834494e-01
1.401420959520946197e-01 -2.553960556180654984e-01
1.430303887395542872e-01 -2.547578512435867970e-01
1.677755671676171012e-01 -2.296109749180725301e-01
1.679839184065559932e-01 -2.297104478430397057e-01
1.680270345875443105e-01 -2.297323748139642186e-01
1.681019906963177601e-01 -2.297714356618351106e-01
1.686820911779364218e-01 -2.301029705174888751e-01
1.688691148037933798e-01 -2.302165574717864871e-01
1.689985723906393400e-01 -2.302959063963692099e-01
1.692211665121039210e-01 -2.304323670031434568e-01
1.694872041555224029e-01 -2.305926515934984267e-01
1.697065063479234193e-01 -2.307192612269416965e-01
1.699410795063584778e-01 -2.308446941378926309e-01
1.701213177029923529e-01 -2.309298825943124911e-01
1.702130598349692880e-01 -2.309678164534358924e-01
1.702964048835097499e-01 -2.309980531484698008e-01
1.704262283190515204e-01 -2.310345132117830880e-01
1.769432989531126155e-01 -2.163160524480407521e-01
1.771257308199434000e-01 -2.162569472582666907e-01
1.772849590750115722e-01 -2.162026362463341789e-01
1.773989801359664442e-01 -2.161618406364068934e-01
1.775002056320573174e-01 -2.161240462815639529e-01
1.775977603118861492e-01 -2.160859960451294304e-01
1.777594487454199623e-01 -2.160187186755839484e-01
1.781914277366909161e-01 -2.158047306380197761e-01
1.786464730966806913e-01 -2.154963119845583475e-01
1.789295501469161942e-01 -2.152215177389733836e-01
1.792119412502194420e-01 -2.147637065505712539e-01
1.792809823589583962e-01 -2.145376008466492734e-01
1.792809744973692943e-01 -2.139442373339487391e-01
1.792188946281438044e-01 -2.137128114017330938e-01
1.791763141890578004e-01 -2.135929375852128609e-01
1.791448539200475587e-01 -2.135131746222549420e-01
1.790473417063754291e-01 -2.132907535991866443e-01
1.789625991672540162e-01 -2.131119143517252457e-01
1.788731609672838674e-01 -2.129261769266277138e-01
1.788438446977310414e-01 -2.128645066020521670e-01
1.787782984844663858e-01 -2.127227456017568574e-01
1.787350127596654403e-01 -2.126244384578892532e-01
1.808419467948880477e-01 -2.044882251968282438e-01
1.800988166177139582e-01 -2.029287872256610448e-01
1.788973430199174985e-01 -2.014299800273915975e-01
1.785274195752456217e-01 -2.011989072804098166e-01
1.778006967081645351e-01 -2.009078491062065708e-01
1.783645480540969330e-01 -1.912560953258677920e-01
1.795139305820291631e-01 -1.886899625117015034e-01
1.805869752869356804e-01 -1.790959796914867175e-01
1.757071092222727837e-01 -1.760071778019750288e-01
1.744938598090461368e-01 -1.730143261495156737e-01
1.743321387272507295e-01 -1.725136594922102862e-01
1.740802087188382530e-01 -1.717031602914398936e-01
1.730648567968929852e-01 -1.682558505041607533e-01
1.726722333381553454e-01 -1.669448615541057612e-01
1.714564680439877586e-01 -1.634019754249889655e-01
1.567057043408670025e-01 -1.565338340854774968e-01
1.473391268837678791e-01 -1.515977189898310984e-01
1.435777103166403224e-01 -1.477919837862246288e-01
1.437942171548317327e-01 -1.457809632223962815e-01
1.440874436024028593e-01 -1.447228381075801595e-01
1.445662052999960867e-01 -1.438285525847253776e-01
1.456588958391783484e-01 -1.419261531199651760e-01
1.451708090624782843e-01 -1.404844976893209196e-01
1.423761643036464408e-01 -1.391297224799369625e-01
1.402047810356208679e-01 -1.373815703024626189e-01
1.366700193493947391e-01 -1.332920432964888879e-01
1.336440980891549224e-01 -1.300989182113355958e-01
1.287996624551868141e-01 -1.156875659284369584e-01
1.250796308583360938e-01 -1.065244921363542180e-01
1.237318768383477569e-01 -1.052323811198646736e-01
1.155902992522322148e-01 -1.012554311726685669e-01
1.139880297858403002e-01 -9.886947950791578898e-02
1.104564126878679886e-01 -8.245756339420802494e-02
1.098578026272713642e-01 -8.218585576690280725e-02
1.090696364229459120e-01 -8.169176841809550060e-02
1.086056295379675685e-01 -8.127528049742799299e-02
1.075574027967792501e-01 -7.957468626178315629e-02
1.070265655767101282e-01 -7.800505493622747477e-02
1.065288029260402364e-01 -7.631763374832316316e-02
1.061331487179072719e-01 -7.517084608033484938e-02
1.042398282744329829e-01 -7.262202185685669165e-02
1.024324951971180009e-01 -6.392913073141817670e-02
1.003816806098453973e-01 -5.833878392127934964e-02
9.792428979985291770e-02 -5.585617419085342483e-02
9.621603237404252607e-02 -5.516524684413234153e-02
9.632172710699954399e-02 -5.103462235960443821e-02
9.580109357085155042e-02 -4.789859868387631725e-02
9.463679243848030498e-02 -4.745518772082125969e-02
9.111188098153454040e-02 -4.331315642887554468e-02
9.012347192004613317e-02 -4.059011967187094866e-02
7.735229709620293492e-02 -2.190954836115870108e-02
7.403389634563911637e-02 -2.015954194103453112e-02
6.295577132682858568e-02 -1.199726281207186968e-02
6.259326200181264399e-02 -1.132163622637825245e-02
6.070752790593374193e-02 -1.002193958385455205e-02
5.901500546641547801e-02 -9.176251370696586127e-03
5.600997614168111427e-02 -7.776855533935890345e-03
5.368577381268492543e-02 -6.613166360946235757e-03
5.058124300915137206e-02 -3.376063755224689104e-03
5.039455275134178958e-02 -2.409466611075529018e-03
4.537100280145706099e-02 -2.456695782868481472e-03
3.183135542635662230e-02 -2.210169915754808465e-03
3.009536936591743553e-02 -1.597785459291515631e-03
2.945724626929186601e-02 -1.246010954856182924e-03
2.773225717786815744e-02 -3.704821145537863188e-04
2.220307583885780880e-02 -1.054973081404077121e-03
2.162554734777098753e-02 -7.571375685871479166e-04
2.122107239976806642e-02 -5.228361595613821664e-04
1.953553978731459653e-02 3.598561703253656059e-04
1.902959783554148548e-02 5.341055223895936014e-04
1.038637599732769763e-02 -1.047849545272432461e-03
3.191774380907964545e-03 -1.600351868291338209e-03
