-6.317321805798435663e-03 -4.813255931420229797e-03
-1.072388645335007641e-02 -7.830460215883600084e-03
-1.222302197242689827e-02 -1.097364117474447683e-02
-8.234190947370358116e-03 -1.241894816611395502e-02
-7.941806456969825734e-03 -1.292099101200551263e-02
-7.480277424774559730e-03 -1.379833722817431704e-02
-6.934099882680155522e-03 -1.497045377616147525e-02
-6.674375661299115046e-03 -1.558898851748888661e-02
-6.413755964023144449e-03 -1.627029293792401493e-02
-6.338080685306999792e-03 -1.648716742018628209e-02
-6.188911457233480309e-03 -1.697921319322747216e-02
-6.171955266540402399e-03 -1.842460137627680364e-02
-2.523307036590661037e-02 -2.177185564981667584e-02
-2.684106864927204850e-02 -2.702045769143329029e-02
-2.798773062347520435e-02 -3.021090654817689194e-02
-2.558501879468501328e-02 -3.799047254705092969e-02
-2.295674645866067204e-02 -4.690059436866553938e-02
-2.283772584536625933e-02 -5.211027171118407658e-02
-2.172052243472498423e-02 -5.740974690848261314e-02
-2.161169627852957062e-02 -5.799193075604861664e-02
-2.147452106325290974e-02 -5.872904898207643998e-02
-2.027468879647637695e-02 -6.512936090606856465e-02
-1.885569694271230917e-02 -7.525618916933157765e-02
-2.113828302888494728e-02 -8.165451700043900585e-02
-2.280600790880760870e-02 -9.444748889681403581e-02
-2.348837227972676300e-02 -9.842406470263505291e-02
-2.588079282200063044e-02 -1.009304584814913197e-01
-2.661284029533091469e-02 -1.032851243084672854e-01
-2.706455574069902351e-02 -1.052944850808856941e-01
-2.793642240901497709e-02 -1.084977926849585994e-01
-2.852420032119357476e-02 -1.102796605568739235e-01
-3.005993381648912680e-02 -1.139045007507073076e-01
-3.157439110789711512e-02 -1.165371841057857433e-01
-3.280106779358165497e-02 -1.183919329116834562e-01
-3.317572444568515910e-02 -1.189473235711763777e-01
-4.521802088861728158e-02 -1.290503686679177198e-01
-4.512399636473207742e-02 -1.293748942085386489e-01
-4.510505459650600291e-02 -1.294398941417766735e-01
-4.509432374004453820e-02 -1.294766722710243290e-01
-4.507517745716851931e-02 -1.295422183382470838e-01
-4.504502997033724143e-02 -1.296452559180623909e-01
-4.490103002389675413e-02 -1.301357727731093372e-01
-5.195622272509485551e-02 -1.393154285882222676e-01
-5.402754243238034465e-02 -1.480462360827472235e-01
-5.304423135619376617e-02 -1.491032351815304580e-01
-5.253064680014915555e-02 -1.496773803243155176e-01
-5.170608218264906991e-02 -1.506907110135750905e-01
-5.024502955604984167e-02 -1.528075929577644154e-01
-4.900118992432095366e-02 -1.547264565795335445e-01
-4.658966531651621834e-02 -1.561692834800960106e-01
-4.518911610318772365e-02 -1.579290669395579938e-01
-4.281383750507465613e-02 -1.634690703482978569e-01
-4.039163953234829046e-02 -1.672857937571674281e-01
-3.626720145162241893e-02 -1.711040758389171523e-01
-3.305161363183590356e-02 -1.748395259641419286e-01
-3.273822020033300556e-02 -1.752951173948031349e-01
-3.201066617848351281e-02 -1.762865780409546279e-01
-3.056769728759414426e-02 -1.778657327484233774e-01
-2.886454882118656695e-02 -1.791043710616167239e-01
-1.833204257558784800e-02 -1.935603673250327061e-01
-1.715245473943321358e-02 -1.956031965454954336e-01
-1.471091130021765815e-02 -1.972568374697606930e-01
-7.855313967502707342e-03 -1.970866195247986952e-01
-3.272714862220731363e-03 -1.974864761891352849e-01
-1.127633045865534091e-03 -1.990391059214006164e-01
-1.388901327985329599e-04 -2.000098302134752093e-01
1.097556210150605650e-03 -2.014464863739790224e-01
2.449242195244975481e-03 -2.033493443488640362e-01
3.717122190906055508e-03 -2.056250708893387624e-01
4.277337021580166453e-03 -2.069331429000724476e-01
5.731900510494828543e-03 -2.142554455556277271e-01
5.117872509772854010e-03 -2.181914456149042225e-01
5.253441614630377163e-03 -2.198499670581617327e-01
5.302817914697654893e-03 -2.217839075038007812e-01
1.805099074752456248e-02 -2.154805306152386413e-01
3.672184064849856600e-02 -2.196079388447933212e-01
3.679194076119621931e-02 -2.196086430448731530e-01
3.791117907969536460e-02 -2.192856694793470229e-01
3.953513962429840156e-02 -2.191507122577096567e-01
3.996089600962367261e-02 -2.193784240883908665e-01
4.102519223048570196e-02 -2.204093782805431889e-01
4.185676448898027757e-02 -2.216658069539307330e-01
4.217379571445101921e-02 -2.222486299647310481e-01
4.251410409704077520e-02 -2.229286356456004481e-01
4.304488160555624415e-02 -2.240672634582252520e-01
5.445277979317468542e-02 -2.150156585366290174e-01
5.702100862264579406e-02 -2.157666282377852518e-01
5.846179649622346847e-02 -2.165145789813977817e-01
5.964042074177416247e-02 -2.169391173299721198e-01
6.054703656849300814e-02 -2.169915784869110853e-01
6.214471187187040752e-02 -2.165613860199185059e-01
6.677464241888146634e-02 -2.125462687936676698e-01
7.347186576668447711e-02 -2.112516556958239922e-01
7.511083418496454500e-02 -2.121157918199733095e-01
7.536770225396509371e-02 -2.123322546306441461e-01
7.746561332420988377e-02 -2.150687683084223090e-01
9.233869658194707175e-02 -2.042779620087872006e-01
9.234156514224502177e-02 -2.042726814512866584e-01
9.234157082582691856e-02 -2.042726709902417115e-01
9.234158538436350316e-02 -2.042726441942260551e-01
1.043329230672574576e-01 -1.819018532864701276e-01
1.043425456393686918e-01 -1.819002511477729733e-01
1.043531622515554147e-01 -1.818983896049499727e-01
1.043678946463160173e-01 -1.818956410291534265e-01
1.044098676514593343e-01 -1.818867317697275554e-01
1.045074177944346205e-01 -1.818595297514536135e-01
1.045406837798821681e-01 -1.818480574080192091e-01
1.045792901145909531e-01 -1.818332687103915157e-01
1.046461137365088251e-01 -1.818037764794505906e-01
1.047366016329171062e-01 -1.817555728460593378e-01
1.047898065561025938e-01 -1.817225921702153302e-01
1.048220476649221883e-01 -1.817008897505152376e-01
1.051214879503002825e-01 -1.814376832429277220e-01
1.077672044369452631e-01 -1.761690026177853974e-01
1.094339511916330859e-01 -1.722183842490327688e-01
1.292243034147395886e-01 -1.625263219851373897e-01
1.290095824944095526e-01 -1.618964828127000544e-01
1.289210114785872274e-01 -1.616325970488251551e-01
1.288825869280922631e-01 -1.615172216432798624e-01
1.288514250368108793e-01 -1.614232200449753629e-01
1.287888772161784601e-01 -1.612332808614352631e-01
1.286658827293218621e-01 -1.608542418169333632e-01
1.577865366679467307e-01 -1.338223954368893687e-01
1.575387922365111826e-01 -1.336185021313041621e-01
1.573515652185168701e-01 -1.334735378265266559e-01
1.571103041866884209e-01 -1.332974971190070412e-01
1.567320849613153821e-01 -1.330445862735863127e-01
1.561559285555412790e-01 -1.327119905067312977e-01
1.552709346004061686e-01 -1.323310350264612911e-01
1.543106655916239578e-01 -1.320887166439514149e-01
1.538843229620379671e-01 -1.320309672331867745e-01
1.534977536501431761e-01 -1.320008841651347797e-01
1.531806597001363346e-01 -1.319894198361515336e-01
1.520840314757693768e-01 -1.319967621316715800e-01
1.483078836890946994e-01 -1.300430919678685626e-01
1.478085926968612795e-01 -1.282962645037613314e-01
1.478894421845499685e-01 -1.275178667158072821e-01
1.486259199882121185e-01 -1.253449003402604400e-01
1.494389219640273603e-01 -1.235220762540892858e-01
1.494304131818000592e-01 -1.160958642148737785e-01
1.489309387275830621e-01 -1.141652807303260991e-01
1.471082544727035646e-01 -1.096471386213905275e-01
1.457827319301882585e-01 -1.069842174615632385e-01
1.424751670100586898e-01 -1.023131895194717006e-01
1.412821667865120645e-01 -9.986156830597298084e-02
1.411831118319485656e-01 -9.669606063145093355e-02
1.421968183235020333e-01 -9.549193767201295813e-02
1.439605683853935614e-01 -9.468445772310173092e-02
1.426609208613278112e-01 -8.751234363419452267e-02
1.426535496972171357e-01 -8.149140315707337212e-02
1.422485919252274855e-01 -8.044350369195100992e-02
1.418675840525121246e-01 -7.948575831583418183e-02
1.409779752164793676e-01 -7.724643480270231011e-02
1.248604757908099161e-01 -8.260907794036440044e-02
1.222279322980057564e-01 -7.884473695755471467e-02
1.210068269619740261e-01 -7.723426621782224222e-02
1.197631775691000711e-01 -7.649326689836204174e-02
1.141342454339417667e-01 -6.768631330814831037e-02
1.123758553537911181e-01 -6.648932942738566831e-02
1.103259669654993447e-01 -6.426443182293618828e-02
1.092662284074585460e-01 -6.360626959696319416e-02
1.070567333561369405e-01 -6.102525501492979398e-02
1.055186286344616947e-01 -6.044123290929270809e-02
1.037145722349034349e-01 -5.837877306765489049e-02
1.031146940176000254e-01 -5.652212808148228407e-02
1.020259993890617750e-01 -5.454955111405423301e-02
1.010859696350245723e-01 -5.354162393995659519e-02
9.303336535822594178e-02 -4.959272633126770441e-02
8.401067396866584991e-02 -4.389533924920351049e-02
7.895668581916250039e-02 -4.092555440423995688e-02
7.384729078522712931e-02 -3.746158506480582601e-02
7.161909066853409944e-02 -3.542954802774762185e-02
7.017578898501447560e-02 -3.233221664361640713e-02
6.831048257356267528e-02 -2.932019965406335027e-02
5.618388409367085917e-02 -3.073459936321245103e-02
5.553402655725104414e-02 -3.036394056019888626e-02
5.468488900745262921e-02 -2.941185354935142368e-02
4.780125398990286989e-02 -2.475475136977281151e-02
4.707054046068866182e-02 -2.460950111418109751e-02
4.021169877317033736e-02 -2.119662974496061905e-02
4.019745894309650902e-02 -2.117477857048274958e-02
4.007897258542560126e-02 -2.091022256897942175e-02
3.500870882368140730e-02 -2.007943985027062228e-02
3.001783587207830506e-02 -1.795424328648442813e-02
2.615642276619099815e-02 -1.608814507022326978e-02
1.730431487180142044e-02 -1.150645083634217747e-02
1.687423936869361304e-02 -1.081923594731516551e-02
1.567386451044013723e-02 -9.792398465274059632e-03
1.127732762194206227e-02 -1.061917038886499472e-02
6.473519584915399597e-03 -1.044182819714456305e-02
6.003124298296984643e-03 -9.848766146605836963e-03
5.285536822044895229e-03 -8.432814913921378094e-03
4.883125022155408897e-03 -7.211696939182971923e-03
4.727038258274703954e-03 -6.530328266622974741e-03
5.301821233973499393e-03 -3.890056460980887820e-03
2.813840021463310907e-03 -1.957659409819055042e-03
2.403931506114790478e-03 -1.104736562718890624e-03
2.333895861176305073e-03 -9.180989642114536315e-04
2.011811278352990031e-03 2.964362270714929757e-04
