-1.791256583443835964e-03 -2.530459823676362886e-03
-2.784286092159893398e-03 -3.930545738653759384e-03
-4.320973310411650899e-03 -6.110694606066347997e-03
-5.285155112154782571e-03 -7.467547189800255968e-03
-2.098164214633509855e-02 -1.200990397301778326e-02
-2.585093900348742549e-02 -1.618749312140589300e-02
-2.830448039615727357e-02 -1.983802408538959741e-02
-2.945395905194823569e-02 -2.145304351003399224e-02
-3.045589830847786686e-02 -2.283462869743722173e-02
-3.083469168978714495e-02 -2.336588317051250738e-02
-3.117663659427025863e-02 -2.385467040194011804e-02
-3.243944279725460150e-02 -2.577028364259280335e-02
-4.206180095536603269e-02 -3.225394455316932252e-02
-5.606094840214356778e-02 -3.876601957702833362e-02
-5.923229092861927864e-02 -4.342975945792102582e-02
-6.585399862556276518e-02 -5.272888110849920096e-02
-7.044967462717341422e-02 -5.917257891425838773e-02
-7.275214389836938411e-02 -6.279802739136888801e-02
-7.302489910622060598e-02 -6.413417363213047562e-02
-7.258148424792901232e-02 -6.479009066346157197e-02
-7.232530547821934552e-02 -6.516782072904751810e-02
-7.207918772035663835e-02 -6.673587936182839853e-02
-7.172451274329441628e-02 -7.056276413972310813e-02
-7.314045802136702468e-02 -7.317270786232009383e-02
-7.576773048542131961e-02 -7.679249729125216251e-02
-7.723085793524010756e-02 -7.880303512322595072e-02
-7.793683393107306290e-02 -8.078854491907019875e-02
-7.764648186404914110e-02 -8.327854174890032823e-02
-7.684461885281021476e-02 -8.711200521200833380e-02
-8.114562846835957077e-02 -9.462388809149908930e-02
-8.347136493317727779e-02 -9.848734135817487079e-02
-8.258657971295729761e-02 -1.034785263944918571e-01
-8.182428831494399646e-02 -1.073910192335259806e-01
-8.142907556582609785e-02 -1.098847533782728175e-01
-8.103563628378886163e-02 -1.122964223831374037e-01
-8.061429329432476254e-02 -1.147191935485289555e-01
-8.019863677429096838e-02 -1.171466601670855950e-01
-7.981890426249727000e-02 -1.197393417975877589e-01
-7.971477773318891291e-02 -1.220811079168120511e-01
-8.219166455233031798e-02 -1.344073851531655817e-01
-7.765841783965377054e-02 -1.373275518961811770e-01
-7.647804785828501983e-02 -1.400272205494658972e-01
-7.554259706814471509e-02 -1.443915061947790568e-01
-7.442498068600239547e-02 -1.509346784884604553e-01
-7.405398096407410369e-02 -1.530887408974759001e-01
-7.379596842866929796e-02 -1.545282061469763768e-01
-7.323772117674084980e-02 -1.576188458083921662e-01
-7.221381709917268354e-02 -1.643962536370663641e-01
-7.069126765442891591e-02 -1.712282472479208506e-01
-6.783259877875399968e-02 -1.729793977062221710e-01
-6.606938281821699011e-02 -1.743567242000410855e-01
-6.438896848900031722e-02 -1.755711471916399369e-01
-6.283142416750160664e-02 -1.766249668744694357e-01
-6.131842751783123102e-02 -1.782057422767123755e-01
-6.078200994375678595e-02 -1.818753552379001881e-01
-6.053085361835081057e-02 -1.835223793788849089e-01
-5.993107989944364972e-02 -1.853934692705210829e-01
-5.868866080450325234e-02 -1.867719196866840514e-01
-5.685228785978895666e-02 -1.880204792227095079e-01
-4.998665888125414930e-02 -1.960885208471541408e-01
-4.976392091520996652e-02 -1.989011061604557540e-01
-4.801498442934173938e-02 -2.013804140282282606e-01
-4.532217249651956936e-02 -2.033118674061456521e-01
-4.314810229792288149e-02 -2.048270103535087538e-01
-4.158978677974516092e-02 -2.059319066899424622e-01
-4.027424477934243852e-02 -2.068746670885096284e-01
-3.839008049177207449e-02 -2.082336288002243907e-01
-3.605253899618702379e-02 -2.098926086350345610e-01
-3.246783851886969607e-02 -2.123277337745715088e-01
-3.045896046431175938e-02 -2.138856168356030041e-01
-2.965090688547273104e-02 -2.176912556576609814e-01
-2.875203859770998627e-02 -2.216767862017645085e-01
-2.730340996363988387e-02 -2.232953641543619916e-01
-2.441691296987975185e-02 -2.251969339420416549e-01
-2.185210785941943054e-02 -2.271174427671045215e-01
-1.834198433222112429e-02 -2.286399641766830582e-01
-1.782354839318769230e-02 -2.286191517315888377e-01
-1.599159494639331228e-02 -2.282625412096007667e-01
-1.091047557117740333e-02 -2.278043296132997164e-01
-9.471512572826709317e-03 -2.286815268711732130e-01
-5.905970340383485256e-03 -2.310586936851174444e-01
-4.263489971003118703e-03 -2.323961219027589897e-01
-3.961156663649626104e-03 -2.333227048127178016e-01
1.802563905492662703e-03 -2.337324400944146563e-01
1.146174829246751625e-02 -2.319120063007974186e-01
1.783108062743293809e-02 -2.307898030475465101e-01
2.621606879284102409e-02 -2.294080676684989439e-01
3.432213747154552741e-02 -2.280172947876826506e-01
4.399188922077732627e-02 -2.264461666580419863e-01
4.905103506852587225e-02 -2.266156221992343678e-01
5.044484817870901333e-02 -2.284545698568486716e-01
5.325888784253830083e-02 -2.302958910582957597e-01
6.837225816732299399e-02 -2.221999980186167289e-01
7.429577496111501589e-02 -2.211651042591653848e-01
7.803070425347334582e-02 -2.205345888897984330e-01
8.009261225800223816e-02 -2.201650489249569187e-01
8.313724808545500111e-02 -2.196261442708497824e-01
8.657101868767168307e-02 -2.190893689001889577e-01
8.845754262790719857e-02 -2.188304600444287429e-01
8.974463749631483855e-02 -2.186531916048464752e-01
1.059394695252434265e-01 -2.073267813282044791e-01
1.061298496723773604e-01 -2.073080130386249220e-01
1.064275120980755218e-01 -2.072786758230228121e-01
1.074411897114551373e-01 -2.071660152596327409e-01
1.089046373423456920e-01 -2.069404581166425783e-01
1.118994651472729751e-01 -2.063912200449298240e-01
1.135257470767335186e-01 -2.061293016648953480e-01
1.147759402724552180e-01 -2.059207766037209619e-01
1.168257482110749285e-01 -2.054804739206652353e-01
1.268186450392983222e-01 -1.954602780939815876e-01
1.279142083918230199e-01 -1.952703188548357560e-01
1.288923998716376973e-01 -1.951329784092837027e-01
1.314053921991708007e-01 -1.947653060588168394e-01
1.348056832177310926e-01 -1.924674782454213195e-01
1.361354530930493634e-01 -1.905724598231308131e-01
1.379473888474166965e-01 -1.880810306372554530e-01
1.385883457788797957e-01 -1.870937972893676193e-01
1.507125008297651447e-01 -1.800478419867468927e-01
1.509663053916223407e-01 -1.796665307257293287e-01
1.511683504844980597e-01 -1.793722860965499266e-01
1.516007338672768212e-01 -1.787652990713726464e-01
1.535269177818680830e-01 -1.761785732481595812e-01
1.548174810715319261e-01 -1.722296721085859184e-01
1.547382077929154998e-01 -1.718131133946536881e-01
1.546720441902717236e-01 -1.715245713709790953e-01
1.545780471672213163e-01 -1.711316714531873895e-01
1.544880408338923372e-01 -1.707184251058960489e-01
1.543638981684612166e-01 -1.699611380850384046e-01
1.541363549588546100e-01 -1.686468540360363533e-01
1.602339802866967200e-01 -1.551907151993092981e-01
1.600931967655295218e-01 -1.541058132226454103e-01
1.598454321142567802e-01 -1.527341030866070370e-01
1.595273694123705288e-01 -1.511760884761835788e-01
1.593292817996541655e-01 -1.502007378929147707e-01
1.583441806721069822e-01 -1.444511500287209427e-01
1.571674583701346828e-01 -1.375270504827894591e-01
1.566581261354945687e-01 -1.346827935330963955e-01
1.570209308987682018e-01 -1.303153792909813313e-01
1.603265731130191496e-01 -1.261875037140791633e-01
1.622985574520232344e-01 -1.182282413555735545e-01
1.618163038613601168e-01 -1.159996785286817739e-01
1.610252486513745473e-01 -1.108757223348994930e-01
1.605825836791976990e-01 -1.083699146489849330e-01
1.560357628097414351e-01 -1.033265061166709492e-01
1.510605205043890620e-01 -9.923298866856518352e-02
1.527657222571122408e-01 -9.662586485441825024e-02
1.543363180329576922e-01 -9.422893124940713572e-02
1.561378064744178007e-01 -9.210433071909177039e-02
1.564342435837253187e-01 -8.358716802137751423e-02
1.549569382538374951e-01 -7.599235247480405631e-02
1.544522689970850293e-01 -7.304203575819730176e-02
1.539926034660347720e-01 -7.022370778323025475e-02
1.530427771203707044e-01 -6.456145174197816528e-02
1.526143783641646656e-01 -6.209571480066755633e-02
1.517554455219781440e-01 -5.704036172278031253e-02
1.563108013219159931e-01 -3.962927587344809710e-02
1.555587328867071295e-01 -3.870972476508427462e-02
1.532418734771166247e-01 -3.715777980534948344e-02
1.522272861659359766e-01 -3.643839260975360872e-02
1.512387959816327010e-01 -3.572340874092944790e-02
1.504255069133831335e-01 -3.518468083662400908e-02
1.492027181744618736e-01 -3.439195997479812389e-02
1.484390246676096925e-01 -3.377917082813984562e-02
1.473241537697442816e-01 -3.102602145738194567e-02
1.465772719634582111e-01 -2.773201689226025002e-02
1.456729671161980655e-01 -2.464166281119503990e-02
1.434344453467215064e-01 -2.296082817741194534e-02
1.353816170481023373e-01 -1.739373443579404419e-02
1.239696754852709498e-01 -9.290261786808827471e-03
1.175719932775379506e-01 -4.767951920189006897e-03
1.114634112266743027e-01 -4.747637427074885628e-04
1.080352738842865201e-01 1.661966721744558831e-03
1.057405472507934180e-01 1.390834919865538855e-03
1.042291665617416374e-01 1.048289763940763938e-03
1.016793331974705505e-01 6.650652062073991950e-04
9.840719711930066838e-02 1.598357126712832621e-03
9.709435273107883124e-02 2.572176797571704230e-03
8.984717020937368903e-02 6.935340305349742794e-03
8.434228518560821231e-02 5.978607810181723291e-03
7.943380610796416108e-02 8.010167666332378492e-03
7.866772995231863241e-02 8.555236937890856042e-03
7.814762159514412887e-02 8.900012872860282864e-03
7.743650308651914282e-02 9.336677444724765518e-03
7.625213289274931916e-02 1.007149474694093473e-02
7.532437850686211911e-02 1.087243431657686568e-02
6.790586737124958139e-02 1.177968472647801523e-02
6.233884233187007157e-02 1.074055443196819497e-02
5.680419529578314281e-02 9.682649199688182426e-03
3.459536693980722055e-02 5.933440608882812987e-03
1.504954877092080055e-02 -3.608961031671660893e-03
1.386398968458556723e-02 -2.688607768774881404e-03
1.269114776242504829e-02 -1.849271777296274642e-03
1.203074871154453419e-02 -1.396350010661080937e-03
1.160885300155688540e-02 -1.098359185556950805e-03
1.081077468515547445e-02 -4.916399180414246593e-04
9.111475298894396169e-03 7.654447041751729231e-04
8.278293825925710572e-03 1.124266497955088038e-03
4.941411562267470151e-03 8.476524005924789560e-04
2.150615124947815801e-03 3.677996884978738186e-04
