-6.965461844656287670e-03 -4.562620818912863606e-03
-1.380605615208910751e-02 -7.379207004377581237e-03
-1.329424348133326564e-02 -8.501146278324269237e-03
-1.295460526669700747e-02 -9.078614985521817407e-03
-1.255732197517304798e-02 -9.651211297180968887e-03
-1.183030719866401924e-02 -1.053014430327648028e-02
-1.063401915981099233e-02 -1.179382251928935005e-02
-9.952826869185969413e-03 -1.251975010629680606e-02
-9.407220509645783033e-03 -1.313899741578968862e-02
-8.911659491302452440e-03 -1.374892368353172224e-02
-8.509885691129790569e-03 -1.429579924881836488e-02
-8.135602015001077228e-03 -1.487811671260163941e-02
-7.514449427638143081e-03 -1.686705663788136758e-02
-3.627119524984111221e-02 -2.111491380831300585e-02
-3.646106560551034409e-02 -2.121106438231634347e-02
-3.436795615672562365e-02 -2.237056760996819146e-02
-2.494963266434886348e-02 -2.796142307532241758e-02
-2.381783293066932691e-02 -2.969651523125296441e-02
-2.281082460794383107e-02 -3.155770754507344206e-02
-2.220220488153615973e-02 -3.289339337645408312e-02
-2.191190895002904926e-02 -3.360037070604202786e-02
-2.170672628811725832e-02 -3.413527268135295445e-02
-2.137524560973384780e-02 -4.256418671020006927e-02
-2.097515406998448281e-02 -4.755426779850792374e-02
-1.997690849904519214e-02 -5.985628651765352581e-02
-2.283084237890444998e-02 -6.264407242754684024e-02
-2.408470294329527125e-02 -6.506878186207774861e-02
-2.401133361350697715e-02 -6.791436777073087128e-02
-1.121434803542105917e-02 -8.127316069049249359e-02
-1.172944862467814424e-02 -8.364361811702517024e-02
-1.195114253656531615e-02 -8.511796222743753249e-02
-1.218959746070882345e-02 -8.786893632560521805e-02
-1.219702417117133827e-02 -9.013041418117813397e-02
-1.210631481815075371e-02 -9.128087082123242935e-02
-1.196101552552739089e-02 -9.221319101923799999e-02
-1.173208245478521254e-02 -9.310258970247287102e-02
-1.142619859864307114e-02 -9.390652360047084535e-02
-1.106985170928741213e-02 -9.460444118343350195e-02
-1.048812758738200054e-02 -9.547324986080764353e-02
-2.475484999629548252e-02 -1.171709279828445083e-01
-2.475612595713660644e-02 -1.171735403754174676e-01
-2.508073203635115961e-02 -1.177610024856634990e-01
-1.778665373219651472e-02 -1.214303269273215163e-01
-1.791220748405359872e-02 -1.232385134936567345e-01
-1.797701206380993705e-02 -1.236359226133673106e-01
-1.802997681299685004e-02 -1.239236356029643354e-01
-1.804387005528126572e-02 -1.239950679809965067e-01
-1.823529642431558767e-02 -1.248624265133680827e-01
-3.521631133520827101e-02 -1.398754419972828011e-01
-3.521631310289539268e-02 -1.398754442379119001e-01
-3.521631469072073611e-02 -1.398754462505574780e-01
-3.521631672750796804e-02 -1.398754488322838940e-01
-3.521631951757181467e-02 -1.398754523688247597e-01
-3.521637543530332232e-02 -1.398755232472270738e-01
-3.527009279293959881e-02 -1.399435841346273746e-01
-4.504919476306347426e-02 -1.472080220251592020e-01
-4.565132736733613916e-02 -1.478012995752525927e-01
-4.575166391399562715e-02 -1.479344688667980356e-01
-4.580598869328909167e-02 -1.480195558130160405e-01
-4.583517001197842666e-02 -1.480717786587744389e-01
-4.584715343266774351e-02 -1.480951908599324462e-01
-4.585729726723190847e-02 -1.481161933851026236e-01
-4.586970646287982789e-02 -1.481437565353502239e-01
-4.588180400370263368e-02 -1.481732651877576412e-01
-3.311383478196532754e-02 -1.465367036191518868e-01
1.994266478550773755e-02 -1.163521477444480895e-01
2.025962516739707175e-02 -1.174272287472951370e-01
4.372322920685974695e-02 -1.112194152227964639e-01
4.588856709644948545e-02 -1.178401241079127942e-01
4.971743696835612125e-02 -1.188189962151839918e-01
5.011667252014442159e-02 -1.192477566690359758e-01
5.019901873855435459e-02 -1.193685846175318310e-01
5.024876879876191693e-02 -1.194496642676559361e-01
5.038021234921671865e-02 -1.197028171644022587e-01
9.546375785116077706e-02 -1.018597837186082239e-01
9.546376377968351923e-02 -1.018597955892912715e-01
9.546376490864963427e-02 -1.018597978498251011e-01
9.546376538274797818e-02 -1.018597987991147619e-01
9.546376590405948603e-02 -1.018597998429398993e-01
9.546376717751232921e-02 -1.018598023927834023e-01
9.575784193729813820e-02 -1.024956315047814287e-01
9.596028027471700805e-02 -1.029676912588319698e-01
9.611427132172860321e-02 -1.033137426222284078e-01
9.618282290820207026e-02 -1.034570430603186791e-01
9.630843334774676079e-02 -1.036990942382591679e-01
9.642755125065063937e-02 -1.039030425493374793e-01
9.652381591062995925e-02 -1.040500905112489854e-01
9.672086038108722306e-02 -1.043069534817473304e-01
9.693706842218489939e-02 -1.045342372625099048e-01
9.710246205901622296e-02 -1.046799936033881162e-01
9.721757486562757067e-02 -1.047707617125659268e-01
9.737345576194311736e-02 -1.048829333464216529e-01
9.757390365191154213e-02 -1.050134011106739901e-01
9.804490739086166307e-02 -1.052812868306652466e-01
9.839025051118786835e-02 -1.054565618579622610e-01
9.852443386761601529e-02 -1.055210904226800001e-01
9.866849788761264395e-02 -1.055883732400494240e-01
9.898357225869452991e-02 -1.057287365641376015e-01
9.922843526834589090e-02 -1.058316152174443026e-01
9.941292838124182740e-02 -1.059055542757898066e-01
9.971236104239933340e-02 -1.060187947582540285e-01
9.983724796677270752e-02 -1.060634222288401457e-01
9.995326906794801958e-02 -1.061034206045649297e-01
1.000299184336965047e-01 -1.061290377519896883e-01
1.001505594438031610e-01 -1.061679870228870864e-01
1.003765880024512364e-01 -1.062360674689679374e-01
1.005719612901448123e-01 -1.062891047687529733e-01
1.007291144661085214e-01 -1.063272062309036509e-01
1.009940137054883974e-01 -1.063801269017225076e-01
1.011852254527033784e-01 -1.064069693288246105e-01
1.012975340103478422e-01 -1.064168430898907169e-01
1.014222617932983017e-01 -1.064211267688913026e-01
1.017559787496911811e-01 -1.063794314730107105e-01
1.023087662329639075e-01 -1.059405917012581355e-01
1.025602738725410329e-01 -1.054889764711903211e-01
1.027801655460089114e-01 -1.049970596575972304e-01
1.028837211437571564e-01 -1.047516746069322019e-01
1.032989387645642521e-01 -1.037591945041909103e-01
1.033589684485264198e-01 -1.036138572346849973e-01
1.033707170565222044e-01 -1.035852540743208289e-01
1.034033559051323881e-01 -1.035054826438684128e-01
1.035826764399065125e-01 -1.030570519712949440e-01
1.040670236283060129e-01 -1.016885355427460946e-01
1.041004923027565865e-01 -1.015793224765459968e-01
1.041249317996060797e-01 -1.014976710736830851e-01
1.041535529655724240e-01 -1.013997946273504369e-01
1.041997811231741150e-01 -1.012358952918839122e-01
1.042626060166142454e-01 -1.009992322761615186e-01
1.044246666308003418e-01 -1.002659081793401546e-01
1.045335283596263987e-01 -9.948676054347152520e-02
1.045475177429584374e-01 -9.931146331828130669e-02
1.045553466396315356e-01 -9.917692045431150683e-02
1.045590782082271852e-01 -9.908795898095389132e-02
1.045628407672123256e-01 -9.892152190905947884e-02
1.044876176284959546e-01 -9.794580763786961408e-02
1.043867451863305373e-01 -9.749475853186484464e-02
1.043346177736735880e-01 -9.731667961467849182e-02
1.041650793276567150e-01 -9.685140319835591760e-02
1.041578585908200655e-01 -9.683416052515020356e-02
1.022565232141265518e-01 -9.429131784634656177e-02
9.589054593225271317e-02 -9.054257220715873633e-02
9.395855918950128671e-02 -8.740985135774910486e-02
9.302840162695708015e-02 -8.529590484593571609e-02
8.374152896608641483e-02 -8.230483857114738455e-02
8.238334815662462507e-02 -8.017856430382155897e-02
8.433546080069510842e-02 -7.560416335057890125e-02
8.732191852471268834e-02 -7.131012580033581350e-02
1.033351521610258589e-01 -7.114442115448187109e-02
1.035453088842921837e-01 -6.892503421559793841e-02
1.026859954387847329e-01 -6.664662462355334938e-02
1.017127411954734384e-01 -6.555324191694723857e-02
1.007629542160615455e-01 -6.483108456423709864e-02
9.873339030009983808e-02 -6.394230083735266690e-02
8.639029646154738895e-02 -6.821702359719576669e-02
8.151316768431592086e-02 -6.938319135749168587e-02
8.145181901700995764e-02 -6.935129792682154237e-02
8.138481607016195829e-02 -6.931947864527064629e-02
8.114337057918205587e-02 -6.922735564798949970e-02
8.094013307000298696e-02 -6.916730100040488494e-02
8.281263165677553439e-02 -5.973691267621827894e-02
8.281263182383527544e-02 -5.973691236011737654e-02
8.281263185494724954e-02 -5.973691230124903578e-02
8.281263191349547137e-02 -5.973691219046740886e-02
8.281267827704999474e-02 -5.973682446128293633e-02
8.437773154705584255e-02 -5.060626414247103994e-02
8.401407143340489103e-02 -4.872552220227781283e-02
8.376974349807569942e-02 -4.722943504829474337e-02
8.248444796899388753e-02 -4.537501586603440162e-02
8.036658686713794852e-02 -4.236979819863877922e-02
7.950720979357631113e-02 -4.013665746044245419e-02
7.862563225140141443e-02 -3.896658432505867992e-02
7.818402938342407238e-02 -3.860955473169634666e-02
7.788045649489208633e-02 -3.834151157018758638e-02
7.759406221750633770e-02 -3.797393389266382618e-02
6.978454024072175410e-02 -4.024259992329597829e-02
5.981146670286682787e-02 -4.111094757257767462e-02
5.924586734284623818e-02 -4.049364249467891225e-02
5.417934529362274793e-02 -3.523533136785104991e-02
5.294592558262852661e-02 -3.440525118090132645e-02
4.939909487299135732e-02 -2.589082662542716712e-02
5.572219555685230252e-02 -1.234598666097364711e-02
5.563772603214203749e-02 -1.071804982119611144e-02
2.856167384362698347e-02 -2.231726581535597650e-02
2.857635907738018816e-02 -2.191230262542961937e-02
2.859469577279867211e-02 -2.151810195889231753e-02
2.862496214997238206e-02 -2.098122103137767952e-02
2.864921231821758105e-02 -2.060536104219388640e-02
2.877168169565487085e-02 -1.902146847005850919e-02
2.184991548670510778e-02 -2.278706152484229197e-02
1.996183664032148003e-02 -2.181835438868998805e-02
1.898364646069525957e-02 -1.985898739517629602e-02
1.950687412865228718e-02 -1.444187980669773760e-02
5.198990671025908138e-03 -1.430774071677109495e-02
4.902558956882203250e-03 -1.279544122278072210e-02
4.360313647264909415e-03 -1.001532512580414515e-02
3.678174647311553951e-03 -5.434480070740552518e-03
3.643219361357128740e-03 -5.027059793588188608e-03
3.631488543302485456e-03 -4.869868613297613502e-03
3.769294470590670021e-03 -1.659982665223617895e-03
