-4.076027739001988805e-04 -1.895299371451817684e-03
-6.821635877315989109e-04 -3.320305386578826633e-03
-3.598246245419848221e-04 -9.329550720182263474e-03
1.928308151184757906e-04 -1.190510490064013681e-02
6.452638182178412236e-04 -1.457848011461360116e-02
1.826113468029888802e-03 -1.895810998929607291e-02
3.624977380096254531e-03 -2.617705967758513635e-02
3.803195661483797525e-03 -2.953803844813457716e-02
4.048945318601584326e-03 -3.325453393098957988e-02
4.452478365614556156e-03 -3.497777382591232831e-02
5.010256688363383046e-03 -3.652331284148881835e-02
5.610565436742840327e-03 -4.067107087221674688e-02
5.694363340071494431e-03 -4.404415115874287662e-02
1.919985050994321100e-03 -4.338955876070912238e-02
2.659364205500188913e-03 -4.456545126911005961e-02
2.660231129034261021e-03 -4.963361211735048406e-02
4.615973299359157032e-03 -5.402499673701610661e-02
4.967515944123558451e-03 -5.623335799747831987e-02
5.511782825341559645e-03 -5.752917233146719739e-02
6.110347675309773727e-03 -5.823904955708391479e-02
6.480660192872043056e-03 -5.863276325659415311e-02
6.753885910446756451e-03 -5.896872818276424622e-02
6.983320746652283730e-03 -5.972364684293095249e-02
-3.120334090444377290e-02 -6.098752777804906933e-02
-3.274638314580484433e-02 -6.127558936843749415e-02
-4.185770605716350456e-02 -6.302997083819973645e-02
-4.466867610503365976e-02 -6.388417302831829458e-02
-4.574727374021333309e-02 -6.451791189718837638e-02
-4.606316562167333400e-02 -6.472184006056973249e-02
-5.436443196545587969e-02 -6.591157827458547780e-02
-5.389018731446900551e-02 -6.603430016898033383e-02
-5.316169673307648974e-02 -6.619899780806830225e-02
-4.947014063482823437e-02 -6.613143792827813616e-02
-3.978898442547097736e-02 -6.379028029958816459e-02
-2.408737428222580690e-02 -6.438971670900038580e-02
-2.075851969595740587e-02 -6.436575963699583958e-02
-8.014087309862359329e-03 -6.556470174749490232e-02
-5.482735354014462575e-03 -6.596812144432695479e-02
-2.969899803314481578e-03 -6.684236112645777772e-02
-2.529249456058480384e-03 -6.829254127522303708e-02
5.151640741573303497e-03 -7.115805838513046544e-02
5.360077135317896195e-03 -7.159135922106323047e-02
5.566481332151303717e-03 -7.204578408434417214e-02
-1.057847152536988203e-02 -8.765407699465152525e-02
-1.321723129031878406e-02 -8.969066258749565368e-02
-1.339954820257866289e-02 -8.991943822155099020e-02
-1.362665149351992462e-02 -9.022826594438973502e-02
-1.542813440183469532e-02 -9.264794817383538439e-02
-2.116001943447300138e-02 -9.865561405460476774e-02
-2.116895659441416985e-02 -9.866598428787158592e-02
-2.117887446029879592e-02 -9.867749800031622165e-02
-2.122714526514026673e-02 -9.873361733365905446e-02
-2.133537975583278679e-02 -9.885991901372893909e-02
-1.373662733662052264e-02 -9.584199264372991744e-02
-1.372521258024894837e-02 -9.583872783736052670e-02
-1.371982754268842239e-02 -9.583719291665805662e-02
-1.371062446093465961e-02 -9.583457741864853663e-02
-1.369173385000167602e-02 -9.582923839381260467e-02
1.693154943277863644e-02 -8.217801213000598681e-02
2.967835030736873381e-02 -8.259803213434592506e-02
2.157425367016723577e-02 -9.643712364808477988e-02
3.406731830631208602e-02 -8.579526294780384643e-02
3.858585581198670927e-02 -9.625392996146313329e-02
3.734390964184797213e-02 -1.039196422366447936e-01
4.364608617858266315e-02 -9.836795077141798072e-02
4.390007184603685747e-02 -9.819374529522538475e-02
4.768101628635428024e-02 -9.211579157910224080e-02
4.809437425360208601e-02 -9.228817782220771759e-02
4.842554752146240038e-02 -9.241769660571692857e-02
4.865438455324867795e-02 -9.250094975159249555e-02
4.881354232981085367e-02 -9.255506434087079626e-02
4.899029017745929609e-02 -9.261078616706261424e-02
4.914320876330293547e-02 -9.265462131349500030e-02
4.937954157412533657e-02 -9.271260127761343783e-02
4.982599908359425234e-02 -9.277634382765158338e-02
5.030437821806431342e-02 -9.273018660452501949e-02
5.082882982693421453e-02 -9.243461584040650603e-02
5.159790882724851063e-02 -9.108612863857454278e-02
5.191310065304206162e-02 -9.034147218332917728e-02
5.207555737143317043e-02 -9.001774608697567237e-02
3.844589147917478605e-02 -8.488710747113881183e-02
3.839237422911441489e-02 -8.477777837894023838e-02
3.838564499711544231e-02 -8.476400040948095516e-02
3.838114300170644699e-02 -8.475478050654873530e-02
3.836558055168372283e-02 -8.472289971823089572e-02
3.876942056904210399e-02 -7.688791198835245866e-02
3.955202479090900308e-02 -7.732013366765676243e-02
3.999333139334750736e-02 -7.761741185766113382e-02
4.203043660334770254e-02 -7.937639512341748693e-02
5.200535124540196091e-02 -7.379883729825688354e-02
5.557888002481282952e-02 -7.471948494913319139e-02
5.817945351475140026e-02 -7.509812910093960348e-02
6.787394679638253381e-02 -7.583069626301558452e-02
7.589998232109407272e-02 -3.910303762942270861e-02
7.686919284562356014e-02 -3.874827180977410968e-02
7.766883283928209536e-02 -3.847474834623784701e-02
7.852563155460649813e-02 -3.818560949168486873e-02
7.888598136685277817e-02 -3.805957249899798861e-02
7.904496799404678309e-02 -3.800163505437644668e-02
7.916688936851816460e-02 -3.795562755455198639e-02
7.925852266488792042e-02 -3.791980262265229329e-02
7.930466572842993778e-02 -3.790124290162025927e-02
7.933142800366667358e-02 -3.789028902476481581e-02
7.937502822340138098e-02 -3.787210255538542986e-02
7.940845082582564940e-02 -3.785784010267603805e-02
7.945294236318913017e-02 -3.783836560950876171e-02
7.949341799262860109e-02 -3.782009982199779213e-02
7.954822592265781145e-02 -3.779438709219476444e-02
7.958875810809713791e-02 -3.777451172925035822e-02
7.962384357885056441e-02 -3.775659958764022994e-02
7.965497899802997939e-02 -3.774005525780401576e-02
7.968669192517083277e-02 -3.772246176329193540e-02
7.972933058500948633e-02 -3.769735598833080792e-02
7.983000713569295137e-02 -3.762772158341181478e-02
7.989387303823410058e-02 -3.756730154726294069e-02
7.993307725292965460e-02 -3.750689209108825500e-02
7.994350496528045136e-02 -3.747241979192467848e-02
7.994234740775335579e-02 -3.742190703600582063e-02
7.993444939157398621e-02 -3.739693515883435460e-02
7.992735141989412706e-02 -3.738187701625965420e-02
7.992410551486482662e-02 -3.737599495895334994e-02
7.991092235961889945e-02 -3.735574556844319105e-02
7.990136508862170917e-02 -3.734338206891395229e-02
7.988526453193096899e-02 -3.732517942574414133e-02
7.987518827710241021e-02 -3.731495634997648164e-02
7.986006244598915782e-02 -3.730081559597150237e-02
7.984212650753194640e-02 -3.728545947112663073e-02
7.981690944548598676e-02 -3.726574870649013160e-02
7.977509541459351650e-02 -3.723638164688677227e-02
7.973954552117812344e-02 -3.721363047119188860e-02
7.972196499011374726e-02 -3.720292892893291986e-02
7.971123594555541703e-02 -3.719654581404088778e-02
7.970383184303957147e-02 -3.719220000066921633e-02
7.967758299989757820e-02 -3.717713973836184876e-02
7.958152817356774211e-02 -3.712541180550361225e-02
7.953322582785379846e-02 -3.710073424694187300e-02
7.951809098972251189e-02 -3.709312350110665485e-02
7.950924405233066039e-02 -3.708869682861964251e-02
7.949495635608189170e-02 -3.708157878692424497e-02
7.945981488015711747e-02 -3.706420881777745119e-02
7.940637279155655925e-02 -3.703805879211145152e-02
7.934830182275486032e-02 -3.700982651697543035e-02
7.927610288220786339e-02 -3.697472747266810494e-02
7.917778073359302282e-02 -3.692669419667027331e-02
7.913309890016158310e-02 -3.690474704155191632e-02
7.912938663883607726e-02 -3.690291981315903247e-02
7.912533171247052022e-02 -3.690092322479170128e-02
7.911969454974882021e-02 -3.689814634791433595e-02
7.910551225176545853e-02 -3.689115375276669911e-02
7.898305808241821990e-02 -3.683036477108842660e-02
7.877100435530869083e-02 -3.672306217470815842e-02
7.852803537698431480e-02 -3.659643119423115071e-02
7.814515321863656216e-02 -3.638801982566765292e-02
7.773069974665286486e-02 -3.614965695852987576e-02
7.744585456344231511e-02 -3.597813486423302037e-02
7.719119090335013755e-02 -3.581958165804594724e-02
7.675058143866207716e-02 -3.553401900891731136e-02
7.626708589924284520e-02 -3.520470695795164390e-02
7.588304871941674301e-02 -3.493024466834409453e-02
7.558021822048394123e-02 -3.470430514860331495e-02
7.527659450778567685e-02 -3.446746851676322360e-02
7.502766361113905047e-02 -3.426366093512834415e-02
7.456298342180694982e-02 -3.384983079863880528e-02
7.400400229648633477e-02 -3.194112181768610920e-02
7.362770305692892259e-02 -2.981189203456249479e-02
7.284469422647997516e-02 -2.789347630339391107e-02
7.344969593792038953e-02 -2.487492396641545825e-02
7.264216621099990612e-02 -2.366257007193504208e-02
7.116783629805190081e-02 -2.218531190051814886e-02
7.031687490714445821e-02 -2.120659338310159486e-02
6.937878247566436896e-02 -2.051651407148924119e-02
6.238141454902673688e-02 -3.059974037470902797e-02
6.203138377918641921e-02 -3.062229944970049772e-02
6.154721486637774325e-02 -3.065233041792619906e-02
6.082906090613139638e-02 -3.069606939273149260e-02
6.030732758428193618e-02 -3.072857440822659991e-02
5.987262981734736700e-02 -3.075694586444572415e-02
5.726600544670459869e-02 -3.099099785398628376e-02
2.678558218323173409e-02 -5.085283226632065362e-02
2.667603107400930845e-02 -4.969309041492544349e-02
3.017979834425802560e-02 -4.561281931384669752e-02
2.791808436349636768e-02 -4.646284315418602873e-02
1.529975878159845620e-02 -5.466176635078562329e-02
1.461308648032639407e-02 -5.461912347464417672e-02
1.354306470813326432e-02 -5.443877596130303198e-02
1.250908193347016750e-02 -5.423115227459247845e-02
1.200422236078622917e-02 -5.412587362546600334e-02
1.126626291915134963e-02 -5.392215232315605844e-02
1.017903109753777111e-02 -5.335627914751560341e-02
9.466535618374533750e-03 -5.242348602826337606e-02
8.470185095130212602e-03 -4.786897748221589227e-02
6.609861104371022970e-03 -4.006422217500578420e-02
5.962705908056130724e-03 -3.397269986056242891e-02
5.639020714253385400e-03 -3.044788160811509256e-02
4.189306507446578093e-03 -2.230139869298950958e-02
2.925193029100685380e-03 -1.250542455886086840e-02
2.383306938593430374e-03 -8.681577299828505123e-03
2.195514575959379121e-03 -7.506294194734849934e-03
1.545242244674973481e-03 -3.646819569700346288e-03
