-2.898315056050773525e-06 -1.660886053909363283e-04
-3.073056198296077392e-07 -2.408011543603877402e-04
4.284881910902099342e-03 -8.913346809907947074e-03
5.754948464417197589e-03 -1.209665566659973331e-02
7.461307617684357144e-03 -1.750795502504570375e-02
9.812302023753185359e-03 -2.536683240238519696e-02
1.287251800605400398e-02 -3.842989772373186369e-02
1.353569159233160464e-02 -4.411366108631568916e-02
1.428342564520032609e-02 -5.120854766591388663e-02
1.458245478536968065e-02 -5.436726509630694648e-02
1.484986141625074460e-02 -5.758955176916029373e-02
1.345028049631399360e-02 -6.908412175349380735e-02
1.048708603672190293e-02 -8.205762074996432454e-02
9.544618203963357861e-03 -8.411789929573722235e-02
8.807192339240663484e-03 -8.652031128357490219e-02
6.062822847759467490e-03 -9.600395559298387227e-02
3.763371847106220403e-03 -1.012794870537309655e-01
-1.628277054855710275e-03 -1.102269739757516520e-01
-1.999616777601939070e-03 -1.111220560011223074e-01
-6.075929667160860290e-03 -1.183578953929274313e-01
-6.076807604386948516e-03 -1.183607436514652195e-01
-6.110787507220259186e-03 -1.184719936537032142e-01
-8.506672921431656514e-03 -1.222952651697044035e-01
-1.260634753739215547e-02 -1.271319589258276539e-01
-1.644075589630168699e-02 -1.335011053457358099e-01
-2.053983591482317836e-02 -1.373468636183582392e-01
-2.261644785405030056e-02 -1.404449853055698139e-01
-2.410705482187344012e-02 -1.433341151723118989e-01
-2.522406600367387008e-02 -1.450246873834505901e-01
-3.097440934498763010e-02 -1.521147182820531407e-01
-3.369668618362130219e-02 -1.549907050386267471e-01
-3.609958473647808391e-02 -1.588072634952384932e-01
-3.616522932019675812e-02 -1.600686964180186578e-01
-3.621101085235490374e-02 -1.607084239822927918e-01
-3.628875678546092387e-02 -1.614109792209148797e-01
-3.821216413332681472e-02 -1.641242052851788480e-01
-3.540918614771455114e-02 -1.645120880102144412e-01
-3.568289066284702216e-02 -1.654627970992949004e-01
-3.634824888171379886e-02 -1.668465416783269650e-01
-3.743571452662253912e-02 -1.687611550574779906e-01
-3.841866546554963818e-02 -1.703137133647220636e-01
-3.906078246168599027e-02 -1.712223857893988566e-01
-4.215437013157442153e-02 -1.740618530436736089e-01
-5.583301419379516073e-02 -1.866072310690573000e-01
-5.583351501094103997e-02 -1.866090140632769845e-01
-5.583450595598955790e-02 -1.866125406309591395e-01
-5.583489175489040474e-02 -1.866139131213304103e-01
-5.584204336124355683e-02 -1.866393068979756986e-01
-5.585037005572011243e-02 -1.866687632103433137e-01
-5.585071248597316129e-02 -1.866699721744736473e-01
-5.585124798967856102e-02 -1.866718624221308243e-01
-5.586948085684007026e-02 -1.867359688460676070e-01
-5.587348860382995719e-02 -1.867499992396960962e-01
-5.587481809572113212e-02 -1.867546491252310703e-01
-5.588454197161033671e-02 -1.867885952265891103e-01
-5.588816805316728503e-02 -1.868012272133439122e-01
-5.589039684616328024e-02 -1.868089848373577222e-01
-5.589363894527742127e-02 -1.868202606899644069e-01
-5.589366125389601953e-02 -1.868203382433211712e-01
-5.589367157852385970e-02 -1.868203741355483338e-01
-5.589368201290036142e-02 -1.868204104092005269e-01
-2.436554552325127451e-02 -1.716576937459168839e-01
1.585751123012983091e-03 -1.652865037355577549e-01
2.234553891347713581e-02 -1.648888972445786971e-01
2.865624380184087286e-02 -1.664380917084800071e-01
2.992493023496892168e-02 -1.672557005594021706e-01
3.205841368162346688e-02 -1.686262834622410112e-01
3.573060744214569262e-02 -1.699406968577100718e-01
4.108262477236129112e-02 -1.730940397241275130e-01
4.281971829950364378e-02 -1.774031340320865735e-01
5.035103364538884296e-02 -1.849428077164681217e-01
5.175055855879091837e-02 -1.914623431864634073e-01
5.114350271839850082e-02 -1.947583191559328353e-01
5.112222504641447673e-02 -1.969140642508481198e-01
5.121558402998976911e-02 -1.974113784691017837e-01
5.143927466857547287e-02 -1.977311869274933354e-01
5.190714576546457543e-02 -1.972330978098222332e-01
5.431273254892567126e-02 -1.943259526968151296e-01
5.621580125140357431e-02 -1.945332173156090472e-01
5.822550107071079034e-02 -1.956696444262460699e-01
6.148917592750759165e-02 -1.976118774315847593e-01
6.312138821853542636e-02 -1.991253399811346858e-01
6.362780489207785217e-02 -1.999814079225511465e-01
6.478276181401054767e-02 -2.006611367502761922e-01
6.862358018629513556e-02 -1.979803401709058774e-01
6.850440670132459942e-02 -2.020842201331975452e-01
6.925779972167213361e-02 -2.024105196176892996e-01
6.921104858958079808e-02 -2.093725790917870533e-01
7.113480842490146894e-02 -2.102486115995283733e-01
7.213323891915104924e-02 -2.108206478681484974e-01
7.316404027788636633e-02 -2.112411922292826150e-01
7.442800999155424480e-02 -2.114893515081430753e-01
7.663546114248147301e-02 -2.115833572516805927e-01
8.023806994018901906e-02 -2.115990710010598463e-01
8.230862219088466714e-02 -2.117634438083121073e-01
8.320578878210757590e-02 -2.119506459769245899e-01
1.088279990615301784e-01 -1.877900506523246527e-01
1.088280279481636248e-01 -1.877900295650299922e-01
1.088280459480143320e-01 -1.877900164247259529e-01
1.195142366746160950e-01 -1.797016201956511128e-01
1.195765384065923670e-01 -1.797297354869043795e-01
1.196112267509755883e-01 -1.797456023399259806e-01
1.196430129291056466e-01 -1.797602786147653453e-01
1.197105118037287280e-01 -1.797918896296725744e-01
1.198399537571809698e-01 -1.798542836005678491e-01
1.199681920934873303e-01 -1.799185588781536393e-01
1.200792272035136471e-01 -1.799763597681554583e-01
1.202038470707238182e-01 -1.800438229659424572e-01
1.203724328885914380e-01 -1.801399273586809235e-01
1.204595940111208158e-01 -1.801920312006823899e-01
1.205152589091651044e-01 -1.802262415819095298e-01
1.205496347768673510e-01 -1.802477468660589055e-01
1.205844439326470979e-01 -1.802698238706789691e-01
1.206675468959635678e-01 -1.803237552620634288e-01
1.200659364309494270e-01 -1.783805872911924106e-01
1.251516593667751365e-01 -1.760108774166445622e-01
1.217714338199386986e-01 -1.755907994842115516e-01
1.315401888871176872e-01 -1.593167943041310652e-01
1.307763900494666731e-01 -1.592674914503742489e-01
1.303702314955301200e-01 -1.592352813947909840e-01
1.300371119866625680e-01 -1.592045795058629198e-01
1.295415920176916091e-01 -1.591495501846789118e-01
1.289497100636934068e-01 -1.590642640530931240e-01
1.282673901017069851e-01 -1.589361509626228686e-01
1.273962130372375545e-01 -1.587268015448164149e-01
1.264275591683975686e-01 -1.584476161287907692e-01
1.253795653723899506e-01 -1.581384860790596147e-01
1.237292254748237064e-01 -1.577945807956332436e-01
1.211191438702005352e-01 -1.574870556775654351e-01
1.193981174306642384e-01 -1.571412071247696163e-01
1.189174128401079694e-01 -1.569852061155773693e-01
1.188023786079934752e-01 -1.569447713362121799e-01
1.185702203547924077e-01 -1.568604978002192119e-01
1.165573836246135836e-01 -1.561054682754431655e-01
1.102935142817589864e-01 -1.539735344519958249e-01
1.084665432637915983e-01 -1.531058535265051868e-01
1.076029983882919316e-01 -1.525841421871254044e-01
1.074508651218853139e-01 -1.525005937258289979e-01
1.073776368869902437e-01 -1.524633390155180346e-01
1.032501235535286943e-01 -1.513104261354905333e-01
9.275024882110946556e-02 -1.463726116344720996e-01
8.928719054403007338e-02 -1.435593198711977159e-01
8.741835120391293346e-02 -1.411885817023752210e-01
8.538436087876236091e-02 -1.371552894797913313e-01
8.473044541642678340e-02 -1.353071319505479431e-01
8.451913406855370015e-02 -1.326878729925430045e-01
8.652114840565387766e-02 -1.314861848627841556e-01
8.939850872201195175e-02 -1.307207614891750247e-01
8.984284758915243863e-02 -1.284656846162159083e-01
8.850672165727617446e-02 -1.254435941751171901e-01
8.747999836865924528e-02 -1.239081429555265873e-01
8.654485836336772708e-02 -1.227871432632841181e-01
8.446207608318274940e-02 -1.213983827427211337e-01
8.208257213866955448e-02 -1.202383338448525518e-01
7.940116435698721387e-02 -1.181907411436606270e-01
7.830943441495692714e-02 -1.176037176843494625e-01
7.735657723996886004e-02 -1.171437362985362773e-01
7.373214336488186083e-02 -1.156159554719854154e-01
7.216696168444093618e-02 -1.150567488909794017e-01
7.080770641640764251e-02 -1.146369819821180663e-01
6.947860737329493441e-02 -1.143278091553367598e-01
6.409980720286159728e-02 -1.023817157468385475e-01
6.210164429229889094e-02 -1.018408594913469412e-01
6.007808275973906126e-02 -9.917652564963144735e-02
5.946648788477815889e-02 -9.639301718712037226e-02
5.903796409080280111e-02 -9.352277495961930365e-02
5.881467830114171791e-02 -9.150976062620679030e-02
5.711990579634423221e-02 -8.793157119449285242e-02
5.325358047380328308e-02 -8.445276527587652904e-02
5.138287201821011702e-02 -8.129971430449516034e-02
4.927397797792791578e-02 -7.967868119351557976e-02
4.871736810908373211e-02 -7.903770002772532444e-02
4.824817906638935450e-02 -7.832630749663344050e-02
4.759639387227418417e-02 -7.751049167341282631e-02
4.544759304331418698e-02 -7.699970483566721813e-02
4.451859922968256361e-02 -7.644820622259677900e-02
5.199068865917260557e-02 -6.876684891566611779e-02
3.657026706625755852e-02 -6.585556440662147792e-02
3.528884249676754459e-02 -6.426000135989541617e-02
3.015766704711890164e-02 -5.481758083730374487e-02
2.960420904089231323e-02 -5.385503922172383412e-02
2.874097602119069297e-02 -5.250093583353790394e-02
2.834040972599874766e-02 -5.189769565690945108e-02
2.679930361243203218e-02 -4.898830114495179855e-02
2.498836643963303975e-02 -4.558565890718808966e-02
2.239295511045420739e-02 -3.983360832773021748e-02
2.193999577974440826e-02 -3.894000343957945698e-02
2.130768001356166119e-02 -3.771707090420509112e-02
2.045322840563664618e-02 -3.568381893594027576e-02
2.003043453909849475e-02 -3.440344127569806842e-02
1.880558963430469313e-02 -3.082253608379628002e-02
1.619909446485249052e-02 -2.446496340356939247e-02
1.440763137437691549e-02 -2.017139789379264123e-02
1.331677294220848240e-02 -1.775209213354461690e-02
1.135752337991494804e-02 -1.333778760358965594e-02
8.255921211641809379e-03 -6.494057014499903142e-03
6.240670740646449798e-03 -4.308899323099709029e-03
5.127440482102153807e-03 -3.305447789811067662e-03
2.837694477865419958e-03 -1.514110547313037491e-03
