-2.352264285039662583e-06 -1.535961353875366287e-06
-7.049142618587799739e-05 -4.712395072446013897e-05
3.319398722221053133e-04 -3.728787449970433210e-03
6.353468789425739324e-03 -9.511287938598032843e-03
9.009141366070073584e-03 -1.313938072437242227e-02
1.350005978932844984e-02 -1.933838991224168941e-02
2.288337313789469071e-02 -2.748200529121356053e-02
2.580082937692995335e-02 -3.205439952714411039e-02
2.748987112078849285e-02 -3.723737810437909024e-02
2.867712325883287408e-02 -3.989748547286204455e-02
3.121989483742929408e-02 -4.219767665099984771e-02
3.315411165634503388e-02 -4.680344843485508693e-02
3.388427379279185248e-02 -4.851863555514639159e-02
3.388437276167691192e-02 -4.851886201243458402e-02
3.432977240647852590e-02 -4.952901185719053162e-02
3.524434116913611331e-02 -5.159447112602928709e-02
3.670468673315514796e-02 -5.517259877202435742e-02
3.721804146266868840e-02 -5.679336884388852535e-02
3.748326042897202198e-02 -5.800743704642419285e-02
2.744382543319085974e-02 -7.319246676935781126e-02
2.744382539889099124e-02 -7.319246665689659037e-02
2.744382535941784426e-02 -7.319246652747342374e-02
2.744382530516577268e-02 -7.319246634959368503e-02
2.744382523925247355e-02 -7.319246613347957231e-02
2.744382516513452913e-02 -7.319246589046443652e-02
2.744382509539562351e-02 -7.319246566180719060e-02
2.743144288629343480e-02 -7.315278734759071699e-02
2.743144249263888834e-02 -7.315278611456398072e-02
2.743144198992497618e-02 -7.315278453993795393e-02
2.743144126266369720e-02 -7.315278226197831357e-02
2.743144054774178733e-02 -7.315278002267444624e-02
2.743143985988666378e-02 -7.315277786815559125e-02
2.743143898054788837e-02 -7.315277511387417719e-02
2.743143762016614709e-02 -7.315277085287820447e-02
2.743143493356158674e-02 -7.315276243794065214e-02
2.743142598503589547e-02 -7.315273441010922140e-02
2.743142388571431431e-02 -7.315272783491938435e-02
2.743142150594864506e-02 -7.315272038142374422e-02
2.743141982611564667e-02 -7.315271512017632038e-02
2.743141896733828494e-02 -7.315271243049262240e-02
2.743141864873330921e-02 -7.315271143262658260e-02
2.743141854298240465e-02 -7.315271110141656485e-02
2.743141850412884539e-02 -7.315271097972790570e-02
2.743141847983697479e-02 -7.315271090364622308e-02
2.743141846668373240e-02 -7.315271086245050958e-02
2.743141845901471074e-02 -7.315271083843127853e-02
2.743141845471606596e-02 -7.315271082496802024e-02
2.743141845247032765e-02 -7.315271081793438268e-02
2.743141845088577224e-02 -7.315271081297160249e-02
2.743141844964236409e-02 -7.315271080907727319e-02
2.743077545568899100e-02 -7.315069930345063920e-02
2.743077543858933598e-02 -7.315069925001918549e-02
2.743077542143682393e-02 -7.315069919642255836e-02
2.743077538776039423e-02 -7.315069909119349678e-02
2.743077528630730871e-02 -7.315069877418213518e-02
2.743077508654945609e-02 -7.315069814999736186e-02
2.743077485651984268e-02 -7.315069743122275259e-02
2.743077458686789608e-02 -7.315069658864081781e-02
2.743077419257183500e-02 -7.315069535658465238e-02
2.743077382161833444e-02 -7.315069419746855761e-02
2.743077341884460688e-02 -7.315069293892573210e-02
2.743077299643312261e-02 -7.315069161902297556e-02
2.743077274298344470e-02 -7.315069082707360837e-02
2.743077246744524134e-02 -7.315068996610545049e-02
2.743077226731401724e-02 -7.315068934076035534e-02
2.743077207247429303e-02 -7.315068873194990884e-02
2.743077186878088020e-02 -7.315068809547503603e-02
2.743077164304231347e-02 -7.315068739011688914e-02
2.743077137688008232e-02 -7.315068655844890466e-02
2.743077094445283554e-02 -7.315068520726004941e-02
2.743077057732800847e-02 -7.315068406012081859e-02
2.743077021766314114e-02 -7.315068293629288509e-02
2.743076979437887586e-02 -7.315068161367827004e-02
2.743076923740975920e-02 -7.315067987334854249e-02
2.743076870121185368e-02 -7.315067819792475667e-02
2.743076830474163938e-02 -7.315067695910135170e-02
2.742860301076137375e-02 -7.314393753878037363e-02
2.742859797770910366e-02 -7.314392193456276114e-02
2.742859696529257804e-02 -7.314391879575241062e-02
2.742859591435583069e-02 -7.314391553752928876e-02
2.739686972762800377e-02 -7.305078175420703923e-02
2.578289512582810153e-02 -4.945046338419317039e-02
4.197079725736500844e-02 -1.518246194590351372e-01
4.228183993369274279e-02 -1.514361460646551083e-01
4.241315868196793293e-02 -1.512838130139236292e-01
4.262085272650404516e-02 -1.510573481190459200e-01
4.277960139797638839e-02 -1.508962146284696659e-01
4.289205259472191750e-02 -1.507882005579530282e-01
4.295956152197558803e-02 -1.507256870445084773e-01
4.305157610877360930e-02 -1.506430996418522683e-01
4.312749759441558001e-02 -1.505769877102972609e-01
4.323863487854739951e-02 -1.504827463142183186e-01
4.344893192859262954e-02 -1.503046156133740485e-01
4.360294355723932230e-02 -1.501496149433275973e-01
4.373874370525555194e-02 -1.498356022636893603e-01
4.373874386534390424e-02 -1.498356011428793599e-01
4.373874394441931712e-02 -1.498356005892531040e-01
4.373874400456270739e-02 -1.498356001681729888e-01
4.373874409087116777e-02 -1.498355995639015226e-01
4.373874417285960464e-02 -1.498355989898731977e-01
4.373874426206866145e-02 -1.498355983652878698e-01
4.373874434619057922e-02 -1.498355977763166647e-01
4.373874446231475199e-02 -1.498355969632800822e-01
4.373874473842552513e-02 -1.498355950300856165e-01
4.374678789848444882e-02 -1.495461412541100044e-01
4.374678699152836914e-02 -1.495461229642514878e-01
4.374678657813813043e-02 -1.495461146285090859e-01
4.374678619594079415e-02 -1.495461069221788453e-01
4.374678575682280218e-02 -1.495460980686523778e-01
4.374678510624681327e-02 -1.495460849526923652e-01
4.374678431483727814e-02 -1.495460689990572023e-01
4.374678337399094674e-02 -1.495460500352898403e-01
4.374678157159997416e-02 -1.495460137131106038e-01
4.374670149112400153e-02 -1.495444089981128877e-01
4.374273579145405988e-02 -1.494787351987139079e-01
4.373868204273795995e-02 -1.494253775722582667e-01
4.373269662933768759e-02 -1.493572773605134352e-01
4.371405892366918983e-02 -1.491754419691613265e-01
4.370541863039882624e-02 -1.490964285076808726e-01
4.369748519105487450e-02 -1.490240874335990173e-01
4.369723315263022295e-02 -1.490217787960175233e-01
4.368884635523970911e-02 -1.489441614663438718e-01
4.367802380538374218e-02 -1.488402490444964699e-01
4.367251697672408506e-02 -1.487848531964337806e-01
4.367107101398478436e-02 -1.487699393244664992e-01
4.366581039677569498e-02 -1.487141289912202458e-01
4.366182712934100346e-02 -1.486699623971900752e-01
4.365320676944140638e-02 -1.485668438277770176e-01
4.364290846969371557e-02 -1.484225672945482799e-01
4.362948435022266647e-02 -1.481425375311433146e-01
4.362819481926392268e-02 -1.480978498435113200e-01
4.362707112527033915e-02 -1.480494352688214721e-01
4.362552963099017300e-02 -1.479301120126907398e-01
4.362541842008193366e-02 -1.478996538323407162e-01
4.363605994612545363e-02 -1.474732131906653088e-01
4.370432178089252856e-02 -1.467602234172155629e-01
4.374906996377428414e-02 -1.464730159175479940e-01
4.383615853962803677e-02 -1.460300794393764867e-01
4.391591010418234575e-02 -1.456896113967501849e-01
4.415924083576937970e-02 -1.448229290008582748e-01
4.429819166963898380e-02 -1.443932205646582256e-01
4.460183720896351151e-02 -1.435497921615683514e-01
4.474925677339020025e-02 -1.431750518940843597e-01
4.537048811783506858e-02 -1.417721193375481858e-01
4.556101616311694635e-02 -1.413888748654492933e-01
4.634029635279311721e-02 -1.400196182629883102e-01
4.721414731193684239e-02 -1.388485894011345367e-01
4.821067138794356971e-02 -1.378105124837215312e-01
4.945392441721250393e-02 -1.353277316485018700e-01
4.933386482936889111e-02 -1.337549469452697370e-01
4.929468092199688206e-02 -1.333831505706511711e-01
4.926954261000833502e-02 -1.331287696829183131e-01
4.920743841299773935e-02 -1.323167601498936308e-01
4.919642033976259071e-02 -1.320792206079472175e-01
4.918625067571183451e-02 -1.315714541965323503e-01
4.921718612514468238e-02 -1.305268466399849281e-01
4.929414399045183026e-02 -1.296095833623683857e-01
4.951171883822154396e-02 -1.281775260235462621e-01
1.049645666580666381e-01 -9.553793207282987310e-02
1.048932864372473656e-01 -9.550748043760222405e-02
1.048559027212896261e-01 -9.548783784257731944e-02
1.048262149256075360e-01 -9.546993811489874748e-02
1.047990800514641552e-01 -9.545140880963329244e-02
1.047378220096153306e-01 -9.539945772222480080e-02
1.275701211084108444e-01 -6.293017137634140945e-02
1.269486219379873659e-01 -6.230827188894598467e-02
1.266395069827133679e-01 -6.201153430939104760e-02
1.212747048608167205e-01 -6.042542042000089569e-02
1.076715440743048202e-01 -6.348545325531858297e-02
1.063482424785142100e-01 -6.294067443483340740e-02
7.784242316571406139e-02 -7.528029364557391190e-02
7.685347822492236136e-02 -7.404069125939635732e-02
7.631736063245092572e-02 -7.325569511617069374e-02
7.611235000981543541e-02 -7.297327112489285228e-02
7.561375749523892298e-02 -7.235910348137182535e-02
7.434181488602106813e-02 -7.090720575175590845e-02
7.383483620684379301e-02 -7.013896225874947932e-02
6.750913116531974401e-02 -6.316197219300410948e-02
5.970022789290308635e-02 -6.473738076038668132e-02
5.800571300762889793e-02 -6.452863009459403054e-02
5.783052797642214415e-02 -6.454357964518002422e-02
5.350187577251695747e-02 -6.573132664133257697e-02
4.535374596238334055e-02 -6.693148650365955687e-02
4.292791752847645304e-02 -6.166964455868907680e-02
4.030383428496754628e-02 -5.055639571277594640e-02
3.836931296720151596e-02 -4.321006611872342529e-02
3.719474972817061326e-02 -4.207089350349412643e-02
3.515501410853861392e-02 -3.983664714453400563e-02
3.227880675097805074e-02 -3.559572524731059728e-02
3.059068415915732961e-02 -3.380482949185150549e-02
2.864614424066046564e-02 -3.144667827308107039e-02
2.565226763649008576e-02 -2.634470479366050888e-02
2.350947824828076779e-02 -2.315360723585786415e-02
2.255143252930029082e-02 -2.104694030363452734e-02
1.965279705058264534e-02 -1.773440446945152502e-02
1.062160104560897801e-02 -9.833149395856166652e-03
8.166891323343005923e-03 -6.922645698723916240e-03
7.090488628768643747e-03 -5.690740372999074891e-03
4.378716899855744984e-03 -2.334474631153051274e-03
