-1.412399932479267305e-04 -1.408745081735098817e-03
-1.955355193479327866e-04 -1.935327225765500836e-03
-6.596753911669104697e-04 -5.898571058118755490e-03
-7.941409939962716137e-04 -6.783311693676514868e-03
-1.399829443258353854e-03 -9.717292962121757902e-03
-1.679848732878671440e-03 -1.121916625696179823e-02
-3.145200250741901973e-03 -1.661795402770788882e-02
-3.650300423156792578e-03 -1.845516740876869052e-02
-4.156670793308434898e-03 -2.080567078643877008e-02
-4.492491936823194039e-03 -2.177582803329996750e-02
-4.878046754608697175e-03 -2.274872047965933661e-02
-7.278487462389746435e-03 -2.768003532861654931e-02
-1.262827569442387214e-02 -3.664559465786301762e-02
-3.273844610516479792e-02 -4.018260237656434003e-02
-3.204613469424126559e-02 -4.145421532056619424e-02
-3.106745799798532257e-02 -4.435094753732503337e-02
-3.165706836364228643e-02 -4.862296203281583906e-02
-3.180912747254269896e-02 -5.099331826850672655e-02
-3.202243301432647349e-02 -5.246684336031929435e-02
-3.262135274772141186e-02 -5.552211190514608208e-02
-3.265194732701667824e-02 -5.569667693873214115e-02
-3.275782577146530566e-02 -5.634320583859269566e-02
-3.434823115048575570e-02 -6.182977862983218831e-02
-3.604273179670834659e-02 -6.761067240771800879e-02
-3.290018285508607837e-02 -8.345049224652821562e-02
-3.475140904840513800e-02 -8.590943435469834688e-02
-3.600659033226655953e-02 -8.818998422079821209e-02
-3.710045290595239548e-02 -8.993948620645350611e-02
-3.791202971188618182e-02 -9.127038087466539384e-02
-3.916774554307207723e-02 -9.394667969780788608e-02
-4.001678326436779176e-02 -9.532283127517360288e-02
-3.801000165592646057e-02 -9.810126854840509059e-02
-3.706973886016415309e-02 -1.007047750585924051e-01
-3.696337793871776883e-02 -1.023123737694612151e-01
-3.603114608729635071e-02 -1.036325570808851182e-01
-3.500330006651004161e-02 -1.042431654774435001e-01
-3.070772256477449086e-02 -1.056584787221199750e-01
-3.065383406095060354e-02 -1.061469366731424974e-01
-3.066528480802214671e-02 -1.063410226928081792e-01
-3.075158750140655553e-02 -1.069481810928451793e-01
-1.859832230059117394e-02 -1.119446309008999135e-01
-1.841969538291914760e-02 -1.121794301627989099e-01
-1.431482239771455188e-02 -1.131052938210805464e-01
-2.173379165935078808e-02 -1.267907777686057558e-01
-2.163639039177360848e-02 -1.268581113066571675e-01
-2.162857043808370794e-02 -1.268634785034009338e-01
-2.161835794319208470e-02 -1.268704800234604080e-01
-2.096469195088312629e-02 -1.273110564733345718e-01
-3.119778422899896486e-02 -1.366461127397187447e-01
-3.119778689643244035e-02 -1.366461151636794713e-01
-3.119778981823962197e-02 -1.366461178187976522e-01
-3.119779181421859088e-02 -1.366461196325940985e-01
-3.119779619833190978e-02 -1.366461236165519288e-01
-3.119779860093226456e-02 -1.366461257998592971e-01
-3.119782181139089255e-02 -1.366461468918981625e-01
-3.915847903012023568e-02 -1.446447770483982875e-01
-4.372825656134046723e-02 -1.495046177569346324e-01
-4.640402639912165339e-02 -1.526780540332203229e-01
-4.499897750124012830e-02 -1.546568657472020547e-01
-3.079293536076649698e-02 -1.473090040437238235e-01
-3.079077258155419466e-02 -1.473086676170371756e-01
-3.077542369059465405e-02 -1.473062393724347274e-01
-1.712022688257217040e-02 -1.385591498291786350e-01
-1.418718113514419975e-02 -1.393084092896937354e-01
-1.397290064685202324e-02 -1.400244501472840408e-01
-1.614458059271614218e-02 -1.442610721971141485e-01
-1.624344472149060262e-02 -1.456680811275914145e-01
-1.627101281849854461e-02 -1.476390460473620825e-01
-1.626977270597140812e-02 -1.480342132619452133e-01
-1.626703315944401027e-02 -1.484823069456770173e-01
-1.710305897879604159e-02 -1.545594123490481309e-01
-2.244243735775043255e-02 -1.604315226721576559e-01
-2.147224851209849489e-02 -1.608157283129350024e-01
-2.042974392906516876e-02 -1.613225013662176743e-01
-1.907029190081219530e-02 -1.617899446895299242e-01
-1.742460951555508536e-02 -1.618746593797058542e-01
-1.711404126229065792e-02 -1.618622239531010976e-01
-1.319254342258744696e-02 -1.615286834187501797e-01
-5.255334353697216007e-03 -1.616839232139838656e-01
-8.381870445696578634e-04 -1.666891479758265959e-01
9.777652539204506957e-03 -1.696405121487817580e-01
1.212833160221294185e-02 -1.703125685821162416e-01
1.245415748628347571e-02 -1.704103287440459913e-01
1.443072392091794380e-02 -1.709774822831116869e-01
1.654406165437142390e-02 -1.714806114763779421e-01
1.855636606210711928e-02 -1.720458315412373984e-01
2.063432678342660628e-02 -1.726681245928247954e-01
2.366257265238605120e-02 -1.733930828907304933e-01
2.685571540027061055e-02 -1.743593546525869786e-01
2.900747942954201228e-02 -1.748943152355856290e-01
3.106140970001333712e-02 -1.755316613460355668e-01
3.308788996284604822e-02 -1.763056806493902284e-01
3.596375259107790351e-02 -1.774519724637826368e-01
4.264529299121943423e-02 -1.800251822203258745e-01
4.639114941678915832e-02 -1.813693544292223625e-01
4.880389594738925724e-02 -1.817236109960021495e-01
5.185440084446077402e-02 -1.818618169399077722e-01
5.757484393671939704e-02 -1.824422370683271566e-01
5.824291575621453471e-02 -1.826335980877883958e-01
6.004449338240618050e-02 -1.836647469822354217e-01
7.132999794337309407e-02 -1.799593592559399213e-01
7.339501256927319361e-02 -1.793238683044229009e-01
7.390074178665091698e-02 -1.792405235669113639e-01
7.418921896992562715e-02 -1.792000578185365123e-01
7.437190678465180338e-02 -1.791766035214009956e-01
7.454079023919490954e-02 -1.791563066625515011e-01
7.477291487600495890e-02 -1.791304266632517683e-01
7.503204009380674833e-02 -1.791040640957675678e-01
7.564876928081107343e-02 -1.790504791611913782e-01
8.442541653274063251e-02 -1.581456124974878752e-01
8.442541657437997726e-02 -1.581456120948969146e-01
8.442541659131232168e-02 -1.581456119311859254e-01
8.442541662630301258e-02 -1.581456115928777939e-01
8.448445016571354271e-02 -1.576720498582459273e-01
8.475248407297698849e-02 -1.563497439484027585e-01
8.511855543055298068e-02 -1.550923084865574730e-01
8.533690638160779107e-02 -1.544105151906492168e-01
8.582564037845481775e-02 -1.522744432288465621e-01
8.318643014047873152e-02 -1.507883890109435188e-01
8.307944294353497572e-02 -1.502713834294695239e-01
7.563734158374400829e-02 -1.501231217824766928e-01
7.032459760639749036e-02 -1.501241446747099417e-01
7.817034607713543859e-02 -1.276249579393425038e-01
7.816079078091606180e-02 -1.276119489016763475e-01
7.815868015209150033e-02 -1.276090791998887031e-01
7.815670399248014766e-02 -1.276063935031978569e-01
7.815349368101122407e-02 -1.276020328758318834e-01
7.814389125338830344e-02 -1.275890058246793579e-01
7.812746390671242158e-02 -1.275667678169302710e-01
7.810799701151230345e-02 -1.275404740641392365e-01
7.808723183004200041e-02 -1.275124695176606537e-01
7.806577817999588165e-02 -1.274835517357899572e-01
1.126825671470676749e-01 -1.018744625613259708e-01
1.126585233991405782e-01 -1.017360463888199451e-01
1.127325868738465603e-01 -1.008860038577837348e-01
1.128352603914110908e-01 -1.004722553126663753e-01
1.129616686669761977e-01 -1.000511375953475474e-01
1.132047673269072074e-01 -9.934124497674585996e-02
1.134690407299666914e-01 -9.862326146981029162e-02
1.140656277593626589e-01 -9.654959821347923465e-02
1.075001642735042978e-01 -9.309514604255487991e-02
1.045552543339068607e-01 -9.102111872369084145e-02
1.018851670937425125e-01 -8.873536724396863251e-02
9.926664025758259735e-02 -8.588483874982731636e-02
9.814660381583352466e-02 -8.420787122446836415e-02
9.794410770370746977e-02 -8.261639087410221904e-02
9.792598681430833563e-02 -8.198712771223047591e-02
9.793328102968418269e-02 -8.130751710027019075e-02
9.807418258653884113e-02 -7.967039562853550638e-02
9.750815024038111956e-02 -7.773995297633504165e-02
9.590841358330931543e-02 -7.660792981151272329e-02
9.456753771620531046e-02 -7.574405916068663314e-02
9.233672161611132523e-02 -7.433418059464194649e-02
8.925097811727951413e-02 -7.236958843227662974e-02
8.606012549328373451e-02 -7.020643890748401450e-02
9.026424887598065439e-02 -1.997035723181767725e-02
8.518174042688005099e-02 -2.172103731146399208e-02
8.335244336699280943e-02 -2.086555399401162497e-02
8.244384761744666390e-02 -2.046924121841246086e-02
8.133564026344079767e-02 -2.034428377863330487e-02
7.951817187152854238e-02 -2.033341285826623795e-02
7.850081022114907547e-02 -1.970671693555709619e-02
7.758684728445508494e-02 -1.889649764709236401e-02
7.622170831187261020e-02 -1.762277820958704777e-02
7.574000223444551927e-02 -1.672711937364616819e-02
7.538409350131052011e-02 -1.549345687711989848e-02
7.522531939353085950e-02 -1.454951672881376994e-02
7.502771216607261040e-02 -1.279988517179274712e-02
7.455807460269457676e-02 -8.525061588506719495e-03
7.399602956409170873e-02 -5.867696561813627240e-03
7.284660906359367860e-02 -2.914582560452605095e-03
5.321447504418299473e-02 -1.240165116832830754e-02
5.321445999079027489e-02 -1.240167032277562573e-02
5.321443862833343669e-02 -1.240169750510598627e-02
5.321441629170249599e-02 -1.240172592702925604e-02
5.321395054170376809e-02 -1.240231856854646410e-02
5.321384860938576516e-02 -1.240244827305878907e-02
4.370740885387121299e-02 -2.006513430534098003e-02
4.357172401151937491e-02 -1.957301586844371194e-02
4.353824876953801132e-02 -1.831045258225630010e-02
4.517646223744250372e-02 -1.514987182452405719e-02
4.286335832462624673e-02 -1.506589413608487929e-02
4.033858723217777914e-02 -1.450642772661445146e-02
3.736426858560423780e-02 -1.352763115217624906e-02
3.608736849381057044e-02 -1.254668686791199014e-02
3.295385047447239174e-02 -1.040278803715023216e-02
3.251652119965044163e-02 -1.018690074839903419e-02
3.087721116357720202e-02 -9.433926585835550674e-03
1.466943776652684939e-02 -1.881394370689679421e-02
1.349062205368751349e-02 -1.579703502042939869e-02
1.250190201335458877e-02 -1.334367548726429244e-02
1.136938357914659727e-02 -1.060193049378341766e-02
1.088281926461773762e-02 -9.450941335688394646e-03
1.037142393051510535e-02 -8.264911928106199318e-03
9.405748679609611876e-03 -6.115631979591517123e-03
7.849056128106443944e-03 -3.115264808671712893e-03
6.933392282194232419e-03 -2.019718707908694979e-03
5.640702732630013122e-03 -1.566779640030233154e-03
3.917425942307478995e-03 -1.266945273245462938e-03
