-2.835106822863609714e-03 -1.641076940695956237e-03
-4.881226859210881924e-03 -2.923256866107242294e-03
-5.251068935064816603e-03 -1.015499486988738140e-02
-5.447885681881758924e-03 -1.211724697787418085e-02
-6.217995319521169538e-03 -1.651887156059223677e-02
-9.383525973355216071e-03 -2.315039234294976114e-02
-1.977758369560856516e-02 -4.037494796923249418e-02
-2.713463640893588880e-02 -4.761467654802236521e-02
-2.967290833948828602e-02 -5.304661606445541799e-02
-2.861453033331122497e-02 -5.356615445154166294e-02
-2.803292594718707204e-02 -5.412218504600006808e-02
-2.803177125857613319e-02 -5.590549642127815022e-02
-3.985855473394667864e-02 -6.519943393805929799e-02
-5.423479387003677515e-02 -7.286572945705831195e-02
-5.496999112239536744e-02 -7.322702032216280021e-02
-5.428059115982286631e-02 -7.386265699191896239e-02
-5.280705606754234477e-02 -7.574166836202435305e-02
-5.256050441230257497e-02 -7.655706576683753151e-02
-5.248137520501910264e-02 -7.710380483475046121e-02
-5.570229125274681059e-02 -8.349882287788464030e-02
-4.821654185110858803e-02 -8.345940906907907408e-02
-4.491087664819017750e-02 -8.534845757819814471e-02
-4.493923445397905031e-02 -8.554773034955305555e-02
-4.498195997477578284e-02 -8.566897153839143908e-02
-4.507277591793377308e-02 -8.584820673956772286e-02
-4.516271026439509784e-02 -8.598989145238092324e-02
-4.524705174955843262e-02 -8.610825979330358204e-02
-4.533891567240549286e-02 -8.622814653720828337e-02
-4.542809533286337742e-02 -8.633893014888334438e-02
-4.556212307321265420e-02 -8.649926109881546366e-02
-5.252894620908343977e-03 -7.921088921983968079e-02
-1.895165715545199352e-03 -8.033498396084731707e-02
2.003694184093302326e-04 -8.114030356940699074e-02
1.278831205047917252e-03 -8.157111660890339899e-02
4.399596248168236370e-03 -8.285858966092034261e-02
5.424199887463110152e-03 -8.329018656778078289e-02
7.418269375351758260e-03 -8.413234243523864953e-02
9.024597851614501662e-03 -8.488656965341660754e-02
9.229751459225936372e-03 -8.518628564732676212e-02
9.425653316418690711e-03 -8.603288581886051056e-02
9.882133476637610867e-03 -8.716688181015801173e-02
1.010023468276022469e-02 -8.763548297054618574e-02
1.031199752607195839e-02 -8.807506786842415891e-02
-6.778528581235195201e-03 -1.097042371844534070e-01
-6.570458751975778028e-03 -1.096419431628333774e-01
-6.422500501680627853e-03 -1.095964129956716882e-01
-6.314263262450124647e-03 -1.095625025102029831e-01
-6.262707746210219653e-03 -1.095461792813518798e-01
-6.097048730635580560e-03 -1.094930177965699053e-01
-7.556491806023898699e-04 -1.079936317137814988e-01
1.048875606940170109e-03 -1.080224746816420139e-01
1.087749961310634228e-03 -1.080213938801299622e-01
3.863688006155218801e-03 -1.076031309433807814e-01
9.318995638918201388e-03 -1.087490923439602408e-01
-1.086733121432206101e-02 -1.199348598420544448e-01
-5.886373394942422815e-03 -1.227415738861248468e-01
-5.466033306615439985e-03 -1.228990571043505065e-01
-4.711150919930831918e-03 -1.231833403944239402e-01
-3.715090594317925054e-03 -1.235676696081287051e-01
-3.426262227139955513e-03 -1.236826847444713606e-01
-3.055823215187537106e-03 -1.238337674148631690e-01
-2.463163925839887379e-03 -1.240872450533271609e-01
-2.032470593132657335e-03 -1.242852710812645395e-01
-1.891734898629625523e-03 -1.243537042327572534e-01
-1.554177107530844808e-03 -1.245288757277544789e-01
-5.547898723108798426e-03 -1.320433051863560969e-01
-4.356083608960940011e-03 -1.324579462842982169e-01
-3.495849232313925567e-03 -1.327321659651420072e-01
4.256773047577865413e-03 -1.320927609958126581e-01
1.891670750461088568e-02 -1.286581268428027558e-01
1.911902971896342618e-02 -1.286682066574823258e-01
1.974344662612997556e-02 -1.286897418950221084e-01
2.102240930598111429e-02 -1.286490361063382937e-01
2.606395193820096323e-02 -1.281498621536726612e-01
3.148307804571048168e-02 -1.303071917725157902e-01
3.815110764258271975e-02 -1.311224332001897641e-01
3.969579558922416151e-02 -1.306224415230602676e-01
4.365364995753876626e-02 -1.260412979005438305e-01
4.902685451877221434e-02 -1.248283268168273036e-01
5.227047460428334985e-02 -1.302585311944320368e-01
6.091073674168154262e-02 -1.300329166060520680e-01
6.251125307882487991e-02 -1.302253947518486055e-01
6.276034622036653909e-02 -1.302576413205407679e-01
7.722805251436581919e-02 -1.236346315220996916e-01
7.889674084182465852e-02 -1.253076542503698265e-01
7.983004226466533515e-02 -1.261486450999244890e-01
8.105223316940035616e-02 -1.269484487901901826e-01
8.286880440078397969e-02 -1.278093816756027401e-01
8.494954602139849487e-02 -1.288558978906247099e-01
8.605883289810310754e-02 -1.296645929455103874e-01
8.712294058024641630e-02 -1.308071378450325339e-01
8.831030748809767794e-02 -1.318496981705864768e-01
8.965958875974661124e-02 -1.330924249723162978e-01
9.440775344897982257e-02 -1.396399781628820669e-01
9.636477187322715909e-02 -1.442811650275132584e-01
9.682081309312977335e-02 -1.503665683114256968e-01
9.691743905895813804e-02 -1.504628965324256995e-01
9.821272811069348130e-02 -1.575645865338769491e-01
9.863813002530062712e-02 -1.603277038213859751e-01
1.043670493841440672e-01 -1.677428793749883296e-01
1.057224898025511672e-01 -1.683433376219926336e-01
1.089746235656472856e-01 -1.715332311008215815e-01
1.100474385039796055e-01 -1.728489809655217313e-01
1.107962665860033752e-01 -1.736828257826187882e-01
1.123941430355452631e-01 -1.749945127035479331e-01
1.148052787090974580e-01 -1.761755848878139852e-01
1.167172080554807062e-01 -1.773346783718721953e-01
1.185256577572849079e-01 -1.786008429243941820e-01
1.213313734942863820e-01 -1.802541446146308513e-01
1.226560529185502929e-01 -1.811672194551005588e-01
1.236386149640771315e-01 -1.821325128543878902e-01
1.246769939071522698e-01 -1.834736668252253122e-01
1.261983292379607879e-01 -1.842603690419263862e-01
1.272177856317839584e-01 -1.833329915872033700e-01
1.277427112487480310e-01 -1.826265550821478678e-01
1.283914560469925914e-01 -1.817158714532564889e-01
1.237309633206793991e-01 -1.748983417979629029e-01
1.150372231403684331e-01 -1.637798462310940673e-01
1.118251416541904963e-01 -1.549217284380640103e-01
1.053760660815786510e-01 -1.442250668979446204e-01
1.107958218076511014e-01 -1.372391849394784813e-01
1.107400732392221782e-01 -1.372012784294309451e-01
1.107021090368678351e-01 -1.371754112816920557e-01
1.106257305606933583e-01 -1.371232387004982511e-01
1.104470437963115392e-01 -1.370004842165612191e-01
1.101303617829869491e-01 -1.367804475998218305e-01
1.098945048024669302e-01 -1.366143999778563212e-01
1.092766002155604321e-01 -1.361696278957547912e-01
1.082163503990186820e-01 -1.353641495478208057e-01
1.110040550475180215e-01 -1.233930428418871517e-01
1.106048876779478218e-01 -1.229504741390359396e-01
1.100765001002735333e-01 -1.225391126651330653e-01
1.097319062214978241e-01 -1.223386935192042058e-01
1.089819892825801551e-01 -1.220021870508755518e-01
1.044259417084422437e-01 -1.202622545656480135e-01
1.033775817794203300e-01 -1.194348060676288931e-01
1.030715484424437611e-01 -1.189870300962359712e-01
1.029102979204515461e-01 -1.186175855144786795e-01
1.210574860954266585e-01 -1.103091630205414175e-01
1.210539341931996388e-01 -1.071837320831268842e-01
1.130060874809867277e-01 -1.030476237076368012e-01
1.032478514627492711e-01 -1.010286696353866753e-01
9.174746452801196828e-02 -9.631645332360848355e-02
8.649650646817888533e-02 -9.336928387216528180e-02
8.476620617766184029e-02 -9.131913956247515729e-02
8.504582619061341886e-02 -8.940331249291799676e-02
8.552700445792743578e-02 -8.835291272168224741e-02
8.610243254495839049e-02 -8.737610793917933993e-02
8.765033238284397621e-02 -8.546540723191550781e-02
8.697712543309014943e-02 -8.418728501550189203e-02
8.610780745652177326e-02 -8.336803225921791960e-02
8.530100914774864374e-02 -8.270641089653830991e-02
8.388872704506454558e-02 -8.168852469666147698e-02
8.240015037729252201e-02 -8.056799774088442556e-02
8.008894414082591562e-02 -7.292976982179832923e-02
7.765513299804165104e-02 -6.504676500906347858e-02
7.650182609476247064e-02 -6.390814181750104073e-02
6.926333015821127537e-02 -5.779501604985360502e-02
6.565990096337541437e-02 -5.730475987261506032e-02
6.279355554538912365e-02 -5.711629117008820006e-02
5.929201558629022817e-02 -5.700222795614259819e-02
5.500585991363516475e-02 -5.982903362633917171e-02
5.116702248838091160e-02 -5.808078075672753332e-02
5.052159404485553201e-02 -5.676362321940520844e-02
5.009387243315247679e-02 -5.565940399181240616e-02
4.971725460715591821e-02 -5.428544774850152521e-02
4.957937386765659538e-02 -5.335893871338544259e-02
4.912383712501303124e-02 -5.093666242368413699e-02
3.919564922030149834e-02 -5.232387821467913980e-02
3.897127002323264727e-02 -5.207109396955678787e-02
3.883680192944043152e-02 -5.192595946642000054e-02
3.874507631170151511e-02 -5.182955788211259657e-02
3.868530107251291067e-02 -5.176785387809228201e-02
3.859752098406431242e-02 -5.167883486243968205e-02
2.210059298585610038e-02 -6.062095322180768853e-02
2.023407848763955977e-02 -6.024359616847458493e-02
1.790736836166216886e-02 -5.967417462555275887e-02
1.495680839222096256e-02 -5.788966284822446434e-02
1.459476839631357672e-02 -5.719823635004145368e-02
1.193260484890368116e-02 -5.543592032612694454e-02
1.166064822939852537e-02 -5.531953458377252691e-02
1.088047732518419852e-02 -5.502270834351721818e-02
1.011240038778263295e-02 -5.474280613430488468e-02
8.170542806620984672e-03 -4.891688881035215208e-02
4.768705030997370288e-03 -4.346246671708082349e-02
5.482842740793640330e-04 -3.425291126428460509e-02
9.684084495436986280e-04 -3.096861825701901008e-02
1.312536554438301691e-03 -2.939119852899716584e-02
-5.260574982567255489e-03 -3.439476618988759199e-02
-7.041647876914431531e-03 -3.330209907037795514e-02
-6.057708195124445437e-03 -2.959880213729645243e-02
-3.589805202877279378e-03 -2.392297374133676297e-02
-2.875555477119096526e-03 -2.234364289231824743e-02
-1.696148061997908079e-03 -1.944878077159214319e-02
3.614212349799155680e-03 -9.003346010010489578e-03
4.934215818858772064e-03 -4.109711663548436082e-03
4.813311636450821537e-03 -3.691417048323620935e-03
4.760320152800791293e-03 -3.535466482838404371e-03
4.562974196628092304e-03 -3.031831069055766336e-03
