-1.654730343358389066e-04 -2.117259136740532008e-04
-2.498138793159073476e-04 -3.634213775434298440e-04
3.530872661715993852e-04 -3.961466767064302993e-03
6.783003363803946292e-04 -5.384664804771865411e-03
6.755594371684706416e-04 -6.955898077904630952e-03
1.766139802210607524e-03 -1.048749447980363431e-02
-1.716856215569668997e-04 -1.741590906550453260e-02
-5.951853673550810617e-04 -1.972710376874705143e-02
4.062897216622560486e-04 -2.166665262131179867e-02
-4.092512372022077613e-03 -2.620695773025047068e-02
-4.295328013493397538e-03 -2.666776182486301980e-02
-5.291078572875567571e-03 -2.954199486799438668e-02
-1.944693958449234678e-02 -3.429237752840598452e-02
-2.593969889981167717e-02 -3.880284498189405518e-02
-2.572609882089178443e-02 -3.999562108280527856e-02
-2.472175179262052144e-02 -4.333634739285738974e-02
-2.418607995275511707e-02 -4.803985369548279677e-02
-2.422734513165766129e-02 -4.990274847940400632e-02
-2.422885094135456344e-02 -5.035165199357084787e-02
-2.402912228673556583e-02 -5.314906257904105508e-02
-2.400349369976460465e-02 -5.333241303710699321e-02
-2.363253714269215183e-02 -5.532377637423322586e-02
-2.312255665678638467e-02 -5.858156140369203541e-02
-2.630787614887756393e-02 -6.150408296834831978e-02
-2.866156756878657230e-02 -6.487233371669508253e-02
-3.035250007472203859e-02 -6.683425312243120031e-02
-3.161504301999520927e-02 -6.828532670589415599e-02
-3.214202265377898854e-02 -6.964227895434255133e-02
-3.202499224707285735e-02 -7.080005948811375627e-02
-3.167963342643174973e-02 -7.173976194813302953e-02
-3.123150301381843325e-02 -7.266626008726316532e-02
-3.009325480588553869e-02 -7.485300474267732318e-02
-2.158625006790341333e-02 -7.844653517178891422e-02
-1.536572305906839728e-02 -8.051635753070048029e-02
-1.396819900727543778e-02 -8.239059736955207935e-02
-1.259505705673077437e-02 -8.497638126440221207e-02
-1.140101343526150023e-02 -8.696353900522019176e-02
-8.717834897970689820e-03 -8.863515775803504360e-02
-4.595140925882006643e-03 -8.991164116984559640e-02
-5.716569614493982078e-03 -9.524702449826757955e-02
8.228190111782180544e-03 -1.067463772564398589e-01
8.606641381623749906e-03 -1.074379944875600706e-01
8.893915336333163210e-03 -1.079748306444609784e-01
1.091801296884612783e-02 -1.117910529317469870e-01
1.196798864085645703e-02 -1.136062193933189551e-01
1.253369434673731915e-02 -1.144265214069856013e-01
1.443425088965849881e-02 -1.157763576182208598e-01
1.654593472534552495e-02 -1.246860994497790004e-01
1.868535712050716294e-02 -1.337139186047026640e-01
2.127048451860428374e-02 -1.366568938386600596e-01
2.273434161968871173e-02 -1.392323837655712881e-01
2.676212250270729523e-02 -1.439432948050913263e-01
2.836415943021560956e-02 -1.475884703709948176e-01
2.913996855391000687e-02 -1.506035928981616645e-01
3.121764844506328546e-02 -1.555620354153583462e-01
3.112673866384337018e-02 -1.568844150615540389e-01
3.159748115805880581e-02 -1.583663891173139604e-01
3.212083558498210478e-02 -1.595313594481154451e-01
3.231288839602767388e-02 -1.599331144524766823e-01
3.507111102269341169e-02 -1.656489988650169942e-01
3.544646833807395259e-02 -1.669454442239439729e-01
3.549290148058149158e-02 -1.673324776955651960e-01
3.571257222615939475e-02 -1.684971727616192128e-01
3.577328324404097787e-02 -1.686334783279155314e-01
3.588902221720270680e-02 -1.688648344845335991e-01
1.605495305124275685e-02 -1.955084085102994362e-01
1.680921759378093544e-02 -1.962215665669884701e-01
1.769053648084257385e-02 -1.970084832102291239e-01
1.884045062907506105e-02 -1.980693055024200788e-01
1.943040493683821993e-02 -1.986880974647574072e-01
2.030414732854645202e-02 -2.002303534018413655e-01
2.030631118880890304e-02 -2.017376886905477285e-01
2.017998247554200070e-02 -2.024974210702445987e-01
2.009550905256651115e-02 -2.031067552358217787e-01
2.938725874712048297e-02 -2.019234217373815643e-01
3.231345872351523707e-02 -2.040438377196234776e-01
3.467640228183616058e-02 -2.010550495462249954e-01
4.073517425275713366e-02 -1.903913958612068469e-01
4.319444755641660416e-02 -1.901922311810887445e-01
4.391792905295027055e-02 -1.902698607840750400e-01
4.659084493043837150e-02 -1.916264731279785638e-01
4.764428906882926112e-02 -1.937843152289184800e-01
4.772962974537286324e-02 -1.942461748027413393e-01
4.591808329756284085e-02 -2.070980888237377859e-01
4.811279538212783619e-02 -2.078337395265851262e-01
4.893243381182223184e-02 -2.081054445308609668e-01
4.965592923234631723e-02 -2.083574613645709228e-01
5.054138497870520885e-02 -2.086961336816628432e-01
5.174516205294529825e-02 -2.092678240305898274e-01
6.500476274463480586e-02 -1.969401676754884145e-01
6.847200239599221527e-02 -1.989146230803392201e-01
6.960884121211492748e-02 -2.004898453523739077e-01
7.084402640916266647e-02 -2.026088118946885452e-01
7.509126056104356572e-02 -2.074564689777737281e-01
7.786300373646604100e-02 -2.096971427082583161e-01
7.892424010210012664e-02 -2.100907653140871301e-01
7.936317014878620235e-02 -2.102326270125194352e-01
8.524654951894364285e-02 -2.092264458578814712e-01
8.524654951204406472e-02 -2.092264458569495500e-01
8.524654950288845789e-02 -2.092264458557128448e-01
8.524654949694154826e-02 -2.092264458549095985e-01
8.524654949260716819e-02 -2.092264458543241501e-01
8.524654949043235230e-02 -2.092264458540303851e-01
8.524654948896785711e-02 -2.092264458538325711e-01
8.524654948701247681e-02 -2.092264458535684490e-01
8.955218217624008603e-02 -1.720503215110781303e-01
8.971843477735916283e-02 -1.720406798421762196e-01
8.983819317277125238e-02 -1.720314194339036540e-01
8.990282178946358560e-02 -1.720255557424206772e-01
8.997048251624036042e-02 -1.720187359661631554e-01
9.006930213634029014e-02 -1.720074763507820348e-01
9.020512219121207265e-02 -1.719893031430860253e-01
9.036053241263770908e-02 -1.719638601120963561e-01
9.070018163725288018e-02 -1.718843975939244040e-01
9.898476435753437996e-02 -1.411061723526920719e-01
1.042926490985187499e-01 -1.362107500813878880e-01
1.054856487258600539e-01 -1.337218675978003868e-01
1.100394477117056929e-01 -1.267198279734259858e-01
1.150926242986638481e-01 -1.149644826199394260e-01
1.218211597369394661e-01 -1.106953509612590564e-01
1.218211597324035667e-01 -1.106953510671136731e-01
1.218211597250234285e-01 -1.106953512393442779e-01
1.218211597072984542e-01 -1.106953516529935871e-01
1.218211596220421244e-01 -1.106953536426446283e-01
1.218211593886057431e-01 -1.106953590905494361e-01
1.218211592828481599e-01 -1.106953615587692868e-01
1.218211591860661330e-01 -1.106953638175485338e-01
1.218211591092975971e-01 -1.106953656092602711e-01
1.218211590282835960e-01 -1.106953675000812015e-01
1.218211589682749452e-01 -1.106953689006639902e-01
1.218211588994586037e-01 -1.106953705068315919e-01
1.218211585729388480e-01 -1.106953781280077403e-01
1.218211584665499503e-01 -1.106953806112743466e-01
1.218211584233989120e-01 -1.106953816184925166e-01
1.218211583769085588e-01 -1.106953827036622623e-01
1.218211583460880598e-01 -1.106953834230741118e-01
1.218211581473068045e-01 -1.106953880631043191e-01
1.218211564330899666e-01 -1.106954280829419157e-01
1.316747244038635745e-01 -1.062543744928525630e-01
1.344890365943292587e-01 -9.752127764281232070e-02
1.346847203416861039e-01 -9.644061908068973787e-02
1.351019393668622115e-01 -9.118842338515169288e-02
1.279848391620237447e-01 -8.689120051468232631e-02
1.225886790392729658e-01 -8.290415064899359088e-02
1.183792036417749965e-01 -7.953463225539915415e-02
1.182673896678714254e-01 -7.864511119946820950e-02
1.185160979480412435e-01 -7.840776801345400449e-02
1.187621192932810654e-01 -7.819135753423320234e-02
1.191128259515796817e-01 -7.773288224598673413e-02
1.186231524849151175e-01 -7.697804095319450701e-02
1.145363944643247311e-01 -7.555679898158726426e-02
1.105681446486941333e-01 -7.427505889721053300e-02
1.064961849644372183e-01 -6.750716725331808166e-02
1.040850557931791848e-01 -5.983463106191665160e-02
8.946372328038940114e-02 -6.716685738255857852e-02
8.921072808810173727e-02 -6.716531337405685920e-02
8.529124247077528309e-02 -6.966573119709315587e-02
7.852508254910983698e-02 -7.274393410502121016e-02
7.707841665344809801e-02 -7.239850154996138598e-02
7.560519886514713295e-02 -7.239871685316009997e-02
6.982866749816558916e-02 -7.453059177517268319e-02
6.829608469094333723e-02 -7.458299996788296526e-02
6.612439041386311556e-02 -7.459952968908226123e-02
6.529879279529920977e-02 -7.387672494204058915e-02
6.490797147411846157e-02 -7.344897929903473899e-02
6.401887852768139986e-02 -7.274375918596172330e-02
6.339634926753498489e-02 -7.242797148840414423e-02
5.915048587521955226e-02 -7.058179077647112887e-02
5.544904316435901592e-02 -6.668784508851413606e-02
5.401369637923047334e-02 -6.380977693826837827e-02
5.326587823266921290e-02 -6.182120973461550234e-02
5.295367360144970920e-02 -6.088467128379970034e-02
5.268339761571174534e-02 -5.813178620404532704e-02
5.510078533677453816e-02 -5.202030250163600100e-02
2.982017239474029496e-02 -6.494452217049274945e-02
2.898580256823619222e-02 -6.478506610711380620e-02
2.847266081826737086e-02 -6.466469853513520660e-02
2.381241583016744517e-02 -6.329112545776630072e-02
2.046384772816715880e-02 -6.398969468541641781e-02
1.700808987942255615e-02 -5.680636938685709042e-02
1.671881053113777327e-02 -5.575853199525639819e-02
1.643204909792323962e-02 -5.480483175626817138e-02
1.633600399870356601e-02 -5.449822290634426247e-02
1.577110279249857930e-02 -5.278225727757489966e-02
2.186202663060572010e-02 -3.835128607380178245e-02
2.075322081473013336e-02 -3.684610258334942989e-02
2.061457260201578212e-02 -3.661332569157078193e-02
2.043188043818702435e-02 -3.629241851918469514e-02
2.029587906767918101e-02 -3.604234867715072621e-02
2.018526438040475421e-02 -3.583121614163888718e-02
2.126008306816428231e-02 -3.113418470564819490e-02
1.659762806720578576e-02 -2.613130601911059156e-02
1.466664058584320370e-02 -2.267035955651180296e-02
1.357890447674517040e-02 -2.066464380363727121e-02
1.152953004780978181e-02 -1.741463683964816767e-02
5.304827620298880643e-03 -1.092379429050853792e-02
3.710770664492541674e-03 -8.191698304577707535e-03
3.261076412067584387e-03 -7.517581255901754390e-03
1.428415358246085294e-03 -1.051894046899161904e-03
