-2.968872173319258689e-03 -5.125675022948062397e-03
-5.188509171747003774e-03 -6.483308974676050933e-03
-5.440125346428598997e-03 -8.291104060119231303e-03
-5.375802337214746415e-03 -8.725718851778106744e-03
-5.265574126348076395e-03 -9.276077082553553163e-03
-5.019144553790821917e-03 -1.028901020356046483e-02
-1.344142879992473935e-02 -1.860728947661581187e-02
-1.602367316509769463e-02 -2.134081183711102059e-02
-5.013815255844547569e-02 -3.751556304696835459e-02
-5.015428445284777353e-02 -3.759869400256946048e-02
-5.016714953309599212e-02 -3.766438232735794950e-02
-5.022169630264007589e-02 -3.793924313543589610e-02
-5.031525598588334341e-02 -3.838715193153315053e-02
-5.034948569467386642e-02 -3.853986672387276630e-02
-5.036627461544288670e-02 -3.861232631745820792e-02
-5.050190031964293946e-02 -3.914005941506625702e-02
-3.358835702012485935e-02 -4.393579737453261191e-02
-3.037978741889032358e-02 -4.561514795789108068e-02
-2.736114768472555289e-02 -4.711778385964696114e-02
-2.635202683384584021e-02 -4.757403404603878505e-02
-2.382654385624020932e-02 -4.920823085178303163e-02
-1.972851187814048113e-02 -5.257042216078344765e-02
-2.011627424356767641e-02 -5.531394997881711878e-02
-1.795808284185904102e-02 -5.853171154215391220e-02
-1.302073780213471900e-02 -6.916529291123978129e-02
-1.314350444725018684e-02 -7.007312490570566377e-02
-1.318271543400161873e-02 -7.123741447998775678e-02
-1.232988598893081794e-02 -7.312295499076934546e-02
-9.920891406551557434e-03 -7.779387942405101286e-02
-1.002675445798918361e-02 -8.077599136125317159e-02
-1.005429016415304404e-02 -8.282212579775236061e-02
-7.409534843216926576e-03 -8.771937380546274143e-02
-7.338199405603565602e-03 -9.247973061236326731e-02
-7.110581705010762810e-03 -9.512820836105710665e-02
-6.724914750268171613e-03 -9.726469353145152097e-02
-6.231204712020071111e-03 -9.947692647867882598e-02
-5.714049358985606557e-03 -1.015246244414146071e-01
-5.132438175787153514e-03 -1.036134716283972773e-01
5.465628109963771748e-03 -1.081094471594271356e-01
5.882935482396778500e-03 -1.088417387895949939e-01
7.555687671487168987e-03 -1.119639901124530046e-01
7.907637772282686064e-03 -1.127505113994966002e-01
8.509090968801086632e-03 -1.143739337384086091e-01
-5.954258130261243231e-03 -1.338916147217600605e-01
-5.266068190906036256e-03 -1.340921637532515309e-01
-4.790113325368924868e-03 -1.342998274723813945e-01
-4.019543851365985944e-03 -1.348791861064161657e-01
-3.530729970229649906e-03 -1.374059635448474093e-01
-3.761716399072700251e-03 -1.410641958342773450e-01
4.308585317863089449e-04 -1.409746557930518507e-01
2.743582875242098901e-03 -1.414120508342006644e-01
3.100232896106798215e-03 -1.417689170826215983e-01
3.205347923913280401e-03 -1.419109099242746308e-01
1.376709633441448519e-02 -1.425413137043510525e-01
1.402716886001730522e-02 -1.435054251058536789e-01
1.411173967231826344e-02 -1.438394063329822559e-01
1.418821768998325752e-02 -1.441509519942353046e-01
1.427139714372707181e-02 -1.445008726598834004e-01
1.427438053059238571e-02 -1.445136503236269798e-01
1.416688390317680755e-02 -1.554634549474096517e-01
1.396118429461433615e-02 -1.582487701293473215e-01
1.395639790221456060e-02 -1.583903775859478447e-01
1.393925269277314881e-02 -1.601489827629589968e-01
1.394063739475901245e-02 -1.602370461945575586e-01
1.400690367039865956e-02 -1.616911443484991551e-01
1.195258442711802198e-02 -1.654696755052154633e-01
1.125893263106879892e-02 -1.678802129050654679e-01
6.599244239616189507e-03 -1.749062728824456736e-01
2.561430640806109868e-02 -1.721726679001963634e-01
3.165158473547856344e-02 -1.752557734242868592e-01
3.383273063969133299e-02 -1.787827172566716083e-01
3.414511278594174054e-02 -1.825809980488991568e-01
3.187407178039754208e-02 -1.871430789403897010e-01
3.187402813205992419e-02 -1.871431401266731298e-01
3.187402733847528868e-02 -1.871431412391367233e-01
3.187402497464655177e-02 -1.871431445528047022e-01
3.187402172607342599e-02 -1.871431491067354069e-01
3.187401846807749739e-02 -1.871431536738847323e-01
3.187401598713351936e-02 -1.871431571517473968e-01
3.187379952457326110e-02 -1.871434606168410064e-01
3.187377464933689730e-02 -1.871434954928506977e-01
3.182814443966183043e-02 -1.872085679888233212e-01
3.170957691405210110e-02 -1.874509840722042020e-01
3.207928408383330793e-02 -1.872166005411434186e-01
3.228627169079009013e-02 -1.870479410483311122e-01
3.298133779525793535e-02 -1.864532944751702559e-01
3.331808128851335843e-02 -1.861567817435174355e-01
3.374659968772987517e-02 -1.857731863710134490e-01
3.398861761871899145e-02 -1.855533702109627425e-01
3.488437549781862879e-02 -1.847138432467258229e-01
3.518168084244764626e-02 -1.844206869080376177e-01
3.821691441993855382e-02 -1.805715731991744677e-01
4.066282684930557639e-02 -1.795659911182093949e-01
4.183066391429914044e-02 -1.796823600445854041e-01
4.232169008440270219e-02 -1.798761027381464983e-01
4.251598943945485848e-02 -1.799899073000762462e-01
4.270840854899140421e-02 -1.801321304205282525e-01
4.362981793140534303e-02 -1.828220954405868071e-01
4.360218784455097835e-02 -1.851747823210508903e-01
4.830437070285861084e-02 -1.893559575393580774e-01
5.077580501834464549e-02 -1.892761649126180057e-01
5.435110930543625429e-02 -1.934663980551342144e-01
5.544027916031157854e-02 -1.959757318138752036e-01
5.588735670898787450e-02 -1.970514611602090238e-01
5.640657407447167287e-02 -1.982931792678858940e-01
1.032186562838071087e-01 -1.417509164401383748e-01
1.032186560507705742e-01 -1.417509166549602850e-01
1.032186557742929139e-01 -1.417509169098221666e-01
1.032186555450769899e-01 -1.417509171211126240e-01
1.032186553373302534e-01 -1.417509173126091371e-01
1.032186551614902026e-01 -1.417509174746920120e-01
1.032186549580887125e-01 -1.417509176621768452e-01
1.032186541630795984e-01 -1.417509183949422491e-01
1.040045342022013625e-01 -1.398323124082077040e-01
1.049782115851373987e-01 -1.378937858252442528e-01
1.062828923353141691e-01 -1.355053531333983985e-01
1.069098973834975846e-01 -1.344602755110494152e-01
1.127015003347431876e-01 -1.288582573949845766e-01
1.127504405147745636e-01 -1.286743108963310511e-01
1.127215089259749198e-01 -1.284979662104865361e-01
1.127116244452068539e-01 -1.284775172225930129e-01
1.126675811123678539e-01 -1.284106326229949857e-01
1.126301178255557922e-01 -1.283689869631136071e-01
1.125666631841470283e-01 -1.283135046260905354e-01
1.125016482907476162e-01 -1.282678660156273409e-01
1.124512203089695350e-01 -1.282373853189166246e-01
1.123645485283891743e-01 -1.281917764973705964e-01
1.122601760004974247e-01 -1.281447063746004311e-01
1.120444711115808623e-01 -1.280641758975479272e-01
1.233221329850108239e-01 -1.022400990461748427e-01
1.236251636733377290e-01 -1.009369033903949886e-01
1.236685309925543569e-01 -1.003915603209204616e-01
1.236406905796026134e-01 -9.873825267928447447e-02
1.236124482483761527e-01 -9.835645724103432574e-02
1.231215224352377458e-01 -9.453403152250937358e-02
1.224065108612765740e-01 -9.033824946736131178e-02
1.221115713572151762e-01 -8.868605148426715601e-02
1.217269218674031928e-01 -8.653045089598442041e-02
1.215954057246599052e-01 -8.578353286693668478e-02
1.209616301876016015e-01 -8.183802242234340663e-02
1.181627991367293212e-01 -7.946694462494284517e-02
1.167838873266566629e-01 -7.610132118741880225e-02
1.124133693197447992e-01 -7.284239731232731996e-02
1.095683255419272750e-01 -6.904417933970002919e-02
1.089242970525391707e-01 -6.714266644688450525e-02
1.090153031486242596e-01 -6.410480870696723399e-02
1.099035205457640080e-01 -6.275918469303738700e-02
1.111959802975475697e-01 -6.162586255008539737e-02
1.086528095761210566e-01 -5.151023948993000562e-02
1.083877880716812431e-01 -4.278869163215694854e-02
1.067559250087614514e-01 -4.130929523920805202e-02
1.042094942548283804e-01 -4.106983998141789521e-02
1.013006404414510814e-01 -3.994871769944629419e-02
9.634101448026757830e-02 -3.942418522548565146e-02
9.246058981899966944e-02 -3.708508828020800480e-02
9.193835171741029932e-02 -3.476505637834619716e-02
8.918357320823443180e-02 -3.441997207139630560e-02
8.209533808073103678e-02 -3.267061792817625709e-02
8.095313532807858758e-02 -3.072658297490963794e-02
7.854910195247105653e-02 -2.729440737949210410e-02
7.671962714980756770e-02 -2.747453324295591817e-02
7.568779497314405413e-02 -2.751858393323542221e-02
7.470948724265079333e-02 -2.728076969052575448e-02
7.330742105638676787e-02 -2.489647152343455599e-02
7.313595091861817277e-02 -2.174589524007888158e-02
7.355539926572303433e-02 -1.881163708279632446e-02
7.427462320553154806e-02 -1.496385507961124801e-02
5.475768753191810612e-02 -2.539665283958736364e-02
5.445638703277511095e-02 -2.528400381863816354e-02
5.425463921262096978e-02 -2.521421643679809185e-02
5.413558585332628459e-02 -2.517462077562178033e-02
5.410969832613002350e-02 -2.516614110212343422e-02
5.408710725942290215e-02 -2.515877580498734542e-02
5.404532943136030471e-02 -2.514523566984559061e-02
5.396516998104494006e-02 -2.511952395560084622e-02
5.380165854117099217e-02 -2.506797330446219885e-02
5.314561302160350498e-02 -2.486533608856776600e-02
5.175684191710108739e-02 -2.443632575680049213e-02
5.103441141429793104e-02 -2.423835066739328872e-02
5.014277183972272456e-02 -2.405159883803363249e-02
4.902515639096340083e-02 -2.392737202108294672e-02
4.703656155853479931e-02 -2.395010747179832783e-02
3.466972303372926195e-02 -2.968307826449419207e-02
3.418199656884590015e-02 -2.923639963277409673e-02
3.222397927542340612e-02 -2.747726947646889420e-02
2.876490417671066085e-02 -2.403370734604972844e-02
2.831761224560985085e-02 -2.336892439267369836e-02
2.756702724882823322e-02 -2.261815387789044979e-02
2.278741860904804836e-02 -2.403588169996697527e-02
2.035147050437077429e-02 -2.298498694029604134e-02
1.906609538442148935e-02 -2.075789835339193062e-02
1.704215683891165123e-02 -1.425386752355073741e-02
1.523140137532818725e-02 -1.221738955669584084e-02
1.299876891343672812e-02 -1.195539236594173743e-02
8.157761400280370834e-03 -1.034087988392148189e-02
5.659878794462442145e-03 -6.473471155353164967e-03
4.532050114321102205e-03 -5.217974074051698156e-03
3.929213248899428822e-03 -4.570529135436821738e-03
2.524212589038285666e-03 -2.883908707686675451e-03
