-8.630318989821064192e-04 -5.206921009851067867e-04
-1.417772633882801586e-03 -1.037797760938582786e-03
-1.324342189801530232e-03 -5.806941130239736022e-03
-5.230294729322692432e-04 -7.421919710002183694e-03
3.369256525875594208e-04 -8.973885595138021351e-03
1.773941129834813706e-03 -1.153475784002412803e-02
3.942799905655978467e-03 -1.531769778484892534e-02
5.358140333071974466e-03 -1.735905606878810140e-02
7.332518200972818791e-03 -1.949323267555702274e-02
8.650273183711806174e-03 -2.091920760496315118e-02
9.700038329283467917e-03 -2.244244976387472015e-02
1.077175945879215758e-02 -2.616858562960809945e-02
-1.573821142956580805e-03 -3.370177657616489630e-02
-2.640453185782076773e-02 -3.700245240475379116e-02
-2.640453672782023045e-02 -3.700245063384050709e-02
-2.640453982685872156e-02 -3.700244950692061635e-02
-2.640454436653711517e-02 -3.700244785614156123e-02
-2.640455226138597664e-02 -3.700244498533401122e-02
-2.640455773749010929e-02 -3.700244299407347975e-02
-2.640456540322355661e-02 -3.700244020662853822e-02
-2.640456899278149222e-02 -3.700243890138879554e-02
-2.640457069298314877e-02 -3.700243828316143735e-02
-2.640457415382879355e-02 -3.700243702473298563e-02
-2.643712865219298089e-02 -3.699086112881316835e-02
-2.643719806191112756e-02 -3.699083701639731270e-02
-2.647671975133681146e-02 -3.697751644442377056e-02
-2.647972554295549563e-02 -3.697653759041898136e-02
-2.648012394899112998e-02 -3.697640821940446909e-02
-2.648041195110451690e-02 -3.697631475330300649e-02
-2.648049086937669799e-02 -3.697628914971314018e-02
-2.648050805186665316e-02 -3.697628357562313811e-02
-2.648051474875523503e-02 -3.697628140316131656e-02
-2.648051965050846404e-02 -3.697627981305470074e-02
-2.648052268510233884e-02 -3.697627882865277965e-02
-2.648052641752505348e-02 -3.697627761788679912e-02
-2.648057943808084305e-02 -3.697626041930092422e-02
-2.650001900065217589e-02 -3.697006024265656055e-02
-2.650002057650837489e-02 -3.697005974867694639e-02
-2.650002198543717838e-02 -3.697005930702482873e-02
-2.650002394617392495e-02 -3.697005869240124060e-02
-2.650002723624166404e-02 -3.697005766108299452e-02
-2.650922505595328799e-02 -3.696719874235684933e-02
-2.650924951983133979e-02 -3.696719120341721704e-02
-2.652913454685166053e-02 -3.696117956687240691e-02
-2.652913787619070804e-02 -3.696117858003632878e-02
-2.652914087543789198e-02 -3.696117769104717565e-02
-2.652914741575645649e-02 -3.696117575248873688e-02
-2.652916208311033308e-02 -3.696117140516073929e-02
-2.652918030178757700e-02 -3.696116600541923120e-02
-2.652919241949173307e-02 -3.696116241402495201e-02
-2.652920558536158227e-02 -3.696115851207996961e-02
-2.652922039468033968e-02 -3.696115412319377763e-02
-2.652923344427783603e-02 -3.696115025592763143e-02
-2.652924272643569434e-02 -3.696114750520983205e-02
-2.652925384300718059e-02 -3.696114421094166824e-02
-2.652927096554355546e-02 -3.696113913702048226e-02
-2.652927887891205760e-02 -3.696113679211165959e-02
-2.652929374497299195e-02 -3.696113238706592863e-02
-2.652930432966162794e-02 -3.696112925073873068e-02
-2.652931377082968015e-02 -3.696112645330269092e-02
-2.652932856050201765e-02 -3.696112207120260534e-02
-2.652933743583400089e-02 -3.696111944155291290e-02
-2.652934522269894541e-02 -3.696111713444145963e-02
-2.652935324725025010e-02 -3.696111475694591891e-02
-2.652936070513348815e-02 -3.696111254737626667e-02
-2.652936970548721088e-02 -3.696110988085885007e-02
-2.652937560620411209e-02 -3.696110813269132267e-02
-2.652938083452456228e-02 -3.696110658374790470e-02
-2.652938504651593601e-02 -3.696110533591435293e-02
-2.652938979195122032e-02 -3.696110393005691552e-02
-2.652939468728362019e-02 -3.696110247980596147e-02
-2.652939892815121131e-02 -3.696110122345305782e-02
-2.652940297992343807e-02 -3.696110002312957832e-02
-2.652940616307642580e-02 -3.696109908013849032e-02
-2.652940908036271334e-02 -3.696109821591427036e-02
-2.652941163592630047e-02 -3.696109745885189923e-02
-2.652941458412999901e-02 -3.696109658547837296e-02
-2.652941687552151304e-02 -3.696109590668198580e-02
-2.652941891666498950e-02 -3.696109530202113663e-02
-2.652942090272760942e-02 -3.696109471367965693e-02
-2.652942256879959118e-02 -3.696109422013248158e-02
-2.652942411113136389e-02 -3.696109376324283741e-02
-2.652942577162895055e-02 -3.696109327135019273e-02
-2.652942708248491599e-02 -3.696109288303377899e-02
-2.652942830974051522e-02 -3.696109251948333924e-02
-2.652942943963843350e-02 -3.696109218477400260e-02
-2.652943045892578247e-02 -3.696109188283146912e-02
-2.652943135158955176e-02 -3.696109161839903484e-02
-2.652943218009096507e-02 -3.696109137297375058e-02
-2.652943299194179469e-02 -3.696109113248122885e-02
-2.652943372526730612e-02 -3.696109091525040524e-02
-2.652943439898924199e-02 -3.696109071567606208e-02
-2.652943501910172072e-02 -3.696109053198250172e-02
-2.652943561691970681e-02 -3.696109035489338057e-02
-2.652943621816069783e-02 -3.696109017679048009e-02
-2.652943684476678082e-02 -3.696108999117403426e-02
-2.652943747300108221e-02 -3.696108980507550879e-02
-2.652943808341604731e-02 -3.696108962425573990e-02
-2.652943875768404292e-02 -3.696108942452139973e-02
-2.652943941821135285e-02 -3.696108922885765063e-02
-2.652944014342391993e-02 -3.696108901403290931e-02
-2.652944090093287827e-02 -3.696108878964157740e-02
-2.652944179382430573e-02 -3.696108852514731063e-02
-2.652944269964013779e-02 -3.696108825682505039e-02
-2.652944364564993607e-02 -3.696108797659699435e-02
-2.652944464680636466e-02 -3.696108768003393552e-02
-2.652944576753640468e-02 -3.696108734805143153e-02
-2.652944699623293462e-02 -3.696108698408797494e-02
-2.652944825253462577e-02 -3.696108661194828782e-02
-2.652944958573274711e-02 -3.696108621703149411e-02
-2.652945116815463508e-02 -3.696108574829162774e-02
-2.652945300734041792e-02 -3.696108520349589144e-02
-2.652945475067670575e-02 -3.696108468709415062e-02
-2.652945659288464403e-02 -3.696108414140717585e-02
-2.652945884360126405e-02 -3.696108347471716016e-02
-2.652946082863227167e-02 -3.696108288672903669e-02
-2.652946341870649274e-02 -3.696108211952400108e-02
-2.652946586009308216e-02 -3.696108139636538475e-02
-2.652946874487521062e-02 -3.696108054187400432e-02
-2.652947121421558516e-02 -3.696107981044319257e-02
-2.652947443292536303e-02 -3.696107885705097323e-02
-2.652947793035010174e-02 -3.696107782110955725e-02
-2.652948143900397265e-02 -3.696107678184946260e-02
-2.652949085427654813e-02 -3.696107399309094682e-02
-2.652950758177153451e-02 -3.696106903861903770e-02
-2.652953700909126133e-02 -3.696106032302932248e-02
-2.652977173122225696e-02 -3.696099082326063934e-02
-2.653009474091693604e-02 -3.696089523640570113e-02
-2.653249746836778070e-02 -3.696018618598420624e-02
-2.653285018383782709e-02 -3.696008239298495535e-02
-2.653358974393152728e-02 -3.695986500889519855e-02
-2.653403360809986067e-02 -3.695973470027988372e-02
-2.653414107200517680e-02 -3.695970316928018362e-02
-2.653624805654087107e-02 -3.695908637898036309e-02
-2.656152659402513661e-02 -3.695190100356350593e-02
-2.656660204664143890e-02 -3.695050710261577748e-02
-2.656839582833137731e-02 -3.695001845272359586e-02
-2.656880083219080937e-02 -3.694990841386356500e-02
-2.656881824145699428e-02 -3.694990368619032600e-02
-2.656883171504843127e-02 -3.694990002742736673e-02
-2.656886244897148364e-02 -3.694989168205219110e-02
-2.656894507507107442e-02 -3.694986924911983911e-02
-2.657187969496543553e-02 -3.694907539241278766e-02
-2.657464864667603843e-02 -3.694833152769602669e-02
-2.657798241200351463e-02 -3.694744263873114831e-02
-2.657825483940510700e-02 -3.694737032627887219e-02
-2.657832293479835475e-02 -3.694735225890802971e-02
-2.657842844485414774e-02 -3.694732427059874147e-02
-2.657868763995810749e-02 -3.694725554617044744e-02
-2.658191105661425122e-02 -3.694640461148020888e-02
-2.660812590458269331e-02 -3.693974684076629933e-02
-2.663815053044686285e-02 -3.693272143634186711e-02
-2.667813966190248770e-02 -3.692443480339508560e-02
-2.673650299342776940e-02 -3.691477983834947491e-02
-2.678867657464208824e-02 -3.690895588673421407e-02
-2.681855957012210107e-02 -3.690699095110099026e-02
-2.682550224327790930e-02 -3.690669161375371293e-02
-2.683014721735128838e-02 -3.690652602744305677e-02
-2.683515515043961158e-02 -3.690637926809889335e-02
6.288212208148352342e-03 -1.515836061761317854e-01
6.275243237624449424e-03 -1.514708958568362906e-01
6.280806072464895085e-03 -1.513803351909054351e-01
6.286560399278724731e-03 -1.513335792118079559e-01
6.456730485558302701e-03 -1.507253114279064055e-01
9.418738698486073951e-03 -1.463531252373694025e-01
1.078769185902210374e-02 -1.444634950081316871e-01
5.871414236181659446e-02 -1.022665298103831999e-01
5.858304730813917310e-02 -1.020232611673324158e-01
5.853296319774527884e-02 -1.019213656788363481e-01
5.850095217481807858e-02 -1.018536650517199854e-01
5.847071145512253154e-02 -1.017878702690623721e-01
5.837540785136557941e-02 -1.015688369507974642e-01
1.025897990400055082e-01 -5.023429271495757215e-02
1.015256237176944826e-01 -4.990470946355555354e-02
1.007728425538432643e-01 -4.931798060809415574e-02
1.005905826180692880e-01 -4.450068599487281423e-02
9.812724481805237819e-02 -3.684865280370394625e-02
7.754440165561692078e-02 -1.236053221849168354e-02
7.008484238663519050e-02 -4.047333522305360601e-03
5.735819196036624074e-02 6.037913796214688586e-03
5.596297509435323864e-02 7.417052186587652814e-03
5.550456082580435685e-02 1.030937415296644469e-02
3.622837563140840489e-02 -1.809369800280865095e-02
3.616541075932722116e-02 -1.811709856817605296e-02
3.609142435848716746e-02 -1.814543050996320073e-02
3.599081141545121265e-02 -1.818536256323078845e-02
3.557961810102459183e-02 -1.836331977534907955e-02
3.070596139051944701e-02 -2.116011123794010740e-02
2.368524779386056017e-02 -2.311277039054416768e-02
1.968975409478667879e-02 -2.246676990019397940e-02
1.913352415216900207e-02 -2.161750798131393050e-02
1.810328962339847331e-02 -1.959589134718230097e-02
1.765571086056688666e-02 -1.846410318915822288e-02
1.734133881468643765e-02 -1.748280301333546630e-02
2.131608440631976506e-02 -1.074863286281709657e-02
2.091879863854320676e-02 -9.892202852484375739e-03
2.072386198805766314e-02 -9.670511426618459000e-03
1.035784536418323659e-02 -1.155795794262676895e-02
5.112002732949713982e-03 -7.990449767260293656e-03
