8.422855994491869305e-217 -1.205152241585940857e-216
1.371475146751104108e-123 -1.962322932349043474e-123
3.091267124937754993e-03 -3.281142239891855859e-03
5.114192407077779515e-03 -5.343152057737898981e-03
6.652409029033983304e-03 -7.589071624879185907e-03
1.877031208959587319e-02 -1.377751493242174857e-02
1.449337097436232021e-02 -2.046211585875128136e-02
1.474139444615492171e-02 -2.297290634207852650e-02
1.531901877239586797e-02 -2.502895296043755602e-02
1.596805722770239938e-02 -2.606194280781731765e-02
1.676580173518682146e-02 -2.683765842669660548e-02
1.828690249700818185e-02 -2.914564178834778280e-02
1.839821640092711291e-02 -2.933946503577009729e-02
1.852223486679524175e-02 -2.955493852674545563e-02
1.893894386942623909e-02 -3.027326065183878409e-02
2.090337193103906227e-02 -3.346109574624846206e-02
2.704752373305920055e-02 -3.986463209535519997e-02
2.907644084409677365e-02 -4.192869722650074960e-02
2.928967321208852601e-02 -4.422929202060104509e-02
2.950288237752652851e-02 -4.747179153273334284e-02
2.961444300334263938e-02 -4.811114672716292756e-02
2.980623091833010246e-02 -4.898199766103964597e-02
2.967616131707549038e-02 -5.302376789361519516e-02
2.633826397714235726e-02 -5.793474064111696353e-02
2.244700064484559179e-02 -6.130095084409845074e-02
2.105665132190961963e-02 -6.429554037166307356e-02
2.059265919924264249e-02 -6.597290978824621455e-02
2.006116844788533374e-02 -6.767677982954346805e-02
1.912186686457450699e-02 -6.987892165015319179e-02
-1.215714533198314004e-02 -7.529789812687577577e-02
-1.161732337489819814e-02 -7.672834258827133935e-02
-1.115269957815295636e-02 -7.794944452279919944e-02
-1.080419565816909816e-02 -7.885517721524118451e-02
-1.050726960503657950e-02 -7.961714996315612247e-02
-1.022132081886274226e-02 -8.033946926028898150e-02
-9.954519454035443138e-03 -8.099938104798085070e-02
-9.748096352032857223e-03 -8.149681564489406893e-02
-9.598251113242535493e-03 -8.184776926249787143e-02
-9.362496081177795054e-03 -8.237561080438444983e-02
-7.509104515830327189e-03 -8.499328437242827106e-02
5.498663590364948539e-04 -8.888380689498948106e-02
2.008594160779449047e-03 -9.029295055420850924e-02
3.595546683840882603e-03 -9.179338403774982280e-02
7.275255655015102491e-03 -9.412432781240875901e-02
8.076437075384015549e-03 -9.612037752241388289e-02
8.549162795035321338e-03 -9.744367951388112348e-02
8.999801067782236402e-03 -9.871168352848387617e-02
1.043778326491777431e-02 -1.028036387428412357e-01
1.179900496380076672e-02 -1.065550251795851500e-01
1.436243542569422098e-02 -1.080776515371328766e-01
1.600516566941848767e-02 -1.095992090589703594e-01
1.754391011842197645e-02 -1.176392352394293184e-01
1.347882773802520917e-02 -1.242108065912691933e-01
1.340414651812619519e-02 -1.243436507014747811e-01
1.251724265035098101e-02 -1.265806481887604140e-01
1.263459527971491983e-02 -1.270317657518799104e-01
1.479438956931320923e-02 -1.294408214214881614e-01
1.554034033630580756e-02 -1.306661349440280673e-01
1.631818133823929179e-02 -1.315407478067449898e-01
2.048834535999734252e-02 -1.336939490695616684e-01
2.113929668679911250e-02 -1.339349678154627132e-01
2.824924084970518653e-02 -1.303309776813128540e-01
2.902934255806399050e-02 -1.325118005642335339e-01
2.957667662230392333e-02 -1.343645357022267284e-01
3.049486963874985246e-02 -1.380292131907883413e-01
2.893892189592644007e-02 -1.460547773830518092e-01
2.164283411619341915e-02 -1.569552618818154943e-01
2.066534359067477566e-02 -1.615903134408652742e-01
2.055771647610532202e-02 -1.636284783560760514e-01
2.057188417654924259e-02 -1.645470362369333972e-01
2.066449876480583661e-02 -1.657954779653710853e-01
2.105413461344916512e-02 -1.677466510703302660e-01
2.137838306706756758e-02 -1.685454486724867473e-01
2.187259206536067840e-02 -1.692128503638997139e-01
2.249450723534760638e-02 -1.695306812916565764e-01
2.342482655980684947e-02 -1.694481544779519178e-01
2.515965890850903677e-02 -1.683462113820932693e-01
2.860050678246568376e-02 -1.631574202082579916e-01
2.864776856000170180e-02 -1.603512306781625096e-01
2.865090317862141814e-02 -1.550296597937723120e-01
1.518439254450373865e-01 -1.295024494180944952e-01
1.518634085059776540e-01 -1.295336866016774668e-01
1.518709561450312939e-01 -1.295456480405042798e-01
1.518756780021511266e-01 -1.295530911332301582e-01
1.518817039701110261e-01 -1.295625448822531889e-01
1.518913656809872392e-01 -1.295775966123689227e-01
1.519028246157370365e-01 -1.295952780934981619e-01
1.519101162873061073e-01 -1.296064327623800139e-01
1.519133025253936731e-01 -1.296112833434034384e-01
1.519159544435129128e-01 -1.296153095044250692e-01
1.519264834202581627e-01 -1.296311959174878126e-01
1.519273409620065518e-01 -1.296324828421792363e-01
1.519278353737062159e-01 -1.296332243357825598e-01
1.519289250923304968e-01 -1.296348574088326544e-01
1.519290662900809608e-01 -1.296350688864396639e-01
1.519291171956548281e-01 -1.296351451228065221e-01
1.519291639438914709e-01 -1.296352151298724165e-01
1.519292007566631353e-01 -1.296352702560479575e-01
1.519292214577327715e-01 -1.296353012545158334e-01
1.519292376608428752e-01 -1.296353255171631691e-01
1.519292468317825495e-01 -1.296353392496245871e-01
1.519292531569493010e-01 -1.296353487207878574e-01
1.519292566665885191e-01 -1.296353539760184415e-01
1.519292586906942910e-01 -1.296353570068469740e-01
1.519292605527705065e-01 -1.296353597950526959e-01
1.519292629162830865e-01 -1.296353633340839584e-01
1.519292658295575416e-01 -1.296353676962961610e-01
1.519292699625864052e-01 -1.296353738848955717e-01
1.519292773575504907e-01 -1.296353849576996065e-01
1.519292855898303207e-01 -1.296353972841614022e-01
1.519292929712794671e-01 -1.296354083365643672e-01
1.519292991769869983e-01 -1.296354176284439108e-01
1.519293053893099876e-01 -1.296354269301737416e-01
1.519293118446992108e-01 -1.296354365957889665e-01
1.519293168915729353e-01 -1.296354441524011081e-01
1.519293277498201811e-01 -1.296354604101767061e-01
1.519294634084030204e-01 -1.296356635141131253e-01
1.560600902034389448e-01 -1.289489348104742306e-01
1.560470297597956746e-01 -1.284375459281132115e-01
1.560279193836674461e-01 -1.280838083587667875e-01
1.560006656324024465e-01 -1.276071131627726507e-01
1.559990786671044127e-01 -1.269066673321911642e-01
1.560438742269936452e-01 -1.263614309816029069e-01
1.560802480585593843e-01 -1.259933291768063901e-01
1.561060358710666673e-01 -1.256815602132272114e-01
1.561159210686125787e-01 -1.255352272933106805e-01
1.561218231693519420e-01 -1.254356681464456336e-01
1.561307920264999316e-01 -1.252572469320355208e-01
1.692548289046478527e-01 -1.009866596135341188e-01
1.675344803105280334e-01 -9.812059447819750091e-02
1.672682913104082680e-01 -9.732208831187952325e-02
1.666850553001044677e-01 -9.672206670700149445e-02
1.661701696826258789e-01 -9.630290383768538853e-02
1.652401494918883107e-01 -9.562461864659699273e-02
1.594779451634724121e-01 -9.136013935753023452e-02
1.572040020792010162e-01 -8.909540138569189971e-02
1.562643155000411899e-01 -8.784243802675022195e-02
1.556742905455435755e-01 -8.690012947405627297e-02
1.555743926207809325e-01 -8.672556310062194684e-02
1.548626795657721544e-01 -8.532108583126885026e-02
1.470705279738614701e-01 -8.171787803221587654e-02
1.447008566652652484e-01 -7.962985798719640629e-02
1.356052660331483195e-01 -7.552523244695222293e-02
1.347700058519809840e-01 -7.302577374003763055e-02
1.346012023042940098e-01 -7.192048913956176903e-02
1.345674192163357208e-01 -7.004116618487721269e-02
1.376970518302017832e-01 -6.855761020433624731e-02
1.404435686548139994e-01 -6.727828136506924794e-02
1.429388098775640492e-01 -6.464705637176684783e-02
1.412954086236252182e-01 -6.238600830657922702e-02
1.405408231949621667e-01 -6.080537480987168591e-02
1.398068650329798435e-01 -5.964511282347893795e-02
1.379065229155513050e-01 -5.797616891780832393e-02
1.213686096366773381e-01 -6.256334841349180109e-02
1.175180560519869660e-01 -5.697271877470781037e-02
1.163720747232454000e-01 -5.452125046929807983e-02
1.150164154276293871e-01 -5.229205788353251394e-02
1.086962929113672177e-01 -4.934211186762588186e-02
1.062115206895593161e-01 -4.835194497287541304e-02
1.037980152474086842e-01 -4.611897270834620921e-02
1.024870922790523803e-01 -4.381028815087432277e-02
1.019109390250660246e-01 -4.213634362166787661e-02
1.006737976637547549e-01 -4.130019047978519819e-02
9.966303347595920070e-02 -4.066355022166525529e-02
9.895531906894848573e-02 -4.021345064739747371e-02
9.838357949788485712e-02 -3.984645416423288761e-02
9.770211263906911081e-02 -3.940411919695907539e-02
9.578678876106960782e-02 -3.811454896258567593e-02
9.211712364220613070e-02 -3.323582385810161521e-02
1.018747716392477271e-01 -1.494304412133840021e-02
1.012609571508988754e-01 -1.337330261017081676e-02
1.010702942435973140e-01 -1.287556014149745728e-02
1.006773124514463713e-01 -1.182200604275065840e-02
9.979421094559207117e-02 -1.095599138234597952e-02
9.895001608471691579e-02 -1.047594812675804905e-02
9.613936099843260752e-02 -8.543029622350057500e-03
9.481700221485266089e-02 -7.560186092282979858e-03
8.465190173984425692e-02 -5.544561268828767557e-04
7.880279814466473187e-02 7.668882521971228522e-04
7.547813551309923152e-02 3.993970513418104371e-03
7.517839941145840199e-02 4.704304020455320028e-03
7.479164394666558413e-02 5.844536691025607397e-03
3.680911976126109708e-02 -1.167657070290264477e-02
3.540959642007496938e-02 -1.095701714474480414e-02
3.366889053977018681e-02 -1.000353137405551006e-02
2.969842918997170345e-02 -7.828868924820145056e-03
2.916310495652649215e-02 -7.553109119199764333e-03
2.761566172577023179e-02 -6.804121138802412053e-03
2.183013071657837270e-02 -6.562650349180552262e-03
1.601377122547167561e-02 -8.424791806546210945e-03
1.521783369760615692e-02 -7.272035937211930069e-03
1.396540235613841739e-02 -4.582757277546881981e-03
1.291857978480065797e-02 -2.721409197911904901e-03
1.234981644507255304e-02 -1.701935831505924351e-03
1.173390880111372693e-02 2.047783257580643190e-04
1.176646764210660320e-02 2.901779783734898324e-03
1.103593057722597644e-02 3.848822481625420108e-03
4.159114863656748762e-03 7.712302789662083425e-04
3.884489486506231652e-03 1.642277229126053780e-03
