-8.286673567439735433e-03 -1.061861593649237809e-02
-1.506253755874348982e-02 -1.420988867839235135e-02
-1.429168725693806714e-02 -1.525575508334030966e-02
3.209703808321039391e-03 -2.006802245263876461e-02
4.452091307750170000e-03 -2.167881597612531311e-02
5.985479065773643623e-03 -2.433376402434074548e-02
5.869348023123624469e-03 -2.911056315386031240e-02
7.179312249999522146e-03 -3.100082482554388646e-02
8.472477515454459457e-03 -3.300324956197425719e-02
1.047406397794443597e-02 -3.440337380735278977e-02
1.275122451863287647e-02 -3.575815597167643356e-02
1.405352838820442957e-02 -3.679155687506829170e-02
1.459953509463120594e-02 -3.795053621060204274e-02
1.462019889757918377e-02 -3.799718283366603638e-02
1.472585546641828023e-02 -3.823142290629483186e-02
1.520425675325418058e-02 -3.920603992179693548e-02
1.951958507198103820e-02 -4.201232500613847481e-02
2.259241557444835805e-02 -4.220162057263549676e-02
2.528765695426004115e-02 -4.282807594539813495e-02
2.557946086574513014e-02 -4.315085457082841469e-02
2.560981484167800665e-02 -4.320429856219326625e-02
2.571274776159998901e-02 -4.347648402500781106e-02
2.476911446434993530e-02 -4.657332013655236108e-02
2.240536726582046528e-02 -5.071560640647359425e-02
1.818164104194983782e-02 -5.317600733634687826e-02
-8.936937417123435451e-03 -6.085700663453164072e-02
-1.816742316285871808e-02 -6.366603910341510353e-02
-1.993912605586417586e-02 -6.627872217070458760e-02
-2.022125844239184428e-02 -6.747230418887989467e-02
-2.133186090564068507e-02 -6.998805528845156165e-02
-2.191053156686080874e-02 -7.128979330940118930e-02
-2.027747957216799804e-02 -7.394526056234451694e-02
-1.882454736396640960e-02 -7.646486029826880804e-02
-1.829679868594323230e-02 -7.791708370481766066e-02
-1.811321290893391778e-02 -7.958502687973818823e-02
-1.876683409108194020e-02 -8.262372040072256396e-02
-1.861733553462037449e-02 -8.420002823297539907e-02
-1.884307003506661277e-02 -8.620347264459744807e-02
-1.976751510039438317e-02 -8.879584476483856625e-02
-1.994768217228435822e-02 -9.064100014248345494e-02
-2.132547183526811024e-02 -9.597127935106997132e-02
-2.175709148537626272e-02 -9.698758901927016784e-02
-2.194310814252609099e-02 -9.827342548098288999e-02
-3.237074639018951150e-02 -1.145185975617237784e-01
-3.251099866230937330e-02 -1.147537051428001859e-01
-3.258944927435047240e-02 -1.148854700286884023e-01
-3.265521349456975558e-02 -1.149960615866372077e-01
-3.350843672407869539e-02 -1.164398297897900059e-01
-5.003612860760581899e-02 -1.307237997017623443e-01
-5.003612990404279065e-02 -1.307238012708400177e-01
-5.003613130445393187e-02 -1.307238029657573075e-01
-5.003613340008327554e-02 -1.307238055020963352e-01
-5.003613599686797947e-02 -1.307238086449823422e-01
-5.003613942743710685e-02 -1.307238127969950481e-01
-5.003614677747534462e-02 -1.307238216927283370e-01
-5.003615493663354785e-02 -1.307238315677264340e-01
-5.003615911010031447e-02 -1.307238366188528400e-01
-5.003616449623192464e-02 -1.307238431376570309e-01
-5.003616674819813537e-02 -1.307238458631972966e-01
-5.003616958795562702e-02 -1.307238493001362800e-01
-5.003617222565166084e-02 -1.307238524925204426e-01
-5.003617344375379389e-02 -1.307238539667800736e-01
-5.003617480906091819e-02 -1.307238556192004963e-01
-5.003617561355234999e-02 -1.307238565928699747e-01
-5.003617633219107491e-02 -1.307238574626324867e-01
-5.003617690066446133e-02 -1.307238581506510733e-01
-5.003617729075224979e-02 -1.307238586227710553e-01
-5.003617763121408213e-02 -1.307238590348291374e-01
-5.003617794499127386e-02 -1.307238594145909705e-01
-5.003617831785506231e-02 -1.307238598658647943e-01
-5.003617895369850965e-02 -1.307238606354206023e-01
-5.003617987455042521e-02 -1.307238617499195399e-01
-5.003618100304327299e-02 -1.307238631157242315e-01
-5.003618218038913962e-02 -1.307238645406550714e-01
-5.003618348958298323e-02 -1.307238661251600154e-01
-5.003618638038043187e-02 -1.307238696238638143e-01
-5.003618856061443909e-02 -1.307238722625786442e-01
-5.003619065711315678e-02 -1.307238747999487360e-01
-5.003619354331981239e-02 -1.307238782930926768e-01
-5.003619828591088226e-02 -1.307238840329949525e-01
-5.003620136968245369e-02 -1.307238877652453501e-01
-5.003620502313537582e-02 -1.307238921869717796e-01
-5.003621191009575281e-02 -1.307239005221637884e-01
-5.003621295053927581e-02 -1.307239017813973114e-01
-5.003621322838627122e-02 -1.307239021176714588e-01
-5.003621332016958134e-02 -1.307239022287554620e-01
-6.678813633657480764e-02 -1.482958552169055810e-01
-3.749766642702046654e-02 -1.325428003529769694e-01
-2.642919919712534774e-02 -1.296732664828394999e-01
-1.234709585336398602e-02 -1.232748053166353580e-01
-5.597907173108205778e-03 -1.220761923191524129e-01
1.447011482598641171e-03 -1.214713331553997216e-01
1.019739796850820807e-02 -1.237728367525082473e-01
2.845609274636198144e-02 -1.334023600812268839e-01
4.901068448368531283e-02 -1.315576014475099142e-01
5.602443355074827880e-02 -1.329541389004148255e-01
6.560285104417813706e-02 -1.329568613628913931e-01
8.240964015408147603e-02 -1.406146372516416942e-01
8.321980906089471164e-02 -1.445947117436381935e-01
9.009026353843699320e-02 -1.484956708822454952e-01
9.206410729742960097e-02 -1.495545195661669435e-01
9.378042864417249214e-02 -1.508798803265950783e-01
9.268092043147324599e-02 -1.570911587969330281e-01
9.276967427246594899e-02 -1.572319991078549584e-01
9.295104041823790131e-02 -1.574714307848318895e-01
9.331537295008243693e-02 -1.578175147452474392e-01
9.363974149163503680e-02 -1.580225370572973242e-01
9.406328964745187815e-02 -1.581882622689871620e-01
9.482149906868771183e-02 -1.582832346813383140e-01
9.543737357621223660e-02 -1.582410811052056554e-01
9.579598713454959280e-02 -1.581842993410236264e-01
9.647149794029714898e-02 -1.580280407591763137e-01
9.744990436698787450e-02 -1.577089578483752974e-01
9.876651844519966639e-02 -1.571244242325086637e-01
9.791076814725312161e-02 -1.480861267538529646e-01
1.087541684773010719e-01 -1.364899227018654959e-01
1.091162198320819871e-01 -1.357757784312967897e-01
1.116390164579872807e-01 -1.309306887283426812e-01
1.117340487089129031e-01 -1.308038182237575564e-01
1.117376156634810880e-01 -1.307992357776275039e-01
1.117377453550971039e-01 -1.307990694165455103e-01
1.117390379365778563e-01 -1.307974123378145004e-01
1.189634062605968989e-01 -1.211811931294708156e-01
1.190347887660621190e-01 -1.210572220247384534e-01
1.190528071732418758e-01 -1.210260010399651642e-01
1.328482151423120150e-01 -1.059156461498172996e-01
1.328479357306024400e-01 -1.057265766239743332e-01
1.328545041752671463e-01 -1.054840794598012055e-01
1.329074703959285397e-01 -1.049536402936803586e-01
1.329917880614126247e-01 -1.045351791823489196e-01
1.330295063041377901e-01 -1.043907801575965771e-01
1.330511549901032819e-01 -1.043144602964847234e-01
1.407120176451241711e-01 -9.403837280594605497e-02
1.407656358415724229e-01 -9.398181860652053687e-02
1.407723617242560288e-01 -9.397450991967247480e-02
1.506871393642636447e-01 -8.719210781889909223e-02
1.508293855039502251e-01 -8.688886130465060809e-02
1.512304402953018878e-01 -8.606809465747126964e-02
1.517068300952099935e-01 -8.514061541542912448e-02
1.526883987145875032e-01 -8.335457253222448848e-02
1.530051776716102596e-01 -8.281459139269582714e-02
1.533266587033937367e-01 -8.228936296383483617e-02
1.557929239755807271e-01 -7.963026341216758452e-02
1.559236121226197924e-01 -7.952364382278857835e-02
1.582510661857188250e-01 -7.696152402230493905e-02
1.583542180510227326e-01 -7.680315898486730908e-02
1.661365882074282152e-01 -7.152159716716295634e-02
1.724233235069901338e-01 -6.933847804732376496e-02
1.748318682701719973e-01 -6.312706133807589881e-02
1.759498308671345046e-01 -5.982792219511874621e-02
1.718321209179192732e-01 -5.901148289440569239e-02
1.679431013503268622e-01 -5.831817885776786892e-02
1.640445808349512147e-01 -5.353308870107705009e-02
1.608695466336611812e-01 -4.991301507541577587e-02
1.560583838074929286e-01 -4.306096434358172576e-02
1.540535649021641806e-01 -3.826215571321977399e-02
1.532755871237212741e-01 -3.734085547961508988e-02
1.483809156029412823e-01 -3.052284176264462995e-02
1.470300823026260972e-01 -2.940835696799130178e-02
1.456761336007662555e-01 -1.832874240221561007e-02
1.453966580820581500e-01 -1.802890807486978719e-02
1.447541942312728647e-01 -1.728520744963659914e-02
1.444719206115240018e-01 -1.690867554404355128e-02
1.435897293970591071e-01 -1.531138368078616661e-02
1.434913786148530046e-01 -1.316920594428009836e-02
1.445425473716988041e-01 -1.070600587889669782e-02
1.445462567347165772e-01 -9.979370210033653224e-03
1.443059233562294930e-01 -7.646461957273395331e-03
1.266518867871215814e-01 -1.457947416183333171e-02
1.263310075442414804e-01 -1.443663739502783205e-02
1.259723393519613099e-01 -1.428612143339229833e-02
1.257903191447372893e-01 -1.421856149438715730e-02
1.257415267051786023e-01 -1.420191186383670118e-02
1.256618369497289334e-01 -1.417628112750760755e-02
1.209306080158132485e-01 -1.544950432283200004e-02
1.174664984272341256e-01 -1.440894787618665282e-02
1.167598043802550445e-01 -1.411551760001893141e-02
1.075669429297398949e-01 -8.926088738464434125e-03
9.429071869404748174e-02 -1.408289579334393374e-02
8.662522000008762713e-02 -1.176426904165599543e-02
8.648673731211969917e-02 -1.171249834432324874e-02
8.340277511186727777e-02 -1.159949008819094636e-02
8.154261941461975194e-02 -1.096779283554204926e-02
7.850254831568026503e-02 -9.640518692428400038e-03
7.616796364925293439e-02 -8.547970786370448146e-03
7.012259593430732185e-02 -5.608809685744958404e-03
6.931912344524791825e-02 -5.219152241864493183e-03
6.182868118048226447e-02 -4.789145272236780722e-03
5.405849434065351095e-02 -9.848757492563007393e-04
4.506489195233850248e-02 -1.396583046904698077e-03
4.467995722287832622e-02 -1.172271155981942110e-03
4.186307563251030067e-02 -4.296430618623715684e-04
3.695665949290145857e-02 -8.791079078191131341e-04
3.558218670434901143e-02 -6.848946254520900953e-04
3.538834859873606076e-02 -6.549789414192632537e-04
3.044084358597811887e-02 -9.039171867354052817e-05
2.948957888742751582e-02 -1.210982283673828365e-04
5.086380227493428330e-03 -6.932949548817332608e-03
3.186305407820334314e-03 -6.677731307326368465e-03
